8.390873347223154e-10
9.22346311885253e-9
1.7563452598143332e-8
2.587234037843542e-8
3.409013341076719e-8
4.214201570659891e-8
5.020965742745973e-8
5.793469493756232e-8
6.574284388280026e-8
7.303044543203184e-8
7.98843547082816e-8
8.75676372283425e-8
9.393122481331136e-8
1.0067991770579666e-7
1.0427010733569047e-7
1.1353851995630708e-7
1.1799447985713556e-7
1.2459236770185737e-7
1.2911690368811916e-7
1.329727423881925e-7
1.3741282413541242e-7
1.4128770043136207e-7
1.471480844785095e-7
1.5285402061875838e-7
1.550500040542928e-7
1.5465459479611262e-7
1.5958180741462103e-7
1.622673551164431e-7
1.6309543813106892e-7
1.658891256611142e-7
1.693782946306779e-7
1.7633853877459537e-7
1.7181873590477916e-7
1.7122079399180227e-7
1.7745066162620606e-7
1.732971878759015e-7
1.7808001883866021e-7
1.7739611833746e-7
1.7602239411624446e-7
1.7487483634048202e-7
1.7623744742258614e-7
1.7525741447184623e-7
1.7319949245056231e-7
1.7121133797236477e-7
1.7166034508651073e-7
1.6910396919455817e-7
1.6662260064855833e-7
1.6330226382088183e-7
1.5897347750101828e-7
1.5324360222611315e-7
1.456178622301741e-7
1.3505076089735532e-7
1.1981337875754686e-7
9.648576207256565e-8
5.738588132115168e-8
2.0422713393705366e-9
4.182483054814389e-7
1.3066338239458015e-6
2.2818191443918615e-6
2.5395483085759476e-6
2.2122503486156226e-6
1.796456243515736e-6
1.4580150131348982e-6
1.2111831954389751e-6
1.0127344939391687e-6
8.830148724780037e-7
7.714837950931262e-7
6.872386390433972e-7
6.613348420211498e-7
5.600922478099353e-7
5.193849785609489e-7
4.766494034749449e-7
4.4002934223504746e-7
4.1212670560491656e-7
3.852155464194157e-7
3.584344361777722e-7
3.449440768251613e-7
3.1688968607016683e-7
3.047340468457221e-7
2.904880737871002e-7
2.739806261071311e-7
2.699588250131872e-7
2.5146125276457036e-7
2.4564196175080803e-7
2.3542464831593858e-7
2.3005345695662823e-7
2.271401703822341e-7
2.0775647309266553e-7
2.1385933536983564e-7
1.8591547027001175e-7
1.8616567492563563e-7
1.8484069518357593e-7
1.7466685666472583e-7
1.7474853294587552e-7
1.6622571277494267e-7
1.6782969434614064e-7
1.5928073256938456e-7
1.5619943598432333e-7
1.4828555272840323e-7
1.4551286272938972e-7
1.4376866588322079e-7
1.3815200924346923e-7
1.363250230763044e-7
1.3350262658954845e-7
1.311857167169585e-7
1.1357009106907166e-7
1.1744960123656225e-7
1.2162822009987417e-7
1.2153900633581162e-7
1.1617886953782377e-7
1.2140857459394428e-7
1.109350291689251e-7
1.1193966279710159e-7
1.0656794633954917e-7
1.084621038188081e-7
1.0530468046271392e-7
1.0318653538934652e-7
1.0283068258924387e-7
9.792330353070735e-8
9.796521270037548e-8
9.752523979376759e-8
9.298968723622807e-8
9.081221367525458e-8
8.996795962843078e-8
8.951417630659185e-8
8.827642698108686e-8
8.718884170258232e-8
8.339047534402171e-8
8.254679649712921e-8
8.189559380094435e-8
8.197329795637637e-8
8.155496297454187e-8
7.728843708261286e-8
7.945845146895744e-8
7.600538226971072e-8
7.472078009297025e-8
7.519170724549308e-8
7.368705440020028e-8
7.171692940340047e-8
7.051000344487475e-8
7.066739874712241e-8
6.941358526731572e-8
6.852529830816245e-8
6.656351688078283e-8
6.65112875239861e-8
6.466071966916192e-8
6.46302481098482e-8
6.307744446352445e-8
6.135423158067711e-8
6.084022784284299e-8
6.121708887047326e-8
6.063724262460196e-8
6.064141437399894e-8
5.930998035822217e-8
5.843947781392258e-8
5.655162737357534e-8
5.641607337223828e-8
5.533148289689308e-8
5.484678506300827e-8
5.457112585194087e-8
5.422453473454194e-8
5.314185334724527e-8
5.2581636721247413e-8
5.212562257027719e-8
5.169693738255681e-8
5.1127004768435694e-8
5.033797957683114e-8
4.92811882030258e-8
4.871238569323301e-8
4.8364416383915694e-8
4.747486469094612e-8
4.7247077733376016e-8
4.6761181030099335e-8
4.603185930855329e-8
4.551389306770411e-8
4.499692907087775e-8
4.4509232975539174e-8
4.421511161825363e-8
4.371916898794424e-8
4.293055140974299e-8
4.246415201262394e-8
4.2158993543240016e-8
4.1513277099316944e-8
4.110576862271532e-8
4.057000622700883e-8
4.020014809410059e-8
3.9685174518089334e-8
3.923683772264901e-8
3.884165178389658e-8
3.840537697022419e-8
3.795068040841619e-8
3.765491288351148e-8
3.719752597805729e-8
3.6721572449012005e-8
3.639451638694772e-8
3.5981542852545534e-8
3.559997896299679e-8
3.5187239786839745e-8
3.4866500692636844e-8
3.446245471818067e-8
3.4101027502204446e-8