2.1139204224168347e-9
2.3205972987965472e-8
4.405806032800511e-8
6.446377159187948e-8
8.420967013146926e-8
1.0315839063416641e-7
1.2111249721675492e-7
1.3796508851499246e-7
1.5357061366148677e-7
1.678116786145288e-7
1.8066626609049663e-7
1.9229951075932223e-7
2.0225423822990107e-7
2.114420607667794e-7
2.178922410318753e-7
2.2422814602871597e-7
2.2820396494425184e-7
2.3153447979726855e-7
2.3294391706975932e-7
2.3431832359491685e-7
2.295740924401422e-7
2.2943737695631955e-7
2.2627180260340732e-7
2.2053727585899793e-7
2.1307627593120284e-7
2.0373450677748204e-7
1.91798513834146e-7
1.7706323272647162e-7
1.5805776844203828e-7
1.3344144622933887e-7
1.0057769923230151e-7
5.4554987572551835e-8
1.1582753895332009e-9
1.5463769031837054e-7
4.61264405823984e-7
8.8679314640929e-7
1.3950563817913313e-6
1.867471191286513e-6
2.1659107254110233e-6
2.231028153042051e-6
2.1256162909689155e-6
1.9362620596410283e-6
1.7269050748569004e-6
1.5299323213995448e-6
1.3558648750536091e-6
1.2065947522336414e-6
1.0834276871520693e-6
9.749499811730557e-7
8.828142649145235e-7
8.0539809552173e-7
7.392554686439733e-7
6.831443236893759e-7
6.326040533577368e-7
5.881646378168702e-7
5.520009172531387e-7
5.159449095046611e-7
4.877019962111577e-7
4.5719219330908904e-7
4.3245725611705873e-7
4.097096386082326e-7
3.896244142291934e-7
3.7274377550457766e-7
3.5380147903938986e-7
3.3814498126830213e-7
3.2389191494735805e-7
3.1051916262359834e-7
2.9791568574077386e-7
2.8675822979000824e-7
2.7606666877301624e-7
2.6627060210146854e-7
2.5699852860524257e-7
2.4825269634003534e-7
2.401305832331595e-7
2.32411080390866e-7
2.2519505736706927e-7
2.1834143124059406e-7
2.1196144442961553e-7
2.05833398125431e-7
1.9986604894959208e-7
1.9442863593099392e-7
1.8937994639443993e-7
1.8389084399987753e-7
1.798402689935017e-7
1.7481216921340693e-7
1.6944146563259113e-7
1.6820889905923158e-7
1.628658714224022e-7
1.587105444373027e-7
1.563789500405233e-7
1.5187064055746048e-7
1.4908740972955548e-7
1.456755294011125e-7
1.4341409380644015e-7
1.390456697343115e-7
1.3650183351771108e-7
1.337915715617427e-7
1.3282161500471274e-7
1.2889631422525731e-7
1.1755657234064842e-7
1.2319833058924064e-7
1.200709016480894e-7
1.184172162410038e-7
1.1801671387373097e-7
1.1637586372204712e-7
1.1465741996705405e-7
1.1287149675272242e-7
1.0933217337817806e-7
1.0613118702038791e-7
1.0333763305749415e-7
1.0371715657544455e-7
1.0037742327997794e-7
9.925951646978981e-8
9.835652995619449e-8
9.762699653222964e-8
9.774348632207649e-8
9.495027082367907e-8
9.277827875003469e-8
9.242765795784566e-8
8.959134243477011e-8
8.940005959244426e-8
8.748479155407116e-8
8.460486551728368e-8
8.359722606118338e-8
8.389087501591296e-8
8.140619193849915e-8
8.131150566896081e-8
8.061636272796111e-8
7.648114083982709e-8
7.913296618644071e-8
7.553061726194995e-8
7.473781680720855e-8
7.411497810856305e-8
7.351492877747199e-8
7.26107602910719e-8
7.077563381071386e-8
6.923570705333086e-8
6.9341041020942e-8
6.904472305921531e-8
6.766717130751219e-8
6.695808887128292e-8
6.583003621589115e-8
6.525305970445271e-8
6.439272452860096e-8
6.398320460682339e-8
6.244431564326032e-8
6.238676721997848e-8
6.174936447487038e-8
6.018778030602507e-8
5.939958699127772e-8
5.7915930600308997e-8
5.78524450245693e-8
5.720007663482721e-8
5.6284791341474543e-8
5.566956632344856e-8
5.4652037095887935e-8
5.428450826524336e-8
5.346537912668482e-8
5.291262717892189e-8
5.231681259944991e-8
5.186903143057468e-8
5.120164554688901e-8
5.062889632959137e-8
4.9837852147601425e-8
4.91314142784755e-8
4.860109331653326e-8
4.7971542897032264e-8
4.746608777921746e-8
4.693706927144923e-8
4.6375275084466815e-8
4.572382917142178e-8
4.514736175651221e-8
4.462747673303472e-8
4.403978029243761e-8
4.357348113985682e-8
4.303851798722765e-8
4.2556524588879304e-8
4.209207479471294e-8
4.158520908619696e-8
4.113801335277631e-8
4.067105260607399e-8
4.0199308916181905e-8
3.974825073609955e-8
3.9287912192743796e-8
3.8845063382321534e-8
3.841127380486951e-8
3.7956884895070134e-8
3.7561553833560156e-8
3.714375231332904e-8
3.6733049245964856e-8
3.631433998885181e-8
3.5914160524527076e-8
3.5510084588013957e-8
3.5108034575524216e-8
3.472516781469586e-8
3.435340306567313e-8
3.395796990152068e-8
3.3607750427917285e-8
3.325547203354809e-8
3.2902248515537126e-8
3.253349342290291e-8
3.220869733219214e-8