1.9721019918155107e-11
2.1699517526812035e-10
4.149387217151327e-10
6.110852618056183e-10
7.821767794862109e-10
1.0060139238264273e-9
1.2066104473583619e-9
1.4102271526235248e-9
1.6018835553272567e-9
1.7827195441897145e-9
2.0119679999883564e-9
2.2029698077873147e-9
2.405378382520506e-9
2.6082573792570828e-9
2.798953490643471e-9
2.9816891800511416e-9
3.1991000864400926e-9
3.4397379136897114e-9
3.6909964752335725e-9
3.830961790185913e-9
4.128076410356383e-9
4.344435280350991e-9
4.467618757718567e-9
4.7371152140036375e-9
4.947254123395518e-9
5.339136053763933e-9
5.453680020958139e-9
5.609064498145206e-9
5.905000970786098e-9
6.0652515989166416e-9
6.331675930308495e-9
6.726601466245534e-9
6.856499790448862e-9
7.04762485782018e-9
7.266043544213089e-9
7.713250743218255e-9
7.713617033542e-9
8.026542065618778e-9
8.085506555832678e-9
8.536868021401568e-9
8.759848991886505e-9
9.11962949365379e-9
9.323712220071214e-9
9.662018864489307e-9
9.71038832823966e-9
8.661754064130267e-9
1.0125582239596684e-8
1.093711085810358e-8
1.0976765713132512e-8
1.0882157341751852e-8
1.2776492545214658e-8
1.2751798034392733e-8
1.0019983784518831e-8
1.2754849774441733e-8
1.2611661732819733e-8
1.4160873060910989e-8
1.3220092655180216e-8
1.2793145843310296e-8
1.4296429115124126e-8
1.4871686328397858e-8
1.4864776768278571e-8
1.482816377749319e-8
1.644232833246559e-8
1.7188103298293807e-8
1.5289278469898567e-8
1.760992248419846e-8
1.6208520858066828e-8
1.705901117497841e-8
1.79720962044119e-8
1.803760116305346e-8
1.7958516815339707e-8
2.2112116512106307e-8
1.9410894373205437e-8
1.932601121016885e-8
1.9500163770248357e-8
1.7872984835400993e-8
2.1031583985382973e-8
2.101186206060644e-8
2.2854519864237666e-8
2.0924125921959208e-8
2.3994619367364686e-8
2.184819894123846e-8
2.285524063080337e-8
2.2655716543339965e-8
2.4568472106649005e-8
2.3787145291616956e-8
2.4136004898563967e-8
2.6185173993173274e-8
2.7455953199645017e-8
2.506294502860165e-8
2.6017222423383025e-8
2.8022762594328157e-8
2.6578509093045443e-8
2.6646572881164533e-8
2.803256607934015e-8
2.8665815981980354e-8
2.711601042563625e-8
2.9018445269277943e-8
3.258003660972291e-8
3.225941132429867e-8
3.110013275413697e-8
3.27327176814744e-8
3.639764757618268e-8
3.1838116646952576e-8
3.399704861066869e-8
3.480492954962525e-8
3.5890607643018005e-8
3.542860631708395e-8
3.67484038903637e-8
3.845510635127286e-8
3.679371421644042e-8
5.0042640236106e-8
3.619617668957758e-8
3.856762404367057e-8
3.93917947949581e-8
4.1957421203075866e-8
4.2877506113246614e-8
4.028416740492128e-8
4.483726541195047e-8
4.291256910826976e-8
4.5406590117286984e-8
4.742594222980214e-8
4.722989668855025e-8
4.9165276966941425e-8
4.9694189159520046e-8
5.154823078774799e-8
5.173013398837818e-8
5.2755413618802395e-8
5.2829875135074995e-8
5.0263744282186304e-8
3.8812944372035704e-8
5.430929822222715e-9
2.6886971648036366e-6
2.2001044679494406e-6
1.1777123208237353e-6
7.796608132578111e-7
5.709333080014332e-7
4.635592546240197e-7
3.939188768213668e-7
3.316393498280767e-7
2.9135900601119405e-7
2.637564208436009e-7
2.3113811106189439e-7
2.1167114981219716e-7
2.04022762019908e-7
1.9407626262898768e-7
1.7741902856818073e-7
1.832122543993478e-7
1.5854993556337898e-7
1.5349773736065195e-7
1.4094747873823968e-7
1.3794470580780748e-7
1.2767613953982687e-7
1.2456475804047732e-7
1.1794420577097228e-7
1.1538588512310085e-7
1.1545478496937806e-7
1.0493150980054564e-7
1.0353596300704001e-7
9.949252927145152e-8
9.6014966342359e-8
9.367846131914537e-8
8.972377076153961e-8
8.996848569873486e-8
8.721387196362064e-8
8.579243902733032e-8
8.388696392069796e-8
8.601476870437854e-8
7.942033346602589e-8
7.619687184933214e-8
7.62933312379675e-8
7.572911735126164e-8
7.199962024423733e-8
7.053419022117648e-8
6.8638631033813e-8
6.81448387016852e-8
6.555809876101659e-8
6.547202981697151e-8
6.702809920476035e-8
6.23829557208236e-8
6.116732600921474e-8
6.136418003809753e-8
5.90583510819218e-8
5.841257341978758e-8
5.889759558184275e-8
5.55095502385225e-8
5.5302324035424677e-8
5.4227920386404865e-8
5.2731299472362306e-8
5.3078150434576416e-8
5.1981292281185955e-8
5.1948308232882135e-8
5.193029243853907e-8
4.9513901500079955e-8
5.0041496735393976e-8
4.8619620476727784e-8
4.829388461530735e-8
4.7039504197131894e-8
4.7342137863350066e-8
4.634219208906548e-8
4.553638138109947e-8