1.0153147596995521e-11
1.1168781263855503e-10
2.1322250077252223e-10
3.148637929510665e-10
4.182239579243601e-10
5.175156771556645e-10
6.191845593921239e-10
7.228100208418097e-10
8.330168618816059e-10
9.437006751344489e-10
1.0394966841403234e-9
1.1376021849292785e-9
1.2433781048253274e-9
1.349326785581403e-9
1.4480791458444216e-9
1.5851463539969257e-9
1.6696422907358656e-9
1.7580135078378658e-9
1.8678216710847684e-9
2.0012304382815803e-9
2.112258935741604e-9
2.224743555307758e-9
2.3112128929667074e-9
2.415661125862196e-9
2.410715842657662e-9
2.675613714136046e-9
2.8160828853560144e-9
2.9081391620914028e-9
2.8973939200163332e-9
3.1857616363002493e-9
3.3006917530041953e-9
3.43236672744909e-9
3.4996760589291418e-9
3.747727927662319e-9
3.8122951694326814e-9
4.023480068047008e-9
4.0444187926254185e-9
4.208718253527633e-9
4.433395552107519e-9
4.5719932476661925e-9
4.575787517753816e-9
4.822562719283387e-9
4.904363550868948e-9
4.9829519878394386e-9
5.0836478643784195e-9
5.384632835850538e-9
5.512978830649929e-9
5.563518594691683e-9
5.710827887589534e-9
6.094680383839157e-9
6.478944153516435e-9
6.173023224989638e-9
7.154928401903823e-9
6.3476423104313176e-9
6.780145650496281e-9
7.008729274276807e-9
7.045219802884298e-9
7.464559344492663e-9
7.345849029845488e-9
7.490953110260926e-9
7.469167321559999e-9
8.224553783149253e-9
8.32498052317867e-9
8.631750142677628e-9
8.916220661908347e-9
8.67720937574324e-9
8.891446857240131e-9
9.151329068740581e-9
9.298689640186474e-9
1.005425745610915e-8
9.688688398007883e-9
1.0138053295222122e-8
1.0378874427207613e-8
1.0693477045116954e-8
1.1078309455676228e-8
1.0993285892089384e-8
1.2276424927748942e-8
1.1782871470274989e-8
1.1870547835009356e-8
1.203570966625392e-8
1.2762099024948676e-8
1.2994913889391844e-8
1.293832828852808e-8
1.3955068855852903e-8
1.354347116869539e-8
1.4983093427315164e-8
1.3713337644974045e-8
1.4592476469686835e-8
1.5595045175030428e-8
1.4803658039010547e-8
1.4963870153987416e-8
1.5222056815401832e-8
1.6492458923251004e-8
1.702781884173494e-8
1.7019344842424207e-8
1.6759449431073714e-8
1.8398491779492156e-8
1.830978283604695e-8
1.751902492796955e-8
1.76773293453764e-8
2.0500829858015674e-8
2.1868279482313872e-8
1.9944726595724862e-8
1.976761677146059e-8
1.9497302091855336e-8
1.8952470987967352e-8
2.0491900112250077e-8
2.2125492505960026e-8
2.0084597098501033e-8
2.3117076295469658e-8
2.267287701482454e-8
2.1150932811087205e-8
2.374876207984873e-8
2.4839100751540723e-8
2.4624066599578728e-8
2.40332450581917e-8
2.761265118299397e-8
2.4392071574617206e-8
2.5525238537290864e-8
2.8083954039196215e-8
2.6425791975518075e-8
2.7278597622280983e-8
2.8800049685536017e-8
2.9203255193373442e-8
2.8455074383314933e-8
2.987983278323345e-8
2.9975513691528673e-8
2.882529212087721e-8
3.1964925005501924e-8
3.02849133997156e-8
3.430782657912257e-8
3.4681770661561404e-8
3.391459165417479e-8
3.674328401398917e-8
3.651025271102075e-8
3.71492775705961e-8
3.8930115227979545e-8
3.855756087784229e-8
3.985044128722143e-8
4.0021257419639535e-8
4.2282382637861176e-8
4.412858183139527e-8
4.498079841754587e-8
4.5658571526639894e-8
4.4255649515533904e-8
3.564951546765799e-8
6.202914721747691e-9
3.1853654216606813e-6
1.7885739896429576e-6
9.417156149846419e-7
6.189920716452451e-7
4.820127278557577e-7
3.999942271687329e-7
3.280998026998135e-7
2.9023731160826354e-7
2.53365104413793e-7
2.3070625481734415e-7
2.0507097379522776e-7
1.9752205905710113e-7
1.7839918327485175e-7
1.6576225848583595e-7
1.5289655935261083e-7
1.519699151764585e-7
1.3823573454289418e-7
1.2913764070370766e-7
1.274219506110953e-7
1.2025981478698292e-7
1.1643105647436099e-7
1.1070146197339847e-7
1.0559371276957054e-7
1.0065533368125273e-7
1.0068832103637588e-7
9.531919200598197e-8
9.010973116493715e-8
8.553092004826929e-8
8.642021032251027e-8
8.426471331544376e-8
8.314613197165303e-8
7.903033602783016e-8
7.783767399143138e-8
7.560438564450905e-8
7.4465729937861e-8
7.132791443756622e-8
7.001378966524162e-8
6.96194156807678e-8
6.876202912235518e-8
6.653154541888378e-8
6.389338513397913e-8
6.268301496671724e-8
6.1423869728486e-8
6.183897549567881e-8
6.043071304952936e-8
5.886158660275825e-8
5.803058512660886e-8
5.689222399437908e-8
5.529430607206803e-8
5.4356261092734114e-8
5.3252435526450745e-8
5.224218734086061e-8
5.1334539033183745e-8
5.0316026021555116e-8