1.6478067045023838e-11
1.8136545827396503e-10
3.459771607578814e-10
5.111604668045355e-10
6.776557968222768e-10
8.448759899166169e-10
1.0063544590908989e-9
1.1780803824916526e-9
1.3433953095446256e-9
1.5032906668159316e-9
1.67421739591852e-9
1.8567335743619025e-9
2.0321417224611744e-9
2.200762933201431e-9
2.34914183871478e-9
2.5123953682653356e-9
2.7602954200369695e-9
2.898845986141987e-9
3.0658988974115293e-9
3.201279535743367e-9
3.4675249683359815e-9
3.5827943763918976e-9
3.8010284912068e-9
3.913475315311812e-9
4.190648014407085e-9
4.233812521350842e-9
4.445656642362791e-9
4.753549908860315e-9
5.479672821940161e-9
5.008392033487457e-9
5.250155413090158e-9
5.43714753910098e-9
5.7502161863319286e-9
5.905128844709376e-9
6.0644747976175045e-9
6.229464323935558e-9
6.506528509548401e-9
6.839067538255831e-9
7.149696594670536e-9
7.109861259658168e-9
7.93791942112451e-9
7.50423148275653e-9
7.909596445443145e-9
8.064138278456471e-9
8.167031268475976e-9
8.904949271944206e-9
9.16383709316784e-9
9.205683713646756e-9
9.436510196080993e-9
9.66641484208097e-9
9.311193363107604e-9
1.0123363504976256e-8
9.90949127089746e-9
1.0552278912479825e-8
1.0955711869081423e-8
1.2677051041171987e-8
1.2532695242651005e-8
1.1282004947090444e-8
1.1691323192529359e-8
1.2894362410283088e-8
1.251238036981025e-8
1.2679206842244864e-8
1.3302872777947859e-8
1.3242759479714055e-8
1.4134434560564992e-8
1.4235091251585642e-8
1.4929754036747717e-8
1.4168582920434485e-8
1.480458831228145e-8
1.5339881979650502e-8
1.659634029048534e-8
1.6313615236142e-8
1.6352547759598595e-8
1.7028259595292808e-8
1.851655453993718e-8
1.853433119154458e-8
1.754921280589025e-8
1.8588093995274024e-8
1.7857298437793354e-8
1.881927559963766e-8
2.0149307300345676e-8
1.9296295142219735e-8
1.9912574843105025e-8
2.061156521070024e-8
1.9334605673612183e-8
2.049797982849473e-8
2.0132911476454693e-8
2.1790467996761104e-8
2.2461540950150618e-8
2.2963083813783194e-8
2.329037745020001e-8
2.3477023463170265e-8
2.3329585469475004e-8
2.4526359833468068e-8
2.3247032637427948e-8
2.522028176506753e-8
2.626948984101971e-8
2.629924611663738e-8
2.5775011875231062e-8
2.691478226293536e-8
2.595050990843579e-8
2.9458748930290534e-8
2.9987356917634014e-8
2.876159747279556e-8
2.8236221565055778e-8
3.078457838575466e-8
3.151457055708541e-8
3.099686857836719e-8
3.316312590006685e-8
3.263742851250088e-8
2.8860428328222252e-8
2.8511283532534707e-8
3.3344418265517266e-8
3.8687878278385104e-8
3.6161046505165854e-8
3.681063706385909e-8
3.173681791246727e-8
3.619989878364212e-8
3.66213123466892e-8
3.8224444072144054e-8
3.6396777038911373e-8
4.112817615518873e-8
4.098419270128544e-8
4.1791768990814474e-8
4.278023691455499e-8
4.453642744148167e-8
4.571820855085014e-8
4.8495680211796694e-8
4.843578404729651e-8
4.8447274817705495e-8
5.2269627042622236e-8
5.088009756966501e-8
5.082637005390446e-8
4.8531207152230266e-8
3.793767899649261e-8
5.6332181322823305e-9
2.8385726892525456e-6
2.0845776084549037e-6
1.1025433108419e-6
7.504889635196352e-7
5.504672892399519e-7
4.380083344041327e-7
3.5853989694259804e-7
3.2648762979931586e-7
2.754369604193391e-7
2.5117022820110465e-7
2.261464178141513e-7
2.0548115727156736e-7
1.9764026213830538e-7
1.8611192399601255e-7
1.6377276736994653e-7
1.6547427202368738e-7
1.506869068705763e-7
1.4476250977086486e-7
1.424845099393429e-7
1.3558925690361275e-7
1.3415277672255466e-7
1.2266646152290907e-7
1.1231556007309995e-7
1.1131893563191562e-7
1.0905771093261929e-7
1.0718019194913152e-7
9.602125415429759e-8
9.865604881817396e-8
9.505515330783448e-8
8.71432954850023e-8
8.912252753460939e-8
8.59292681685948e-8
8.557410375164088e-8
8.295018552591545e-8
8.038337044057793e-8
8.412930119221444e-8
7.626667788547238e-8
7.570287675622498e-8
7.029543232753881e-8
7.27098801701895e-8
6.963466735701791e-8
6.87755932094086e-8
6.611812271220205e-8
6.643192985304637e-8
6.468946529961509e-8
6.295158811108152e-8
6.006968037433406e-8
6.204121646350929e-8
5.9245068890041926e-8
5.786288881620829e-8
5.724588836865409e-8
5.645695258107853e-8
5.632266592211763e-8
5.544389351490502e-8
5.29482166245333e-8
5.156131574813285e-8
5.11453415041111e-8
5.151309930148123e-8
5.028226195680993e-8
4.336436548217786e-8
4.8050719295362345e-8
4.9132533539451594e-8
4.7704386473270466e-8
4.7154896375533176e-8
4.6851322299768464e-8