2.429901007713712e-9
2.6643869240068257e-8
5.043762785826665e-8
7.344264224892013e-8
9.532242674668005e-8
1.1576909218175683e-7
1.3452456368694308e-7
1.5137783695747988e-7
1.6615122349700635e-7
1.787656375214828e-7
1.8908049831900426e-7
1.970426590260746e-7
2.025938184726575e-7
2.0580043281809932e-7
2.064604294571488e-7
2.0449467419765743e-7
1.998980510729872e-7
1.9246024776532128e-7
1.817741741830654e-7
1.6735840181504092e-7
1.4852268346045873e-7
1.240290787056959e-7
9.189093629614628e-8
4.865793001511881e-8
8.622531135892459e-10
8.6782654435219e-8
2.816368743188468e-7
5.356713583731201e-7
8.542883635146332e-7
1.2198568328015207e-6
1.586925827747687e-6
1.8862265540031866e-6
2.0670990879693227e-6
2.1153913428350206e-6
2.0539170700652984e-6
1.928770946628116e-6
1.7731701522658385e-6
1.6122741100078515e-6
1.459731528288023e-6
1.3211889930381725e-6
1.1971574489931855e-6
1.0893002299692759e-6
9.952964532241852e-7
9.121427096909845e-7
8.390885454100894e-7
7.761691617315993e-7
7.200874938139478e-7
6.70757145079755e-7
6.263776463355337e-7
5.870247592177071e-7
5.514314256839779e-7
5.197944869034084e-7
4.91241413045414e-7
4.651715053865469e-7
4.414021295747047e-7
4.195614359557593e-7
3.998934893553406e-7
3.8174711145461374e-7
3.649545553157896e-7
3.494340267408885e-7
3.350088071960813e-7
3.2183377060075307e-7
3.094917490137145e-7
2.9790366136313905e-7
2.869975800602302e-7
2.7699689870223126e-7
2.6758368894713064e-7
2.587555790936358e-7
2.5040699708827173e-7
2.4255231058405476e-7
2.3510340360217554e-7
2.2803666015926806e-7
2.2136336734774816e-7
2.1507634261439501e-7
2.0912078441967742e-7
2.0382866511636996e-7
1.980083440053739e-7
1.9287686700429068e-7
1.880150973410213e-7
1.8333519790341699e-7
1.7885026818859613e-7
1.7459450932371323e-7
1.7046781315922935e-7
1.665624446058694e-7
1.6279078940113598e-7
1.5917815148500568e-7
1.5572796915959718e-7
1.5238889064277487e-7
1.4926340144659844e-7
1.4576893102256393e-7
1.433948890303867e-7
1.3986329381095852e-7
1.3737029266992116e-7
1.339116650123674e-7
1.321299503113117e-7
1.314316228957999e-7
1.272914318923375e-7
1.245331301717562e-7
1.2322938112108972e-7
1.1948001186488726e-7
1.178825542467066e-7
1.217824694268205e-7
1.1480979810440441e-7
1.1263653951429416e-7
1.1066537489146104e-7
1.0801199503116668e-7
1.0531963465683166e-7
1.0557540145786743e-7
1.0271427177049791e-7
1.00994264397262e-7
9.971291115017337e-8
9.88312852728022e-8
9.64321048362198e-8
9.26626447480695e-8
9.249333186368149e-8
9.23181800694392e-8
9.06755643956898e-8
8.855821481430643e-8
8.813589637109229e-8
8.70427595686768e-8
8.465433627283867e-8
8.375313547688129e-8
8.440687114586571e-8
8.198257988969958e-8
8.026495740204496e-8
7.989471537819232e-8
7.857924307543462e-8
7.552929837938453e-8
7.637652250530002e-8
7.713694128601593e-8
7.431498071208242e-8
7.272988864951624e-8
7.225115313972746e-8
7.05735844416901e-8
7.033757531364039e-8
6.984437539631597e-8
6.862871061054368e-8
6.827864537055846e-8
6.775753814463573e-8
6.725354459004403e-8
6.477213087416369e-8
6.40169109768573e-8
6.374226982942845e-8
6.199093809497842e-8
6.122663408429201e-8
5.94069509878654e-8
6.024797335224034e-8
5.9044702024657005e-8
5.8073922826436675e-8
5.767427363234354e-8
5.692067742528572e-8
5.605768007580076e-8
5.5545768168357253e-8
5.475696199557786e-8
5.4059402824822026e-8
5.365443086327929e-8
5.297655390334397e-8
5.1898587969161166e-8
5.143722858735481e-8
5.0928489120421633e-8
5.0409113638661675e-8
4.9726635500063316e-8
4.912615659163076e-8
4.846802519121528e-8
4.778950760437902e-8
4.729560195701538e-8
4.673432936829918e-8
4.618735040690132e-8
4.5590358282947586e-8
4.5076843812561784e-8
4.453614410201492e-8
4.400285273616314e-8
4.3466115414092015e-8
4.2975968751951504e-8
4.2473433912999564e-8
4.1869040504611986e-8
4.149423584157904e-8
4.100918799736643e-8
4.052004273046215e-8
4.00794411830551e-8
3.962040708089064e-8
3.9142921669803955e-8
3.872738784742992e-8
3.8265005633666e-8
3.783184614699057e-8
3.7306858602309034e-8
3.7036068087269775e-8
3.655802941133391e-8
3.615076304807436e-8
3.57473730377598e-8
3.538417146962407e-8
3.496035842827079e-8
3.4531611794772556e-8
3.4185157942236776e-8
3.383089660654483e-8
3.3480710523269903e-8
3.309468782507394e-8
3.2744379588332314e-8
3.241110580719206e-8
3.199131522092664e-8
3.1636660298416184e-8