2.267994304743884e-12
2.4953851805340122e-11
4.764600830475915e-11
7.034208369256708e-11
9.309322989561942e-11
1.1595291698291493e-10
1.3896254451570766e-10
1.619438138693787e-10
1.848488629353278e-10
2.0827560638402386e-10
2.3137731627767818e-10
2.547095235316461e-10
2.7780638663617465e-10
3.022299914848232e-10
3.251324773280461e-10
3.4937992123593485e-10
3.754755692548197e-10
3.9804113222538744e-10
4.22483329609016e-10
4.483340740723718e-10
4.746798244284853e-10
4.951515662183203e-10
5.246657901306845e-10
5.498926562887417e-10
5.786102226817065e-10
6.032626001554258e-10
6.138476891937711e-10
6.554318671404008e-10
6.828953998426409e-10
7.24709072409899e-10
7.44462851516999e-10
7.657242285006136e-10
7.876432045249568e-10
8.283864162699545e-10
8.540241273909857e-10
8.932784091022553e-10
9.200021115553969e-10
9.48041016188652e-10
9.825928292367462e-10
1.0167165856279973e-9
1.0485824910148268e-9
1.0689344033442347e-9
1.1029614272571523e-9
1.1530211176904733e-9
1.1804608085942812e-9
1.2297811080494054e-9
1.2647612435218392e-9
1.2895920475182858e-9
1.326343933481092e-9
1.3740830993480864e-9
1.424170713445584e-9
1.4557411348547557e-9
1.5055456650923583e-9
1.5678008754256593e-9
1.5754929217838101e-9
1.6219836397238033e-9
1.6662147103120744e-9
1.6412717262974772e-9
1.7365711513596675e-9
1.7615452554329261e-9
1.8345102925946569e-9
1.8995545267354985e-9
1.9577963544388667e-9
1.9447700781549973e-9
2.0461942615312605e-9
2.027902699265332e-9
2.1184770828593484e-9
2.228458194273206e-9
2.2754780366889987e-9
2.2723097656702616e-9
2.3541900688353754e-9
2.500868307443613e-9
2.5189875086800324e-9
2.576148173390001e-9
2.6377209482019167e-9
2.67249857614819e-9
2.7785465623629924e-9
2.7066512444120123e-9
2.925320901083176e-9
2.890808725474772e-9
3.044389224489986e-9
3.023058800093355e-9
3.1702940434807248e-9
3.336880577940523e-9
3.305375242103959e-9
3.3305348248684257e-9
3.4056122430124535e-9
3.6020292361316536e-9
3.589384880151985e-9
3.752688477384615e-9
3.7619529123200825e-9
4.050218068799828e-9
3.987120010126994e-9
4.1668943867939205e-9
4.176376896214734e-9
4.437734669646156e-9
4.088084499261025e-9
4.557401758781659e-9
4.65159521180211e-9
4.6476036106743736e-9
4.876191188144912e-9
4.845121234105059e-9
5.00564717172306e-9
5.25654871057629e-9
5.216693654189048e-9
5.4671488878183855e-9
5.476102270587663e-9
5.656568041970115e-9
5.74827423303123e-9
6.062895864068445e-9
6.207899558489318e-9
6.209811652385325e-9
6.308481298699465e-9
6.499564605916574e-9
6.739494308219189e-9
6.794262622514779e-9
6.8751528842756765e-9
7.1321309506502774e-9
7.529619730415075e-9
7.421673341868148e-9
7.796196717171225e-9
7.965989169394277e-9
8.027014555721026e-9
8.149366999566121e-9
8.205530035703345e-9
8.32442590154559e-9
8.647344025397587e-9
9.350495077453828e-9
8.818058078800637e-9
8.806968240646915e-9
9.560382278245206e-9
9.073422599132271e-9
9.765031346230433e-9
9.406999441941448e-9
1.0304709765803082e-8
1.0070368683653578e-8
1.0291881065892608e-8
1.0853909176057532e-8
1.0670617254371648e-8
1.2388518395186722e-8
1.1735142523895664e-8
1.158576109534178e-8
1.1492115841115514e-8
1.2313433817800847e-8
1.2621967681927912e-8
1.2469627503866754e-8
1.2653120645317397e-8
1.2490506458056246e-8
1.326034760008552e-8
1.4879301632320209e-8
1.277386721557072e-8
1.4116786984891217e-8
1.4156460164813211e-8
1.435387610249045e-8
1.526005775032901e-8
1.558001944321204e-8
1.528613206088663e-8
1.6342344647419845e-8
1.6530590169187254e-8
1.4639682590405705e-8
1.8669203829096474e-8
1.7959845672933865e-8
1.827551864376674e-8
1.828532975676811e-8
1.969621067852345e-8
1.9892013426319343e-8
2.1689494935089968e-8
2.1059162237524005e-8
2.1666710282991678e-8
2.2440598894460707e-8
2.3234652279132648e-8
2.4430091117587778e-8
2.4472859158480468e-8
2.5631890479362314e-8
2.7020984213397536e-8
2.761749429940452e-8
2.873285650145933e-8
3.019203710688544e-8
3.169829674098661e-8
3.2954375245673134e-8
3.3429203992965504e-8
2.9316335250134775e-8
9.814949867278703e-9
3.27088890034006e-6
1.1230561010428323e-6
6.260013114402365e-7
4.3443753774876106e-7
3.3832764048803535e-7
2.8005459754670764e-7
2.3465438682289108e-7
2.092871970629974e-7
1.9536174733521163e-7
1.6662406528731492e-7
1.554055139747608e-7
1.4163253818815688e-7
1.3261108093307375e-7
1.2820966471916166e-7
1.1626618545764867e-7
1.1286369503460944e-7
1.060969347999015e-7
9.99028858033068e-8