2.0633316649289104e-11
2.270091233426943e-10
4.3382561710913137e-10
6.394920471938825e-10
8.47694540589647e-10
1.0228368974838727e-9
1.2643920956468922e-9
1.4676349221018711e-9
1.6803624057513036e-9
1.890089225400044e-9
2.109341234475976e-9
2.3302364451662035e-9
2.5204475804898343e-9
2.7099390367641953e-9
2.9422409878406856e-9
3.1980467524255205e-9
3.335314517624912e-9
3.6005386841271337e-9
3.824182200810948e-9
3.877079861543129e-9
4.277105572708298e-9
4.587582961874577e-9
4.685680283428645e-9
4.943455121556587e-9
5.27430267617515e-9
5.420874609649659e-9
5.681496094370804e-9
6.0264990334646305e-9
6.118331149833629e-9
6.3845006056126225e-9
6.78149086186863e-9
6.920525988665492e-9
7.1379222628055376e-9
7.3953281232951685e-9
7.502280460415957e-9
7.787315806187526e-9
8.272051947364155e-9
8.282428305627897e-9
8.715108622596742e-9
1.0222003572194168e-8
9.081552356455655e-9
9.63609577319958e-9
9.699998920727644e-9
1.0185990306129143e-8
1.0356852695107171e-8
9.676197938021645e-9
1.0252841285514684e-8
1.1160208455275657e-8
1.1486589496422112e-8
1.1872803176378786e-8
1.2332774517714522e-8
1.2930577007239884e-8
9.381119332071797e-9
1.3967825380995572e-8
1.0975328800083834e-8
1.3076123206652918e-8
1.2281729447352558e-8
1.3887466328302936e-8
1.4572556700461995e-8
1.4859521216253545e-8
1.5204924972445362e-8
1.5890508399494753e-8
1.6896834534716076e-8
1.530268494895334e-8
1.7376142810081024e-8
1.660011205191336e-8
1.617020917697213e-8
1.7054811134266348e-8
1.8484701354579602e-8
1.851772923826817e-8
1.872447629708894e-8
2.4303711328757962e-8
2.2827306972102707e-8
2.0513390366176606e-8
2.1114910553702002e-8
2.2222637653066118e-8
2.0534634341132594e-8
2.3025319080509332e-8
2.2446937622209444e-8
2.209668224211827e-8
2.379387147959033e-8
2.462727194812219e-8
2.244629360620469e-8
2.3172396800993743e-8
2.3786882869113106e-8
2.650213993045552e-8
2.7184111640661975e-8
2.994413288074448e-8
2.8347459445738297e-8
2.7283148100268542e-8
2.7943995060496774e-8
3.032499601965552e-8
2.636380120266158e-8
2.993402451681619e-8
2.7885139803071142e-8
3.012542670837806e-8
2.98433866747763e-8
3.306584129085648e-8
3.059254892837195e-8
3.245239340621756e-8
3.2162791208628177e-8
3.56482373831353e-8
3.299712637512434e-8
3.3152740352326215e-8
3.330288810196071e-8
3.6556672062272045e-8
3.328523776358931e-8
3.647801342345158e-8
3.8356649004741394e-8
3.703537235339461e-8
4.0733534111655224e-8
4.241375751184058e-8
4.072727393242444e-8
4.052509378584979e-8
4.222884915152979e-8
4.368096372237825e-8
4.0044247208717786e-8
4.572496619625913e-8
4.6332581459202704e-8
4.946353882761e-8
4.7030306493489644e-8
4.8784949641281865e-8
5.1369493249806795e-8
5.01362125932467e-8
5.2727692939116806e-8
5.262739542863866e-8
5.38626049796182e-8
5.3295061185377155e-8
5.067988987294382e-8
3.9036381133767194e-8
5.38076118176808e-9
2.6499036809555544e-6
2.2317372242660315e-6
1.1874048130384678e-6
8.057938043988614e-7
6.035901512383927e-7
4.855300125745285e-7
3.9898559736288704e-7
3.5142806925989867e-7
3.043330107415132e-7
2.706145044152004e-7
2.467360986786824e-7
2.2274027558864072e-7
2.0371214281153444e-7
1.8970280981154778e-7
1.8366283901049886e-7
1.7321332531190336e-7
1.675886043285794e-7
1.5196207890954283e-7
1.4878558058166648e-7
1.3622520521532543e-7
1.3278574220436989e-7
1.2778018585854694e-7
1.1812129979428557e-7
1.1813789103527152e-7
1.1779949180092578e-7
1.0796420391763777e-7
1.0741746065464411e-7
1.0047198839282916e-7
1.0358742369452134e-7
9.365308754468236e-8
9.164244017482465e-8
9.018256014817163e-8
8.774522782807176e-8
8.685456908269254e-8
8.269762962433007e-8
8.243795535201318e-8
7.65156507934386e-8
8.108114755529314e-8
7.230879207759481e-8
7.524127535420055e-8
7.525830775993066e-8
7.283847442492592e-8
6.947276251198074e-8
6.74661311956043e-8
6.729084899163193e-8
6.632096468652334e-8
6.66705568382154e-8
6.403305422107949e-8
6.195095252007834e-8
6.104512963828829e-8
5.7736975842801996e-8
6.056778402177384e-8
5.847523361296681e-8
5.637038305354512e-8
5.4880408968537716e-8
5.50453748347319e-8
5.321730599580088e-8
5.333942718808147e-8
5.308189043015203e-8
5.208123339232408e-8
5.067704631537689e-8
5.026373157377897e-8
5.0153130815695747e-8
4.929972422041776e-8
4.879543569423965e-8
4.808474099504218e-8
4.72144315419304e-8
4.701380384360132e-8
4.592254034635679e-8
4.3221778273614965e-8