1.153001248219859e-9
1.2236879663813912e-8
2.1109485094450463e-8
2.5836746370643817e-8
2.4576912847229407e-8
1.552364036623332e-8
2.144527923535089e-10
2.5936596087734974e-10
3.0853657072322983e-10
5.6008518366416415e-8
1.1739904738945228e-7
1.860980673554241e-7
2.6687324086348323e-7
3.6261994939597803e-7
4.756023551905137e-7
6.074026054740108e-7
7.585277714845131e-7
9.277888156320924e-7
1.109581648719296e-6
1.3008186682504861e-6
1.4827323611618148e-6
1.6468650093621907e-6
1.7780968061106564e-6
1.863949395034912e-6
1.90377815115397e-6
1.8973658471249862e-6
1.8541898574484941e-6
1.7788843099043713e-6
1.6875962564402817e-6
1.5861210805500799e-6
1.4813251394376881e-6
1.378477308017084e-6
1.2804501147208915e-6
1.1886143385822298e-6
1.1037566023076962e-6
1.0261995877270375e-6
9.55033844380999e-7
8.899691686014561e-7
8.314772478404657e-7
7.788645013005567e-7
7.306759458941712e-7
6.870132634745991e-7
6.469648008375505e-7
6.105765185282768e-7
5.770648675126638e-7
5.470028593196664e-7
5.192709164886291e-7
4.937816207256493e-7
4.701895581852891e-7
4.484286454528925e-7
4.2819605531758846e-7
4.0970980016523887e-7
3.9249784631367983e-7
3.7637244748069047e-7
3.6141911242919675e-7
3.474452543432157e-7
3.3445505445114203e-7
3.2225870058679295e-7
3.1077540611632874e-7
3.0005493052784555e-7
2.897781459923575e-7
2.8039656722587233e-7
2.714373142215786e-7
2.629719147044367e-7
2.5495009271694304e-7
2.4733796483070884e-7
2.4010551985324513e-7
2.332826491290338e-7
2.2674904872392357e-7
2.2057234286743294e-7
2.1467319492122975e-7
2.0903215624921326e-7
2.0363163640274504e-7
1.9858743419421713e-7
1.937176681261207e-7
1.8904163909695252e-7
1.845709875549961e-7
1.8025428256869878e-7
1.761413003441397e-7
1.7219902051363716e-7
1.6841414384917346e-7
1.6475342765762058e-7
1.6124303354829718e-7
1.5784650797904852e-7
1.5458420356890528e-7
1.514262650011005e-7
1.4837845104644528e-7
1.4543336709031768e-7
1.4258539346005049e-7
1.3983423224285017e-7
1.371876547862699e-7
1.3459171610524813e-7
1.3210772847459862e-7
1.2968362013943754e-7
1.2734180552601226e-7
1.2505596527103017e-7
1.2284596277554766e-7
1.2069575262083215e-7
1.1859056386635909e-7
1.1655678172063018e-7
1.1461735366158547e-7
1.1266856086647079e-7
1.1088723003252835e-7
1.0901170460981037e-7
1.0722658521556474e-7
1.0550122676181254e-7
1.0380419338352084e-7
1.0207528174718643e-7
1.005211825557027e-7
9.903757426326147e-8
9.741873229206088e-8
9.590619830439901e-8
9.453799336113502e-8
9.298697726525737e-8
9.151991266309065e-8
9.025445227428956e-8
8.840938606030381e-8
8.773420492074061e-8
8.588806363440835e-8
8.515170763157342e-8
8.38645937028711e-8
8.309126323072712e-8
8.132499322051945e-8
8.030749200373375e-8
7.912872065134361e-8
7.821225598627576e-8
7.579563788574064e-8
7.591653986407027e-8
7.470044129558571e-8
7.272439934403853e-8
7.30223958030575e-8
7.201771138034364e-8
6.957031554716172e-8
7.005287539860024e-8
6.92863534220261e-8
6.80695505965135e-8
6.719198349354124e-8
6.609819719229979e-8
6.530292164264967e-8
6.441322381908586e-8
6.362933557563657e-8
6.276369523049773e-8
6.199124381762387e-8
6.112097004894351e-8
6.033615705890854e-8
5.984206794495658e-8
5.88209001281864e-8
5.8164954016206517e-8
5.712562835546324e-8
5.644322792097524e-8
5.5875173907679144e-8
5.527704346235711e-8
5.4381123983295586e-8
5.383591766372015e-8
5.305853301958264e-8
5.244604598889455e-8
5.1790275559878e-8
5.1240647718454695e-8
5.059129440629723e-8
4.9945039969818947e-8
4.9335687563972286e-8
4.872994725327165e-8
4.813396442179827e-8
4.754489925709785e-8
4.695841614045158e-8
4.639387126414649e-8
4.584071309339569e-8
4.527149580324209e-8
4.47509675652564e-8
4.418109445830419e-8
4.367644136147312e-8
4.317326578143136e-8
4.267182206910807e-8
4.217463095855447e-8
4.168108363426029e-8
4.118041538380075e-8
4.0730585244032455e-8
4.022252200577997e-8
3.9761746760037437e-8
3.9270114805715716e-8
3.884868714869011e-8
3.842152219961162e-8
3.793346479791117e-8
3.741027451862342e-8
3.7078041545609516e-8
3.650903034339883e-8
3.6174813534885234e-8
3.5822580325981954e-8
3.541757454623473e-8
3.4973774436585544e-8
3.467957511755778e-8
3.425875738063203e-8
3.392981767171494e-8
3.345283783699607e-8
3.311050853508132e-8
3.265298673308124e-8
3.242393342503783e-8
3.198716251067263e-8
3.175327091067595e-8
3.1249168283625844e-8
3.10089018541233e-8