1.7860180769919428e-12
1.964886416645356e-11
3.753793336251839e-11
5.539404568940147e-11
7.334972764083338e-11
9.129679821792394e-11
1.0929165371864674e-10
1.2735323773629345e-10
1.4532124288730416e-10
1.6391034602188116e-10
1.8207587100518428e-10
2.0061625902612063e-10
2.1944301426800708e-10
2.3801414543303003e-10
2.569126733667852e-10
2.7602942514887617e-10
2.941033371666999e-10
3.1320902213707067e-10
3.3201245621833096e-10
3.521406450992246e-10
3.734387754871905e-10
3.9083988955961917e-10
4.150863689076913e-10
4.3268581037261553e-10
4.554304374330176e-10
4.735438268635469e-10
4.963617700194431e-10
5.171743368439283e-10
5.405064373101444e-10
5.634803140906684e-10
5.822184689475746e-10
6.067175298976102e-10
6.283236965919854e-10
6.521391002125778e-10
6.814504561497422e-10
7.070729297781585e-10
7.256641989460729e-10
7.436674236352546e-10
7.706831615736671e-10
8.033453700908826e-10
8.247239202877644e-10
8.610223149017685e-10
8.673810424831184e-10
9.068380751744918e-10
9.259449215645871e-10
9.658898335775e-10
9.899490349342299e-10
1.0078695407332284e-9
1.0039663104009554e-9
1.0828962333033046e-9
1.112442443381528e-9
1.1500860203224132e-9
1.18287034236832e-9
1.1867592738253807e-9
1.2494653366511204e-9
1.2774820816421942e-9
1.3209122107053099e-9
1.370659184954554e-9
1.386739312740601e-9
1.4021191790785938e-9
1.4140406146164959e-9
1.5077724567445702e-9
1.5609538094174217e-9
1.528346081889656e-9
1.6223353659810124e-9
1.6708309780442672e-9
1.7084470641422611e-9
1.769886232385662e-9
1.7691927466027856e-9
1.8212342084521131e-9
1.8654427515465115e-9
1.8712407204871967e-9
1.952306523255174e-9
1.9858201509880984e-9
2.1029050412098207e-9
2.203521571037265e-9
2.24044707692834e-9
2.2469926037013895e-9
2.3004525406998606e-9
2.3564673343197023e-9
2.406767701392346e-9
2.52001846074513e-9
2.4611881400274143e-9
2.497040811938606e-9
2.6254641944913434e-9
2.690426987375092e-9
2.7560873944765272e-9
2.847073506629343e-9
2.860927805934804e-9
3.0726497055313514e-9
3.050302943347586e-9
3.102355444262518e-9
3.1045243418558226e-9
3.2378675891501674e-9
3.3285583205251843e-9
3.273546956058183e-9
3.7202421040101086e-9
3.6848228413368107e-9
3.6712751465902526e-9
3.5409335048608292e-9
3.7167404964583434e-9
3.893969372842293e-9
3.904130561783965e-9
4.027154908115954e-9
4.314787513413951e-9
4.396655542395334e-9
4.483780023587368e-9
4.4116970249463125e-9
4.603552592619959e-9
4.806858581849924e-9
4.699284660808958e-9
5.029281378104246e-9
5.07446524984363e-9
5.114224910375658e-9
5.249908986651065e-9
5.451158569633027e-9
5.638618798368081e-9
5.6756651074160115e-9
5.725690866951859e-9
6.108016862874702e-9
5.862582667265706e-9
6.1168039814294584e-9
6.152414556049075e-9
6.752012694774313e-9
6.846572522307897e-9
6.492521961907152e-9
6.578251609189086e-9
7.231456353366296e-9
7.709247934059823e-9
7.807778920368393e-9
8.354897550532478e-9
7.726563251040887e-9
7.845928531805454e-9
8.095844355153419e-9
8.077846381562578e-9
8.322831219606525e-9
8.36567946247857e-9
8.808383224583806e-9
8.869377386113802e-9
8.485091746669159e-9
8.813663482673257e-9
9.41677016605994e-9
9.760014862418171e-9
1.0205660079051591e-8
1.014933842761376e-8
1.0516740696033475e-8
1.1108807950598546e-8
1.0923360074766493e-8
1.1278853313660988e-8
1.2040333703455813e-8
1.1829394394026895e-8
1.16574196286416e-8
1.1392206319069428e-8
1.2906711768319522e-8
1.2002872742089257e-8
1.3438865286180506e-8
1.2679731069035467e-8
1.2089404335189206e-8
1.3138294528684646e-8
1.3246404573194244e-8
1.3841739233408853e-8
1.4515123510300577e-8
1.442960843307748e-8
1.4828100991156665e-8
1.4771501645255271e-8
1.5530635117006774e-8
1.6470253600258288e-8
1.6079417886359494e-8
1.7376667658850467e-8
1.6863835347667176e-8
1.8421552598581965e-8
1.8824053202648812e-8
1.8896071823827105e-8
2.01745573326299e-8
2.0386455400608928e-8
2.0443726331976564e-8
2.1426953627853496e-8
2.1754375618941448e-8
2.4525806746957154e-8
2.4051066561725218e-8
2.4807637716659968e-8
2.5633828309491573e-8
2.723585410205194e-8
2.870311272078674e-8
3.0064842951788305e-8
3.152444432570811e-8
3.202243988279229e-8
2.8409744860238603e-8
2.791882702643622e-8
3.1523248755160946e-6
1.0246494044638301e-6
5.93670470854891e-7
4.0952471976125217e-7
3.246097772812543e-7
2.648845169481825e-7
2.2707509744295122e-7
2.0141273756707485e-7
1.7845503567634883e-7
1.5987828645260555e-7
1.4659998843498624e-7
1.3535758916310102e-7