1.9064024762076673e-10
2.0962056230372964e-9
3.998697393429685e-9
5.9053106915252025e-9
7.798849314065448e-9
9.663820395972772e-9
1.161727461715053e-8
1.3468333735297305e-8
1.5405040783114158e-8
1.725945794471185e-8
1.909360345101767e-8
2.078630330659534e-8
2.284869968532865e-8
2.464057363670294e-8
2.6702652167365444e-8
2.827889152085688e-8
2.9787993163748885e-8
3.2063976887830766e-8
3.3868985022964574e-8
3.5018951063475185e-8
3.733562204005425e-8
3.634387903893833e-8
4.1166080386549294e-8
4.365191147542376e-8
4.418878269230112e-8
4.658064119474064e-8
4.7279216574631504e-8
4.85299879187228e-8
5.2099733361592463e-8
5.2412898419198017e-8
5.544435430292103e-8
5.623916979841628e-8
5.5779644000470996e-8
5.406608173797503e-8
6.532846715455412e-8
6.321183317411529e-8
6.428066283411664e-8
5.982726254931926e-8
6.573475657082415e-8
6.651566952517176e-8
6.930900072029742e-8
7.344213966666658e-8
7.587462794460411e-8
7.184643568658618e-8
7.841527867153094e-8
7.94104534061368e-8
8.454724233348704e-8
7.487640755732937e-8
8.078288726956763e-8
7.322899146738768e-8
8.441529834490298e-8
7.908856279306635e-8
7.931633108937188e-8
8.21032531177039e-8
9.71104978946323e-8
8.461542142907571e-8
8.525147435584849e-8
7.948266584975179e-8
8.942885376405811e-8
9.010855610421649e-8
8.646549780366464e-8
9.578144792615857e-8
9.425365443738801e-8
9.062663105766721e-8
9.942291967692746e-8
9.708336939868672e-8
1.1588234082325726e-7
1.0541596530248825e-7
7.661360447759252e-8
9.553178160360109e-8
9.511266918552566e-8
9.988607071148258e-8
9.663079464923154e-8
9.648395523967934e-8
9.576496438303075e-8
1.0235838507688603e-7
1.0174294417050343e-7
9.971601536776059e-8
1.0065420268376438e-7
9.639288144956654e-8
9.375504392094447e-8
8.889696414671261e-8
7.604680298013727e-8
5.076718459659026e-8
3.2406222362017446e-9
9.95136925268634e-7
2.7415563411080006e-6
2.4595918672669424e-6
1.6811867867348121e-6
1.2088513653756124e-6
9.829813124808351e-7
7.675852619027807e-7
7.007611735834389e-7
5.536030565145779e-7
4.948168770605181e-7
4.3914730819974084e-7
3.8259841877179083e-7
3.5122919720265973e-7
3.321151114112531e-7
3.075056851951422e-7
2.8346989521390173e-7
2.6291256831845094e-7
2.5560758771877435e-7
2.274583387808596e-7
2.615681738415182e-7
2.180596459101437e-7
2.0779412492909905e-7
1.935978939102354e-7
1.8996408183742357e-7
1.7418754527180992e-7
1.7298187767794393e-7
1.5376748559354292e-7
1.596098764913768e-7
1.5253622985061774e-7
1.5016484535651306e-7
1.5082340025297705e-7
1.3919280240089259e-7
1.3300141374017898e-7
1.2526004350497264e-7
1.3215346282226633e-7
1.2955560956249987e-7
1.2692364997318376e-7
1.2035619707582575e-7
1.1174719421230058e-7
1.1515592631232319e-7
1.0869696081398188e-7
1.0837450873595934e-7
1.0229768281449709e-7
1.033424351786433e-7
1.0307638064053185e-7
1.0052656511655923e-7
9.36787495644653e-8
9.187122404867452e-8
9.43145908137341e-8
9.194054779049788e-8
9.009092111072633e-8
8.955294128154854e-8
8.723752122963058e-8
8.245083866943562e-8
8.323052605346142e-8
8.120591911200163e-8
7.85981012121946e-8
7.97491270006486e-8
7.814349422846994e-8
7.604555561778796e-8
7.431250028646033e-8
7.380532448378835e-8
7.450168881207719e-8
7.169472717557615e-8
7.160427657779824e-8
6.934289138826524e-8
7.087404316156382e-8
6.629684336996452e-8
6.595374225041564e-8
6.495235932010361e-8
6.626947185149358e-8
6.342393823475474e-8
6.216045525737577e-8
6.182292845808863e-8
6.079563638295043e-8
6.035069998053008e-8
5.9443321993406327e-8
5.8090900786975666e-8
5.794824759259764e-8
5.690439496994129e-8
5.626986239136222e-8
5.5461879968021884e-8
5.4449096839594434e-8
5.40995604199019e-8
5.3705063783722284e-8
5.248536525492861e-8
5.148622783065747e-8
5.182024364411184e-8
5.0482872970952294e-8
4.958113349926857e-8
4.943319455666999e-8
4.90160284154503e-8
4.8222854772896475e-8
4.7867887912151136e-8
4.7227422351607816e-8
4.6966207958496145e-8
4.682573079482471e-8
4.5285422731761604e-8
4.4883170983377445e-8
4.405908707724923e-8
4.418245125788755e-8
4.3384976682359214e-8
4.2679880834836504e-8
4.2354580020143505e-8
4.195089690404805e-8
4.1456200360303955e-8
4.086199091187274e-8
4.046416570406123e-8
3.986348953054772e-8
3.956983326312417e-8
3.930316939798746e-8
3.882756512436529e-8
3.84126677340381e-8
3.800913196500514e-8
3.7780184819978514e-8
3.715951963866417e-8