 0.53405562401388E+07
 0.53405562401388E+07
 0.53405562401388E+07
 0.53405562401388E+07
 0.53405562401388E+07
 0.53405562401388E+07
 0.53405562401388E+07
 0.53405562401388E+07
 0.53405562401388E+07
 0.53405562401388E+07
 0.53405562401386E+07
 0.53405562401383E+07
 0.53405562401388E+07
 0.53405562401383E+07
 0.53405562401384E+07
 0.53405562401382E+07
 0.53405562401378E+07
 0.53405562401368E+07
 0.53405562401360E+07
 0.53405562401327E+07
 0.53405562401334E+07
 0.53405562401298E+07
 0.53405562401296E+07
 0.53405562401269E+07
 0.53405562401241E+07
 0.53405562401142E+07
 0.53405562401043E+07
 0.53405562401053E+07
 0.53405562401059E+07
 0.53405562400916E+07
 0.53405562400510E+07
 0.53405562400490E+07
 0.53405562399991E+07
 0.53405562400079E+07
 0.53405562400403E+07
 0.53405562400417E+07
 0.53405562399728E+07
 0.53405562398528E+07
 0.53405562400145E+07
 0.53405562399145E+07
 0.53405562397952E+07
 0.53405562399280E+07
 0.53405562398151E+07
 0.53405562395189E+07
 0.53405562395941E+07
 0.53405562393842E+07
 0.53405562393977E+07
 0.53405562395764E+07
 0.53405562388865E+07
 0.53405562393385E+07
 0.53405562397621E+07
 0.53405562394843E+07
 0.53405562396871E+07
 0.53405562380780E+07
 0.53405562390098E+07
 0.53405562379685E+07
 0.53405562381605E+07
 0.53405562375889E+07
 0.53405562376152E+07
 0.53405562371892E+07
 0.53405562385248E+07
 0.53405562435239E+07
 0.53405562417071E+07
 0.53405562412844E+07
 0.53405562436179E+07
 0.53405562340979E+07
 0.53405562389911E+07
 0.53405562371628E+07
 0.53405562345322E+07
 0.53405562331063E+07
 0.53405562469340E+07
 0.53405562274024E+07
 0.53405562361752E+07
 0.53405562406939E+07
 0.53405562365477E+07
 0.53405562455056E+07
 0.53405562220903E+07
 0.53405562214870E+07
 0.53405562268857E+07
 0.53405562190782E+07
 0.53405562330479E+07
 0.53405562107120E+07
 0.53405562143973E+07
 0.53405562104754E+07
 0.53405561942342E+07
 0.53405562376038E+07
 0.53405562150901E+07
 0.53405562251764E+07
 0.53405562225959E+07
 0.53405561883972E+07
 0.53405562008458E+07
 0.53405561896728E+07
 0.53405561827784E+07
 0.53405561701105E+07
 0.53405561478853E+07
 0.53405561926141E+07
 0.53405560749289E+07
 0.53405561677830E+07
 0.53405560989109E+07
 0.53405561615368E+07
 0.53405559193602E+07
 0.53405559001602E+07
 0.53405560099896E+07
 0.53405558994622E+07
 0.53405559202308E+07
 0.53405559496639E+07
 0.53405561768160E+07
 0.53405559331500E+07
 0.53405560950191E+07
 0.53405562531691E+07
 0.53405560228216E+07
 0.53405557686787E+07
 0.53405559875754E+07
 0.53405559567733E+07
 0.53405559482997E+07
 0.53405557683604E+07
 0.53405555678579E+07
 0.53405553396316E+07
 0.53405555943327E+07
 0.53405556889645E+07
 0.53405552115514E+07
 0.53405560724701E+07
 0.53405557206035E+07
 0.53405559220819E+07
 0.53405556552011E+07
 0.53405556076506E+07
 0.53405557771220E+07
 0.53405563579540E+07
 0.53405555131357E+07
 0.53405561485670E+07
 0.53405555583490E+07
 0.53405547483107E+07
 0.53405561760992E+07
 0.53405564823671E+07
 0.53405556341434E+07
 0.53405563028014E+07
 0.53405575551978E+07
 0.53405557036929E+07
 0.53405565008980E+07
 0.53405562976993E+07
 0.53405561948451E+07
 0.53405547332537E+07
 0.53405571399215E+07
 0.53405572901743E+07
 0.53405577613075E+07
 0.53405577310650E+07
 0.53405565462442E+07
 0.53405552304891E+07
 0.53405569007298E+07
 0.53405572401247E+07
 0.53405577047988E+07
 0.53405568367733E+07
 0.53405571042872E+07
 0.53405577355151E+07
 0.53405563897197E+07
 0.53405551805960E+07
 0.53405558054292E+07
 0.53405576314966E+07
 0.53405559268115E+07
 0.53405562104448E+07
 0.53405543714564E+07
 0.53405573781301E+07
 0.53405551803912E+07
 0.53405560480250E+07
 0.53405561774177E+07
 0.53405579311038E+07
 0.53405548776039E+07
 0.53405568607161E+07
 0.53405548444584E+07
 0.53405537023040E+07
 0.53405557543864E+07
 0.53405559085794E+07
 0.53405545121475E+07
 0.53405554882920E+07
 0.53405544923468E+07
 0.53405564416497E+07
 0.53405551003896E+07
 0.53405540926442E+07
 0.53405553888572E+07
 0.53405536779783E+07
 0.53405527871561E+07
 0.53405555650081E+07
 0.53405528851192E+07
 0.53405554906769E+07
 0.53405514537984E+07
 0.53405516443629E+07
 0.53405535132600E+07
 0.53405538619372E+07
 0.53405522600369E+07
 0.53405521670748E+07
 0.53405527263732E+07
 0.53405539141448E+07
 0.53405533939175E+07
 0.53405519209945E+07
 0.53405527093093E+07
 0.53405532774361E+07
 0.53405516889343E+07
 0.53405520575724E+07
 0.53405520688169E+07
 0.53405531930011E+07
 0.53405535470245E+07
 0.53405502957402E+07
 0.53405504954604E+07
 0.53405510370116E+07
 0.53405502094247E+07
 0.53405517215718E+07
 0.53405499009680E+07
 0.53405514485261E+07
 0.53405504924895E+07
 0.53405492639259E+07
 0.53405506159097E+07
 0.53405507070462E+07
 0.53405496421092E+07
 0.53405493279093E+07
 0.53405506229835E+07
 0.53405515608463E+07
 0.53405504672721E+07
 0.53405528631646E+07
 0.53405528522590E+07
 0.53405527667612E+07
 0.53405514101212E+07
 0.53405527702506E+07
 0.53405519186000E+07
 0.53405555408522E+07
 0.53405553344345E+07
 0.53405531124037E+07
 0.53405546026040E+07
 0.53405569484380E+07
 0.53405550735155E+07
 0.53405547319291E+07
 0.53405554361877E+07
 0.53405537681898E+07
 0.53405568633380E+07
 0.53405548834240E+07
 0.53405575354120E+07
 0.53405556133433E+07
 0.53405565818340E+07
 0.53405571405681E+07
 0.53405573135478E+07
 0.53405564372078E+07
 0.53405560556582E+07
 0.53405573140781E+07
 0.53405557211090E+07
 0.53405573088842E+07
 0.53405570154371E+07
 0.53405587079647E+07
 0.53405564617563E+07
 0.53405561229198E+07
 0.53405568831012E+07
 0.53405556035655E+07
