92509.19200851861
92629.19200851861
92949.19200851861
93469.19200851861
94189.19200851861
95109.19200851861
96229.19200851861
97549.19200851861
99069.19200851861
100789.19200851861
102709.19200851861
104829.19200851861
107149.19200851861
109669.19200851861
112389.19200851861
115309.19200851861
118429.19200851861
121749.19200851861
125269.19200851861
128989.19200851861
132909.1920085186
137029.1920085186
141349.1920085186
145869.1920085186
150589.1920085186
155509.1920085186
160629.1920085186
165949.1920085186
171469.1920085186
177189.1920085186
183109.1920085186
189229.1920085186
195549.1920085186
202069.1920085186
208789.1920085186
215709.1920085186
222829.1920085186
230149.1920085186
237669.1920085186
245389.1920085186
253309.1920085186
261429.1920085186
269749.1920085186
278269.1920085186
286989.1920085186
295909.1920085186
305029.1920085186
314349.1920085186
323869.1920085186
333589.1920085186
343509.1920085186
353629.1920085186
363949.1920085186
374469.1920085186
385189.1920085186
396109.1920085186
407229.1920085186
418549.1920085186
430069.1920085186
441789.1920085186
453709.1920085186
465829.1920085186
478149.1920085186
490669.1920085186
503389.1920085186
516309.1920085186
529429.1920085186
542749.1920085186
556269.1920085186
569989.1920085186
583909.1920085186
598029.1920085186
612349.1920085186
626869.1920085186
641589.1920085186
656509.1920085186
671629.1920085186
686949.1920085186
702469.1920085186
718189.1920085186
734109.1920085186
750229.1920085186
766549.1920085186
783069.1920085186
799789.1920085186
816709.1920085186
833829.1920085186
851149.1920085186
868669.1920085186
886389.1920085186
904309.1920085186
922429.1920085186
940749.1920085186
959269.1920085186
977989.1920085186
996909.1920085186
1.0160291920085186e6
1.0353491920085186e6
1.0548691920085186e6
1.0745891920085186e6
1.0945091920085186e6
1.1146291920085186e6
1.1349491920085186e6
1.1554691920085186e6
1.1761891920085186e6
1.1971091920085186e6
1.2182291920085186e6
1.2395491920085186e6
1.2610691920085186e6
1.2827891920085186e6
1.3047091920085186e6
1.3268291920085186e6
1.3491491920085186e6
1.3716691920085186e6
1.3943891920085186e6
1.4173091920085186e6
1.4404291920085186e6
1.4637491920085186e6
1.4872691920085186e6
1.5109891920085186e6
1.5349091920085186e6
1.5590291920085186e6
1.5833491920085186e6
1.6078691920085186e6
1.6325891920085186e6
1.6575091920085186e6
1.6826291920085186e6
1.7079491920085186e6
1.7334691920085186e6
1.7591891920085186e6
1.7851091920085186e6
1.8112291920085186e6
1.8375491920085186e6
1.8640691920085186e6
1.8907891920085186e6
1.9177091920085186e6
1.9448291920085186e6
1.9721491920085186e6
1.9996691920085186e6
2.0273891920085186e6
2.0553091920085186e6
2.0834291920085186e6
2.1117491920085186e6
2.1402691920085186e6
2.1689891920085186e6
2.1979091920085186e6
2.2270291920085186e6
2.2563491920085186e6
2.2858691920085186e6
2.3155891920085186e6