4.0945488848986825e-13
4.5114085489621675e-12
8.650630589328305e-12
1.2861174428722552e-11
1.7177877436595474e-11
2.163658518016643e-11
2.6274306067315055e-11
3.112900741750336e-11
3.6242160455417284e-11
4.165586283218469e-11
4.741640529717388e-11
5.3570143219560606e-11
6.01726830015972e-11
6.727541085501896e-11
7.494147921666984e-11
8.323747060717077e-11
9.222869324640201e-11
1.0199609956152503e-10
1.1262076197971702e-10
1.24195423505748e-10
1.3681389406135062e-10
1.505894721017968e-10
1.6563262498479612e-10
1.8207871192471784e-10
2.0005686134831146e-10
2.197145500359189e-10
2.412314806756746e-10
2.6478773704871334e-10
2.9057209054568083e-10
3.187887281941654e-10
3.4967922598168765e-10
3.8344884686820843e-10
4.204302817621816e-10
4.609790041906926e-10
5.052922197419652e-10
5.537614207658374e-10
6.067839645097144e-10
6.647441437238789e-10
7.280921520569518e-10
7.973328015192922e-10
8.728267212633119e-10
9.55276458332946e-10
1.045504571496252e-9
1.1436290500444678e-9
1.250614489935949e-9
1.36690176126736e-9
1.4938777619988476e-9
1.6316191772573072e-9
1.7814145817281615e-9
1.943942698416191e-9
2.120369684488344e-9
2.3112202722573887e-9
2.5178111443474464e-9
2.7412681710846694e-9
2.9823728148082766e-9
3.2424980082578347e-9
3.5219496575409947e-9
3.823277800445096e-9
4.1461223416792096e-9
4.492021083040537e-9
4.861810011520213e-9
5.255980974117198e-9
5.6771737943706895e-9
6.124354569090802e-9
6.598723845109894e-9
7.1010237799369e-9
7.63096232096401e-9
8.188351590383021e-9
8.774215876149472e-9
9.388308763886607e-9
1.0029028341975377e-8
1.0697179049946754e-8
1.139016818804813e-8
1.210776101849078e-8
1.2847466237493489e-8
1.3118650043370223e-8
1.4390090338742449e-8
1.5186867175624794e-8
1.599729747814222e-8
1.6818547927051572e-8
1.764683210391168e-8
1.8481343369882392e-8
1.9316079625830972e-8
2.0146982479896366e-8
2.09702662667901e-8
2.1782880516349655e-8
2.2574251292133807e-8
2.3344255279210844e-8
2.4085553336635855e-8
2.4792469619267682e-8
2.545606579793765e-8
2.6069929053221557e-8
2.6623786918179343e-8
2.7107499570732172e-8
2.7508943226148046e-8
2.781414446039169e-8
2.8008383716660013e-8
2.8068728158151802e-8
2.7973316057567267e-8
2.769432792314106e-8
2.719586658178635e-8
2.6438723467049488e-8
2.537969156081833e-8
2.3967717392765306e-8
2.214422026851474e-8
1.987589736236626e-8
1.714979512196809e-8
1.4026888313727083e-8
1.0687742750273502e-8
7.478831373040638e-9
4.889369520744217e-9
3.406137419017974e-9
3.3266659932459967e-9
4.8762183571270025e-9
9.400190080212525e-9
2.6776050368941407e-8
3.299310150350053e-7
1.25197521202864e-7
1.720704991510743e-8
6.203328782383105e-9
3.0499632861034554e-9
1.744152988166526e-9
1.085634445305202e-9
7.081762856097471e-10
4.684637931437062e-10
2.9112437540825165e-10
6.684500540900466e-8
9.178780634199065e-8
1.0429321028747496e-7
1.1109615571988148e-7
1.1478438691426296e-7
1.1671745813265227e-7
1.1654567196282108e-7
1.1544525051267701e-7
1.1509496882518773e-7
1.1400599243894746e-7
1.1142795641934458e-7
1.0963997940788542e-7
1.0666035238012563e-7
1.0360173412214908e-7
1.0163516214380244e-7
1.0021591112347022e-7
9.889222829735028e-8
9.758755740270283e-8
9.628291263689182e-8
9.466211219713371e-8
8.692351690889738e-8
8.672809466891184e-8
8.81926219612672e-8
8.62833952912103e-8
8.340433925491779e-8
8.209977438230995e-8
8.087677708314192e-8
7.95534305988869e-8
7.83720207613617e-8
7.798707173692446e-8
7.374787089633736e-8
7.452875077438014e-8
7.199554122070179e-8
7.171380726814053e-8
7.164251047802206e-8
6.917730396034016e-8
6.83902842342407e-8
6.671294831762676e-8
6.533873835887553e-8
6.426563166656216e-8
6.390840376901015e-8
6.321292204561436e-8
6.253540172105166e-8
6.205518384650228e-8
6.089418632221969e-8
5.995499329867214e-8
5.905476904045879e-8
5.866473286432952e-8
5.733015174966353e-8
5.668513745413146e-8
5.5632107199071333e-8
5.5463699345145617e-8
5.4585006957804724e-8
5.351864699567225e-8
5.333399527891912e-8
5.257803087594022e-8
5.2036386969829604e-8
5.1290659944688024e-8
5.0505694231458963e-8
4.9997216449262064e-8
4.9516535340257145e-8
4.886910236834506e-8
4.829886285867665e-8
4.7713021337223e-8
4.7020041502528035e-8
4.65939231948754e-8
4.6144875090681895e-8
4.5414134221254993e-8
4.494211843382307e-8
4.450251330902372e-8
4.395494084628159e-8
4.344611013420986e-8
4.2972683926657285e-8
4.249139915713017e-8
4.20403982182487e-8