1.1217473206873529e-14
1.2340030261317254e-13
2.3562365993413997e-13
3.479247418882714e-13
4.60340920964306e-13
5.729105866967024e-13
6.856732011375487e-13
7.986690015227942e-13
9.119404322800112e-13
1.0255304948087937e-12
1.1394845048985459e-12
1.2538520905167973e-12
1.3686830561762843e-12
1.4840320090965868e-12
1.5999547669773449e-12
1.716512943921151e-12
1.833773311117076e-12
1.9518038058389787e-12
2.0706813784085268e-12
2.1904842146626223e-12
2.3113047504701677e-12
2.4332330557226757e-12
2.5563749602627915e-12
2.6808407007258305e-12
2.8067473649629885e-12
2.934244716477617e-12
3.0634443480583553e-12
3.1945342064902567e-12
3.327667224213352e-12
3.463023477524738e-12
3.6008197882741674e-12
3.741274759468369e-12
3.884628868031503e-12
4.0311357516715286e-12
4.181116918443764e-12
4.334860063633728e-12
4.492738561723412e-12
4.655133060415394e-12
4.8223929098641014e-12
4.9950794286550795e-12
5.173604382709963e-12
5.358592862508532e-12
5.5505869929396e-12
5.750329801506892e-12
5.95845655528425e-12
6.175972687547032e-12
6.403247457033541e-12
6.641807968654491e-12
6.892407543368929e-12
7.1562596493854034e-12
7.434712851087316e-12
7.729071069084229e-12
8.040816541997228e-12
8.371679022661698e-12
8.723580593498109e-12
9.09844644562076e-12
9.499058099825557e-12
9.926781924946095e-12
1.0384895910878636e-11
1.0876359894676428e-11
1.1404158465919416e-11
1.1972099332947452e-11
1.2584449782098805e-11
1.3244354656136424e-11
1.395698342235494e-11
1.4728172080785524e-11
1.5562756050870148e-11
1.6467172457664785e-11
1.7448058703095244e-11
1.851312069563167e-11
1.9669962792965494e-11
2.092783240382943e-11
2.2296559741571914e-11
2.3786427431038048e-11
2.5410437285147174e-11
2.7180326690315568e-11
2.910976006240138e-11
3.121484311517487e-11
3.351299867488563e-11
3.602148377421559e-11
3.876163044787183e-11
4.175476728095693e-11
4.502582813933316e-11
4.859985080875321e-11
5.25079946588844e-11
5.6778505653835086e-11
6.144917883864944e-11
6.655402790278847e-11
7.21373544052805e-11
7.824240842967491e-11
8.49186201193823e-11
9.221724048399608e-11
1.0019676818363744e-10
1.0892144239917377e-10
1.1845608031080452e-10
1.288761219149257e-10
1.4026616042674344e-10
1.5270264980966276e-10
1.6628396803643788e-10
1.8111807805780695e-10
1.9730444593406277e-10
2.1497037187245616e-10
2.3423950564072115e-10
2.5524014886159127e-10
2.78140314939142e-10
3.0306441633029353e-10
3.3021998790905164e-10
3.597418916342902e-10
3.918475843672391e-10
4.267566081733425e-10
4.646186751390328e-10
5.057217822185587e-10
5.502743963432736e-10
5.98520117673975e-10
6.507114972949387e-10
7.07155892035518e-10
7.680713420889333e-10
8.337893326521899e-10
9.044673904559147e-10
9.806038832514741e-10
1.0624161810813115e-9
1.150104401798506e-9
1.2440137652188884e-9
1.344472177295955e-9
1.45161458675896e-9
1.5657852256701773e-9
1.6871892525311338e-9
1.8160752007180624e-9
1.952580913734244e-9
2.0968288506974052e-9
2.248873849501343e-9
2.408971298005819e-9
2.5770202890407014e-9
2.752862142408e-9
2.9366022305218478e-9
3.1279085303577867e-9
3.326975071004432e-9
3.5329560683507047e-9
3.745806799029153e-9
3.9651314599465036e-9
4.190409912832832e-9
4.421013587413548e-9
4.6563241495791714e-9
4.895765160800231e-9
5.138315984582313e-9
5.383323151082059e-9
5.629592137933879e-9
5.87616328045088e-9
6.121885774377301e-9
6.349896677264432e-9
6.604945904330762e-9
6.839190142920164e-9
7.066507941126837e-9
7.28618006943432e-9
7.492333749747442e-9
7.681567108389428e-9
7.855404909329222e-9
8.00803035394486e-9
8.135081182927982e-9
8.231193551574632e-9
8.290799129855863e-9
8.30613983905678e-9
8.26897339845995e-9
8.169199020941398e-9
7.994444777725836e-9
7.728612985881986e-9
7.3653631299623074e-9
6.8805920351168754e-9
6.26450827609652e-9
5.5126725119371e-9
4.637325397147761e-9
3.6820499879495775e-9
2.732135683127158e-9
1.9169789054957245e-9
1.3806977589807881e-9
1.2338427026021855e-9
1.5454888261348172e-9
2.499564670783589e-9
5.105859925861397e-9
1.6865417556835284e-8
8.620854385639869e-7
2.8239778784592873e-8
5.498686255991964e-9
2.1239733440056064e-9
1.0473752818706913e-9
5.715856176080376e-10
2.9077709398287337e-10
6.455082262930262e-8
7.96518439588483e-8
8.58033778868972e-8
8.819429677966047e-8
8.864987728544615e-8
8.81571251320445e-8
8.693302326443107e-8
8.503290517895571e-8
8.407253900458639e-8
8.133379117611353e-8
7.960425329087909e-8
7.779007864187152e-8
7.440248219714567e-8
7.314040799031636e-8