4.424760215782572e-8
4.635839064434737e-7
7.756348043332794e-7
9.140921184655119e-7
8.501151207604034e-7
5.909672413311798e-7
2.246854813284162e-7
2.0143454129151788e-8
1.4864767833361724e-8
2.004046379145587e-8
2.7684340654889374e-8
3.987746635064138e-8
6.135899408055883e-8
1.0507251418415386e-7
2.179186633860759e-7
6.928584237231964e-7
0.00001511073244587123
2.064730520580431e-6
3.626514791996071e-7
1.434039188593384e-7
7.550191767958471e-8
4.606543640457352e-8
3.074645618414165e-8
2.179774315691293e-8
1.613569105468824e-8
1.2337281134326498e-8
9.672571341256974e-9
7.736083209842744e-9
6.288106704063282e-9
5.1796467448635705e-9
4.314200384076125e-9
3.62706977454853e-9
3.0735898377663196e-9
2.622137532117811e-9
2.2498265269305717e-9
1.9397704364790752e-9
1.6792941010045883e-9
1.4587358075536138e-9
1.2706264371894465e-9
1.1091161802213162e-9
9.69565641319676e-10
8.482481800685049e-10
7.421273860464688e-10
6.486827505472727e-10
5.65760250804614e-10
4.914127525045824e-10
4.236423812314066e-10
3.5962570083165804e-10
2.881912942285387e-10
1.3788444002567844e-7
1.7621128053661716e-7
1.9350360425561882e-7
2.0151047620913232e-7
2.0418591913381498e-7
2.0403043748628268e-7
2.0277745892061797e-7
2.0015398107584218e-7
1.9670500438372946e-7
1.9350452659558842e-7
1.8976127640459407e-7
1.8604353506398786e-7
1.8340183218124468e-7
1.802925247545104e-7
1.7731285883594387e-7
1.7375383384079403e-7
1.7169305867008424e-7
1.6892353933723273e-7
1.6644024727663783e-7
1.6411343607810983e-7
1.6230535304772192e-7
1.6035013799255966e-7
1.583749634717545e-7
1.5634905284108582e-7
1.5458177825320702e-7
1.5244577869548144e-7
1.511060049284151e-7
1.4984792922975828e-7
1.483004156866324e-7
1.4626784695382892e-7
1.448961509048637e-7
1.436489825559806e-7
1.4210024581626916e-7
1.4052611789865706e-7
1.391404135452867e-7
1.377682321860169e-7
1.3592618755771824e-7
1.3481853014107474e-7
1.331299971445698e-7
1.3190761668748675e-7
1.2990071884014768e-7
1.289833940652288e-7
1.2699474757804412e-7
1.2596461776893076e-7
1.2442083969118055e-7
1.2284068910759927e-7
1.2153353488129616e-7
1.1983845332461354e-7
1.1851325045688308e-7
1.1703376971918413e-7
1.1551137148339737e-7
1.1405862642605231e-7
1.1261561970260027e-7
1.1126374631672543e-7
1.0969685623066291e-7
1.0839515227231377e-7
1.0692702135920409e-7
1.0564163641089215e-7
1.0423979328542668e-7
1.0287237309167854e-7
1.0156078934984085e-7
1.0006196090615238e-7
9.886731032497889e-8
9.747069655730093e-8
9.622644350477073e-8
9.482766418444338e-8
9.363767540465805e-8
9.238185439977211e-8
9.118163332729817e-8
8.988231412006202e-8
8.872872853615378e-8
8.755002847050442e-8
8.627774133529838e-8
8.517108715736864e-8
8.406730393617784e-8
8.293847035929077e-8
8.17185490881129e-8
8.062971045315901e-8
7.962145254401064e-8
7.857913918325871e-8
7.749683428861866e-8
7.640555139113164e-8
7.532412505848299e-8
7.442313554504751e-8
7.344980948211589e-8
7.245047645761103e-8
7.148153850418621e-8
7.049676735442193e-8
6.954832228296193e-8
6.866253724182953e-8
6.77672138112023e-8
6.68653670553986e-8
6.599005624160241e-8
6.511577792875051e-8
6.421801498501788e-8
6.338271948072393e-8
6.258698285780448e-8
6.177662178822909e-8
6.097055095631384e-8
6.01730163202061e-8
5.938315473166991e-8
5.860351457924529e-8
5.786635404160294e-8
5.7133181626722756e-8
5.6410315122594954e-8
5.567951553255672e-8
5.4969909515401796e-8
5.426701788821023e-8
5.3576093886632045e-8
5.2905222309208915e-8
5.22328117839944e-8
5.157634845843664e-8
5.09393285113969e-8
5.02867867079151e-8
4.9673471527973846e-8
4.9056097584721786e-8
4.845560223826539e-8
4.78432478747366e-8
4.725813488418725e-8
4.668192954707553e-8
4.6103885173110076e-8
4.554277326215314e-8
4.498153792979403e-8
4.4438255383099406e-8
4.390198766470834e-8
4.337411413938402e-8
4.284418804033814e-8
4.2329321549029526e-8
4.182959338420454e-8
4.131856362221729e-8
4.082806576481248e-8
4.034958215228289e-8
3.98725236986778e-8
3.940565289180732e-8
3.893866501314017e-8
3.8484738377371044e-8
3.803476004513666e-8
3.758985335731685e-8
3.715110186470408e-8
3.6722039376698745e-8
3.629759380603193e-8
3.5876551291547037e-8
3.5467107147758333e-8
3.506461063592084e-8
3.466578674136982e-8
3.427194410642504e-8
3.3884623036501956e-8
3.35065014667228e-8
3.313909067888443e-8
3.2759667970529266e-8
3.238544500607854e-8
3.203518832427955e-8