5.800788171078037e-9
6.35986965106601e-8
1.203582332347713e-7
1.7519506190650325e-7
2.2730952039627594e-7
2.7604583659876857e-7
3.208553661922187e-7
3.6145672043721927e-7
3.97533016856222e-7
4.2909341985062754e-7
4.5609878570066465e-7
4.786917274739714e-7
4.970768361366515e-7
5.114435203185087e-7
5.220275219177605e-7
5.290650690592044e-7
5.327556686573193e-7
5.332781052162561e-7
5.307469072821878e-7
5.252454890672045e-7
5.167293478052019e-7
5.051281406634446e-7
4.902280141854639e-7
4.7165889448285604e-7
4.4894956444234434e-7
4.213894942812357e-7
3.8807941426164944e-7
3.4797273178914234e-7
3.0000211921504255e-7
2.436381102543911e-7
1.801414154658872e-7
1.1474579465505913e-7
5.869337904269611e-8
2.5876188077525303e-8
2.0555123759135965e-8
3.3666920881101685e-8
7.096616919277273e-8
2.370899453386968e-7
8.679339498665874e-6
5.106675896879657e-7
9.968468112810692e-8
4.045483151151272e-8
2.1504802830090355e-8
1.3164302819832838e-8
8.787100988466002e-9
6.2168903080403834e-9
4.585152758630892e-9
3.487903372256549e-9
2.7167568713174774e-9
2.155480303528752e-9
1.7351376057017137e-9
1.4127632836878893e-9
1.1604521399150828e-9
9.594291780547474e-10
7.966567961747948e-10
6.627959431077084e-10
5.509048611628141e-10
4.5549593631637783e-10
3.715184062413513e-10
2.9118475562739753e-10
8.141852848879886e-8
1.2925298548261727e-7
1.5210328860692617e-7
1.649129321281627e-7
1.7246628623571938e-7
1.7661507995458026e-7
1.780528452503283e-7
1.7888448355577176e-7
1.7816012558274771e-7
1.7692649804097724e-7
1.7526853817480624e-7
1.7320733923066622e-7
1.7079633231691389e-7
1.6760597656596263e-7
1.662112154203493e-7
1.6398601944938366e-7
1.6178765146046452e-7
1.5911801446498936e-7
1.5603526456847725e-7
1.5413324708134467e-7
1.5188066297339383e-7
1.497468409666112e-7
1.4715462558266289e-7
1.4533664065439718e-7
1.4312796917683404e-7
1.4151043416679912e-7
1.3961806513511938e-7
1.375909250822852e-7
1.3559033963902984e-7
1.3377310527001965e-7
1.3218388702064632e-7
1.3049591870476341e-7
1.2839145654380988e-7
1.2710103889813357e-7
1.2555354756505204e-7
1.2357239416876133e-7
1.218663126651922e-7
1.2110909248997914e-7
1.188727928012854e-7
1.173957007142684e-7
1.1545019156655876e-7
1.148167586647678e-7
1.1306487507802032e-7
1.1180374469089396e-7
1.1031742312909944e-7
1.0882709125632548e-7
1.0778023214443579e-7
1.0606782988641101e-7
1.0491796463133388e-7
1.0302162060833523e-7
1.0193643568637442e-7
1.0040283129183351e-7
9.948832725430386e-8
9.820044828780557e-8
9.683425180534452e-8
9.565367737130512e-8
9.438394251640446e-8
9.329372153668486e-8
9.198126299813484e-8
9.070066137960552e-8
8.948735993276031e-8
8.839545266606464e-8
8.727218290939849e-8
8.6074078231202e-8
8.490076491537649e-8
8.378006292785522e-8
8.269540811591828e-8
8.168983337342169e-8
8.064451002120936e-8
7.959362046820153e-8
7.844984777654873e-8
7.749310053747847e-8
7.651185966527915e-8
7.552767607809232e-8
7.451950738104814e-8
7.355999393796239e-8
7.270349257336668e-8
7.168033672743521e-8
7.079000394061595e-8
6.982383756774331e-8
6.889848411088594e-8
6.799205194186663e-8
6.71411170363326e-8
6.629250243881817e-8
6.546004079683459e-8
6.465165060264757e-8
6.378731361392146e-8
6.294703987083211e-8
6.209079645585952e-8
6.1376292083132e-8
6.061365964381117e-8
5.985241068978952e-8
5.910515568841235e-8
5.8352207336249205e-8
5.7577720147358426e-8
5.689098028053941e-8
5.619838066322634e-8
5.551255811734165e-8
5.4811389228537326e-8
5.413182719412136e-8
5.3467638286851774e-8
5.280635038098178e-8
5.2149501177533815e-8
5.152226144461201e-8
5.0900874423496376e-8
5.0270093086854235e-8
4.9665794766804835e-8
4.906587461819958e-8
4.8485348782397675e-8
4.790040862562607e-8
4.73319699762889e-8
4.675001793936168e-8
4.620006453344278e-8
4.5645694657866144e-8
4.511002117799293e-8
4.458461505377639e-8
4.4050185165259096e-8
4.353704320073775e-8
4.303230518277276e-8
4.252759748616182e-8
4.203004186249489e-8
4.154570633132562e-8
4.106577220842588e-8
4.059118658785244e-8
4.012463709725425e-8
3.9658221782295554e-8
3.920986345441664e-8
3.876199986991782e-8
3.832327935335147e-8
3.788863777786972e-8
3.745935060410028e-8
3.7036521585200325e-8
3.662157745849353e-8
3.621478753251949e-8
3.580701225155251e-8
3.5411571506804686e-8
3.501903376385686e-8
3.463065966592713e-8
3.424772472345357e-8
3.3871810118274446e-8
3.350656846614698e-8