8.721233945828033e-13
9.610086511787519e-12
1.84322819095688e-11
2.7415043529738267e-11
3.663753969430934e-11
4.61801424334476e-11
5.612465246152608e-11
6.656139145900046e-11
7.757702197380886e-11
8.927104335341994e-11
1.017444725393727e-10
1.1510363349011005e-10
1.2946872697825183e-10
1.4496063029275222e-10
1.617146580590929e-10
1.7987329429630992e-10
1.9958427078235305e-10
2.2106693598715301e-10
2.444392399303168e-10
2.6991238399977783e-10
2.9773134322577215e-10
3.2811486269617826e-10
3.6134540445767904e-10
3.9762305915910675e-10
4.373501040973305e-10
4.807301609222468e-10
5.281933591902888e-10
5.802363772558629e-10
6.370262995442727e-10
6.992025560996627e-10
7.66974564337418e-10
8.415091981287349e-10
9.226375397066325e-10
1.0113372767171487e-9
1.1081750891500978e-9
1.213821985111639e-9
1.3292881173759548e-9
1.4548879321299785e-9
1.5918495108775583e-9
1.740940379211039e-9
1.9033682869982594e-9
2.0797746618352282e-9
2.271326903093526e-9
2.4790088131007605e-9
2.7045317417900117e-9
2.9486551119193894e-9
3.2125677686894936e-9
3.497673798659391e-9
3.805398203328258e-9
4.136516155178394e-9
4.4928701882683936e-9
4.875502265054909e-9
5.285641662074421e-9
5.724580274029675e-9
6.193434948860149e-9
6.693218120441613e-9
7.22429002546261e-9
7.788608682813123e-9
8.385853135318975e-9
9.016932426586285e-9
9.681595540924356e-9
1.0379174719207542e-8
1.1110490408357005e-8
1.1875110495576831e-8
1.2670821480186032e-8
1.349633392947328e-8
1.435308722736268e-8
1.5235898359053444e-8
1.6143646531446294e-8
1.7073741319291192e-8
1.8022534432396303e-8
1.8989082259578804e-8
1.9966660779898866e-8
2.0954062521753075e-8
2.194587558266735e-8
2.2937510095992033e-8
2.392389587399568e-8
2.4900757801789987e-8
2.5861496351235438e-8
2.6805631132745104e-8
2.7711540338871974e-8
2.8588472327504435e-8
2.9422303469524763e-8
3.020387870129027e-8
3.0926739713420755e-8
3.157816685217779e-8
3.214714311420295e-8
3.261997644016473e-8
3.297816501067622e-8
3.3205715321498176e-8
3.327948371434787e-8
3.31717458959341e-8
3.284758253179901e-8
3.2276500174848364e-8
3.139939215842703e-8
3.018104763196353e-8
2.854455118218222e-8
2.6436543570305474e-8
2.3802563824821313e-8
2.0623564397489054e-8
1.6957873485093434e-8
1.299773137552073e-8
9.133965822893171e-9
5.939184629799331e-9
4.00975974353493e-9
3.726223178919642e-9
5.324293101025855e-9
1.0143756763897633e-8
2.8173383286194162e-8
2.96779093375794e-7
1.647661815476947e-7
2.059358378343994e-8
7.282664153066928e-9
3.5587734826138493e-9
2.0338067655395984e-9
1.2702081697694013e-9
8.355939759050394e-10
5.633864249941336e-10
3.7538074051637235e-10
3.68066527825862e-8
8.208811755102835e-8
1.0079570217636435e-7
1.1111453482441959e-7
1.1667787091980957e-7
1.1994888237407506e-7
1.2076631717758736e-7
1.2036516769677396e-7
1.1869422563908345e-7
1.1830153074196061e-7
1.1600748582358649e-7
1.1476745328723239e-7
1.1366530413485925e-7
1.1137444711106334e-7
1.0384624892544982e-7
1.0670189096564814e-7
1.0468272473134146e-7
1.0053747876143652e-7
1.0030795509924993e-7
9.708411931422557e-8
1.0005131411133058e-7
9.4592908012316e-8
9.226967184043455e-8
9.178490590725456e-8
8.773617541874195e-8
8.65739086775585e-8
8.390436855118238e-8
8.282562446667017e-8
8.318957285320996e-8
8.151123404438106e-8
8.03778370460814e-8
7.821683844070758e-8
7.643240570407221e-8
7.527247452622156e-8
7.537023195189157e-8
7.386540975055973e-8
7.158819347736215e-8
7.129290255735486e-8
6.906716809212339e-8
6.922167690938953e-8
6.788950105369884e-8
6.72651470435135e-8
6.65198182950938e-8
6.535934045764559e-8
6.408837448203114e-8
6.303127374614324e-8
6.274606532811807e-8
6.199956911859567e-8
6.09498571724595e-8
6.010286304575289e-8
5.910916315509557e-8
5.844418454797668e-8
5.795733416642581e-8
5.710193014953138e-8
5.625852836184922e-8
5.5534294228739005e-8
5.4880708057380566e-8
5.4175511166356716e-8
5.331084436808028e-8
5.2829210110476625e-8
5.214858213693814e-8
5.135860560941882e-8
5.0869709480040625e-8
5.033918143687734e-8
4.9742380223620826e-8
4.9129089462146623e-8
4.859274928813829e-8
4.795714666683733e-8
4.7471142162167595e-8
4.700018239913983e-8
4.641175626700194e-8
4.5876900794578045e-8
4.532765216898138e-8
4.485317149545475e-8
4.4313516786981885e-8
4.3850809910586275e-8
4.333285119631945e-8
4.2858260511296936e-8
4.2408436951014915e-8
4.194377579356591e-8
4.146841267685562e-8
4.099875170952625e-8