6.200957927570725e-14
6.827723255321409e-13
1.306880707734949e-12
1.937447020276347e-12
2.57757507274006e-12
3.2304635118793596e-12
3.899513324501776e-12
4.588234602548334e-12
5.300187908425705e-12
6.039261471879974e-12
6.809525758074762e-12
7.615643880299116e-12
8.462311870762753e-12
9.35430132149163e-12
1.029740840429835e-11
1.1297312378027875e-11
1.2360723700055184e-11
1.3494768296681367e-11
1.4706769652340732e-11
1.60053179590348e-11
1.739910906963289e-11
1.8899501934658287e-11
2.0516269675270233e-11
2.2261572273674795e-11
2.4147964238411036e-11
2.6191220172837572e-11
2.8405987283722733e-11
3.0809220463474464e-11
3.3420185464346764e-11
3.6260799534965996e-11
3.9351440589673584e-11
4.271943404635063e-11
4.638999406472087e-11
5.0396467183383885e-11
5.476444379938975e-11
5.953632233897589e-11
6.474906411039857e-11
7.044673341708847e-11
7.667518334347189e-11
8.348617665992154e-11
9.093193579892813e-11
9.908284607741144e-11
1.0800031833808548e-10
1.1776205791129613e-10
1.2842986672657997e-10
1.4012803791509694e-10
1.5291655824823413e-10
1.6691560130594641e-10
1.8224628907042982e-10
1.990133926476798e-10
2.1736372529601362e-10
2.374443700655008e-10
2.594101033550503e-10
2.8342900778714127e-10
3.096987065830429e-10
3.38420719258142e-10
3.6981308390207224e-10
4.040966491155515e-10
4.4155069585374137e-10
4.824157549098658e-10
5.270755978282357e-10
5.757590737632722e-10
6.288497137265458e-10
6.867307931879288e-10
7.496708380884343e-10
8.182704349020918e-10
8.928385524846641e-10
9.738225330319641e-10
1.0619355565478625e-9
1.1574689389539556e-9
1.2610094473008803e-9
1.3732092719096018e-9
1.4945631578337102e-9
1.6256858761781824e-9
1.7673055885628043e-9
1.919957189745342e-9
2.084360024140986e-9
2.261098645735383e-9
2.450788327086361e-9
2.654403293505931e-9
2.8718437363639465e-9
3.1044613128085926e-9
3.3522336979236448e-9
3.6165764048820738e-9
3.896554892773843e-9
4.193269177819387e-9
4.50681783403685e-9
4.8379522831323775e-9
5.186431234233328e-9
5.552185892458546e-9
5.935034458835555e-9
6.335026854176918e-9
6.751126161225455e-9
7.183342828398254e-9
7.63084932271707e-9
8.092536328717555e-9
8.567942430094143e-9
9.05501707982472e-9
9.552972894427601e-9
1.0060519368641979e-8
1.0575303403920412e-8
1.109561394873081e-8
1.1619449968816748e-8
1.2145013643182099e-8
1.2669864922700025e-8
1.3191371537209707e-8
1.3703852633745067e-8
1.4208006984444273e-8
1.4699211433307017e-8
1.517244039263697e-8
1.5625209704912786e-8
1.6052953366126276e-8
1.6447670625622598e-8
1.680541396801347e-8
1.711824052386607e-8
1.7377414076992377e-8
1.757615686310757e-8
1.7699809114139296e-8
1.7732725777413277e-8
1.7667304191047556e-8
1.747665670751163e-8
1.7137852435167124e-8
1.6626304491659864e-8
1.5912335106315458e-8
1.4595565360029153e-8
1.374096946124317e-8
1.2233945167709567e-8
1.0444700351313233e-8
8.432004926162653e-9
6.3384354923318125e-9
4.40833175109942e-9
2.9552841401302338e-9
2.2580951927153864e-9
2.4756606499084223e-9
3.818624242426734e-9
7.559165749788211e-9
2.292369067980594e-8
4.5066027329257574e-7
6.624164940751282e-8
1.0918260634930801e-8
4.089111772915184e-9
2.0297492292298945e-9
1.1553617928735263e-9
7.056849828938747e-10
4.390178845251074e-10
2.4756719667346562e-8
7.405324972568694e-8
9.083641958452317e-8
9.916942114485461e-8
1.0331284132882066e-7
1.045079954616866e-7
1.0515813974457572e-7
1.0457919854143447e-7
1.0322590420958365e-7
1.0183425430126278e-7
1.0150719970217343e-7
9.749147925789793e-8
9.756866960669462e-8
9.401378447915818e-8
9.151398534506688e-8
9.06848976504514e-8
8.782818823224369e-8
8.696277820413294e-8
8.42935838472514e-8
8.190370704778617e-8
8.038155441870813e-8
8.097302286211661e-8
7.595224955343204e-8
7.579899561191224e-8
7.422468362732935e-8
7.264655587483527e-8
7.09886370520452e-8
7.01032108208556e-8
6.927332474790779e-8
6.660757084863124e-8
6.589893166885491e-8
6.617550490350193e-8
6.257772284790476e-8
6.187527864769115e-8
6.204739305313165e-8
6.203369981813757e-8
5.917107507217145e-8
5.948452155923441e-8
5.806641670511339e-8
5.753970658058339e-8
5.650646420305965e-8
5.60505696268149e-8
5.487959534345122e-8
5.385691074497603e-8
5.333434870791999e-8
5.3383251655036703e-8
5.1950399979527e-8
5.0483473109283534e-8
5.033564496928518e-8
4.8752606152479794e-8
4.9282006970481553e-8
4.855561873386222e-8
4.788007637873232e-8
4.7245403428623695e-8
4.679022397454114e-8
4.606273079061856e-8