1.27586472751745e-10
1.4054703326955384e-9
2.6934861798026313e-9
4.000752507034788e-9
5.336534825153796e-9
6.7104750662864875e-9
8.12953795140694e-9
9.606156511803318e-9
1.1145871453238841e-8
1.2757724484971608e-8
1.4452923494493957e-8
1.6240848344606323e-8
1.8122817076717545e-8
2.011118857431809e-8
2.220950175071169e-8
2.442622143462586e-8
2.676378139590147e-8
2.923135183664323e-8
3.1819916807382815e-8
3.455232604711592e-8
3.7410739075546335e-8
4.040155345701657e-8
4.3516951837276755e-8
4.6757860500980895e-8
5.010663987883413e-8
5.3563971252184416e-8
5.7119695581490974e-8
6.075662725809921e-8
6.450237333122012e-8
6.822672469643086e-8
7.201728998739585e-8
7.583358764399329e-8
7.964090734215663e-8
8.34231643550442e-8
8.71576694949146e-8
9.081420336598131e-8
9.437773634074874e-8
9.782536257472316e-8
1.0112944891348448e-7
1.0426295488599584e-7
1.0720580909995706e-7
1.0992655290954885e-7
1.1239869369381542e-7
1.1459598812386605e-7
1.1647876391152033e-7
1.1801988424288697e-7
1.19177157074271e-7
1.1989384759921083e-7
1.201275934676687e-7
1.198082384004908e-7
1.1884781645077178e-7
1.1715271715945969e-7
1.1460156159347204e-7
1.1104217022248074e-7
1.0629188866979165e-7
1.0013359387754934e-7
9.233967889433443e-8
8.268769189927706e-8
7.105166843792231e-8
5.755736860706923e-8
4.287065828334559e-8
2.8502847880556197e-8
1.681860056414397e-8
1.0235129260674957e-8
9.892241133685439e-9
1.612639509726207e-8
3.597671275481091e-8
1.4717722572441399e-7
0.00005696692118257318
1.150843323413194e-7
2.9102786080614363e-8
1.2664397772920048e-8
6.902032466881727e-9
4.253064825784124e-9
2.8290216963283024e-9
1.9806934271917813e-9
1.437010901297411e-9
1.0687336464197684e-9
8.07894714202526e-10
6.157968535164289e-10
4.68566927306969e-10
3.4905930376053296e-10
2.275502244460743e-10
8.778955191958187e-8
1.1619999938436e-7
1.3209501018687493e-7
1.4167201438155962e-7
1.474875966778407e-7
1.5048957538112564e-7
1.518648339361519e-7
1.5215279159836968e-7
1.51306647950067e-7
1.5015911696279004e-7
1.4826649325266755e-7
1.463881652887661e-7
1.4407942282644904e-7
1.4227908127810588e-7
1.4067508072106052e-7
1.3558679000773305e-7
1.3539395303175994e-7
1.325172039566201e-7
1.295996234949098e-7
1.2981958435761737e-7
1.2639774843786434e-7
1.2237632512000352e-7
1.2174730782455673e-7
1.1931050142199186e-7
1.1718411609671123e-7
1.183638656552376e-7
1.1218940014276319e-7
1.0718640637197087e-7
1.0725611475657086e-7
1.0709782670236102e-7
1.0909561002767265e-7
1.0611554177201698e-7
1.0226968912367896e-7
9.830537805799334e-8
1.0171933627626304e-7
9.693087553500669e-8
9.755777498212293e-8
9.638806450852683e-8
9.57233737363255e-8
9.356091696747367e-8
9.215687248809028e-8
9.014328752274825e-8
8.972432992950796e-8
8.781152639734e-8
8.687532256483491e-8
8.65584480658926e-8
8.445589270847733e-8
8.309654448878122e-8
8.227893255745978e-8
8.154830445974962e-8
8.036737666867251e-8
7.928831484479422e-8
7.899831600538735e-8
7.725949907653096e-8
7.620167733750327e-8
7.542357416438341e-8
7.431865822935524e-8
7.344685590073331e-8
7.256295842890926e-8
7.167438561233301e-8
7.069650204051467e-8
6.980307488566086e-8
6.899854673756244e-8
6.80678370666072e-8
6.704192116183086e-8
6.62701037324496e-8
6.558858587353376e-8
6.482302506399881e-8
6.394612373710981e-8
6.309702711842674e-8
6.234438021705888e-8
6.16117514835042e-8
6.087440975987639e-8
6.018107462133013e-8
5.939021591788415e-8
5.856280434563242e-8
5.7936297827475005e-8
5.729834600599458e-8
5.6599626234745716e-8
5.590660888579023e-8
5.522787241377564e-8
5.450439336152059e-8
5.388006007280009e-8
5.327763552699746e-8
5.265037043684729e-8
5.201717919120336e-8
5.1397902431232616e-8
5.079881739350561e-8
5.020806819093801e-8
4.9623344445127246e-8
4.905087348707344e-8
4.8482422191103443e-8
4.791781862783284e-8
4.7368932964964375e-8
4.682635214247634e-8
4.629127263870469e-8
4.577136961615439e-8
4.524195133433916e-8
4.472598951884146e-8
4.4202685349627207e-8
4.3719855539622735e-8
4.3237682437076556e-8
4.2757511780585904e-8
4.22858203446923e-8
4.1809266235896505e-8
4.1351180863061175e-8
4.089523248325746e-8
4.0429292540153656e-8
3.998018705301112e-8
3.952361418616318e-8
3.911115751842393e-8
3.869149844110694e-8
3.8281374229691497e-8
3.7863287739882494e-8
3.745848231601941e-8
3.7056866326218596e-8
3.66601811759798e-8
3.6267256730898965e-8