3.316325840946737e-8
3.2859669681015456e-7
4.5561578795267777e-7
3.1833600606816217e-7
4.320280595563582e-8
9.300183976189186e-9
1.246840596517806e-8
1.66746529272013e-8
2.2581448003352245e-8
3.140827021289641e-8
4.5651882299029953e-8
7.113915734844277e-8
1.242750286242596e-7
2.6761409816639956e-7
9.401834567512104e-7
0.00006256032983088992
1.6090906056346315e-6
3.402780509432804e-7
1.4178792271779754e-7
7.650057601050195e-8
4.733481524821284e-8
3.1879992985305136e-8
2.274255595389476e-8
1.6911398750381862e-8
1.2974602958099511e-8
1.0199326128465286e-8
8.17476986247886e-9
6.656319384509705e-9
5.491040583038067e-9
4.579398376318848e-9
3.8543908685544914e-9
3.2696030143863662e-9
2.7920760336617206e-9
2.397896656724562e-9
2.0693824045361213e-9
1.7932359845328542e-9
1.559305531944408e-9
1.3597332721662922e-9
1.1883595825434114e-9
1.0402975981698648e-9
9.116238353208984e-10
7.991480011627449e-10
7.002360753482144e-10
6.126654598301274e-10
5.344886454779472e-10
4.6386064824121853e-10
3.9867841771166243e-10
3.3506040540946994e-10
8.817382573568855e-8
1.5931665949904423e-7
1.8697328722037166e-7
1.9962268960745132e-7
2.0493087183118126e-7
2.0623739342232e-7
2.051740039300877e-7
2.0291352417493304e-7
2.0015004799599734e-7
1.9628770122491225e-7
1.9270776837263286e-7
1.8960685840700044e-7
1.8597455670485497e-7
1.8244632774643713e-7
1.7909480308469695e-7
1.7609506119465571e-7
1.736510287898729e-7
1.706524221195364e-7
1.683331958619068e-7
1.6595090160464892e-7
1.639728306336189e-7
1.6184952284412675e-7
1.5975369821199284e-7
1.5734594541061296e-7
1.559004719610599e-7
1.540523364715847e-7
1.525464920498573e-7
1.5043209082827452e-7
1.492971333313805e-7
1.4811504469451217e-7
1.4648486873940447e-7
1.44294086441435e-7
1.4326749403960236e-7
1.4172184531354266e-7
1.4041985741153905e-7
1.3882135810182315e-7
1.376738115999733e-7
1.361421152656823e-7
1.3464261784843302e-7
1.332701951651021e-7
1.3178193581982306e-7
1.3015863725080595e-7
1.2895503140511327e-7
1.2705770318485015e-7
1.259708053206476e-7
1.2427160927011118e-7
1.2291783082994232e-7
1.2145694999124343e-7
1.199145623725866e-7
1.1837288205189337e-7
1.1694408047268768e-7
1.1551549925717491e-7
1.14069720232148e-7
1.1254047596652638e-7
1.1122788001664483e-7
1.0970272234803485e-7
1.0838411142372979e-7
1.0674215986235621e-7
1.0560957927337451e-7
1.0413195284079519e-7
1.0283444321649769e-7
1.0149390628616412e-7
1.0005988530779379e-7
9.870629907536426e-8
9.742921443552356e-8
9.61649277582006e-8
9.481851511442393e-8
9.35664736183422e-8
9.226572232080445e-8
9.111165357617186e-8
8.980934902868132e-8
8.86839560999402e-8
8.747664028322683e-8
8.6181175869811e-8
8.512021737084072e-8
8.400910621370113e-8
8.285767915453703e-8
8.16357749828216e-8
8.057869894439033e-8
7.955253250919102e-8
7.849221908673096e-8
7.743259777621186e-8
7.633054074271144e-8
7.527153583339064e-8
7.43353560273611e-8
7.336626241242278e-8
7.238360054432467e-8
7.139778367302812e-8
7.041014178524837e-8
6.950047332260391e-8
6.857551072816377e-8
6.76940175262583e-8
6.680398726927852e-8
6.592231865190971e-8
6.503153563718252e-8
6.414817840392693e-8
6.332543315157873e-8
6.252322599923513e-8
6.170835337066213e-8
6.090472728408364e-8
6.010671662885528e-8
5.931539344853619e-8
5.853724893007241e-8
5.780303293717594e-8
5.7063610566703485e-8
5.6324692680268106e-8
5.560688046412977e-8
5.4882309617184314e-8
5.420337179011299e-8
5.3507395406136774e-8
5.282637269208514e-8
5.2168226729387086e-8
5.151260458690049e-8
5.087550067403999e-8
5.0225491770216174e-8
4.959521230710518e-8
4.898461355834394e-8
4.83728877592538e-8
4.7780484584770004e-8
4.719563088407124e-8
4.6603588040554395e-8
4.603419849780211e-8
4.546964659843655e-8
4.492011448610652e-8
4.4376976581041434e-8
4.384092722521777e-8
4.3297889959383565e-8
4.278375577972978e-8
4.226926231966315e-8
4.175499367116082e-8
4.125831745862894e-8
4.076930352919509e-8
4.029273851709324e-8
3.9813800065249453e-8
3.934535108883872e-8
3.888050067331115e-8
3.842687648223737e-8
3.797437097127624e-8
3.753263390658367e-8
3.709423414045564e-8
3.666549391696159e-8
3.6241389202522866e-8
3.5820728650780766e-8
3.541166126203922e-8
3.5009581964702575e-8
3.4611189405533066e-8
3.421784159602815e-8
3.383113369637714e-8
3.3454113619379425e-8
3.3083785390152926e-8
3.2706660208807174e-8
3.233321145603761e-8
3.1979629232738995e-8