2.2267452086614044e-13
2.4531224380868024e-12
4.7022104649597345e-12
6.9868399245716155e-12
9.324770878739537e-12
1.1733606759508193e-11
1.4231758640753085e-11
1.683932006166325e-11
1.9574954965747534e-11
2.246129880882241e-11
2.5521411431233196e-11
2.8778794418483924e-11
3.225972808973595e-11
3.599330490209369e-11
4.000873584616137e-11
4.43384142644026e-11
4.901815349661286e-11
5.408984973964156e-11
5.958967767797552e-11
6.556738320755976e-11
7.20710420937383e-11
7.915771524981932e-11
8.68838124533435e-11
9.531579081231499e-11
1.0452625128027073e-10
1.1459207658357409e-10
1.2558408442885859e-10
1.3761885881811346e-10
1.5079060120735537e-10
1.651778047518774e-10
1.809597574194005e-10
1.9822510635295864e-10
2.1712341641766273e-10
2.377794623368156e-10
2.604760478521241e-10
2.8526355482946914e-10
3.124177020756268e-10
3.421332506501881e-10
3.746742351895342e-10
4.102548867002637e-10
4.4928064937280185e-10
4.917699797960612e-10
5.383021871009823e-10
5.89243921216145e-10
6.448178897563126e-10
7.055294719820505e-10
7.717860256753077e-10
8.441452243230757e-10
9.230347286081146e-10
1.0089425645092625e-9
1.1026667943989161e-9
1.2046016802068607e-9
1.3155356883470833e-9
1.4360290802591293e-9
1.5668511369218845e-9
1.7089673041901977e-9
1.862930193586655e-9
2.0296396923467454e-9
2.2099454016228944e-9
2.4047684757207523e-9
2.6149326801821747e-9
2.8414548749042673e-9
3.0847839209251104e-9
3.3471561016416626e-9
3.6281940463102923e-9
3.929738876077999e-9
4.250740286535352e-9
4.59449081352424e-9
4.960123870718294e-9
5.347825974026837e-9
5.75974984700001e-9
6.195594348622423e-9
6.65491529427626e-9
7.138996541719381e-9
7.647419353849389e-9
8.179546050452165e-9
8.73525965778331e-9
9.313913635286812e-9
9.914949549510732e-9
1.0536846306160175e-8
1.1179220235116758e-8
1.1838155347294116e-8
1.2515496938233019e-8
1.3206662191529117e-8
1.3909825575531045e-8
1.4623152509830051e-8
1.534308901449654e-8
1.6067429673281934e-8
1.6792766077639515e-8
1.751579380899993e-8
1.8232987327642427e-8
1.8940458265852772e-8
1.9629436556109473e-8
2.0301344289087727e-8
2.0949486024195834e-8
2.1566500124720393e-8
2.214757813872237e-8
2.2685477208125902e-8
2.3170224992880487e-8
2.35947054597833e-8
2.3946882205860384e-8
2.4174881638961668e-8
2.438360263542337e-8
2.4435452338306768e-8
2.434632182732131e-8
2.409903123697615e-8
2.3655519096635632e-8
2.2984671802682333e-8
2.2043749789198174e-8
2.0785706496650344e-8
1.9170728479217912e-8
1.7164461660833644e-8
1.4760935297160065e-8
1.2023289613795322e-8
9.12024435909846e-9
6.364771020403231e-9
4.18598145776194e-9
2.9957422214944922e-9
3.038599456989249e-9
4.534251837641036e-9
8.817772362058008e-9
2.5618460833381528e-8
3.609034946653569e-7
1.0188091831726133e-7
1.4936625270375616e-8
5.457705965643262e-9
2.6938993013459024e-9
1.5399649047618317e-9
9.547462512282667e-10
6.16977875796734e-10
3.983386178434458e-10
3.414860175135539e-8
7.869872309421621e-8
9.614519990778787e-8
1.0523038428498291e-7
1.1042466055179978e-7
1.1255937990479615e-7
1.1345063826841426e-7
1.1278047141371057e-7
1.1001319431369963e-7
1.0886490652146337e-7
1.0969449942648847e-7
1.0659809416574199e-7
1.0378109004051944e-7
9.929091557821429e-8
1.0179401674781827e-7
9.811676741367105e-8
9.617399479319998e-8
9.538689880142776e-8
9.107984929467142e-8
8.996756661858091e-8
8.65642517154561e-8
8.548099398543286e-8
8.417811923968924e-8
8.057325062922946e-8
7.918544124888224e-8
8.112990465480153e-8
7.840990513284658e-8
7.648837572726238e-8
7.747297351491678e-8
7.458127287067448e-8
7.14191043759858e-8
7.114808436225602e-8
7.162154654337267e-8
7.029644164321389e-8
6.764638818603443e-8
6.695514638312448e-8
6.516910000558688e-8
6.496733258862125e-8
6.293452542729736e-8
6.407028646927754e-8
6.252550347304197e-8
6.066956892248505e-8
6.057773506933758e-8
5.967137320004516e-8
5.90658778696346e-8
5.800467959217008e-8
5.570480375928769e-8
5.634365627638735e-8
5.542402557040413e-8
5.483569690128423e-8
5.414010465709349e-8
5.3653775980451115e-8
5.260339476274172e-8
5.2029092200315316e-8
5.13180100181283e-8
5.056102854966953e-8
5.007803488463363e-8
4.970588094431458e-8
4.907067506031962e-8
4.8175672805301184e-8
4.783808530109005e-8
4.717775226144465e-8
4.662858181152409e-8
4.61312062613813e-8
4.558415657691817e-8
4.506775640828791e-8
4.4501293823793e-8
4.4047189247686405e-8
4.351958259887904e-8
4.309990858137079e-8