2.1533342171108515e-8
1.7756459619932028e-7
8.03851981132613e-8
5.629492992083601e-9
7.993574110953872e-9
1.090012869532534e-8
1.466088587995901e-8
1.978582521093146e-8
2.7182409877252614e-8
3.861385154229647e-8
5.790879652511891e-8
9.475861755401943e-8
1.8011307963060437e-7
4.627095700858269e-7
2.9373758378524056e-6
0.000010445068203207514
6.81232713729107e-7
2.2094012965174988e-7
1.0679564080803689e-7
6.212698821731117e-8
4.022558917509156e-8
2.792326960827041e-8
2.0352842836041348e-8
1.537886418600107e-8
1.1945589290919893e-8
9.482854792128107e-9
7.661012992972804e-9
6.278843380779855e-9
5.207954982547263e-9
4.363355997985169e-9
3.687004420579267e-9
3.1381921347444814e-9
2.687701318590588e-9
2.3141329590830654e-9
2.001531979484536e-9
1.7378112142098561e-9
1.5136812541137277e-9
1.3219086307424442e-9
1.1567917460861114e-9
1.0137837588276373e-9
8.892159424042904e-10
7.800901904675987e-10
6.839167661023402e-10
5.985790809911253e-10
5.221997769897238e-10
4.5295669041764183e-10
3.8865325767380903e-10
3.245762981231538e-10
1.0789698353894656e-7
1.6651183104288986e-7
1.9075268317503227e-7
2.016633000442493e-7
2.0586725555302315e-7
2.0690331292001725e-7
2.0569365508636605e-7
2.0302422340296912e-7
1.998539505499223e-7
1.9649204695645678e-7
1.9286606654576898e-7
1.8868079077342962e-7
1.8501158427063096e-7
1.8209941113060126e-7
1.7915910796089558e-7
1.752833210038621e-7
1.7332963899123876e-7
1.7053874644335634e-7
1.6787770288765603e-7
1.6584994768265671e-7
1.6368740915045182e-7
1.6149339989789693e-7
1.5930637937890919e-7
1.5739464509585353e-7
1.5580081235063113e-7
1.541481732735668e-7
1.5258478048227788e-7
1.5070771435566966e-7
1.4890217729806695e-7
1.4799476403255684e-7
1.4648023673612908e-7
1.445761259780419e-7
1.4295981568781926e-7
1.417319583241949e-7
1.402794685008589e-7
1.3856500530726503e-7
1.376171428111559e-7
1.361773729482924e-7
1.345344509953924e-7
1.3329508252848578e-7
1.3173654959638175e-7
1.3023766308601516e-7
1.2891393207912064e-7
1.2721333445316867e-7
1.259859228143476e-7
1.241830967175999e-7
1.2292444007868865e-7
1.2139332170285958e-7
1.199442343245699e-7
1.184070528040478e-7
1.1691689757060966e-7
1.1550570046410633e-7
1.1407286676737695e-7
1.1249331046291667e-7
1.1122336078579929e-7
1.0971984611452029e-7
1.0836661148604049e-7
1.0671271369140929e-7
1.055821397983607e-7
1.0411115593008767e-7
1.0280309661153538e-7
1.0144940188869812e-7
1.000647926017583e-7
9.870336665076052e-8
9.736115663618943e-8
9.61485820415753e-8
9.481381831034318e-8
9.353896668952501e-8
9.222249093308308e-8
9.109208054288759e-8
8.976762695577733e-8
8.863985048520263e-8
8.744935921619932e-8
8.612086402661444e-8
8.508584423631182e-8
8.396170319175468e-8
8.280879658754514e-8
8.169353384262294e-8
8.056042488132159e-8
7.951780145053431e-8
7.845777289715866e-8
7.738000270348084e-8
7.627613718879289e-8
7.525832847302732e-8
7.431185177240365e-8
7.334263239532933e-8
7.235604894975846e-8
7.136130334365405e-8
7.037652504970528e-8
6.947396972969413e-8
6.855106216263683e-8
6.766285815544805e-8
6.677540226438943e-8
6.589623764458073e-8
6.500327089998498e-8
6.411780722939935e-8
6.327356688402902e-8
6.24752878346741e-8
6.167143364288646e-8
6.087765336953477e-8
6.007944966941242e-8
5.928746967101646e-8
5.851258041956271e-8
5.776642571853571e-8
5.702870136436481e-8
5.6298307213551916e-8
5.557979710904815e-8
5.4854386277714436e-8
5.4177017556682174e-8
5.348075524889623e-8
5.279937994224899e-8
5.214132329961722e-8
5.1486247003884504e-8
5.0826356486661095e-8
5.0199117785522446e-8
4.956931714178451e-8
4.895856364616327e-8
4.834678316277249e-8
4.775454578358459e-8
4.716981839527644e-8
4.6577906075575296e-8
4.600878841741197e-8
4.5443282680101106e-8
4.4894724093166435e-8
4.4351650350576164e-8
4.381569921897978e-8
4.3272786225214736e-8
4.275878161270957e-8
4.224445500811671e-8
4.1730306313483197e-8
4.123380812397412e-8
4.07450341234659e-8
4.0269585823022024e-8
3.978955364464526e-8
3.9318011924687984e-8
3.885647696367758e-8
3.840297516062755e-8
3.7950606409560104e-8
3.7508996344054116e-8
3.7070745284795164e-8
3.664213590098229e-8
3.621819976689619e-8
3.579768171212222e-8
3.5388767452871005e-8
3.498837122550921e-8
3.4588647504725046e-8
3.419550848859435e-8
3.3809059941430856e-8
3.343253483812559e-8
3.3061138310241016e-8
3.268477833843411e-8
3.231165720284288e-8
3.195907000405831e-8