3.369760655117828e-14
3.708940508062684e-13
7.091847861227223e-13
1.0495791300819066e-12
1.393098407947569e-12
1.7408002888966938e-12
2.0938170251947137e-12
2.4531676193315057e-12
2.8201494007776527e-12
3.196022354601762e-12
3.582094741110798e-12
3.9798095567199486e-12
4.39068259523218e-12
4.8165030731775774e-12
5.258851861435388e-12
5.719825398788247e-12
6.201431169034951e-12
6.706082218572963e-12
7.236074382538822e-12
7.794245455441947e-12
8.383408927323093e-12
9.007427134552954e-12
9.668974887119523e-12
1.03729233344633e-11
1.1122408718560646e-11
1.1923258731699724e-11
1.2779748912517722e-11
1.3697749828393842e-11
1.4683793770541785e-11
1.574360730367611e-11
1.688629657890402e-11
1.8118369269456896e-11
1.9449628713998426e-11
2.088992386469044e-11
2.2449600242153773e-11
2.414073792524242e-11
2.5976812073242014e-11
2.7969881191419023e-11
3.0138254686000255e-11
3.2497272646914233e-11
3.5066622726867524e-11
3.786669164618884e-11
4.0918877708900445e-11
4.424973468622544e-11
4.7885758724454515e-11
5.185499471907823e-11
5.6190551729168366e-11
6.092950838759803e-11
6.610984072813475e-11
7.176730750908442e-11
7.79606610332748e-11
8.473505675304035e-11
9.213174920302364e-11
1.0024468648031263e-10
1.091183027237928e-10
1.188230189997963e-10
1.2943498376213656e-10
1.4105363951306649e-10
1.537627286148673e-10
1.676671676902299e-10
1.828750815387567e-10
1.995147738568652e-10
2.1771053873935107e-10
2.3759406431148894e-10
2.5933214424341446e-10
2.830962079745191e-10
3.090578982435782e-10
3.374265816215026e-10
3.6837694394970387e-10
4.021567116061277e-10
4.3901623324599647e-10
4.792343589217336e-10
5.230513545197844e-10
5.707580463374653e-10
6.227157068069332e-10
6.792442923750763e-10
7.407125398195596e-10
8.075042099164258e-10
8.799656396312092e-10
9.586738567161744e-10
1.0438241805484754e-9
1.13609367903575e-9
1.2359207264265038e-9
1.3436864770958909e-9
1.4600643798254265e-9
1.5854511546489288e-9
1.7206633608332745e-9
1.8654965376176625e-9
2.0212104609305586e-9
2.188025256033615e-9
2.366485068343041e-9
2.557001120205926e-9
2.7601533209120842e-9
2.976327917012323e-9
3.2057064899252303e-9
3.448664732217378e-9
3.7055102055823702e-9
3.976390697180035e-9
4.262004184059065e-9
4.560622726306044e-9
4.874173266785829e-9
5.201422270563928e-9
5.541945016304902e-9
5.89568957378165e-9
6.261806082820067e-9
6.640054136252719e-9
7.029024431026399e-9
7.427812309656133e-9
7.83633585491628e-9
8.252410363055985e-9
8.674601809662876e-9
9.101880916757582e-9
9.532339120047527e-9
9.964139849357689e-9
1.039645507210565e-8
1.0824415310911207e-8
1.1248130816322786e-8
1.1664202613885503e-8
1.2069546536684753e-8
1.2461660151880275e-8
1.2836621287125458e-8
1.3190055745060577e-8
1.3517775818130373e-8
1.3814922515664627e-8
1.4075333474316996e-8
1.4291369764499156e-8
1.445545676840302e-8
1.4557715654484889e-8
1.4586461324070963e-8
1.452783202404651e-8
1.436538179776374e-8
1.4079389028684744e-8
1.364696385021292e-8
1.3043843962791508e-8
1.2242890917420929e-8
1.121805261698747e-8
9.954870206271882e-9
8.464316866228665e-9
6.7996871067520446e-9
5.087958528837886e-9
3.5383719539829928e-9
2.4083216598697742e-9
1.9171929744534195e-9
2.1896038167360454e-9
3.430772034294892e-9
6.855395168649511e-9
2.1298216988469512e-8
5.224600240013058e-7
5.2200651640634255e-8
9.08979476148727e-9
3.443066216561073e-9
1.710990888833685e-9
9.686505742154119e-10
5.826632268280781e-10
3.439620128926518e-10
5.802712700908968e-8
8.218115569393703e-8
9.278169433121792e-8
9.784322153399319e-8
1.0022535708853363e-7
1.0094494295043772e-7
1.0046191504070536e-7
9.915606697644584e-8
9.810286382850707e-8
9.521596179152876e-8
9.405777432522809e-8
9.246835775037786e-8
9.037402654107485e-8
8.524262355176314e-8
8.605841546544223e-8
8.45601061711717e-8
8.086613796056239e-8
8.106234889391588e-8
7.933644033999574e-8
7.633568856214192e-8
7.617935029234136e-8
7.403227571878929e-8
7.325552194361907e-8
7.10345178177299e-8
6.597284151237903e-8
6.751386826489354e-8
6.58648301108066e-8
6.531625474449911e-8
6.28902296775507e-8
6.260802866768184e-8
6.191732526785682e-8
6.107472253341298e-8
5.9566472735130535e-8
5.8669462691388e-8
5.760286515952928e-8
5.696605787603774e-8
5.600364870984165e-8
5.555705654118711e-8
5.2184825538079567e-8
5.351654444714532e-8
5.255587716562712e-8
5.203892667532151e-8
5.031947559992188e-8
4.988084274271991e-8
4.9720297982497606e-8
4.984791451540083e-8