1.528879237879248e-12
1.684772600370146e-11
3.2316862217053494e-11
4.8075061500977585e-11
6.426155821350576e-11
8.102116055452489e-11
9.850392398758248e-11
1.1686265323056724e-10
1.3626377361442258e-10
1.568728699332726e-10
1.7888246990002235e-10
2.0246126963101806e-10
2.2784088881616144e-10
2.552383101223956e-10
2.8487364277407514e-10
3.170315240163612e-10
3.5194405497128e-10
3.8994314552608687e-10
4.109619101668755e-10
4.765114656007419e-10
5.257651517976132e-10
5.795464130774485e-10
6.383111323848059e-10
7.025450404691422e-10
7.727319492292408e-10
8.493922772092978e-10
9.331651609858445e-10
1.0245763525591918e-9
1.124788089890291e-9
1.2339075678319123e-9
1.353063776214619e-9
1.48322575618553e-9
1.625103282959905e-9
1.7797856751492209e-9
1.9478905723545744e-9
2.1311481981871984e-9
2.3305469366189327e-9
2.547257260921268e-9
2.7822956484782107e-9
3.0372074975190204e-9
3.313607686211588e-9
3.6121657437910473e-9
3.935311267245089e-9
4.284074715535475e-9
4.659548550210703e-9
5.064187552380931e-9
5.497619211735456e-9
5.964468310257331e-9
6.463391278141621e-9
6.997622049344254e-9
7.565068862882352e-9
8.169854961648566e-9
8.81212262512098e-9
9.4922235772639e-9
1.0210903918007856e-8
1.0968789398364023e-8
1.1765499356152646e-8
1.2599391111067623e-8
1.347033082483591e-8
1.4379095330469067e-8
1.5322340736643546e-8
1.6299007374042253e-8
1.7305426147414364e-8
1.8343169266496108e-8
1.9404775557177844e-8
2.048706249656264e-8
2.158941009121943e-8
2.2705734886746864e-8
2.383088852855529e-8
2.4960358740451223e-8
2.6089464141747035e-8
2.721249385380821e-8
2.8323418292287574e-8
2.9415181737763735e-8
3.048565069642003e-8
3.152261238553871e-8
3.2509551071846285e-8
3.3453054986058886e-8
3.433882748581734e-8
3.515544648556249e-8
3.589076534626257e-8
3.653255821678121e-8
3.706551352756642e-8
3.747134939377227e-8
3.772827806993207e-8
3.77812824683209e-8
3.769571154127377e-8
3.7334864513577344e-8
3.670198654738419e-8
3.57321053365246e-8
3.4370415590585443e-8
3.254621166375646e-8
3.019495981239576e-8
2.725096702229448e-8
2.3687882656373506e-8
1.9557011825456955e-8
1.5061467725214113e-8
1.0624808433678243e-8
6.890163585830748e-9
4.550609695274746e-9
4.065032998850801e-9
5.681418698697576e-9
1.0719782114825579e-8
2.919423305074701e-8
2.74861102040487e-7
2.063996467711872e-7
2.367915126002907e-8
8.23501225228271e-9
4.0016162243072666e-9
2.2840103362491343e-9
1.4287705058671513e-9
9.44324161111319e-10
6.430634082550198e-10
4.393728105707111e-10
2.7967654390541043e-10
6.949997175167866e-8
9.573322092902344e-8
1.0938304954123955e-7
1.1530980164356937e-7
1.2139510511464773e-7
1.2287527609587327e-7
1.2407746801600597e-7
1.2300806745870923e-7
1.2330255545276167e-7
1.2044537450063313e-7
1.1900346837337087e-7
1.1816557257856662e-7
1.1446271481510203e-7
1.1286957352249097e-7
1.0995660679714064e-7
1.0789962062457018e-7
1.065520991877966e-7
1.0387272404256011e-7
1.0141747465898785e-7
1.0095991628286756e-7
9.77247585450427e-8
9.64158963000665e-8
9.169582751339347e-8
9.357048916829004e-8
9.04452011848009e-8
8.887283885063666e-8
8.577943795005943e-8
8.58665043397537e-8
8.286571121598856e-8
8.272800312972411e-8
8.102007020731994e-8
7.870159316707952e-8
7.93858219672042e-8
7.926181513336682e-8
7.756082820277646e-8
7.566070162361384e-8
7.444701717604525e-8
7.256837722843401e-8
7.209154592436609e-8
7.066273093253473e-8
6.96447354451213e-8
6.916869076917299e-8
6.923059116646379e-8
6.693709972067908e-8
6.620422548435803e-8
6.490362877628407e-8
6.431803664322542e-8
6.218336074721304e-8
6.272022152642701e-8
6.211936758476113e-8
6.087428802752429e-8
6.006850641154707e-8
5.944603932499551e-8
5.849680972047493e-8
5.7790904287382914e-8
5.719888646630018e-8
5.647561587130885e-8
5.5821508732698035e-8
5.503624884344344e-8
5.451754919205118e-8
5.379897011163466e-8
5.309659883932487e-8
5.231146916376225e-8
5.182054104896706e-8
5.1297195446289575e-8
5.0744062666843934e-8
4.998424748847394e-8
4.940234720757238e-8
4.880215072688169e-8
4.825090619887603e-8
4.774447291453615e-8
4.717489582769572e-8
4.6592746755903436e-8
4.60894064342368e-8
4.559418578909774e-8
4.5051417456492057e-8
4.456138338434941e-8
4.407311730026535e-8
4.353887145736264e-8
4.309355916668536e-8
4.2625347602612115e-8
4.216276535428e-8
4.167580234414388e-8
4.1210500165542204e-8
4.076754519628597e-8
4.0338198854038125e-8