1.366766885388546e-14
1.5036074998282654e-13
2.8713597024230024e-13
4.2406821000471013e-13
5.612342118853961e-13
6.987117596078781e-13
8.365817178660926e-13
9.749269107860089e-13
1.113834054044026e-12
1.2533946788613815e-12
1.3937037608823178e-12
1.5348638743503046e-12
1.6769821927868324e-12
1.8201754569932303e-12
1.9645720576923273e-12
2.1102962269641604e-12
2.25747461245256e-12
2.406293420974775e-12
2.5569059317260753e-12
2.709509483442651e-12
2.8642715319749593e-12
3.021389529487049e-12
3.1811444598900425e-12
3.343794684059658e-12
3.5095472071918674e-12
3.678773828736368e-12
3.8517609256582406e-12
4.028928998986426e-12
4.210593292511898e-12
4.397248638254594e-12
4.58934063461242e-12
4.7874077570251755e-12
4.9920085222385155e-12
5.20373556892377e-12
5.42339348083582e-12
5.651509860512166e-12
5.889169319357782e-12
6.137070416203608e-12
6.39632522652691e-12
6.6677878239605124e-12
6.952897773843489e-12
7.253102986328309e-12
7.569402207914954e-12
7.903756276414796e-12
8.257598365235601e-12
8.63313400144307e-12
9.032222225485383e-12
9.457298979171055e-12
9.91093786705888e-12
1.0395779279179516e-11
1.0914650876504772e-11
1.1471060369545315e-11
1.2069168956861701e-11
1.2712361514946057e-11
1.3404703902088823e-11
1.4152238145713819e-11
1.4958899712904674e-11
1.5831144609841682e-11
1.6776436754557528e-11
1.7799935856070594e-11
1.8909758120807572e-11
2.0114941452262058e-11
2.142480764426712e-11
2.284883150992179e-11
2.439813035015029e-11
2.6085640694226138e-11
2.792419229706407e-11
2.992820341819292e-11
3.211320297035831e-11
3.449812297088164e-11
3.7100703961954034e-11
3.994371960743331e-11
4.3047750955335876e-11
4.64397939542754e-11
5.014625499918848e-11
5.419826730113494e-11
5.862231048155554e-11
6.346808284333188e-11
6.876527373943627e-11
7.455544207112897e-11
8.088734746164711e-11
8.78124099942749e-11
9.538507556889336e-11
1.0366522471657061e-10
1.127203758652895e-10
1.2261756670919128e-10
1.3344354456464621e-10
1.4526898320740305e-10
1.5819690028866212e-10
1.7231349957077102e-10
1.8773939990661496e-10
2.0457820808915963e-10
2.2296848516207876e-10
2.4302786189949255e-10
2.649111236731003e-10
2.887766678617399e-10
3.147847956628047e-10
3.431237726710884e-10
3.7394700917375085e-10
4.0753117451322386e-10
4.4401520194005514e-10
4.836754857117895e-10
5.267292768022816e-10
5.734517096434914e-10
6.241177164111983e-10
6.789757766029029e-10
7.383394102205632e-10
8.025277665760908e-10
8.718096196787812e-10
9.465532921591995e-10
1.0271025164601723e-9
1.1136524919065648e-9
1.206721161644776e-9
1.3064910389885587e-9
1.4133771527429717e-9
1.5277061986682257e-9
1.6496279342364997e-9
1.779535039513294e-9
1.917812839395638e-9
2.064464238832174e-9
2.2198545897417136e-9
2.384144278200584e-9
2.55726188593735e-9
2.7394662582772654e-9
2.93070321315381e-9
3.1309204998579193e-9
3.339970297103658e-9
3.5576807625013468e-9
3.784092049212329e-9
4.018486010275978e-9
4.260716097670554e-9
4.510062290402484e-9
4.766129621777307e-9
5.028144166090635e-9
5.295865164437902e-9
5.567352220012689e-9
5.84272852151987e-9
6.1209101592693795e-9
6.400524207887634e-9
6.6793613380604395e-9
6.9578849415914674e-9
7.233250897959571e-9
7.504410814092134e-9
7.76956662516797e-9
8.026406415286181e-9
8.272123381575486e-9
8.504613852962194e-9
8.720874744509312e-9
8.916983538248606e-9
9.088628891529591e-9
9.232069728384981e-9
9.340488495170274e-9
9.407577881788254e-9
9.42516836424977e-9
9.383985034875864e-9
9.272361997162974e-9
9.077049538525136e-9
8.782522138480826e-9
8.372601114502321e-9
7.829344783589949e-9
7.137966223035689e-9
6.292687733379796e-9
5.305466095195429e-9
4.22161110047115e-9
3.1363838857802424e-9
2.1936181928090054e-9
1.557707284520322e-9
1.357410948752537e-9
1.670405564656755e-9
2.686196361907406e-9
5.463184268005323e-9
1.781813442084102e-8
7.612446207153979e-7
3.217095408677541e-8
6.138461452611626e-9
2.3643944529139643e-9
1.169857173332877e-9
6.463666418699635e-10
3.5726431282979675e-10
5.745329961496638e-8
7.814383793312669e-8
8.649552303202514e-8
9.009555227287114e-8
9.143518533663896e-8
9.108661409049166e-8
8.997739874680076e-8
8.85855265907689e-8
8.740510595611886e-8
8.534965901599978e-8
8.421742663424954e-8
8.09748608537565e-8
7.991614380518374e-8
7.80717596067149e-8
7.407931394477194e-8
7.264445936814841e-8
6.923196800814128e-8
6.845046367504208e-8
6.933961484210999e-8
6.588952561307207e-8
6.524336288968885e-8
6.202078842072797e-8