4.7719832612918556e-11
5.257780165474524e-10
1.0081880260280149e-9
1.4994239378873898e-9
2.0018743328489055e-9
2.5213499814207866e-9
3.0612581205289234e-9
3.62395387346824e-9
4.2187757529486285e-9
4.8447104956629515e-9
5.509293176472288e-9
6.214763141100063e-9
6.9670237445367315e-9
7.774331573803358e-9
8.631960356208155e-9
9.552505941149763e-9
1.0538942468922107e-8
1.1596193411507292e-8
1.2727172086071432e-8
1.393746856528225e-8
1.5230290118190022e-8
1.6613377417452428e-8
1.8083864859264276e-8
1.9651203473752e-8
2.1313986119449305e-8
2.307405836688951e-8
2.4937658481039776e-8
2.6897469776673093e-8
2.8959813400299005e-8
3.1118013130699866e-8
3.3371597659865754e-8
3.571445345683457e-8
3.814219029131576e-8
4.0654369586068604e-8
4.323821518543198e-8
4.5881321266004614e-8
4.857707669376042e-8
5.131617486910506e-8
5.408450436883723e-8
5.6868751721122216e-8
5.965090268677091e-8
6.242674527209535e-8
6.517043351858453e-8
6.787214307337176e-8
7.050698076492853e-8
7.306566861026837e-8
7.55266040610519e-8
7.78731295048114e-8
8.00880745678069e-8
8.215746564979976e-8
8.401544107974005e-8
8.569655443534631e-8
8.714388781275972e-8
8.833555913687726e-8
8.92366778661227e-8
8.981142562651243e-8
9.000778006676818e-8
8.9772405626782e-8
8.904170989719206e-8
8.773027995192314e-8
8.573569423194708e-8
8.29329977993656e-8
7.918946066415669e-8
7.433537853686653e-8
6.819476815571684e-8
6.061955578202532e-8
5.156327328493245e-8
4.1211467444700984e-8
3.020377291735125e-8
1.9810710550076995e-8
1.1827796435765455e-8
7.881115368058192e-9
8.639677087544276e-9
1.4819897629459705e-8
3.485316192877644e-8
1.7058397615859544e-7
2.7428429558817125e-6
7.185493050095592e-8
2.054143823947161e-8
9.313934565133891e-9
5.1712582467341165e-9
3.2146966792523344e-9
2.1452120424681865e-9
1.5007324876820703e-9
1.0839416204924327e-9
7.99147630578336e-10
5.951379424824153e-10
4.41688966091977e-10
3.167308275677669e-10
5.08255440884052e-8
9.625152938681789e-8
1.1809722402174142e-7
1.3071454760914728e-7
1.3816708620796524e-7
1.4238029585755529e-7
1.4503435373790965e-7
1.4510748368733045e-7
1.4502851657869004e-7
1.4442667978791026e-7
1.4289803499187424e-7
1.410733408032561e-7
1.4282358661618377e-7
1.3558610434829043e-7
1.3350897322424092e-7
1.3267555282855376e-7
1.293123339867719e-7
1.2821670850656042e-7
1.2376084737252884e-7
1.2542558834370613e-7
1.216404485547917e-7
1.196395502481615e-7
1.1432909905699323e-7
1.1497662440089922e-7
1.111922960511678e-7
1.1643453342744468e-7
1.1044884612645131e-7
1.0754494719077769e-7
1.071000813453198e-7
1.0403649469158375e-7
1.0170048289846143e-7
1.0172227303701142e-7
9.822172604217776e-8
9.692524278012472e-8
9.414821641339282e-8
9.1445717282982e-8
9.36256130347097e-8
9.020744527249282e-8
8.895992351637207e-8
8.942627734794639e-8
8.64662762122499e-8
8.672026239948953e-8
8.382735580581381e-8
8.273161979565657e-8
8.22900887151896e-8
8.129987164559124e-8
7.996453887995724e-8
7.885765940898713e-8
7.753351055972432e-8
7.71199813087433e-8
7.631686386555294e-8
7.51121900766969e-8
7.431547450939762e-8
7.256166176247963e-8
7.229665676697001e-8
7.156013202011752e-8
7.059188363255945e-8
6.970631387619378e-8
6.87876343971116e-8
6.806623737338768e-8
6.68685814751894e-8
6.618948433716082e-8
6.53745595326075e-8
6.44260519412448e-8
6.371999543629408e-8
6.298387402610784e-8
6.21147029572704e-8
6.1374411973258e-8
6.068330730792552e-8
5.996582948586651e-8
5.926903224071947e-8
5.8512231155763746e-8
5.7801538175890576e-8
5.6991830938912554e-8
5.646709450485047e-8
5.574716193356836e-8
5.5120720272397495e-8
5.442785889499173e-8
5.372845648479495e-8
5.311381598613522e-8
5.250995147720057e-8
5.190295022603226e-8
5.128801797921986e-8
5.0678189387400275e-8
5.0096714208863723e-8
4.9514015958798916e-8
4.895094430409125e-8
4.8370331916520445e-8
4.782172694936229e-8
4.728071714436764e-8
4.6737929658405816e-8
4.6216486136198965e-8
4.570708246640353e-8
4.5183410082170084e-8
4.4670243152102504e-8
4.416028557606864e-8
4.364170833043742e-8
4.317572412880372e-8
4.271634072816869e-8
4.2240992537808335e-8
4.17811062756474e-8
4.132500795642386e-8
4.08669639050709e-8
4.0422431662484186e-8
3.996769637326799e-8
3.9528519279999855e-8
3.907194880684394e-8
3.868082556034254e-8
3.8269440438215365e-8
3.786178992843711e-8
3.746379519931649e-8
3.7068549234484215e-8