3.203243385520172e-14
3.525525332422072e-13
6.740543900069716e-13
9.974367998773388e-13
1.3236225315117173e-12
1.6535556123391941e-12
1.9882026241645095e-12
2.3285870745721778e-12
2.6757901350652923e-12
3.030928000985159e-12
3.3952319304039206e-12
3.769949913016472e-12
4.1564510280349256e-12
4.556272357127638e-12
4.970982884827373e-12
5.402305159269348e-12
5.852101266528485e-12
6.322577399626955e-12
6.815625870858159e-12
7.334006209925883e-12
7.880299159780567e-12
8.457276109710947e-12
9.068138151243327e-12
9.716555386039355e-12
1.040652083093418e-11
1.1141665293461037e-11
1.19268509653883e-11
1.276742325521159e-11
1.3668351271518922e-11
1.4635632093870313e-11
1.5676390987890472e-11
1.6797734956728797e-11
1.800833826476248e-11
1.931534469084705e-11
2.0729569706252364e-11
2.2261678510646695e-11
2.3921981343902246e-11
2.572522352007928e-11
2.7683966043782647e-11
2.9813874894373856e-11
3.213115218545116e-11
3.46549320876094e-11
3.7405116123429127e-11
4.0402507747804526e-11
4.367524804876193e-11
4.724630928400834e-11
5.114507292111545e-11
5.5403874416804973e-11
6.005906390124753e-11
6.51443728244398e-11
7.070481957666575e-11
7.678900456992669e-11
8.343894535711607e-11
9.071304398734578e-11
9.867341088974213e-11
1.0738177750932945e-10
1.1691867319428267e-10
1.2733762659770363e-10
1.3875150628333667e-10
1.512197500625217e-10
1.6488181113883438e-10
1.797834220830682e-10
1.9615844258262173e-10
2.1400946313513096e-10
2.3354614229769966e-10
2.5489664997755584e-10
2.7822419763917974e-10
3.0370301430163057e-10
3.3154047707481617e-10
3.6193301904253097e-10
3.9508770587146785e-10
4.3129096831642234e-10
4.707455869886929e-10
5.13731894017532e-10
5.605814298770812e-10
6.115792912744482e-10
6.670666927939279e-10
7.273631475703182e-10
7.92900670962326e-10
8.640666744201713e-10
9.412061995838613e-10
1.0248171562380044e-9
1.1154053899000434e-9
1.2133505717526011e-9
1.3191318845896142e-9
1.4331708782681662e-9
1.5563023338358037e-9
1.6888975370017888e-9
1.8308749418729325e-9
1.9838030331251564e-9
2.1475078022087198e-9
2.3225399405264313e-9
2.509441121727105e-9
2.708773101492539e-9
2.9207549472653576e-9
3.145691213313431e-9
3.3844702072574135e-9
3.6360765092673145e-9
3.901866224061124e-9
4.181597866324933e-9
4.475036356905118e-9
4.782581059985619e-9
5.1031583950775916e-9
5.437304060371751e-9
5.7843789729550676e-9
6.142985386819083e-9
6.51443276418894e-9
6.895996671729869e-9
7.287516721003339e-9
7.68816631914662e-9
8.096284105036633e-9
8.510499754661946e-9
8.929740058741549e-9
9.351984183331075e-9
9.77584797702677e-9
1.020025930892063e-8
1.0621801223968478e-8
1.1036014487731977e-8
1.144449191900925e-8
1.1842543185062105e-8
1.2227567506824237e-8
1.2595588868167291e-8
1.2942861942221811e-8
1.3265276164657958e-8
1.3556693258761928e-8
1.3812342659551675e-8
1.4024698899211136e-8
1.418566630951878e-8
1.4286348592485352e-8
1.4314446288592023e-8
1.42564511506608e-8
1.4096627527007267e-8
1.3815122524487278e-8
1.3390581474697924e-8
1.279720571854839e-8
1.2009722878323941e-8
1.100110046173761e-8
9.759767717555267e-9
8.2949889500406e-9
6.6607474375397894e-9
4.9818731436860175e-9
3.464852323605448e-9
2.3620428893143265e-9
1.8878079606159707e-9
2.163997568132045e-9
3.3952653001871353e-9
6.790225758342775e-9
2.114326401965966e-8
5.302634666917274e-7
5.105721866788467e-8
8.933145309771115e-9
3.3869705924816422e-9
1.6831390469713282e-9
9.522532615424484e-10
5.717398201269162e-10
3.3477261741602607e-10
5.973155512132705e-8
8.268353252174813e-8
9.290068004527084e-8
9.77203381816321e-8
9.992401272285427e-8
1.0037790046885805e-7
1.0001887040028928e-7
9.909359652322361e-8
9.752323202217282e-8
9.677487335805019e-8
9.355810083106456e-8
9.155438141056932e-8
8.850044024262973e-8
8.802750744103981e-8
8.465242546537744e-8
8.427962927144672e-8
8.105749229962984e-8
8.086453585365735e-8
7.707239093954521e-8
7.436000994393993e-8
7.4367376053426e-8
7.401592652618e-8
7.211176522107545e-8
6.750216633095431e-8
6.932646643734555e-8
6.827496038460417e-8
6.700072803158811e-8
6.66428062151373e-8
6.429178532209888e-8
6.221556087122315e-8
6.178056606497589e-8
6.021179038358748e-8
5.964947012277294e-8
5.848353144083786e-8
5.778946050044432e-8
5.630610743553014e-8
5.556930026891155e-8
5.5245081020517837e-8
5.396106676668499e-8
5.303915343371388e-8
5.254063750097779e-8
5.169990891612921e-8
5.087368597031799e-8
4.9978642832964874e-8
4.961086265341544e-8