1.0328733440158018e-8
1.1297113212076083e-7
2.1245238890226683e-7
3.061712427416167e-7
3.92022840687791e-7
4.6844172817108403e-7
5.345724474117543e-7
5.900236948933334e-7
6.349771737374899e-7
6.699054348037385e-7
6.955350449553394e-7
7.126454129755213e-7
7.2211744266097e-7
7.246752796625616e-7
7.210294049693386e-7
7.116852701531709e-7
6.969680484700772e-7
6.770393971176423e-7
6.517801694121325e-7
6.208820851486113e-7
5.837103416070784e-7
5.393013714027722e-7
4.863655740505854e-7
4.234392546816868e-7
3.493971304837321e-7
2.6466183259855643e-7
1.742395956507106e-7
9.147956551916545e-8
3.691675252188797e-8
2.1458425305591024e-8
3.155560428349745e-8
6.028483678857838e-8
1.5712832551485324e-7
1.0684067044585159e-6
2.7549883978417822e-6
2.080310440342491e-7
6.89012858585405e-8
3.355100518955961e-8
1.9576267723080897e-8
1.2686308506275025e-8
8.802492705471181e-9
6.406528627832334e-9
4.829193251066242e-9
3.738564830963212e-9
2.9549616291229746e-9
2.374307214365934e-9
1.9329735026910717e-9
1.5903031571815001e-9
1.3193375757204559e-9
1.1016256635633075e-9
9.241803686196783e-10
7.77618920581874e-10
6.549767947169132e-10
5.509035457181495e-10
4.610345479224052e-10
3.8124841592382444e-10
3.053817806013839e-10
7.499468548319544e-8
1.3130785845379635e-7
1.5624960344403998e-7
1.6971323781979117e-7
1.7717751649182456e-7
1.8086521279394045e-7
1.8278496059813498e-7
1.8266699771278354e-7
1.823400018592789e-7
1.811378617968744e-7
1.7879616027306239e-7
1.7703043593737693e-7
1.7449499738186862e-7
1.7224548326397106e-7
1.700569720272947e-7
1.674234350647799e-7
1.6475563079941244e-7
1.625099442461045e-7
1.5941759805417962e-7
1.5777855250023785e-7
1.5572836392235098e-7
1.5323837874728344e-7
1.508338139667984e-7
1.4876410799758253e-7
1.4646372241670557e-7
1.4461288773771264e-7
1.4314890109518048e-7
1.413331990384246e-7
1.3934778900976233e-7
1.3744591711122722e-7
1.3569073925761372e-7
1.3406646005629914e-7
1.3241042300222646e-7
1.3014909363901788e-7
1.2918049720275364e-7
1.2722535590194712e-7
1.26048918489931e-7
1.2414623048078222e-7
1.2317380988535148e-7
1.2106384847773035e-7
1.1997145323314776e-7
1.1803690121502023e-7
1.1691925387710383e-7
1.153510455847073e-7
1.138809725520632e-7
1.1267255092387527e-7
1.1092122189501452e-7
1.0949537489718088e-7
1.0822470524919957e-7
1.0699824811343344e-7
1.0536199679963151e-7
1.0388420787235598e-7
1.0284383336699986e-7
1.0172494468173541e-7
1.0008241677604829e-7
9.881586273199386e-8
9.763801393480495e-8
9.607968060355436e-8
9.536023069462337e-8
9.376032746190296e-8
9.259881627466076e-8
9.135588059150475e-8
9.01434784945223e-8
8.89587931388823e-8
8.780953336353601e-8
8.6663927369607e-8
8.556818271713953e-8
8.443518761305613e-8
8.316320115672235e-8
8.223103176006151e-8
8.119004913491221e-8
8.008456482768792e-8
7.906315110992662e-8
7.797769944016353e-8
7.700129217814437e-8
7.59549968029677e-8
7.497232781599479e-8
7.393360107739269e-8
7.30101224242457e-8
7.213676309913028e-8
7.114874607267937e-8
7.022602201497116e-8
6.927425280119645e-8
6.833909822702035e-8
6.74813248972902e-8
6.664455603951172e-8
6.580877045888943e-8
6.493558351782755e-8
6.40988348149937e-8
6.32321685362065e-8
6.240835513078348e-8
6.167006266704002e-8
6.08960845467989e-8
6.011887921615633e-8
5.9353718604862806e-8
5.858768836947848e-8
5.78287738863748e-8
5.7127515796566494e-8
5.641876641898669e-8
5.570890613611955e-8
5.501560090565067e-8
5.431043138849217e-8
5.3660692400182305e-8
5.299079947643001e-8
5.2329744418209935e-8
5.1693827379162454e-8
5.106479505472046e-8
5.042713777462022e-8
4.981723818917886e-8
4.921046497158492e-8
4.86228698416679e-8
4.8030961742128545e-8
4.74571257418988e-8
4.6873226279200606e-8
4.631443830891441e-8
4.5755089999675114e-8
4.521323604841172e-8
4.4684793942733876e-8
4.414124807676064e-8
4.362279328531663e-8
4.311308025398515e-8
4.260634504560075e-8
4.21014985916063e-8
4.161279993029436e-8
4.112888940375812e-8
4.065107030562341e-8
4.0180928326848016e-8
3.971908808596437e-8
3.925642186708129e-8
3.880386613544841e-8
3.836086241910168e-8
3.7922186983070905e-8
3.7489084977618865e-8
3.7062633282705966e-8
3.6644637447098064e-8
3.6234353360863844e-8
3.5823271276684874e-8
3.542470830470052e-8
3.502921274357803e-8
3.4638059087312895e-8
3.425254710800893e-8
3.387677130654089e-8
3.3522765008022775e-8
3.314448393555025e-8