1.3649575007707605e-12
1.5041249105997597e-11
2.8850644102468785e-11
4.291798050823262e-11
5.7366800739344435e-11
7.232464069105962e-11
8.792672356991919e-11
1.043094878708419e-10
1.216151853337876e-10
1.3999860837093486e-10
1.5962743170422571e-10
1.8066175579308036e-10
2.0329365510073685e-10
2.2772662364844228e-10
2.5415868307966667e-10
2.8281012872970286e-10
3.139434797565719e-10
3.4784837291307645e-10
3.84695573767598e-10
4.2498405414632193e-10
4.689145936922461e-10
5.169213580575605e-10
5.693169379562227e-10
6.265913278630957e-10
6.892263942151574e-10
7.576489851503989e-10
8.325426742036098e-10
9.14188973267469e-10
1.0031929319741238e-9
1.1009933642763728e-9
1.2076726886745301e-9
1.3241144626468666e-9
1.450809251995358e-9
1.5894110619969858e-9
1.7401459589222542e-9
1.9044086176918213e-9
2.0831988507967268e-9
2.2776908297649393e-9
2.4887397708373324e-9
2.7182060572513604e-9
2.966874490708129e-9
3.236174206576537e-9
3.5276281906555577e-9
3.84265726207184e-9
4.1816508317964275e-9
4.548919382295467e-9
4.942727622308632e-9
5.366629639554478e-9
5.820604080167325e-9
6.3064342865408465e-9
6.826077634186559e-9
7.379751403243224e-9
7.96886356605433e-9
8.593760289460776e-9
9.256887611577842e-9
9.956617155816061e-9
1.0694093949019772e-8
1.1470655649729521e-8
1.2282344533766806e-8
1.3130478856222915e-8
1.4012547521756184e-8
1.49328407847274e-8
1.5882821068131965e-8
1.6864719457480853e-8
1.7872748720401015e-8
1.8906386081029794e-8
1.9960733506507174e-8
2.1034251490503795e-8
2.2120178069048633e-8
2.3214915702957943e-8
2.4315567074733398e-8
2.5415902342835675e-8
2.6509228919569248e-8
2.7592176934933315e-8
2.8656261557552303e-8
2.969847671888376e-8
3.0709960963330725e-8
3.167145544809439e-8
3.259236938504468e-8
3.3456128077596026e-8
3.425136986256243e-8
3.496817705896561e-8
3.559501077436912e-8
3.6114186875542417e-8
3.6510395837916634e-8
3.676152686258541e-8
3.681352697988846e-8
3.672822893944131e-8
3.637521429211268e-8
3.5755506872439324e-8
3.480558833441217e-8
3.347189349580723e-8
3.169002141417322e-8
2.938961230351264e-8
2.6510991323133615e-8
2.3028868740217925e-8
1.8997543571058164e-8
1.4616302209083352e-8
1.0302293846063506e-8
6.683991550011507e-9
4.433708287158455e-9
3.993118134753542e-9
5.607305665964285e-9
1.0601490249944071e-8
2.8988975091819173e-8
2.7913488196377204e-7
1.9685450170203368e-7
2.3007913766061907e-8
8.030210401717193e-9
3.906848111769401e-9
2.2306096970869796e-9
1.3949912236253054e-9
9.212065214968718e-10
6.261906434605225e-10
4.260395673256671e-10
2.646921135397465e-10
7.259498643367438e-8
9.699404880417958e-8
1.0985879435352703e-7
1.1707224231487842e-7
1.2093766403562043e-7
1.2307607818892715e-7
1.228703208362681e-7
1.2131371936678987e-7
1.2007438095571548e-7
1.175568505991305e-7
1.1783587854540995e-7
1.1707789258694508e-7
1.1544922892979762e-7
1.1258449530281168e-7
1.0987473454829951e-7
1.0950082452321721e-7
1.0486507101959137e-7
1.0235307557701161e-7
1.0408388430125081e-7
9.808698387613004e-8
9.641563465414093e-8
9.187442712272771e-8
9.316072310698742e-8
8.988119902293943e-8
8.83850430786433e-8
8.789900104789932e-8
8.662884360819341e-8
8.549732800121028e-8
8.163483486102807e-8
8.232365472120319e-8
7.668497424367273e-8
7.997723147874234e-8
7.884346565894656e-8
7.727812660714872e-8
7.552287514762572e-8
7.377214648034244e-8
7.696012383602575e-8
7.316723490457299e-8
7.111854822755129e-8
6.980198688361079e-8
6.952641273269946e-8
6.89229410889256e-8
6.774221404828701e-8
6.684574523963306e-8
6.727463863275308e-8
6.477905352547045e-8
6.393780363798241e-8
6.304382213353024e-8
6.192278281636507e-8
6.137244957384563e-8
6.018280636678106e-8
5.967734350434772e-8
5.8781591331212304e-8
5.8285838336473685e-8
5.7449863573681897e-8
5.6773452776283376e-8
5.603253572960938e-8
5.521829608662936e-8
5.476255229231803e-8
5.397481353296053e-8
5.3315573549780054e-8
5.249759463664864e-8
5.198224308609888e-8
5.142125252971653e-8
5.081259486679374e-8
5.0230754765512375e-8
4.953816820350621e-8
4.8941281922602734e-8
4.844267095218078e-8
4.789175224484619e-8
4.7363335633381985e-8
4.674454309131295e-8
4.622566120764195e-8
4.575510792468022e-8
4.5218139517787366e-8
4.473967271094254e-8
4.4228863773232956e-8
4.3705917675729134e-8
4.3233594417845666e-8
4.277095299131629e-8
4.230586911503599e-8
4.183328105705952e-8
4.1327809014245976e-8
4.087399573872347e-8
4.044896060424184e-8