1.4034094858295992e-14
1.5439307203503013e-13
2.9484209528820867e-13
4.354639427779842e-13
5.763421991876346e-13
7.175635096437669e-13
8.592152182887539e-13
1.0013897035426068e-12
1.1441819329096195e-12
1.2876932659907694e-12
1.4320274670783024e-12
1.5772989330814495e-12
1.7236248737520032e-12
1.8711411961653098e-12
2.0199609989448786e-12
2.17025510085441e-12
2.3221759028427392e-12
2.4758829005991686e-12
2.631586299306408e-12
2.78946361397691e-12
2.949710981007385e-12
3.1126118840361556e-12
3.2784060407779896e-12
3.4473753686472084e-12
3.6198371233316506e-12
3.796110996380592e-12
3.976574897686124e-12
4.161620760359097e-12
4.35171238349763e-12
4.547288161853329e-12
4.74889822209376e-12
4.957087539282264e-12
5.172641026603755e-12
5.396060268911167e-12
5.628249924338925e-12
5.8699016410766765e-12
6.122007869255991e-12
6.385594064991764e-12
6.661859953031952e-12
6.951996824556744e-12
7.2570956746936004e-12
7.578522311884194e-12
7.918397302790281e-12
8.278138952989529e-12
8.660005667155954e-12
9.065176713807766e-12
9.497429461891298e-12
9.958316762828694e-12
1.0450994082774383e-11
1.0978204809611712e-11
1.1543727438012732e-11
1.2151258596016617e-11
1.280448297913637e-11
1.3508042766720482e-11
1.426790398228858e-11
1.508702855984724e-11
1.5973275358324855e-11
1.6933381559360442e-11
1.7973485560057823e-11
1.9101033341863335e-11
2.0325653552796642e-11
2.1656302126816117e-11
2.3102874601874564e-11
2.467705112336281e-11
2.6391392449551115e-11
2.8259325293351962e-11
3.0295959507959596e-11
3.2515825307341304e-11
3.493901702784383e-11
3.7583102049885293e-11
4.047172287088963e-11
4.362612534136463e-11
4.707210485216198e-11
5.083878820192913e-11
5.495651588504313e-11
5.945031557759156e-11
6.437743128177804e-11
6.975851172381157e-11
7.564245371400777e-11
8.207755190656549e-11
8.911342553426969e-11
9.680999269853244e-11
1.0522555270771729e-10
1.1442757861035713e-10
1.2448449682304184e-10
1.354859472293393e-10
1.47510043940031e-10
1.606422784078319e-10
1.7499561994791083e-10
1.9067155911024697e-10
2.0778508791912474e-10
2.2648043784313547e-10
2.468621463093295e-10
2.691138605984363e-10
2.933651996518804e-10
3.1981288843238066e-10
3.485926391579553e-10
3.799506654350502e-10
4.140624443544198e-10
4.511536454635031e-10
4.914724623935891e-10
5.352424800878225e-10
5.827445440034266e-10
6.342356384397449e-10
6.900328159113725e-10
7.503716537975809e-10
8.156010779329775e-10
8.860657549033043e-10
9.620344474769953e-10
1.043954356183058e-9
1.1319037009938924e-9
1.2265314365085408e-9
1.3279840999610051e-9
1.4366752738863274e-9
1.5528630495022047e-9
1.6769246209431033e-9
1.809044778888375e-9
1.9494898472863012e-9
2.0986623798420723e-9
2.256661619563788e-9
2.423675789726501e-9
2.5996885225460753e-9
2.784959742811149e-9
2.9794155294195204e-9
3.18303030960758e-9
3.395505762745986e-9
3.617000160456796e-9
3.847004934287822e-9
4.0854614042274295e-9
4.331642137073062e-9
4.585080710138596e-9
4.8454535632628555e-9
5.111820863121893e-9
5.383580673351797e-9
5.6599205510480885e-9
5.939850736236044e-9
6.222493234225358e-9
6.506197879654112e-9
6.79002733787432e-9
7.072779851259367e-9
7.3531446247674455e-9
7.628596911612695e-9
7.897715016538493e-9
8.158573093823924e-9
8.408262236377649e-9
8.644462832577633e-9
8.863824807322859e-9
9.063089124615912e-9
9.237915726130158e-9
9.382997442183895e-9
9.493217575950749e-9
9.56133422521898e-9
9.579367407877243e-9
9.537560965013436e-9
9.424334659458583e-9
9.22615279707226e-9
8.927729063834701e-9
8.511572318042543e-9
7.960150371035996e-9
7.2586097954815445e-9
6.40037766197909e-9
5.3976301176562555e-9
4.296505860855211e-9
3.192631867640694e-9
2.232152831563255e-9
1.5822793508023803e-9
1.3743172971377986e-9
1.687171367041995e-9
2.711030977905016e-9
5.510481273218188e-9
1.794236277889645e-8
7.49627417246242e-7
3.272249863762948e-8
6.226395668611288e-9
2.3972415482504278e-9
1.1865289539754707e-9
6.56463238563139e-10
3.6513267287689474e-10
5.626491942644893e-8
7.78538655268084e-8
8.655118337728848e-8
9.02651749287286e-8
9.160378689275356e-8
9.145211073753049e-8
9.04016635866988e-8
8.942461552930585e-8
8.774943569235255e-8
8.600935696867921e-8
8.389482792519677e-8
8.220369888840339e-8
7.894255808876657e-8
7.800741561820483e-8
7.481931345355476e-8
7.304159163471049e-8
6.870158390895456e-8
6.707031357197912e-8
6.73961282077582e-8
6.667338918196228e-8
6.47174010581076e-8
6.429984471992688e-8
6.180872948215816e-8