4.603043412064228e-8
4.932514767241122e-7
8.793903380905585e-7
1.1657664928695671e-6
1.3355837419211936e-6
1.3895808586008517e-6
1.3374847150072439e-6
1.1907236214344503e-6
9.59624306708785e-7
6.58790823002662e-7
3.303268161436205e-7
8.394960974002702e-8
1.8443468453182537e-8
2.430247390470743e-8
3.5540316735921045e-8
5.584701775742625e-8
9.896162845862911e-8
2.1931278821662433e-7
8.36505064491885e-7
0.0004126588137273319
9.81688801493533e-7
2.314599948563629e-7
9.983191063093127e-8
5.480272337734485e-8
3.426993410426372e-8
2.324876863811568e-8
1.6673806592471027e-8
1.2449446419554936e-8
9.582092539458614e-9
7.55172022834895e-9
6.064922433354245e-9
4.946062195625865e-9
4.084847109442135e-9
3.409224897217605e-9
2.8705345809424736e-9
2.434967623254936e-9
2.0784526564679634e-9
1.78348003798513e-9
1.5370706915625484e-9
1.3294382170067204e-9
1.1530892374650503e-9
1.0022023203866442e-9
8.721901233819449e-10
7.593825998024122e-10
6.60788708280325e-10
5.739024453627901e-10
4.96515221699929e-10
4.264453108853119e-10
3.60809908269936e-10
2.901942695388026e-10
1.2922146048054378e-7
1.6934950269681606e-7
1.8750473753341731e-7
1.9640128250497894e-7
1.9998265715665324e-7
2.0022108598599587e-7
1.993883372897963e-7
1.9759255760826378e-7
1.9481783259725248e-7
1.915310773750714e-7
1.88250788587697e-7
1.8539967728250542e-7
1.8206837921377215e-7
1.7903315224656034e-7
1.7649958336273484e-7
1.7346843815418615e-7
1.704804803847348e-7
1.6838106836247903e-7
1.6579054489566912e-7
1.6394742965240765e-7
1.6179369938962708e-7
1.5961664809809032e-7
1.5711005611618674e-7
1.555516853268373e-7
1.5366376120982374e-7
1.5206101368086533e-7
1.4999520889565555e-7
1.4841476212781617e-7
1.4726748874656432e-7
1.4563989112836866e-7
1.4365240884832842e-7
1.4195400096136067e-7
1.406980306981389e-7
1.3912188404321694e-7
1.373170369623585e-7
1.3637401428074375e-7
1.349724991507912e-7
1.331860643594852e-7
1.3201678235051207e-7
1.3033855435276194e-7
1.2896399257620643e-7
1.2753596120446169e-7
1.257005002203859e-7
1.2464137379118146e-7
1.2264466535067153e-7
1.2162355133226508e-7
1.1997269635902195e-7
1.1865010779953393e-7
1.1700309766487835e-7
1.1564696365691333e-7
1.1422303423025743e-7
1.1279314951616003e-7
1.1133627051441573e-7
1.0994742534058273e-7
1.085313450728872e-7
1.0717195740051068e-7
1.0570018770061167e-7
1.0439322032329862e-7
1.0290329899275732e-7
1.0169434976194902e-7
1.0032817817476743e-7
9.898859953547327e-8
9.772046366463622e-8
9.635932363254504e-8
9.510178606547724e-8
9.382043861515394e-8
9.256929851853002e-8
9.132211570195792e-8
9.008735540042786e-8
8.888963270852734e-8
8.774190188922439e-8
8.651324600658827e-8
8.530309411057838e-8
8.425929858869611e-8
8.314093201956925e-8
8.19894356594515e-8
8.088935487899465e-8
7.978580205136504e-8
7.875719263609651e-8
7.771879868046384e-8
7.66158338955953e-8
7.558259605242194e-8
7.458527077507107e-8
7.362795627818791e-8
7.26597191815141e-8
7.168830989547747e-8
7.070609341503508e-8
6.974747500163432e-8
6.883968723518024e-8
6.795118308801842e-8
6.706368309426746e-8
6.619056414342956e-8
6.531785609562605e-8
6.442783016190794e-8
6.359523600824477e-8
6.277551535664521e-8
6.196168354581422e-8
6.116500483937198e-8
6.037284388590267e-8
5.958245262332091e-8
5.880780872673013e-8
5.805185914470097e-8
5.732002039536467e-8
5.6582312079510404e-8
5.586206682267838e-8
5.514426749538608e-8
5.44560312384821e-8
5.376398546232046e-8
5.307731396369469e-8
5.241462369726959e-8
5.176274755279719e-8
5.110826882422189e-8
5.047680997511576e-8
4.983945750885754e-8
4.92288291135446e-8
4.861985938079703e-8
4.8028959172803095e-8
4.7423530984092894e-8
4.684636514348116e-8
4.626760570590862e-8
4.57052377338689e-8
4.5159992813966686e-8
4.4600257735502956e-8
4.406345452850228e-8
4.3534893675185164e-8
4.301598463547564e-8
4.2495500649234844e-8
4.198781757447191e-8
4.149138731406411e-8
4.100080811995041e-8
4.051843640712788e-8
4.0042131856201954e-8
3.955974620875329e-8
3.909940198329972e-8
3.863780962720338e-8
3.818702996875843e-8
3.774126171969723e-8
3.730161375710056e-8
3.686906519444328e-8
3.644630634507692e-8
3.603019274173415e-8
3.561383912757852e-8
3.521031835542705e-8
3.48103483406312e-8
3.4415240887679634e-8
3.4026393077405946e-8
3.364826497954027e-8
3.3297610249581957e-8
3.2908814701924266e-8
3.2526314980108564e-8
3.2170168932203854e-8