3.6886707555036677e-13
4.064166077456892e-12
7.792597567216789e-12
1.1584577991608332e-11
1.5471131839316218e-11
1.948406159446853e-11
2.365625707562993e-11
2.8022397350672692e-11
3.2617301804275664e-11
3.748150661369675e-11
4.265399000672298e-11
4.817770835533775e-11
5.40987252079225e-11
6.046927288652027e-11
6.734077675482814e-11
7.477003198547534e-11
8.282344277128263e-11
9.156830896095251e-11
1.0107500485132853e-10
1.1142895504939483e-10
1.2271708991303804e-10
1.3503265995990238e-10
1.48470624526081e-10
1.6318033751776777e-10
1.792247317874266e-10
1.9681651109161248e-10
2.1604886336131408e-10
2.370899681871818e-10
2.601297832888012e-10
2.8534563154843354e-10
3.129552287246612e-10
3.432137552557389e-10
3.762509122138884e-10
4.124216071426681e-10
4.52062870332203e-10
4.954178673007169e-10
5.428365317522544e-10
5.945921791726982e-10
6.513987362464351e-10
7.133926948245114e-10
7.810353751732858e-10
8.550001776658315e-10
9.35677681715413e-10
1.0237687809841876e-9
1.119751496477628e-9
1.2242775921997798e-9
1.338178178427661e-9
1.4620007588423427e-9
1.596876782537254e-9
1.7431974789157003e-9
1.9021370662371816e-9
2.0743964370758608e-9
2.2610312528388574e-9
2.46302647768257e-9
2.681216464190098e-9
2.916742984787679e-9
3.170838403512157e-9
3.443780493921466e-9
3.738187323330961e-9
4.053531271508451e-9
4.391135974042281e-9
4.752472941895592e-9
5.138023175983628e-9
5.5484549099684525e-9
5.985301447035427e-9
6.448463888320979e-9
6.938399737537211e-9
7.455969326152684e-9
8.00031636742266e-9
8.571966643511288e-9
9.170957275408057e-9
9.796743679794665e-9
1.044867427831334e-8
1.1124981767407624e-8
1.1825517393822957e-8
1.2548366710110586e-8
1.3291232059253744e-8
1.4052696831606938e-8
1.4830003640474496e-8
1.5621654917977934e-8
1.642373263031076e-8
1.7233199206721855e-8
1.8047573517671435e-8
1.8862418455799872e-8
1.9673742989382646e-8
2.0477587954324103e-8
2.1271379939621676e-8
2.2044529199638395e-8
2.280375380851094e-8
2.3522217421096716e-8
2.4211928791938717e-8
2.4860937972925545e-8
2.5460842390392295e-8
2.6002326229967763e-8
2.6475819707187546e-8
2.6868479472690138e-8
2.716777840588514e-8
2.735656023181537e-8
2.7415050797860852e-8
2.7321681638963826e-8
2.704724442724821e-8
2.655904266188358e-8
2.5816722618757124e-8
2.4778818613622376e-8
2.339349079795633e-8
2.160767732344706e-8
1.938592776531896e-8
1.6717872024498324e-8
1.366392917415977e-8
1.0403060191797066e-8
7.275922487661535e-9
4.761079283753401e-9
3.331714729079513e-9
3.2755235547946153e-9
4.816683512188452e-9
9.299705873761713e-9
2.658030905815648e-8
3.3492106887563206e-7
1.2076690824863095e-7
1.679344996220576e-8
6.068875013645597e-9
2.9860404751475995e-9
1.7075895910578152e-9
1.0622484384774624e-9
6.919446509868552e-10
4.5617091315515757e-10
2.782237296723161e-10
6.937890052068912e-8
9.273887237479878e-8
1.0458176936919593e-7
1.1105045240230996e-7
1.1439515034056933e-7
1.1539215525855371e-7
1.1571299556792664e-7
1.1510514081664754e-7
1.1314289395063965e-7
1.1170559124560666e-7
1.1305160733861613e-7
1.0863690038609517e-7
1.0789778485514321e-7
1.030314047916761e-7
1.0349037782239355e-7
9.937674613198541e-8
9.63431212069347e-8
9.470993852912334e-8
9.534166511247305e-8
9.293754178693166e-8
8.910534014351338e-8
8.79319611020106e-8
8.516846478622011e-8
8.220876742321492e-8
8.161805870134162e-8
8.185137224682447e-8
7.999655190454438e-8
8.012477069577359e-8
7.667294011995587e-8
7.578922091610566e-8
7.616794011353649e-8
7.403116416872576e-8
7.202067983454548e-8
7.068100260434852e-8
7.032923633567355e-8
6.916556642718104e-8
6.796273691906567e-8
6.660791994187075e-8
6.593922249473464e-8
6.48571552783828e-8
6.37900081285907e-8
6.336770053204948e-8
6.212340584827215e-8
6.136229203406194e-8
5.9046440207098026e-8
5.929197068333281e-8
5.848231827873314e-8
5.7815405912760367e-8
5.673127449086062e-8
5.623581703428798e-8
5.606772884716141e-8
5.48994568995216e-8
5.400280757636183e-8
5.331463460021013e-8
5.287844381155639e-8
5.22809860108211e-8
5.176491720656143e-8
5.082067108995129e-8
5.0299265667009774e-8
4.9676929754222445e-8
4.906219059498053e-8
4.850955125601778e-8
4.794991213976951e-8
4.7357949545063035e-8
4.676679173967051e-8
4.628026381982747e-8
4.566703199973532e-8
4.5167758715094927e-8
4.4649063237618426e-8
4.4167003315326284e-8
4.3637714435736404e-8
4.3156812078510425e-8
4.267954680162806e-8
4.2159637206340285e-8