1.6715188251599882e-13
1.841308843536768e-12
3.5285637373313765e-12
5.241183676172134e-12
6.991203200644309e-12
8.791797236309968e-12
1.0655495306975904e-11
1.2596143283185688e-11
1.4628374848320975e-11
1.6767632098189053e-11
1.902875065115135e-11
2.1430906056645555e-11
2.3990788204523546e-11
2.672907307920965e-11
2.9667719873491587e-11
3.2831627521408776e-11
3.624104746185161e-11
3.9927400083971385e-11
4.3919518062525615e-11
4.824955183287655e-11
5.295535385412313e-11
5.807347293908291e-11
6.36467208065613e-11
6.972064518273469e-11
7.634650775914534e-11
8.358141298487509e-11
9.147968700590302e-11
1.0011766779111814e-10
1.0955943690405171e-10
1.1988865975386723e-10
1.3118570263403733e-10
1.4354872099033498e-10
1.570778597345066e-10
1.7189969858018274e-10
1.881215721944058e-10
2.058760610273993e-10
2.2531269810953806e-10
2.465983627713772e-10
2.6991450524974605e-10
2.954152721584003e-10
3.2333239226304043e-10
3.538736406753326e-10
3.8731216116009365e-10
4.2385836929954005e-10
4.638477618261269e-10
5.075239174230999e-10
5.553088658058441e-10
6.074752693204919e-10
6.643245813273307e-10
7.266317017323205e-10
7.945174867642521e-10
8.684396176449773e-10
9.490682256741704e-10
1.036839644810681e-9
1.132454093301612e-9
1.2364074203446838e-9
1.3492550271038353e-9
1.4717230708335158e-9
1.604942295077713e-9
1.7490018547578556e-9
1.9050704968184848e-9
2.073921230467261e-9
2.2563061171542656e-9
2.452935277464223e-9
2.6648693587404808e-9
2.8928423629735057e-9
3.137704326117624e-9
3.400472765940407e-9
3.6817640838543216e-9
3.982927543607e-9
4.303071831547735e-9
4.644413781434426e-9
5.0071177554403786e-9
5.391872920679637e-9
5.799132365103748e-9
6.227843351958691e-9
6.6795884193167464e-9
7.153880290605393e-9
7.65074250698446e-9
8.169698114334882e-9
8.710032895133325e-9
9.270758085785356e-9
9.851505376675443e-9
1.0450797232018074e-8
1.1066506672538173e-8
1.1698528226404348e-8
1.2343525539144116e-8
1.3000584817815957e-8
1.3666579716000923e-8
1.4339229258881974e-8
1.5016323617293932e-8
1.5694226207003087e-8
1.6369550445601007e-8
1.704103454405561e-8
1.7703629549069688e-8
1.8348124164165242e-8
1.897769492640071e-8
1.9584517345532987e-8
2.016262577954437e-8
2.070755559269173e-8
2.1210954782004324e-8
2.1666424524976283e-8
2.206482636929268e-8
2.2394724162901106e-8
2.2646806212020127e-8
2.2805155735394582e-8
2.2853197386807184e-8
2.2770641776113268e-8
2.2534224722601932e-8
2.2115683546096057e-8
2.1479426767636026e-8
2.058992418301101e-8
1.9405466633983813e-8
1.7881533487409937e-8
1.5990706694126182e-8
1.3730343602448772e-8
1.1162310275451058e-8
8.449698448028923e-9
5.8906635156232645e-9
3.887338023954514e-9
2.8194648759787792e-9
2.9099099539003724e-9
4.3762217489152645e-9
8.544400355859987e-9
2.5055799549660314e-8
3.773660943760199e-7
9.266637920600252e-8
1.3969047793613196e-8
5.134132171950147e-9
2.5381536457715213e-9
1.450235937338012e-9
8.969814969308358e-10
5.763875960256296e-10
3.6585947215385096e-10
4.864437408898022e-8
8.261202325837081e-8
9.744970184089166e-8
1.0532921685860663e-7
1.0930235263009823e-7
1.1142332423787665e-7
1.115939610980963e-7
1.1069133828518172e-7
1.0819762702405945e-7
1.0773896363712312e-7
1.0556679838001137e-7
1.0406139650448151e-7
1.020257427366207e-7
9.964451798729825e-8
9.903126178238112e-8
9.80692476795686e-8
9.384540423846881e-8
9.132849667551646e-8
8.992660878793066e-8
8.792690266319834e-8
8.527263457003653e-8
8.574946672633816e-8
8.155041952402807e-8
8.174008126024337e-8
8.008339546466633e-8
7.849582323127341e-8
7.799235929717581e-8
7.452332860418997e-8
7.192766136484193e-8
7.146998624959194e-8
7.300337474580457e-8
6.367319111613577e-8
6.820394889367829e-8
6.771917491860715e-8
6.571121408464303e-8
6.54567937924716e-8
6.45480659604235e-8
6.277308802763782e-8
6.225700300500698e-8
6.186812525096433e-8
6.123889605669797e-8
6.000818338504798e-8
5.8982127126392995e-8
5.758898495170327e-8
5.701528497125952e-8
5.60222353388063e-8
5.5723779030423024e-8
5.4866745430234615e-8
5.479444141124526e-8
5.344870829365072e-8
5.302707923365345e-8
5.189023186070053e-8
5.199671792695337e-8
5.119629787198923e-8
5.003603039867822e-8
4.981999564328826e-8
4.8990868277627724e-8
4.8522137012001944e-8
4.803684524268603e-8
4.722595182469656e-8
4.674426242334673e-8
4.6127863348471426e-8
4.5587562971107244e-8
4.509093768576273e-8
4.45918329765161e-8
4.399589644577087e-8
4.356536617395295e-8