1.053524688114829e-9
1.159062429977227e-8
2.2135449389210346e-8
3.2695805597316416e-8
4.3274355406008877e-8
5.387017153003381e-8
6.450297652923633e-8
7.511798758366426e-8
8.575009520390656e-8
9.635303657402213e-8
1.0691658848711145e-7
1.174240697863474e-7
1.2782233846860073e-7
1.3807672148130582e-7
1.4816251809124017e-7
1.5802383402961973e-7
1.6761971859192062e-7
1.7687335342412854e-7
1.857837313557514e-7
1.942770585870959e-7
2.0228698747242008e-7
2.0981131104093765e-7
2.16772479378332e-7
2.23132232787268e-7
2.2887713197131268e-7
2.339495083864023e-7
2.3830496805552516e-7
2.4190542946400556e-7
2.447068269030059e-7
2.4665752273439247e-7
2.476893186436596e-7
2.477459075246917e-7
2.4672945558109565e-7
2.445171533792063e-7
2.4099432437156403e-7
2.3594792713582082e-7
2.291583995012992e-7
2.2031968970547962e-7
2.0906508991774363e-7
1.94945869576423e-7
1.774644950724211e-7
1.5614054915112823e-7
1.3073627691753185e-7
1.0169991882535081e-7
7.091479172453056e-8
4.247217651470755e-8
2.2174079061707435e-8
1.4369603234646845e-8
1.879135724853407e-8
3.653400212740458e-8
1.0296772740944429e-7
1.0668116837888217e-6
6.67499285906156e-7
8.316394631428165e-8
3.000982301201826e-8
1.506311273190786e-8
8.894326706262063e-9
5.782839788876698e-9
4.0054102571100345e-9
2.8998622000490926e-9
2.1682028797355413e-9
1.6604698072777785e-9
1.2946007252131608e-9
1.0226400715992503e-9
8.150076363816608e-10
6.525581715556939e-10
5.222420308822692e-10
4.1437599877916164e-10
3.1970507582524254e-10
3.616506662481199e-8
1.0377414582197146e-7
1.314946182348381e-7
1.4727123185135751e-7
1.5664838114571303e-7
1.6225690310813187e-7
1.6526082197150941e-7
1.6646478809861743e-7
1.6654161385824608e-7
1.6567877282007578e-7
1.6459867204474193e-7
1.6299937508666812e-7
1.610675825747577e-7
1.5873543804779193e-7
1.5741505014011516e-7
1.5382435890314744e-7
1.5208830453015217e-7
1.4881040414996383e-7
1.4667299414473642e-7
1.4475332439368994e-7
1.4159106797788854e-7
1.3965361942425692e-7
1.3673341463038458e-7
1.3501906562709962e-7
1.3446885599126385e-7
1.3198796427064336e-7
1.2901505663319968e-7
1.2770746898053137e-7
1.2669899093324982e-7
1.2076715387335512e-7
1.219156697449797e-7
1.1849319687191152e-7
1.196671363987223e-7
1.1652862165233485e-7
1.1549965018802557e-7
1.1359938123749769e-7
1.1218667913787404e-7
1.1053633768198859e-7
1.0896077733956229e-7
1.0747327869625412e-7
1.059368708270045e-7
1.0484434477200178e-7
1.0354572466244374e-7
1.008227511439777e-7
9.995411249789843e-8
9.892640882849423e-8
9.807462881206842e-8
9.645806410985682e-8
9.53321266906745e-8
9.429534451674738e-8
9.095671585634164e-8
9.156283973380556e-8
9.018819265060047e-8
8.901535769603932e-8
8.774870249681956e-8
8.710990020045412e-8
8.559623403073308e-8
8.448351383858736e-8
8.364150573861316e-8
8.240223302566639e-8
8.137364026028588e-8
8.042977862866197e-8
7.925519868141408e-8
7.830647688284597e-8
7.726270417670676e-8
7.625608669584324e-8
7.52684533020979e-8
7.450789552686095e-8
7.346953792284328e-8
7.249730127522426e-8
7.155125799907169e-8
7.048387241158781e-8
6.979523453620216e-8
6.890035227629347e-8
6.806927603781312e-8
6.714044356087263e-8
6.631327816738642e-8
6.54006134132244e-8
6.463081379019471e-8
6.386696526549765e-8
6.309255821618619e-8
6.228253095289088e-8
6.14385861525538e-8
6.062286885733043e-8
5.995826563470391e-8
5.923445467825123e-8
5.8507882900887916e-8
5.7793773931017235e-8
5.7049463403824594e-8
5.632312428245049e-8
5.56809184644118e-8
5.5005128239114625e-8
5.434921194994892e-8
5.3672951632891723e-8
5.301941764360417e-8
5.238598837508286e-8
5.176914213971295e-8
5.114045430306656e-8
5.052993468721949e-8
4.992966545407302e-8
4.933955066456328e-8
4.874764176881199e-8
4.818439936957791e-8
4.762486290106532e-8
4.7057385111987036e-8
4.6509792653608054e-8
4.5964818919316486e-8
4.541934175117045e-8
4.490216889442378e-8
4.438511003247809e-8
4.388321118715502e-8
4.3384168185551614e-8
4.287606104966011e-8
4.2393918429809375e-8
4.1909638207599e-8
4.1426458227924466e-8
4.09575223660388e-8
4.0492050015574864e-8
4.002656984332603e-8
3.959185400872911e-8
3.914754981695076e-8
3.871019595470484e-8
3.8283543136999086e-8
3.786007279383026e-8
3.744126341868399e-8
3.702833042422011e-8
3.6621508614645684e-8
3.622419168042719e-8
3.5825314150305916e-8
3.543821813686389e-8
3.505345186095417e-8
3.467223324667937e-8