4.868472492485617e-12
5.365056091101699e-11
1.0291460196114272e-10
1.5311044259354424e-10
2.046967166184242e-10
2.5810255042248286e-10
3.138418821251383e-10
3.724145988842885e-10
4.343115773265702e-10
5.001435656592976e-10
5.702915234578736e-10
6.455626250171272e-10
7.26481331189749e-10
8.138414928363809e-10
9.0840528334034e-10
1.0104995879755863e-9
1.1218460171298126e-9
1.2425514767384233e-9
1.3738415456547528e-9
1.5165187573940716e-9
1.6721306053274682e-9
1.8412393617931574e-9
2.0257353541124693e-9
2.2263840098701697e-9
2.4451520414774756e-9
2.6827142062431674e-9
2.9418531309023914e-9
3.2226705739009427e-9
3.528315835375317e-9
3.8598519927998075e-9
4.219260079865579e-9
4.6086232391646875e-9
5.029829261930962e-9
5.484746795942843e-9
5.97722620312921e-9
6.504311450359565e-9
7.073155216733676e-9
7.684587605945139e-9
8.340995294251868e-9
9.039285030625223e-9
9.787582772521342e-9
1.0584703280379554e-8
1.143181140973782e-8
1.2329790472358127e-8
1.327903602748837e-8
1.4280754961959969e-8
1.5335781137228846e-8
1.6441506967415087e-8
1.7599073799603947e-8
1.88021969875892e-8
2.0054410539524905e-8
2.1350956453142754e-8
2.268837295168464e-8
2.406442053214323e-8
2.547411391218274e-8
2.6913313568730278e-8
2.8373079301589284e-8
2.985363942929448e-8
3.134527765471598e-8
3.284116036718514e-8
3.433403921239254e-8
3.581617290864107e-8
3.727996075337836e-8
3.871765058042417e-8
4.011851690124636e-8
4.147843871067057e-8
4.278301813184102e-8
4.400418328618767e-8
4.516167659129622e-8
4.621951947164216e-8
4.717258558898459e-8
4.800431045484763e-8
4.8692994853200256e-8
4.921708690044527e-8
4.955102018500735e-8
4.966282282988683e-8
4.948183357327963e-8
4.907747340088932e-8
4.827660268365011e-8
4.706183266968271e-8
4.534977612141539e-8
4.306192997562867e-8
4.009914451620445e-8
3.637693391501321e-8
3.184095288500486e-8
2.6527606494831438e-8
2.0652874933596875e-8
1.4713882419776316e-8
9.524887354585622e-9
6.034595497479043e-9
4.929363692463186e-9
6.506240504237494e-9
1.1989766379688402e-8
3.125452228410403e-8
2.3488699638758797e-7
3.6010150439122e-7
3.242741211916833e-8
1.0795850045217105e-8
5.166420492782031e-9
2.934361070032279e-9
1.8376959970097447e-9
1.2226476544555562e-9
8.444178019766228e-10
5.943380444881713e-10
4.1667862936048713e-10
2.704509655612394e-10
7.198480547836691e-8
9.957985705161588e-8
1.1422174501784916e-7
1.2262161449085676e-7
1.274162522209411e-7
1.3008082475750404e-7
1.3041863312261463e-7
1.2698292819883013e-7
1.247184788866738e-7
1.27563172407716e-7
1.227917851931309e-7
1.1899143963211455e-7
1.219667009380548e-7
1.1866538568614452e-7
1.1464472318093268e-7
1.1119163243766897e-7
1.130563609957461e-7
1.0926821438038892e-7
1.0768953177390985e-7
1.0404983278715354e-7
1.0476556368511638e-7
9.938879865079125e-8
9.807819983326945e-8
9.560172848551008e-8
9.721596422638548e-8
9.708501457251094e-8
9.731317734636256e-8
9.033639153430453e-8
8.941356405715472e-8
9.046261098498224e-8
8.759725735207364e-8
8.785826531553126e-8
8.505335465877122e-8
8.424251065996804e-8
8.174230241765677e-8
8.133355690976903e-8
7.909565436733259e-8
7.68293037217176e-8
7.695927203634973e-8
7.63301409954398e-8
7.486039225099824e-8
7.378546603938354e-8
7.307247826940667e-8
7.272216013108918e-8
7.095077767361409e-8
7.051514601288965e-8
6.884077325377235e-8
6.836557961682993e-8
6.625145540226092e-8
6.652334176268326e-8
6.557441953364137e-8
6.467243359768174e-8
6.383888102066644e-8
6.331691986537027e-8
6.184265724807539e-8
6.134858270208976e-8
6.100391540049931e-8
6.00007923135382e-8
5.91477945108686e-8
5.848587357709582e-8
5.768947246826506e-8
5.704730759642488e-8
5.644245276330561e-8
5.5747933800892276e-8
5.504827254189816e-8
5.432786015704366e-8
5.366368399333282e-8
5.311381680674015e-8
5.2484663252762326e-8
5.1790425289242126e-8
5.118024349716306e-8
5.058322243615841e-8
5.0042270953765616e-8
4.946339310709759e-8
4.887739709901088e-8
4.828973668249952e-8
4.776894501545476e-8
4.721701204295913e-8
4.6674467083256667e-8
4.618502152124877e-8
4.562671904408495e-8
4.509373480134834e-8
4.46013962762354e-8
4.411864350896104e-8
4.363573504335063e-8
4.3161626616204326e-8
4.266868044905804e-8
4.2182868286225144e-8
4.1725138986824964e-8
4.1283940011414915e-8
4.085923710347182e-8
4.0411556616635203e-8
3.997791009687155e-8
3.9549398062882006e-8
3.912232366687543e-8