1.473592195084118e-8
7.454003920694569e-8
3.805613649969227e-9
5.90751996198326e-9
8.38082457554155e-9
1.1443312708220935e-8
1.5430859041539057e-8
2.090410002865724e-8
2.8873636880790414e-8
4.133294970218139e-8
6.269867162646206e-8
1.0448133276459077e-7
2.0521671583673327e-7
5.683263935752131e-7
5.062965132557607e-6
5.062177972384947e-6
5.542450515902721e-7
1.9647267076396197e-7
9.852279740600282e-8
5.847161955820982e-8
3.8335792653739856e-8
2.6839820952495153e-8
1.9684458472821586e-8
1.4943368198304014e-8
1.1649558673032501e-8
9.274710061499612e-9
7.510567559496633e-9
6.167574867445091e-9
5.1240474132880265e-9
4.299018661438667e-9
3.6369551207742514e-9
3.0987618657307645e-9
2.6562872792369404e-9
2.288854141729011e-9
1.981006453904744e-9
1.7210086247469394e-9
1.4998230734274987e-9
1.3103994168050553e-9
1.1471709068492194e-9
1.0056911592936215e-9
8.823669845826875e-10
7.742571584132692e-10
6.78914941812972e-10
5.942550176506197e-10
5.184202187630006e-10
4.495929497322307e-10
3.8553932946822193e-10
3.211986081882787e-10
1.1298495494186525e-7
1.685329629791978e-7
1.918156038990218e-7
2.0236375995603743e-7
2.0643489587265109e-7
2.0696507205566674e-7
2.054449829916513e-7
2.0307677454042977e-7
1.9949555317721618e-7
1.9624292920615273e-7
1.9270343897811524e-7
1.8830624512385454e-7
1.8505059427002255e-7
1.81910197856108e-7
1.7908508360859058e-7
1.7546406928810584e-7
1.731760830276442e-7
1.7043433151258187e-7
1.6766196945952943e-7
1.6579281877171545e-7
1.63575795617397e-7
1.6135367413413596e-7
1.5911823685749305e-7
1.5742882402994065e-7
1.5574624208609246e-7
1.5414843242189752e-7
1.525805620320759e-7
1.5075101605867853e-7
1.4873643069384904e-7
1.4794383665811499e-7
1.4647260395069338e-7
1.4463298449837144e-7
1.4285665018140356e-7
1.41754923353626e-7
1.4022350810471224e-7
1.384826748571722e-7
1.3758372751969205e-7
1.3619199575407753e-7
1.3450353472798774e-7
1.3330794806697893e-7
1.3168836291079036e-7
1.3024093338837602e-7
1.2891024330769032e-7
1.272271991809208e-7
1.2595872372130432e-7
1.2415701157257022e-7
1.2293321095275947e-7
1.2138353749135866e-7
1.1995213325082077e-7
1.1839285236033897e-7
1.1692708167568517e-7
1.1550935823313857e-7
1.1404992471616627e-7
1.1250612365669338e-7
1.1120575994398125e-7
1.0971849449277372e-7
1.0836586492600985e-7
1.0672355524191918e-7
1.0557885470561963e-7
1.0409937853193848e-7
1.0279992321166761e-7
1.0144328551617884e-7
1.0003778915912256e-7
9.870472607303423e-8
9.735224160834331e-8
9.614324567486437e-8
9.481141598023287e-8
9.352918940499312e-8
9.221199067133418e-8
9.105714957877325e-8
8.974887212273935e-8
8.863467526584924e-8
8.744145233116943e-8
8.609142125565558e-8
8.508051825655586e-8
8.395517924166471e-8
8.280690594497094e-8
8.168195100989104e-8
8.05534770766589e-8
7.951052560526732e-8
7.845283454456328e-8
7.737022254643809e-8
7.626385129734154e-8
7.525210575266707e-8
7.430509576123444e-8
7.332053955930965e-8
7.235030249785226e-8
7.13563589736655e-8
7.036578346506826e-8
6.944956619772907e-8
6.854721478924155e-8
6.764954909430511e-8
6.676877146841935e-8
6.587888908125191e-8
6.499435622535264e-8
6.410784831688445e-8
6.326799613459222e-8
6.246715024274818e-8
6.16627378146819e-8
6.086850776981177e-8
6.007024432796981e-8
5.927951028524644e-8
5.8504739924067245e-8
5.775687542396126e-8
5.70203501316958e-8
5.6289504568384244e-8
5.557127216714448e-8
5.4846002134378363e-8
5.4168645482968223e-8
5.34723729867928e-8
5.2791492462209115e-8
5.2132965703054115e-8
5.1478074372295984e-8
5.0819264048363674e-8
5.019091045608583e-8
4.956121562620595e-8
4.895041606710847e-8
4.8338655014072856e-8
4.774642904103782e-8
4.716173146126154e-8
4.6569856768226914e-8
4.600086584132413e-8
4.5435327539611337e-8
4.488676922506987e-8
4.434372042907979e-8
4.380779757039795e-8
4.326492851016342e-8
4.2750956279911166e-8
4.223668404970918e-8
4.1722582320383775e-8
4.122613505012355e-8
4.073743478750556e-8
4.026239841560728e-8
3.9781955453913694e-8
3.931048890035671e-8
3.884895809445356e-8
3.839547411617223e-8
3.7943145639931354e-8
3.750158827483589e-8
3.706338261406623e-8
3.66348156150466e-8
3.621091765939673e-8
3.5790455209400376e-8
3.5381586126962793e-8
3.4967874024789205e-8
3.45815817319405e-8
3.418851086758642e-8
3.380213986931427e-8
3.3425776223306736e-8
3.3054063112264803e-8
3.267792910274583e-8
3.230443867594887e-8
3.1952661927286245e-8