1.7691862624687668e-14
1.9465006495407046e-13
3.7180680668214006e-13
5.493435874487357e-13
7.274453454879205e-13
9.063021794337188e-13
1.086110403207512e-12
1.2670698973725267e-12
1.4494009925724573e-12
1.6333237966182636e-12
1.8190719954373042e-12
2.0069182337613778e-12
2.1971109886840366e-12
2.3899385983177027e-12
2.5857220679647824e-12
2.7848042849572214e-12
2.987530534212656e-12
3.194321220544449e-12
3.405621763032744e-12
3.621852707764082e-12
3.843554854841489e-12
4.071266130644591e-12
4.305601358984963e-12
4.547276750972288e-12
4.796915333037186e-12
5.0553731723575185e-12
5.323503040895514e-12
5.602509026221837e-12
5.893052067417362e-12
6.196175551230363e-12
6.513682532700489e-12
6.846594671044536e-12
7.19653309654875e-12
7.565285924221579e-12
7.954284122850283e-12
8.365452032947676e-12
8.801769954895913e-12
9.265668475418174e-12
9.758788364896722e-12
1.0284986073245958e-11
1.0846627860398769e-11
1.1448136496377954e-11
1.2092499634741945e-11
1.2784459885753859e-11
1.3528580703506577e-11
1.4330560347082469e-11
1.5194332298905783e-11
1.612800714584685e-11
1.7137099923528104e-11
1.822885075258262e-11
1.941284480182856e-11
2.0696761238726882e-11
2.2090654538269192e-11
2.360452967820062e-11
2.5251765174824097e-11
2.7043326493813874e-11
2.8995251364646632e-11
3.112116402670275e-11
3.344072899111498e-11
3.5968722516274884e-11
3.872815541422389e-11
4.174040529972298e-11
4.502919719034567e-11
4.862307807792443e-11
5.254992058130244e-11
5.6843308178625696e-11
6.153490969475315e-11
6.666603496729084e-11
7.227314277139981e-11
7.841135448002821e-11
8.512052325141905e-11
9.24619301045578e-11
1.0048840610363519e-10
1.0926485261945897e-10
1.1887022195034245e-10
1.2937103569344973e-10
1.408548129493307e-10
1.5340677911728162e-10
1.6713044002026483e-10
1.8213263656598424e-10
1.985262362785638e-10
2.1682782401693854e-10
2.364219959233609e-10
2.573236998931493e-10
2.8099771864666276e-10
3.0645094405009973e-10
3.3378297857824346e-10
3.639880522974718e-10
3.9692365587575685e-10
4.327685586724858e-10
4.717588587688057e-10
5.142089606487095e-10
5.603098897093458e-10
6.103718362352865e-10
6.647334476003378e-10
7.236396672511122e-10
7.875173103621402e-10
8.565901466835806e-10
9.312661353582908e-10
1.0119355807279093e-9
1.0989393091437293e-9
1.192703374098395e-9
1.293536305650784e-9
1.4018734709489006e-9
1.518139113688143e-9
1.6426635217111494e-9
1.77582939412291e-9
1.9179772659317653e-9
2.069380301488329e-9
2.230521170222202e-9
2.4016087866536596e-9
2.5824975840470425e-9
2.7739500599810656e-9
2.975771970841233e-9
3.188132063763848e-9
3.4109736411517956e-9
3.6443389372818623e-9
3.888001217336459e-9
4.142003726520398e-9
4.4055808790378944e-9
4.6785995551199525e-9
4.960629179611483e-9
5.25093405730533e-9
5.54897487127854e-9
5.85389921629022e-9
6.164603967567639e-9
6.48084047142044e-9
6.800886738718342e-9
7.123397122430191e-9
7.448287756224851e-9
7.772647280545724e-9
8.094369935124471e-9
8.412987140447815e-9
8.727701736391855e-9
9.034190591700658e-9
9.330839522815252e-9
9.614934075172514e-9
9.883405524883975e-9
1.0132706850565881e-8
1.0358641022745017e-8
1.0556815556646566e-8
1.0721654911596428e-8
1.0846431411143218e-8
1.0923924469513175e-8
1.0944718611819462e-8
1.0897831673546966e-8
1.077105460626801e-8
1.0548575420119269e-8
1.0212544415330652e-8
9.744177039698566e-9
9.123005928160196e-9
8.331161870652536e-9
7.360562123772067e-9
6.2224878853008725e-9
4.966263724141282e-9
3.696856315319446e-9
2.5782017142673657e-9
1.8022249694684327e-9
1.52332652196104e-9
1.8317663355082252e-9
2.9230685695941607e-9
5.911891985868787e-9
1.8979361120428703e-8
6.636174119255782e-7
3.772635616924588e-8
7.005130534199637e-9
2.686135828748727e-9
1.3325830439938458e-9
7.443123570061884e-10
4.297119332916072e-10
4.2709774825993923e-8
7.452310279518837e-8
8.643341162359986e-8
9.177338140782215e-8
9.399448114909532e-8
9.457855236629615e-8
9.38769654333979e-8
9.25675304234738e-8
9.098318990730761e-8
8.892054418355255e-8
8.734465731404836e-8
8.530635729270263e-8
8.453684917830613e-8
8.208992693310903e-8
8.050721531585912e-8
7.902662324408764e-8
7.553190637051549e-8
7.395790404039736e-8
7.156609712162595e-8
7.071735853959933e-8
6.765762775931451e-8
6.756305055044046e-8
6.665960819271358e-8
6.236083999695432e-8
6.176084413301184e-8
6.257907461070022e-8
6.102721237194127e-8
5.738848101945434e-8
5.856111739824742e-8
5.798110416146641e-8
5.6223079707671975e-8