0.	0.	0.	0.	0.	0.	0.	0.	0.	0.	0.	0.	0.	0.	0.	0.	0.	0.	0.	0.	0.	0.	0.	0.	0.	0.	0.	0.	0.	0.	0.	0.	0.	0.	0.	0.	0.	0.	0.	0.	0.	0.	0.	0.	0.	-96326.18338307526	-148461.55555102453	-190060.37022046285	-227223.58383486723	-262230.9970053542	-295622.4076595885	-328117.88291546714	-360166.4128960927	-392080.861853754	-423726.94723289256	-455428.0883435011	-486945.9883120152	-518886.2698793947	-550887.5551772497	-582908.850637727	-615581.8573860318	-648267.7427984409	-681575.265944906	-714933.5828832806	-748816.1210448325	-783004.9842632757	-817699.9720078273	-852796.8953428147	-888164.3444314653	-923846.4223030425	-960459.9775886638
-8.416923609390118	0.	0.	0.	0.	0.	0.	0.	0.	0.	0.	0.	0.	0.	0.	0.	0.	0.	0.	0.	0.	0.	0.	0.	0.	0.	0.	0.	0.	0.	0.	0.	0.	0.	0.	0.	0.	0.	0.	0.	0.	0.	0.	0.	0.	-95525.01957330102	-147803.05792088652	-189627.74643052177	-226794.99071545384	-261776.66875390228	-295131.4178295387	-327967.0933548823	-360007.18807771476	-391654.70300633216	-423387.181864978	-454887.8073755076	-486581.77620645036	-518241.05131919053	-550324.3362981364	-582708.58426204	-615225.8956539972	-648059.3636593617	-681363.1795428495	-714718.111727337	-748597.4248377836	-782783.2745916535	-817383.7863662572	-852569.604155887	-887934.527983284	-923614.2418481893	-960225.4331268156
-16.21740318972609	-100.63416071212586	0.	0.	0.	0.	0.	0.	0.	0.	0.	0.	0.	0.	0.	0.	0.	0.	0.	0.	0.	0.	0.	0.	0.	0.	0.	0.	0.	0.	0.	0.	0.	0.	0.	0.	0.	0.	0.	0.	0.	0.	0.	0.	0.	-93102.74197276472	-146207.78170411286	-188187.63233809004	-225574.86343986067	-260684.4618047163	-294120.8269764746	-326851.37364939624	-358840.7232446699	-390772.40027480014	-422308.297271624	-453957.19974285393	-485776.66024491726	-517732.22369897354	-549307.8492396971	-581705.7724689061	-614475.9231842355	-647061.0293266831	-680279.9874313337	-713671.3770676408	-747609.1464729644	-782192.0488004237	-816537.2566525805	-851429.5237400283	-887128.5542558228	-922995.0939684287	-959065.4560666629
-23.94496475174037	-208.51497051410826	-159.20569164682806	0.	0.	0.	0.	0.	0.	0.	0.	0.	0.	0.	0.	0.	0.	0.	0.	0.	0.	0.	0.	0.	0.	0.	0.	0.	0.	0.	0.	0.	0.	0.	0.	0.	0.	0.	0.	0.	0.	0.	0.	0.	0.	-89388.47396191054	-143623.1663210364	-186174.61977186595	-223701.68556471175	-258821.5779637381	-292364.83583745	-325246.7699606721	-357467.60925605736	-389080.8903469383	-420758.27246957715	-452601.4202986763	-484311.77406479296	-516082.62730273476	-548032.9510132293	-580425.149534567	-612831.1455910936	-645816.0999133548	-678904.9803763476	-712372.8628317314	-746284.850554357	-780641.9866690096	-815163.3939193073	-850413.1443249041	-885703.9062751381	-921348.6352780984	-957924.5729342649
-31.609975127101627	-305.7928333939068	-385.4790699174707	-188.75605444265713	0.	0.	0.	0.	0.	0.	0.	0.	0.	0.	0.	0.	0.	0.	0.	0.	0.	0.	0.	0.	0.	0.	0.	0.	0.	0.	0.	0.	0.	0.	0.	0.	0.	0.	0.	0.	0.	0.	0.	0.	0.	-84033.89723902536	-140036.14461377772	-183092.31913192564	-221048.89998655312	-256342.75958940337	-290209.43384238833	-322981.60252102057	-355280.1176788709	-386983.95902255864	-418715.57331201417	-450339.7254323803	-482343.4507211705	-514136.9631089645	-546152.9465596854	-578365.2421765223	-611123.1804734542	-643845.2047621971	-676982.6111724315	-710465.2295849207	-744488.2731693415	-778745.4909703576	-813300.4436048123	-848321.005293526	-883777.4265866418	-919956.5200766723	-955936.9129210999
-39.20181708579631	-397.4745814485282	-594.3115489564741	-523.2474579555417	-200.56928840139807	0.	0.	0.	0.	0.	0.	0.	0.	0.	0.	0.	0.	0.	0.	0.	0.	0.	0.	0.	0.	0.	0.	0.	0.	0.	0.	0.	0.	0.	0.	0.	0.	0.	0.	0.	0.	0.	0.	0.	0.	-76288.76402486711	-135289.6495956917	-179070.30458445035	-217602.76850999918	-253008.60954605867	-286986.6811930312	-320105.30609308375	-352252.18510057294	-384362.53830414143	-415939.830705917	-447757.9143120037	-479606.1874143929	-511562.5237075531	-543430.4993618625	-576103.972837696	-608577.6654207661	-641270.6337385982	-674710.3937361788	-707983.157619393	-741696.77806067	-776160.7134765894	-810997.6737239626	-845821.3397210764	-881331.8420937496	-917177.0737871293	-953691.3721419373
-46.70639833874172	-485.6287125253417	-787.9094474324603	-850.428771745489	-624.6618648349126	-201.92967662481664	0.	0.	0.	0.	0.	0.	0.	0.	0.	0.	0.	0.	0.	0.	0.	0.	0.	0.	0.	0.	0.	0.	0.	0.	0.	0.	0.	0.	0.	0.	0.	0.	0.	0.	0.	0.	0.	0.	0.	-66297.27924595003	-129217.22047844176	-174197.59140047536	-213192.29377263354	-249163.40654070102	-283256.9791710833	-316488.6615930792	-348863.6900185094	-380896.0520316075	-412769.98645186855	-444761.0071174506	-476570.2279298957	-508229.5745985924	-540560.392607713	-572832.4514301538	-605367.9674237259	-638167.4133813253	-671770.9480753171	-704898.7708749363	-739115.0068116444	-773121.1190178795	-807720.4298933015	-843175.0099058035	-878314.1115849761	-914277.4669508054	-950748.0627668382
-54.10894587275409	-571.1394993845092	-970.362048865346	-1157.1243994438837	-1066.1925141329216	-696.5812053832359	-197.2338695346089	0.	0.	0.	0.	0.	0.	0.	0.	0.	0.	0.	0.	0.	0.	0.	0.	0.	0.	0.	0.	0.	0.	0.	0.	0.	0.	0.	0.	0.	0.	0.	0.	0.	0.	0.	0.	0.	0.	-51915.458036782715	-121744.1450378743	-168335.94447334713	-207974.42827463275	-244526.38706132592	-278803.9438207574	-312039.24249609624	-344877.54269985907	-376889.4416250878	-408820.4799609058	-440639.3885272706	-472565.8052635286	-504541.4824928144	-536897.2324724713	-569067.1226685339	-601903.5593341368	-634748.7540021088	-667955.4422549289	-701544.8610717825	-735463.1151920877	-769568.3738072405	-804349.2069789984	-839463.681947721	-875249.3924007799	-910734.5980412519	-947149.8585752135
-61.394788052686984	-654.3947486859281	-1144.2759157232194	-1445.2262331058598	-1489.1702915574792	-1243.1666071161208	-745.4849352968076	-189.1390933737403	0.	0.	0.	0.	0.	0.	0.	0.	0.	0.	0.	0.	0.	0.	0.	0.	0.	0.	0.	0.	0.	0.	0.	0.	0.	0.	0.	0.	0.	0.	0.	0.	0.	0.	0.	0.	0.	-27712.15920411226	-112961.61167580613	-161524.9352223441	-202149.0559540686	-238925.22211499893	-273778.18065683416	-307337.58425452665	-339944.7490592197	-372434.9471719961	-404226.3067700927	-436457.28648459335	-468339.28827635193	-500356.29824356455	-532394.62355101	-565209.3414773698	-597616.6872224835	-630655.1551640445	-664001.0524996924	-697503.0562694065	-731627.156913084	-765632.8245009392	-800453.3843973795	-835474.6710891235	-871097.6053356831	-907171.6384895795	-943538.2493632638
-68.54966695235512	-735.5517087771877	-1311.1879754774286	-1717.7371392968166	-1888.9848276115686	-1780.110674443727	-1385.7152384655337	-776.683673135896	-179.26626515147916	0.	0.	0.	0.	0.	0.	0.	0.	0.	0.	0.	0.	0.	0.	0.	0.	0.	0.	0.	0.	0.	0.	0.	0.	0.	0.	0.	0.	0.	0.	0.	0.	0.	0.	0.	0.	0.	-102011.4684905458	-153395.23128288615	-195185.59689917215	-232586.72966631	-267846.58352498006	-301778.18637624104	-334590.6655134121	-367088.2651785161	-399391.33609425795	-431371.6635563508	-463545.6806694758	-495449.09414269106	-527728.5710088031	-560352.1779894849	-592951.7460359802	-625929.0766690605	-659479.5695750763	-692909.3203902816	-726871.6431137016	-761190.9808125249	-796169.3969474271	-831142.1907787601	-866667.7281274461	-902573.8236113067	-938868.444242891
-75.55990166102302	-814.6519901623681	-1471.9935909783349	-1977.0065715207847	-2266.972017146034	-2293.16077819135	-2031.0007787626637	-1498.7105723674758	-794.3491541316813	-168.60995605475182	0.	0.	0.	0.	0.	0.	0.	0.	0.	0.	0.	0.	0.	0.	0.	0.	0.	0.	0.	0.	0.	0.	0.	0.	0.	0.	0.	0.	0.	0.	0.	0.	0.	0.	0.	0.	-88541.45307812218	-144006.46875204545	-187276.15492311437	-225535.78922882516	-261316.98535425524	-295528.1852856058	-328619.7244901372	-361317.8762406614	-393518.88483292016	-425677.1314973212	-458051.011293786	-490209.0221226738	-522439.80777660327	-555008.1656999701	-587752.6156912947	-620819.3170963326	-653927.0871249533	-687775.3061339747	-721569.4318790577	-756011.7060347168	-790928.4080607862	-826012.9321225411	-861474.8341727989	-897434.622830777	-933749.2656840131
-82.41249187730507	-891.676493889322	-1627.2069323525384	-2224.676201704855	-2625.331680017116	-2780.039605425127	-2655.5286284588014	-2244.9039399490307	-1586.7363569806955	-801.7126872627907	-157.77950986606908	0.	0.	0.	0.	0.	0.	0.	0.	0.	0.	0.	0.	0.	0.	0.	0.	0.	0.	0.	0.	0.	0.	0.	0.	0.	0.	0.	0.	0.	0.	0.	0.	0.	0.	0.	-71146.94822962538	-132968.0733285816	-178151.05921857417	-217602.76850999918	-253859.18054692706	-288464.24589958804	-321897.73757441854	-354759.7350000889	-387427.238893374	-419732.2250850991	-451883.5099273963	-484250.03111544106	-516722.737973357	-549071.8862323923	-581772.4741759246	-615089.587759702	-648267.7427984409	-681928.7432815123	-716187.4014921796	-750521.6886905115	-785053.622485379	-820314.737040011	-855676.4483117831	-892118.9166573209	-928253.6481757025
-89.09519185591842	-966.5739350670631	-1777.1119694673594	-2461.854976676391	-2966.018977751405	-3241.682269463591	-3251.8639165746627	-2976.9557476766167	-2425.5586773020823	-1653.8410933423745	-801.2677214584239	-147.14369952522068	0.	0.	0.	0.	0.	0.	0.	0.	0.	0.	0.	0.	0.	0.	0.	0.	0.	0.	0.	0.	0.	0.	0.	0.	0.	0.	0.	0.	0.	0.	0.	0.	0.	0.	-45666.65236965515	-120253.94724711248	-168016.552974201	-208704.5832314159	-245456.10099251798	-280587.48825204186	-314397.9922863009	-347627.46477122075	-380208.67106715415	-412769.98645186855	-445057.6330891811	-477601.63648290036	-509938.44210913935	-542711.0692858502	-575438.8556835133	-608713.4328398794	-642098.8761914212	-675908.7327824779	-710035.1660588344	-744415.4981969446	-779040.665865025	-814490.2617557202	-849729.1580993725	-885780.4580063021	-922453.3395734554
-95.59656630973083	-1039.2767114224362	-1921.8515353435473	-2689.2806410908906	-3290.562904478773	-3679.73190087881	-3818.646334365012	-3681.1687920828163	-3259.798433476685	-2576.7712399517313	-1703.500391402708	-794.9388716943977	-136.91932714832654	0.	0.	0.	0.	0.	0.	0.	0.	0.	0.	0.	0.	0.	0.	0.	0.	0.	0.	0.	0.	0.	0.	0.	0.	0.	0.	0.	0.	0.	0.	0.	0.	0.	0.	-104880.64329666732	-156494.8458603817	-198553.19227879198	-236569.2528096227	-272244.895039304	-306303.4378037314	-339842.0776847283	-372597.2282384658	-405462.53078393434	-437974.4517860827	-470279.1010193384	-503151.8668682356	-535551.5610979672	-568736.5004576863	-601903.5593341368	-635248.01712321	-669109.7406673128	-703082.9909548924	-737688.3203426235	-772468.4834037955	-807496.6847161303	-843326.0758651936	-879272.1843251272	-915572.3863951679
-101.90603327107314	-1109.7102188540057	-2061.481489707297	-2907.437904345724	-3600.1075188877576	-4095.7932249904284	-4356.550882482645	-4353.031397397689	-4068.78124801568	-3507.061838373777	-2702.144281595951	-1738.6569308568228	-784.2143444256433	-127.22651535206597	0.	0.	0.	0.	0.	0.	0.	0.	0.	0.	0.	0.	0.	0.	0.	0.	0.	0.	0.	0.	0.	0.	0.	0.	0.	0.	0.	0.	0.	0.	0.	0.	0.	-85883.44287420069	-143123.24055261022	-187426.0004307221	-226355.18075033987	-262741.2555836353	-297541.1242518717	-331188.2520554015	-364405.18012368225	-397322.8931868987	-429996.5177201549	-462695.4292311046	-495324.3587447345	-528311.9321318206	-561192.0352321628	-594300.3633030232	-627934.3530747673	-661642.3670217212	-695970.1920616294	-730360.5630548268	-765265.8258877724	-800453.3843973795	-835851.2823030526	-871859.7201517863	-908327.4669775257
-108.0138963197147	-1177.7985870272673	-2196.004717192663	-3116.6404116358935	-3895.4944388854874	-4491.23435266838	-4866.848141838544	-4991.647113120629	-4844.181479673695	-4416.664418018712	-3721.9529861629517	-2804.966680553165	-1761.7850269896087	-770.2473413122391	-118.12376656683821	0.	0.	0.	0.	0.	0.	0.	0.	0.	0.	0.	0.	0.	0.	0.	0.	0.	0.	0.	0.	0.	0.	0.	0.	0.	0.	0.	0.	0.	0.	0.	0.	-59658.24635744974	-127969.90955438718	-175078.63954175392	-215399.85576848674	-252518.6094582865	-287944.61789896054	-322085.1399153027	-355438.1604966415	-388412.60805063933	-421453.5941919874	-454249.08992472803	-487007.8777255076	-520025.24204426835	-553057.771875968	-586353.9344146133	-619834.9095531524	-653787.7462253902	-688069.4291448664	-722514.6267137475	-757518.694731941	-792770.358754991	-828332.450513406	-864469.1755537922	-900863.349019027
-113.91136749937033	-1243.4683243909274	-2325.3930916216677	-3317.0870943780938	-4177.339801758113	-4867.1657241108915	-5350.878263312033	-5597.541226494526	-5583.0159544016005	-5292.957497757038	-4727.354736227317	-3907.6436013274115	-2888.1817394995846	-1774.9583268609776	-753.9331422988788	-109.6304836979511	0.	0.	0.	0.	0.	0.	0.	0.	0.	0.	0.	0.	0.	0.	0.	0.	0.	0.	0.	0.	0.	0.	0.	0.	0.	0.	0.	0.	0.	0.	0.	0.	-109622.86602366726	-160902.4880608069	-203319.46324231807	-241339.45446664107	-277406.18867141067	-311990.50155804586	-345826.5781611677	-379386.74328007095	-412256.39714565466	-445116.9582834586	-478339.68702845013	-511435.9933065717	-544347.6795807553	-577712.8586629269	-611463.1465220556	-645396.7175312834	-679856.1371365293	-714430.81685265	-749268.0706800102	-784535.9236573981	-820164.8805565485	-856566.406763102	-892732.6365212214
-119.59058177917314	-1306.6506906543646	-2449.6020165683235	-3508.9011137966263	-4446.096083722634	-5224.472928865767	-5809.869401172573	-6171.750573177064	-6284.686770145656	-6130.453307597832	-5701.106979145417	-5003.63050208727	-4067.1479779442006	-2954.3931025122815	-1779.9123495644967	-735.9676754121531	-101.74158069410169	0.	0.	0.	0.	0.	0.	0.	0.	0.	0.	0.	0.	0.	0.	0.	0.	0.	0.	0.	0.	0.	0.	0.	0.	0.	0.	0.	0.	0.	0.	0.	-87016.33968659371	-144858.0430915444	-189661.9568769475	-229383.5423052225	-266172.5006288327	-301259.03255992517	-335501.7688376404	-369077.116671821	-402599.5966143215	-435663.14393838414	-468661.0941006454	-501776.5321327232	-535293.5572816752	-568802.6248998803	-602309.154587248	-636555.3406765683	-670746.5485798802	-705359.201553888	-740436.8590370584	-775792.1662828804	-811371.1298538714	-847574.8128297421	-883930.435078793
-125.0446037215718	-1367.2832553712947	-2568.58023726247	-3692.157036807698	-4702.09929872393	-5563.86108782291	-6244.890196115235	-6715.439403488175	-6949.657540205499	-6927.101936290988	-6634.893338975866	-6070.868703029557	-5248.316459898	-4203.265023143658	-3005.887896578438	-1778.0992080618694	-716.8921433254532	-94.43702556113246	0.	0.	0.	0.	0.	0.	0.	0.	0.	0.	0.	0.	0.	0.	0.	0.	0.	0.	0.	0.	0.	0.	0.	0.	0.	0.	0.	0.	0.	0.	-54732.5577170235	-126620.90259152204	-174753.2870780715	-215986.3547771928	-253859.18054692706	-289699.06211151334	-324399.04219974997	-358515.9648002555	-392080.861853754	-425503.03041913925	-458834.01681390917	-492065.5233294191	-525483.2170728837	-559224.8545114539	-592884.5408279514	-626882.5307691541	-661362.5141652287	-696041.3910301136	-730794.526373734	-766460.206825286	-802040.2789125285	-838525.9442823459	-874979.7712964942
-130.2674269429615	-1425.3109137409815	-2682.276548028631	-3866.8999882208213	-4945.604350034821	-5885.896695553009	-6656.853662817454	-7229.742073221643	-7578.838963179494	-7682.545424259726	-7524.937107169594	-7097.973778845306	-6404.7225522442195	-5464.170023210448	-4318.556340718624	-3044.66664323425	-1770.7342228592051	-697.1271714028061	-87.68809412634997	0.	0.	0.	0.	0.	0.	0.	0.	0.	0.	0.	0.	0.	0.	0.	0.	0.	0.	0.	0.	0.	0.	0.	0.	0.	0.	0.	0.	0.	0.	-104449.48570152112	-157858.8235645328	-201404.34297759391	-240511.7839719605	-277360.99373210716	-312489.60773674	-347103.7441047039	-380896.0520316075	-414401.53970163094	-448047.7906353541	-481553.312136185	-515028.07837889093	-548876.3478660493	-582708.58426204	-616937.9139668775	-651168.0789365808	-686064.5668601946	-721137.2251463368	-756304.166921962	-792473.6078561165	-828407.5894919937	-865183.6592143083
-135.2539669349067	-1480.686526096556	-2790.6444033224016	-4033.1592552190687	-5176.811323929192	-6191.042956933996	-7046.5388675803115	-7715.706210152068	-8173.29983390716	-8397.257425299671	-8369.839805797448	-8079.220477985276	-7521.74759966301	-6705.2309556842165	-5653.817262137756	-4415.344421830703	-3072.4746304172354	-1758.8350782364723	-676.9990656428708	-81.46146554647117	0.	0.	0.	0.	0.	0.	0.	0.	0.	0.	0.	0.	0.	0.	0.	0.	0.	0.	0.	0.	0.	0.	0.	0.	0.	0.	0.	0.	0.	-75455.57505558086	-138822.60102373443	-185435.5356282573	-226276.8298557787	-263923.3808702809	-299953.94622247294	-334883.66638502583	-369023.3074833124	-402825.23743808124	-436633.6091107582	-470279.1010193384	-504227.1264939327	-537871.6640849476	-571892.1453947205	-606195.22348742	-640701.0518947424	-675344.5198009992	-710536.9068392442	-746139.2056394648	-782192.0488004237	-818091.07672239	-854842.4560261407
-140.0000478135927	-1533.3712872859364	-2893.6450757611265	-4190.957994156034	-5395.884998035446	-6479.688247199178	-7414.616642432011	-8174.280388303299	-8734.133208744122	-9072.107673304961	-9169.468922911583	-9011.983025999736	-8591.545101780084	-7908.490600779722	-6974.939059791029	-5819.719507182124	-4495.721763135097	-3090.8321255001238	-1743.2544772433262	-656.7601058002871	-75.72188939267677	0.	0.	0.	0.	0.	0.	0.	0.	0.	0.	0.	0.	0.	0.	0.	0.	0.	0.	0.	0.	0.	0.	0.	0.	0.	0.	0.	0.	-20466.314765235424	-115972.18514754105	-167632.4548700002	-210491.58235448907	-249566.4547063628	-286186.4944579903	-321747.36243375175	-356477.29370950104	-390772.40027480014	-424806.952006204	-458773.80238192255	-492605.606030683	-526517.449019264	-560549.3693136703	-595056.4743683735	-629456.7400887334	-664351.3747533144	-699593.9831110297	-735203.1080368537	-771013.8555056647	-807272.9395389142	-843854.80672292
-144.5023835738915	-1583.3348962976895	-2991.2497829668528	-4340.32015396262	-5602.969291030055	-6752.168486617968	-7761.6739159065455	-8606.320723122186	-9262.398235455177	-9708.138925368261	-9924.36694202449	-9895.372197200613	-9610.107151577678	-9063.85222212804	-8260.572829551327	-7216.313041612331	-5964.1588411814155	-4561.565567661921	-3101.062233665405	-1724.7072815076383	-636.6043066920779	-70.43390129659693	0.	0.	0.	0.	0.	0.	0.	0.	0.	0.	0.	0.	0.	0.	0.	0.	0.	0.	0.	0.	0.	0.	0.	0.	0.	0.	0.	0.	-87273.5508098505	-147265.47626054022	-193123.81648551102	-233821.34914122778	-271672.3408007379	-307921.3944352088	-343135.9339164173	-377856.5463264571	-412142.19869026396	-446351.94947645545	-480217.7533034733	-514327.1728193847	-548811.1684105749	-582975.6060962662	-617981.7741454663	-652645.9158708449	-688069.4291448664	-723631.5056135196	-759474.6377261389	-796169.3969474271	-832521.7042988385
-148.758554430265	-1630.55557453053	-3083.4410670172	-4481.275380424683	-5798.197938632635	-7008.784479375356	-8088.23479115553	-9012.604518243934	-9759.0990827115	-10306.453439068475	-10635.430544333241	-10729.484840354466	-10575.657445053257	-10165.801006754573	-9498.280642288784	-8580.373053993464	-7431.70341584284	-6089.235179241627	-4614.554907750327	-3104.3159582625544	-1703.7930402442967	-616.6797178558033	-65.56290232939457	0.	0.	0.	0.	0.	0.	0.	0.	0.	0.	0.	0.	0.	0.	0.	0.	0.	0.	0.	0.	0.	0.	0.	0.	0.	0.	0.	-42208.36698543797	-123386.14389344481	-174041.87976665224	-216824.77684022882	-255935.50159520542	-293125.977962463	-329080.9433167914	-364131.22086795553	-398714.3751485151	-433058.1630264929	-467487.50893995306	-501651.103703559	-536204.0241083516	-570686.5397776202	-605499.6666295278	-640631.8766824146	-675979.2280339806	-711573.7074089583	-747536.2872156812	-784166.1387801085	-820539.5217651689
-152.76697882776045	-1675.0199672470471	-3170.2136222746813	-4613.8624343721	-5981.702290073607	-7249.8152069599955	-8394.778000867862	-9393.845492705896	-10225.181738005365	-10868.157011411698	-11303.734517182615	-11514.979988803254	-11487.741005043135	-11211.563395129187	-10680.943360595858	-9897.061954915414	-8870.222575898422	-7623.3248002113705	-6196.870337175917	-4656.188540478462	-3101.594411218651	-1681.0146945731967	-597.0980645065863	-61.075812314727116	0.	0.	0.	0.	0.	0.	0.	0.	0.	0.	0.	0.	0.	0.	0.	0.	0.	0.	0.	0.	0.	0.	0.	0.	0.	0.	0.	-93840.1151131701	-152515.28702084546	-198423.8204703115	-239333.6915240317	-277406.18867141067	-313897.440775473	-349536.5144348154	-384598.9257275531	-419271.2537617046	-453897.3030333468	-488414.8013680445	-522944.89036529546	-557767.6466783718	-592750.1304118603	-627865.6813634965	-663130.9338786873	-698861.2930274413	-735015.5071804989	-771308.1074032218	-808494.6478688455
-156.52688170095308	-1716.7229537805256	-3251.574710008593	-4738.131501990092	-6153.617051851658	-7475.527915393521	-8681.750967961903	-9750.708166816967	-10661.538927337948	-11394.33349371199	-11930.435092704814	-12252.83505643267	-12346.694451420251	-12200.039564339495	-11804.6992333457	-11157.583183368202	-10262.447958579327	-9132.369196844422	-7793.246520274968	-6288.816166661357	-4687.802348316272	-3093.768316613433	-1656.794121574148	-577.942335478957	-56.94143834686652	0.	0.	0.	0.	0.	0.	0.	0.	0.	0.	0.	0.	0.	0.	0.	0.	0.	0.	0.	0.	0.	0.	0.	0.	0.	0.	-48828.89132174494	-127251.34644432206	-177780.82403165865	-221048.89998655312	-260504.5829808061	-297961.95175299904	-334288.8111121272	-369715.11392719933	-404851.34646731295	-439732.784505336	-474310.3155060852	-509413.9893426342	-544152.8522611993	-579174.4730432363	-614544.054430385	-649812.1089002114	-685922.8619549975	-722082.1991818299	-758177.2154922575	-795126.5442989288
-160.0382595464327	-1755.667386067912	-3327.5442599787502	-4854.145670230395	-6314.084264420879	-7686.185675905524	-8949.580905472963	-10083.820449765088	-11069.018198081092	-11886.03533037175	-12516.717613342127	-12944.204020486119	-13153.331124732475	-13131.167189268046	-12867.723808867175	-12356.913634671979	-11597.853730978713	-10596.660858724896	-9368.955095573405	-7943.390312489477	-6366.664893978961	-4710.585847760385	-3081.5950384914318	-1631.4850710779501	-559.272777613141	-53.130654033111576	0.	0.	0.	0.	0.	0.	0.	0.	0.	0.	0.	0.	0.	0.	0.	0.	0.	0.	0.	0.	0.	0.	0.	0.	0.	0.	-95785.18373181464	-154666.70625542835	-201110.98546486624	-242550.9379784148	-281055.4727258005	-318003.53841770295	-354121.0753635964	-389680.2514411581	-424864.93821395416	-459890.1536322556	-494697.9507770065	-529898.5609045975	-565275.3089344013	-600596.6507872589	-636008.990738842	-672122.7341507227	-708126.3435582016	-744779.3730588675	-781454.308896192
-163.30184285610744	-1791.8637709565296	-3398.1547331638085	-4961.98176775401	-6463.2561199172	-7882.052958343413	-9198.683424191804	-10393.784169370305	-11448.430677278033	-12344.282286636826	-13063.769142585468	-13590.33455601988	-13908.750877910381	-14005.533620660502	-13869.488137524728	-13492.437179490225	-12870.19833440473	-12003.911149141615	-10901.85970320382	-9582.00432595882	-8075.532612631076	-6431.86047595313	-4725.597491483989	-3065.7333940700514	-1605.3839515553473	-541.1316470987615	-49.616454323175084	0.	0.	0.	0.	0.	0.	0.	0.	0.	0.	0.	0.	0.	0.	0.	0.	0.	0.	0.	0.	0.	0.	0.	0.	0.	-47143.53483179115	-127697.82565966422	-179070.30458445035	-222838.5969923983	-262784.82077274943	-300866.67798053974	-337759.27537682746	-373785.0926134364	-409377.7243920891	-444761.0071174506	-479794.5898507308	-515028.07837889093	-550324.3362981364	-586086.2846394752	-621923.2432185474	-657574.9240057267	-694235.3010129473	-730577.5447143094	-767515.6704794122
-166.31905643475113	-1825.3299087973498	-3463.450801748662	-5061.730720945454	-6601.296773411963	-8063.3996417881135	-9429.46908313844	-10681.183605490445	-11800.559308669843	-12770.06408792329	-13572.765097577161	-14192.519746726759	-14614.223830521536	-14824.135106882302	-14810.297339654026	-14563.099491068759	-14076.018811884376	-13346.617231199518	-12377.89097407218	-11180.118436757504	-9773.416956163912	-8191.309731192359	-6485.710223796412	-4733.778658623329	-3046.7565130717876	-1578.7388400464329	-523.5469866669939	-46.3739300778972	0.	0.	0.	0.	0.	0.	0.	0.	0.	0.	0.	0.	0.	0.	0.	0.	0.	0.	0.	0.	0.	0.	0.	0.	0.	-93393.88095289287	-154292.71673257198	-201404.34297759391	-243436.03604818508	-282734.5649215335	-320204.3639694428	-356854.0448007231	-392805.27255297743	-428620.7553182053	-464036.5600431774	-499669.6776678529	-535229.0563275664	-570912.2910774766	-606737.2589234087	-643024.236160003	-679116.7630684791	-716115.5240219585	-752762.3058141535
-169.091978096898	-1856.0904986766877	-3523.488889668006	-5153.49753836821	-6728.38341250929	-8230.503795924964	-9642.348261744235	-10946.592223115738	-12126.166048788346	-13164.344643168566	-14044.863657838861	-14752.070255204442	-15271.118777464471	-15588.22506813438	-15690.997969405005	-15568.87330089126	-15213.685356940752	-14620.425059135338	-13788.254492783486	-12721.87776546787	-11433.412288816024	-9944.967762992808	-8292.224764129118	-6529.396229991644	-4735.966327260376	-3025.1629882429443	-1551.7570235812045	-506.5356360212113	-43.38019244099317	0.	0.	0.	0.	0.	0.	0.	0.	0.	0.	0.	0.	0.	0.	0.	0.	0.	0.	0.	0.	0.	0.	0.	0.	-36352.14363379904	-124815.87170189613	-177748.34656293067	-222449.32676689088	-263196.2885960823	-301825.9285782064	-339271.2849380448	-375710.26538321766	-411762.4520167683	-447698.4116030408	-483458.3217518423	-519140.9066840125	-555073.6379196219	-591318.3338524704	-627590.9945183175	-664001.0524996924	-700612.4280026017	-737833.4488137533
-171.62329620644883	-1884.176718990007	-3578.336607710079	-5237.401010852508	-6844.706747912533	-8383.653495725597	-9837.734673319488	-11190.57784479377	-12425.997855209811	-13528.066608116027	-14481.204348841027	-15270.298627845008	-15880.85891676986	-16299.217331052805	-16512.78936115557	-16510.413351069998	-16282.794306100575	-15823.08740086233	-15127.670671744181	-14197.176883675467	-13037.884411205448	-11663.610135289018	-10098.308011667812	-8379.655458111167	-6563.986319257236	-4732.90447973564	-3001.386539721644	-1524.6113240839275	-490.1056362907127	-40.614267438680315	0.	0.	0.	0.	0.	0.	0.	0.	0.	0.	0.	0.	0.	0.	0.	0.	0.	0.	0.	0.	0.	0.	0.	0.	-86727.5652154094	-150698.97457652292	-199329.9792153633	-242181.59954133132	-282229.8892446029	-320610.50835211633	-357626.2018652376	-394247.25776971696	-430612.4191894867	-466604.7964012875	-502533.03106720815	-538819.6802933512	-575040.35244507	-611327.1601026456	-647989.9039463178	-684825.9134484095	-722154.2704371662
-173.91626648814764	-1909.6257907601334	-3628.0721102991347	-5313.573195178986	-6950.471056529148	-8523.147876986284	-10016.047784959981	-11413.70650240573	-12700.791478337851	-13862.155652378726	-14882.908720323398	-15748.510762645587	-16444.89444180728	-16958.623810361416	-17277.100295444863	-17388.829921340297	-17283.77072161354	-16953.786189503437	-16393.240447675114	-15599.784932677685	-14575.406782088621	-13327.838568409288	-11872.47112773201	-10234.969280806647	-8454.862503007276	-6590.444366283244	-4725.254321568917	-2975.8043914456775	-1497.4454134854961	-474.2581537754453	-38.05697460838554	0.	0.	0.	0.	0.	0.	0.	0.	0.	0.	0.	0.	0.	0.	0.	0.	0.	0.	0.	0.	0.	0.	0.	0.	-118352.04012941965	-173762.8766900233	-219766.50336117225	-261360.3935587384	-300819.03475759475	-338826.7825843589	-375984.46284561936	-412652.25617826876	-449218.6916550893	-485302.1519757618	-521670.1353969585	-558176.5501352326	-594434.8812220579	-631410.1880540814	-668236.2431740469	-705877.7447776612
-175.97466850416168	-1932.4805300419134	-3672.78339586186	-5382.1587349656365	-7045.893880437212	-8649.29759746982	-10177.714361983206	-11616.545189655353	-12951.277152864413	-14167.524134656382	-15251.081927954856	-16188.001542111419	-16964.685595206778	-17568.014044723666	-17985.5073784084	-18205.53794847167	-18217.603671367404	-18012.683252724775	-17583.69904086145	-16926.123477857345	-16038.779219985994	-14924.903273984652	-13593.574369456272	-12061.644348073394	-10356.36859466182	-8518.997898910799	-6609.639902253497	-4713.603408720898	-2948.7445337213067	-1470.3782887886728	-458.9890210354169	-35.690798892284676	0.	0.	0.	0.	0.	0.	0.	0.	0.	0.	0.	0.	0.	0.	0.	0.	0.	0.	0.	0.	0.	0.	0.	-74222.05457431466	-144228.43138977233	-194850.87026458257	-238925.22211499893	-279971.0877131629	-318952.8299646351	-356744.55766423146	-394079.920199062	-430729.17960591585	-467487.50893995306	-504164.2552941064	-540764.3356086321	-577380.2664481452	-614075.9302654214	-651237.6481497693	-688867.722037239
-177.80276215248642	-1952.78889486678	-3712.567568651016	-5443.314061475043	-7131.205463561017	-8762.42483516554	-10323.169315649027	-11799.663710917615	-13178.181319669191	-14445.074079840184	-15586.814549763134	-16590.052818544784	-17441.692215418952	-18128.98872715652	-18639.680432527566	-18962.155161527662	-19085.66718261243	-19000.617299337537	-18698.91571783778	-18174.45403083958	-17423.722554273736	-16446.623329626782	-15247.549206623298	-13836.828002716551	-12232.670581234424	-10463.814339146356	-8573.113165768664	-6622.356983454393	-4698.473782077825	-2920.4920236395487	-1443.508046765979	-444.2899724159636	-33.49976187986825	0.	0.	0.	0.	0.	0.	0.	0.	0.	0.	0.	0.	0.	0.	0.	0.	0.	0.	0.	0.	0.	0.	0.	-107971.86435496047	-166946.96694422423	-214634.0238033512	-257427.12198778763	-297867.25534894044	-336631.34807338426	-374481.30562222557	-411705.38958889525	-448682.1568871979	-485714.83301072934	-522439.80777660327	-559421.9033805927	-596525.6457958337	-633919.4720791285	-671098.0559117298
-179.40524450719155	-1970.6035314193355	-3747.5300767170875	-5497.206508667512	-7206.647991375477	-8862.862929133697	-10452.85600034576	-11963.635795409991	-13382.228517149095	-14695.699454471636	-15891.18427816934	-16955.932657521098	-17877.367293319265	-18643.162256218355	-19241.345578751414	-19660.432472300956	-19889.59746596076	-19918.89639074795	-19739.55274792853	-19344.328016106705	-18728.00247433922	-17888.003023242007	-16825.228527543008	-15545.143135041199	-14059.236129880683	-12386.985540255091	-10558.512591368431	-8618.167247421268	-6629.302327850493	-4680.32920640086	-2891.2944547570223	-1416.915073433625	-430.14963487142836	-31.469296308711627	0.	0.	0.	0.	0.	0.	0.	0.	0.	0.	0.	0.	0.	0.	0.	0.	0.	0.	0.	0.	0.	0.	-52817.05020253328	-134343.6225803579	-187822.94531928367	-233424.38681379723	-275437.920574558	-315395.4720762167	-354015.932485069	-391710.288411683	-429241.2532995391	-466479.6193783513	-503528.7595752428	-540893.9065180938	-578165.5764481077	-615581.8573860318	-653369.7235264948
-180.78720728434968	-1985.98132347399	-3777.7839381590966	-5544.013370261441	-7272.474686093292	-8950.955747897238	-10567.226079853772	-12109.039620363164	-13564.142575765445	-14920.28779004842	-16165.257311127276	-17286.8951858415	-18273.152979163922	-19112.151124147338	-19792.26001840881	-20302.205860227506	-20631.20766139614	-20769.153824404566	-20706.829327072537	-20436.208206241412	-19950.831082620985	-19246.29452207819	-18320.888943111935	-17176.43577500641	-15819.394318305996	-14262.336361430192	-12525.924055444111	-10641.573602437353	-8655.034019950275	-6631.112745635539	-4659.5816060735015	-2861.3667094965476	-1390.6647434442189	-416.554322325381	-29.586126235065294	0.	0.	0.	0.	0.	0.	0.	0.	0.	0.	0.	0.	0.	0.	0.	0.	0.	0.	0.	0.	0.	0.	-92251.6200327751	-157154.27089499333	-207149.19640280807	-251528.0164588084	-292755.3023971226	-332361.61346278683	-370989.1660466993	-408877.33165223035	-446589.6551998284	-484250.03111544106	-521606.3381594425	-559224.8545114539	-596660.3776867316	-634610.8701043378
-181.95409518243423	-1998.9829485329024	-3803.448965691561	-5583.920921353243	-7328.948799659276	-9027.056854080223	-10666.739060557491	-12236.457864382726	-13724.64723831175	-15119.721228137625	-16410.08937264621	-17584.180661712977	-18630.478058668414	-19537.5660877654	-20294.19461101725	-20889.362742082893	-21312.42793858984	-21553.246777827037	-21602.355894306726	-21451.204240231178	-21092.451509681952	-20520.35264744427	-19731.255446468822	-18724.248151444946	-17502.007928694395	-16071.920610500612	-14447.569204836926	-12650.724869252655	-10714.018252672791	-8684.509354416663	-6628.361901545024	-4636.59678338123	-2830.8950920034986	-1364.8097081775727	-403.4886719396679	-27.83815425985042	0.	0.	0.	0.	0.	0.	0.	0.	0.	0.	0.	0.	0.	0.	0.	0.	0.	0.	0.	0.	0.	0.	-120481.70047338908	-177780.82403165865	-225535.78922882516	-268780.0299299576	-309768.02898690663	-349379.9821176186	-387775.17601074424	-426187.5747256377	-463787.7094535226	-501588.38948895165	-539207.7856021719	-577313.7480051535	-615225.8956539972
-182.91166531217726	-2009.6724435837323	-3824.6509978256327	-5617.123422960205	-7376.3425388151	-9091.528520996704	-10751.861571739893	-12346.47739255079	-13864.466314577709	-15294.877069793667	-16626.726354042577	-17849.015552477227	-18950.756283474773	-19921.006788548344	-20748.921680345207	-21423.818195335138	-21935.262934107814	-22273.184181144694	-22428.016377693602	-22390.885316661675	-22153.84533636606	-21710.18349841128	-21054.810843637475	-20184.767925620275	-19099.88173261916	-17803.624988060757	-16304.248158515778	-14616.281044506812	-12762.535774641288	-10776.784355748958	-8707.317711690395	-6621.566452970055	-4611.699497746934	-2800.0409255506706	-1339.3918379317247	-390.93615292078584	-26.214356498569813	0.	0.	0.	0.	0.	0.	0.	0.	0.	0.	0.	0.	0.	0.	0.	0.	0.	0.	0.	0.	0.	-68583.51831991585	-144006.46875204545	-197241.84142779434	-243073.6486497187	-285757.2103942751	-326341.4880776356	-365821.96236207616	-404681.6448942203	-442696.5631490468	-480874.3171499563	-519013.5882817346	-557112.245763286	-595258.3937022138
-183.6659478989078	-2018.1167829272613	-3841.5211435006076	-5643.822124440132	-7414.935950016134	-9144.740646433263	-10823.066458583497	-12439.688658002775	-13984.323465101426	-15446.62791119764	-16816.204600621848	-18082.612508304657	-19235.385174815274	-20264.057953673484	-21158.206345038307	-21907.497943240884	-22501.76117023649	-22931.074815329186	-23185.883524739933	-23257.145883531164	-23136.52374820783	-22816.62422016116	-22291.30938529867	-21556.09408003258	-20608.659067643726	-19449.51691586536	-18082.881669609586	-16517.812540325045	-14769.72782118663	-12862.418906157236	-10830.732729861244	-8724.118265861962	-6611.1916105132295	-4585.177976917554	-2768.9436868075036	-1314.4438726230233	-378.87947238873835	-24.70468551624748	0.	0.	0.	0.	0.	0.	0.	0.	0.	0.	0.	0.	0.	0.	0.	0.	0.	0.	0.	0.	0.	-101118.45594344885	-165071.05029921292	-215362.09933302304	-260153.41418876522	-302269.4987980534	-342667.18769883696	-381974.98648471956	-420815.96591325005	-459536.19082206825	-498059.11850532965	-536268.5725474877	-574907.5180321599
-184.2232084102452	-2024.3854701044258	-3854.195045760238	-5664.2242759367045	-7445.015786722299	-9187.069600388011	-10880.831741599963	-12516.684890433364	-14084.941695356454	-15575.841442389661	-16979.55088537367	-18286.17018291964	-19485.745068539894	-20568.286612924803	-21523.80023644812	-22342.326016363753	-23013.992834255994	-23529.089563579306	-23878.157356355096	-24052.10822492046	-24042.376629825492	-23841.11282026166	-23441.429427878436	-22837.716575065388	-22026.045917455427	-21004.691179959606	-19774.802641164442	-18341.286746834652	-16713.960932676593	-14909.079160778616	-12951.356046103803	-10876.652984063887	-8735.510565233035	-6597.656167860785	-4557.287923903323	-2737.723739159759	-1289.9908263711027	-367.3008980041776	-23.299981141425206	0.	0.	0.	0.	0.	0.	0.	0.	0.	0.	0.	0.	0.	0.	0.	0.	0.	0.	0.	0.	-14646.000558189788	-126620.90259152204	-184190.32487211286	-232546.76622063603	-276463.5624860408	-318408.4540800536	-358734.7923657652	-398108.214926203	-437280.4848066604	-475953.06291799253	-514701.60166053346	-553446.0106982191
-184.58991123398505	-2028.5501455741364	-3862.812169005698	-5678.54216067051	-7466.874377279742	-9218.897036607625	-10925.639486414191	-12578.061129918018	-14167.042629579884	-15683.379978627	-17117.782117989853	-18460.872889932238	-19703.198265043695	-20835.239965001325	-21847.43684105767	-22730.215672896236	-23474.03344521388	-24069.433667836798	-24507.119968242638	-24778.05105515572	-24873.562301542934	-24785.520726066767	-24506.52220589156	-24030.142529687277	-23351.257683398977	-22466.453941866785	-21374.555491771323	-20077.307191622203	-18580.263717633563	-16893.95500759271	-15035.42276496964	-13030.253847892465	-10915.268989607528	-8742.039748025287	-6581.337046579261	-4528.256076705255	-2706.4847185726903	-1266.0511838955115	-356.1825132141636	-21.99188887777595	0.	0.	0.	0.	0.	0.	0.	0.	0.	0.	0.	0.	0.	0.	0.	0.	0.	0.	0.	0.	-72880.45598438046	-148461.55555102453	-202185.02565815632	-249163.40654070102	-292708.48397368717	-334127.6650284957	-374535.56256254646	-414229.80262627295	-453412.90726571094	-492605.606030683	-531358.781708685
-184.77268500512895	-2030.6842114541519	-3867.5151134420557	-5686.992154947504	-7480.808508060669	-9240.608692080188	-10957.974619738196	-12624.413154266775	-14231.345622645556	-15770.099785810122	-17231.90483861527	-18607.890104648006	-19889.0882085181	-21066.44365758811	-22130.827954967062	-23073.062607622465	-23883.951703180213	-24554.326127537686	-25075.102010730046	-25437.356659863937	-25632.426117776275	-25652.029647997257	-25488.427992251345	-25134.624317752103	-24584.61956985436	-23833.737747612096	-22879.04182514408	-21719.86820048277	-20358.51741691762	-18801.15245663198	-17058.97432660775	-15149.768923689844	-13099.948908343307	-10947.244021652827	-8744.20133493823	-6562.573399270216	-4498.283371626692	-2675.315618039781	-1242.6379204956393	-345.50641792006184	-20.772785513810575	0.	0.	0.	0.	0.	0.	0.	0.	0.	0.	0.	0.	0.	0.	0.	0.	0.	0.	0.	0.	-103027.8665208691	-168016.552974201	-219417.6985338728	-265246.3774800803	-308369.0106660313	-349588.6918737975	-390235.970311175	-429996.5177201549	-469361.84545471845	-508778.5412099723
-184.7782896571855	-2030.862474333323	-3868.448959544705	-5689.793822116277	-7487.118333583238	-9252.593193948986	-10978.323720663731	-12656.336339565914	-14278.566758919202	-15836.850253336648	-17322.91454346977	-18728.375832748075	-20044.738658017668	-21263.400331714052	-22375.66090590699	-23372.739782040546	-24245.800336253174	-24985.984244494968	-25584.457595661166	-26032.471402752293	-26321.439801351764	-26443.040114164287	-26389.340134041006	-26152.95953783831	-25727.274431430098	-25106.676844148737	-24286.904813455512	-23265.46392476187	-22042.168337670657	-20619.839171380565	-19005.21158450957	-17210.120055504405	-15253.055045794645	-13161.212642869275	-10973.185567773515	-8742.44562351373	-6541.67031183039	-4467.547755284858	-2644.2926102772926	-1219.7593722870781	-335.2548849267489	-19.635711466330783	0.	0.	0.	0.	0.	0.	0.	0.	0.	0.	0.	0.	0.	0.	0.	0.	0.	0.	0.	0.	-126931.80127115523	-186208.3349839407	-235727.3261565879	-281009.88378672994	-323750.5488695056	-364925.3973723148	-405575.7726689167	-445698.3937376932	-485302.1519757618
-184.613585251423	-2029.1608068924797	-3865.7606446876507	-5687.169045318615	-7486.106322876836	-9255.240889418987	-10987.173810827338	-12674.424486358646	-14309.417778818904	-15884.472960095865	-17391.794885514846	-18823.467872422036	-20171.452836534347	-21427.588337856923	-22583.596311524594	-23631.093414573064	-24561.609116381595	-25366.61191023561	-26037.545342231424	-26565.875962578502	-26943.155832671757	-27161.102907851768	-27211.70351459973	-27087.34232587129	-26780.966811932394	-26286.29524823175	-25598.080199269076	-24712.44323696591	-23627.301898193662	-22342.917051968107	-20862.59866834049	-19193.62134493633	-17348.41886410766	-15346.150132206294	-13214.755934011424	-10993.649807415062	-8737.18171056284	-6518.9021426349045	-4436.206685317619	-2613.480642858929	-1197.419979134259	-325.4104805716861	-18.574309364703403	0.	0.	0.	0.	0.	0.	0.	0.	0.	0.	0.	0.	0.	0.	0.	0.	0.	0.	0.	-68063.91526691438	-147803.05792088652	-203355.59619732102	-251570.29014955918	-296148.35900596814	-338826.7825843589	-380153.9726415937	-420758.27246957715	-461136.00998855295
-184.28550261813677	-2025.6558288302376	-3859.5983734826054	-5679.341202701124	-7478.07624930056	-9248.94271098578	-10985.011162351946	-12679.268637852103	-14324.604966724024	-15913.80067230886	-17439.51678859452	-18894.28699796008	-20270.51255832927	-21560.46056832726	-22756.266219586792	-23849.93981131599	-24833.37946051816	-25698.390640945887	-26436.713936990294	-27040.06272152838	-27500.172880415746	-27808.867240553438	-27958.138052233124	-27940.25178420118	-27747.881685756514	-27374.275157103904	-26813.465089036523	-26060.537188451508	-25111.969164105187	-23966.062909095235	-22623.497985918737	-21088.04451424406	-19367.486825748754	-17474.826908231924	-15429.859137070218	-13261.233536073145	-11009.145771738811	-8728.78116915961	-6494.515533463382	-4404.399355194575	-2582.9348353023934	-1175.620919196092	-315.956156357799	-17.582768378722214	0.	0.	0.	0.	0.	0.	0.	0.	0.	0.	0.	0.	0.	0.	0.	0.	0.	0.	0.	-98264.02087966357	-166628.37679645536	-219766.50336117225	-266923.2528993865	-311305.6269514234	-353548.933510563	-395018.0050113207	-436007.7980569137
-183.8010158267389	-2020.424607377106	-3850.111062864509	-5666.5343877556825	-7463.3322292946705	-9234.089086608179	-10972.320138584239	-12671.455911431956	-14324.828027801941	-15925.656305629996	-17467.037508525835	-18941.936091975767	-20343.177342709132	-21663.44337469973	-22895.272527563793	-24031.062815653306	-25063.0802042503	-25983.472649928466	-26784.29104456903	-27457.51845882865	-27995.10940751272	-28389.04127758069	-28631.380599440436	-28714.36754293245	-28630.522935748053	-28372.783308458365	-27934.671070047007	-27310.50905281926	-26495.69153827199	-25487.02775084658	-24283.179083217176	-22885.218487962462	-21297.35023520823	-19527.841397290427	-17590.233816246055	-15504.927178826096	-13301.248227667867	-11020.139196824519	-8717.581406246412	-6468.73212403803	-4372.248674454106	-2552.7017036060947	-1154.3606510625043	-306.87531712060127	-16.655773804353085	0.	0.	0.	0.	0.	0.	0.	0.	0.	0.	0.	0.	0.	0.	0.	0.	0.	0.	0.	-121744.1450378743	-184156.90242248288	-235292.45169886376	-281849.129561221	-325901.5325944082	-368318.46179743623	-410120.5481741015
-183.16711648593858	-2013.5443774939542	-3837.4478225158364	-5648.972676606216	-7442.177814090904	-9211.06890217866	-10949.582079394237	-12651.568360466772	-14310.778976129075	-15920.851878359648	-17475.299669780157	-18967.49925132704	-20390.683526408677	-21737.93555443539	-23002.18561432367	-24176.21172251113	-25252.644254309093	-26223.975447458775	-27082.574729605865	-27820.71101637402	-28430.58338604095	-28904.36186712864	-29234.24049791043	-29412.50536225149	-29431.621013678014	-29284.339624250675	-28963.838411482546	-28463.892508666184	-27779.09259357705	-26905.119479846973	-25839.091767239257	-24580.007937263235	-23129.311452092945	-21491.617147871955	-19675.650269526806	-17695.46662251991	-15572.043575497	-13335.3547106293	-11027.056085379412	-8703.888725969242	-6441.75099920962	-4339.8630320588345	-2522.8202342891204	-1133.6353770028402	-298.151870305135	-15.788461443128796	0.	0.	0.	0.	0.	0.	0.	0.	0.	0.	0.	0.	0.	0.	0.	0.	0.	0.	-51915.458036782715	-142125.58813748969	-200494.85322624276	-250496.57392728215	-296540.9431499189	-340403.47135134134	-383009.8147124269
-182.3907898617086	-2005.092281687669	-3821.7574708404964	-5626.879443337128	-7414.915137183504	-9180.268521745707	-10917.274240077903	-12620.181879763011	-14283.141052055189	-15900.187477743351	-17465.23030186226	-18972.040889055857	-20414.243388208728	-21785.307400407353	-23078.54314030883	-24287.09955007876	-25403.96591044058	-26421.97759924305	-27333.82677975776	-28132.07896579995	-28809.196618124726	-29357.571188736165	-29769.56536355144	-30037.567680804943	-30154.062253292603	-30111.717036560694	-29903.495017914975	-29522.793927726118	-28963.621698669474	-28220.817062301496	-27290.327577701377	-26169.5612947727	-24857.833556630765	-23356.937619064942	-21671.877457728944	-19811.81409225081	-17791.293605468585	-15631.845688117566	-13364.063258511806	-11030.285993349567	-8687.981122642572	-6413.75089515455	-4307.3378673468	-2493.322827048545	-1113.439438788489	-289.77025994597113	-14.976376338262503	0.	0.	0.	0.	0.	0.	0.	0.	0.	0.	0.	0.	0.	0.	0.	0.	0.	0.	-85883.44287420069	-160644.78836017277	-216153.81056332137	-265202.5277910704	-310803.2750184188	-354654.48062443006
-181.47899278897358	-1995.145129235169	-3803.1880863714096	-5600.476723846702	-7381.844119333123	-9142.070869349554	-10875.868790619163	-12577.865164983596	-14242.587682994275	-15864.450257095526	-17437.739895351984	-18956.604851669275	-20415.04429934084	-21806.899812718846	-23125.848988386555	-24365.40159437344	-25518.898706236534	-26579.51537550216	-27540.267483259006	-28394.023565130276	-29133.52256063885	-29751.398649604547	-30240.214603132255	-30592.505413915213	-30800.834401627293	-30857.86454502963	-30756.448512758878	-30489.741805401514	-30051.344657721376	-29435.4799857686	-28637.216841095717	-27652.75175506992	-26479.764279282008	-25117.868341297144	-23569.188206367195	-21839.097493196932	-19937.17254068698	-17878.427999961445	-15684.92256330745	-13387.843121325852	-11030.185058377172	-8670.110825856382	-6384.892188455356	-4274.75707021356	-2464.2361225568075	-1093.7656558236806	-281.7154884510496	-14.215435460852923	0.	0.	0.	0.	0.	0.	0.	0.	0.	0.	0.	0.	0.	0.	0.	0.	0.	0.	-110493.64785979444	-177477.56685467603	-231204.47032176927	-279503.9155035319	-324857.51201591146
-180.4386333426599	-1983.7791744856136	-3781.8865942176444	-5569.984628191965	-7343.261732011179	-9096.854574998952	-10825.831880153202	-12525.178733779423	-14189.781498630082	-15814.41347782678	-17393.72149385529	-18922.213568076884	-20394.247912234925	-21804.023475308248	-23145.57232799245	-24412.75421463656	-25599.253660625283	-26698.58009454293	-27704.071532293063	-28608.90247896148	-29406.096839169055	-30088.546795251576	-30649.03882433517	-31080.288293102407	-31374.98440908452	-31525.84774280076	-31525.703095538745	-31367.571214259573	-31044.783803357117	-30551.12752868089	-29881.024356476133	-29029.757760735367	-27993.7572681308	-26770.957747221855	-25361.255172400626	-23767.08776111577	-21994.18100377563	-20052.507843058025	-17957.531563242374	-15731.81837148835	-13407.125695436656	-11027.078787100505	-8650.506618769108	-6355.318689637701	-4242.194229650809	-2435.581729823127	-1074.6056138641884	-273.9731285902653	-13.501893970935475	0.	0.	0.	0.	0.	0.	0.	0.	0.	0.	0.	0.	0.	0.	0.	0.	0.	0.	-131251.94623911128	-193662.43834891848	-245827.11565063547	-293414.24813815457
-179.27655222514863	-1971.0699138075192	-3757.998386922386	-5535.620800957575	-7299.461319468759	-9044.993186202213	-10767.62276987214	-12462.674014230288	-14125.373408819825	-15750.835607310211	-17334.04983482095	-18869.867243624572	-20352.98939867146	-21777.95810126664	-23139.146791925115	-24430.753813181196	-25646.79786151102	-26781.11601657189	-27827.364808264334	-28779.02487102848	-29629.40984462204	-30371.680317017257	-30998.863775352016	-31503.88174466367	-31879.585564402594	-32118.802595868146	-32214.39509309438	-32159.334535008533	-31946.794949397183	-31570.269714927577	-31023.717582328954	-30301.74531417666	-29399.836546540002	-28314.639425861144	-27044.329525889094	-25589.069882975273	-23951.597151821785	-22137.972466766158	-20158.548217970216	-18029.217980786998	-15773.035641258808	-13422.307469133591	-11021.264617998833	-8629.3759491405	-6325.159260627845	-4209.7137475528525	-2407.376865572058	-1055.949911377616	-266.5293277138103	-12.832314709307242	0.	0.	0.	0.	0.	0.	0.	0.	0.	0.	0.	0.	0.	0.	0.	0.	0.	-61680.71812652889	-149678.54242143576	-208741.45043289123	-259781.48354683482