18416.369822281267	18296.361594267844	17976.130322917088	17455.104250449192	16732.352126934973	15806.580063508198	14676.127161450131	13338.959858721864	11792.664942026575	10034.441159520124	8061.089355079617	5869.001029401246	3454.1452158163884	812.0535392185411	-2062.196695556544	-5174.00156467616	-8529.251943173906	-12134.35752057664	-15996.273693739364	-20122.531661377463	-24521.27209763127	-29201.282844309622	-34172.041135302905	-39443.76095460726	-45027.44623469157	-50934.950728639466	-57179.04554278578	-63773.49550305036	-70733.1457563304	-78074.02028925609	-85813.43439453153	-93970.12354917385	-102564.3917141117	-111618.28275461111	-121155.77956131753	-131203.03658451122	-141788.6529653429	-152943.9953773364	-164703.58224914095	-177105.5444690254	-190192.18232765124	-204010.64486303704	-218613.76672038343	-234061.11034187005	-250420.279657276	-267768.59850165027	-286195.2879430384	-305804.3383477266	-326718.3759778708	-349083.98138222005	-373079.2021615624	-398924.49421846087	-426899.2508049081	-457367.91133645026	-490823.5549443846	-527966.0549315258	-569856.1475103915	-618262.7672069306	-676627.1119057124	-754004.0697556799	-907559.2822810571	-928124.2071326379	-940866.9448739263	-952664.2455406621	-964730.6344987277	-975364.1683784605	-985185.9383758295	-995891.8418582538	-1.0055171455848997e6	-1.01642947641504e6	-1.0253670678684043e6
18536.267782726034	18416.36994327011	18096.247181429382	17575.40601824611	16852.91143795695	15927.469632735461	14797.420268055459	13460.73057129902	11914.988300220692	10157.39334891994	8184.747885393372	5993.444919992835	3579.4551910780283	938.3122358260734	-1934.904507497471	-5045.588744458597	-8399.628723940346	-12003.431232751187	-15863.948464444285	-19988.708086408005	-24385.846882047947	-29064.1484070922	-34033.085172771505	-39302.86595643002	-44884.49975255932	-50789.80154506315	-57031.567839877185	-63623.5448725716	-70580.56914656045	-77918.6550272915	-85655.10707029788	-93808.64873549016	-102399.5704803497	-111449.90098993911	-120983.60594960867	-131026.82027964183	-141608.12083555298	-152758.8487316172	-164513.49291939865	-176910.15024051553	-189991.08071759372	-203803.3865100057	-218399.8464882822	-233839.9562674238	-250191.23894399742	-267530.9194327901	-285948.0959762087	-305546.6050136924	-326448.87515521684	-348801.2291745163	-372781.3703708331	-398609.281869575	-426563.68574858445	-457008.0285481325	-490433.8419285135	-527538.4164973027	-569377.753381793	-617710.8221060904	-675952.5366903348	-753047.7029816597	-906827.3099248208	-927991.0911068638	-940754.0547264591	-952532.4475556258	-964468.6022857914	-975105.9561368062	-985064.769456093	-995870.0176652891	-1.0054411525560166e6	-1.0162691410594385e6	-1.0253970151658431e6
18855.75314415795	18736.238376952664	18416.370420840612	17896.009070355794	17174.197078051322	16249.633702878738	15120.658789491863	13785.241255609784	12240.971280346814	10485.051732626656	8514.288266544565	6325.077889965862	3913.3958679221105	1267.0318654636503	-1595.6821374013525	-4703.38040466544	-8054.195240012035	-11654.52570366628	-15511.31546201036	-19632.082781826786	-24024.954089101855	-28698.701529804064	-33662.7850434406	-38927.39954759694	-44503.52793628027	-50403.000720758195	-56638.56329383762	-63223.951983718434	-70173.98040969088	-77504.63708557453	-85233.19813080036	-93378.35501962452	-101960.36232038622	-111001.20825013277	-120524.81276198488	-130557.2588240036	-141127.06401463278	-152265.50147052575	-164006.98175433342	-176389.5106032911	-189455.24212408304	-203251.153332823	-217829.87477935792	-233250.72453587689	-249581.01093946985	-266897.69615054916	-285289.5527449808	-304860.00752121897	-325730.9648744187	-348048.0640732277	-371988.09529449185	-397769.78873177874	-425670.0889490253	-456049.81520570186	-489396.4087789317	-526400.343381031	-568105.1475475645	-616243.6236744726	-674162.0426141102	-750521.46528404	-904385.3824726457	-927634.9598310462	-940360.2720733415	-952175.5840945819	-963681.2830158847	-974508.1392120474	-984866.1012327129	-995892.7493471482	-1.0053456963215715e6	-1.0158533427597585e6	-1.025573399595428e6
19374.260592391336	19255.1348601817	18936.03676739642	18416.371109396845	17695.64999676746	16772.50596326936	15645.271571651509	14311.916659017239	12770.034682333673	11016.83304933201	9049.122922910552	6863.307712020265	4455.369971846943	1820.8565322370414	-1045.138406127866	-4147.991851541185	-7493.573836860145	-11088.270910117833	-14939.012927461896	-19053.302930074453	-23439.25056845344	-28105.609508926733	-33061.81933009492	-38318.052503638406	-43885.26715774124	-49775.26644627581	-56000.76549793151	-62575.46710314433	-69514.14752130414	-76832.75406716269	-84548.51647755102	-92680.0744862067	-101247.62457006445	-110273.08950780748	-119780.31525519112	-129795.30075231285	-140346.46771930886	-151464.979385775	-163185.11960074355	-175544.74712106155	-188585.84431405982	-202355.18650307565	-216905.1646669265	-232294.81026935554	-248591.08511362347	-265870.527563771	-284221.38518306776	-303746.42474644264	-324566.70692718524	-346826.7705071071	-370701.9380983238	-396408.92781016324	-424221.83334929653	-454497.26695213537	-487716.13345595123	-524558.042932394	-566046.7235022902	-613873.679525542	-671277.9477845953	-746487.9582295071	-897663.3225956989	-927052.504501483	-939838.9420846369	-951840.1687325649	-962666.0751441875	-973933.0589736023	-984890.3175725963	-996096.9772698849	-1.0054406185255835e6	-1.0156020870012294e6	-1.0259617166206376e6
20090.87127280992	19972.09974658236	19654.178087430875	19135.667305084527	18416.372191434144	17495.170857678982	16370.333711023035	15039.824691655856	13501.23978402451	11751.791883743557	9788.299392916699	7607.174360944962	5204.409289703908	2575.5622643485694	-284.2598112994747	-3380.4200774533383	-6718.772894653783	-10305.687575569173	-14148.074949327056	-18253.41707823641	-22629.80049783681	-27285.953411815208	-32231.28734531683	-37475.94384597328	-43030.84692467272	-48907.76205163571	-55119.36267273093	-61679.30539255758	-68602.31519283075	-75904.28232773131	-83602.37287584649	-91715.15534956637	-100262.74629129726	-109266.97837164	-118751.595932695	-128742.48228562999	-139267.92737004242	-150358.94336421293	-162049.64002127195	-174377.67422496527	-187384.79280419956	-201117.49377575866	-215627.8397278373	-230974.46915524348	-247223.86899411416	-264451.99723077705	-282746.3829494147	-302208.89041697345	-322959.4274988945	-345141.0316094794	-368927.0250727009	-394531.3879991146	-422224.3419724248	-452356.79843886464	-485400.831397298	-522021.43230653834	-563215.8333586019	-610620.741932974	-667334.9799030164	-741040.2440889993	-880686.1489288065	-926200.8047122938	-939132.6237970925	-951029.6689171292	-962209.3591976224	-973872.4333071231	-985490.521798003	-995455.2966909187	-1.0061414280671172e6	-1.0157089425259277e6	-1.0266407535236094e6
21004.31534455481	20885.918323842983	20569.248092509355	20052.621713778746	19335.16940211979	18416.37357125916	17294.572207574965	15967.680864437367	14433.292334145066	12688.624448967792	10730.504041586348	8555.353710552721	6159.178381482445	3537.5503157132916	685.5923656525993	-2402.0408105259994	-5731.18381061127	-9308.184075901852	-13139.928283529225	-17233.871862543863	-21598.072002120316	-26241.224579542482	-31172.705506421786	-36402.61707613239	-41941.83999670355	-47802.091915218916	-53995.99338702977	-60537.14242205664	-67440.19895917189	-74720.98088861082	-82396.5735081266	-90485.45518185303	-99007.64108202865	-107984.84990091459	-117440.69690275763	-127400.9191737718	-137893.63984810442	-148949.67997691975	-160602.92911673101	-172890.78893496806	-185854.70849274204	-199540.83584928908	-214000.8189630875	-229292.80064649787	-245482.6692878639	-262645.6519374818	-280868.3736606522	-300251.5643611995	-320913.68471392256	-342995.8900594438	-366668.99942262203	-392143.5732661433	-419685.00885597104	-449637.1365316955	-482461.1038714349	-518803.9079060934	-559630.4009275378	-606511.0493616235	-662378.3073286508	-734291.9441194556	-859907.3535483469	-925112.1519769585	-938193.5353541451	-950298.5224456339	-962572.0238193986	-972989.3602795172	-984252.3080884002	-994157.913521281	-1.0063301943602429e6	-1.015335730955818e6	-1.0251073657758837e6
22112.977929623827	21994.999643330593	21679.635447735767	21165.28195777374	20450.49577179247	19534.555369220485	18416.37524826177	17093.853995607074	15564.54720645331	13825.672993961387	11874.066311326547	9706.161735045782	7317.978787672982	4705.106634448879	1862.6872683472466	-1214.6032253658632	-4532.575614705624	-8097.550946586576	-11916.38673876936	-15996.50625844128	-20345.931253878603	-24973.318562835295	-29888.001090381353	-35100.033731785894	-40620.244915484276	-46460.294560867216	-52632.73939033353	-59151.10671086717	-66029.97799517983	-73285.08380382252	-80933.41228619346	-88993.33278844488	-97484.73847481786	-106429.21063336608	-115850.20928741567	-125773.29540478572	-136226.39141066704	-147240.08848749858	-158848.0114933508	-171087.255467417	-183998.91193341458	-197628.70902442123	-212027.79753268196	-227253.72639787442	-243371.66754123208	-260455.97396363725	-278592.1909498443	-297879.6952670296	-318435.2238911041	-340397.69396627217	-363934.9551098491	-389253.5198134568	-416613.0922233622	-446349.177315325	-478910.13705095684	-514922.0442220464	-555312.4244411171	-601576.3765731365	-656461.1984348106	-726367.1629334931	-840369.7886512899	-923765.294084039	-936988.2392767671	-948957.1636400619	-960284.9836907729	-972045.3563877482	-982070.4976943659	-993669.502396107	-1.0034462872874003e6	-1.013306696842429e6	-1.0230052497116975e6
23414.90388354854	23297.39874133641	22983.43110921522	22471.557026213166	21760.115898932476	20847.847681047075	19733.82066110133	18416.377221979143	16893.016402551657	15160.93258789982	13216.96517006874	11057.560839209254	8678.755342043602	6076.157168165824	3244.930435524613	179.7761214756756	-3125.088790817681	-6675.954571811482	-10479.64471665291	-14543.544954630866	-18875.635663601046	-23484.528109586958	-28379.504998304037	-33570.56590602493	-39068.47825440805	-44884.834611089726	-51032.11723955587	-57523.770993970975	-64374.28582607489	-71599.29070452842	-79215.6602311251	-87241.63694899168	-95696.97205833282	-104603.08683691901	-113983.2606979927	-123862.84980436324	-134269.54329680183	-145233.66532586236	-156788.53343888576	-168970.88691455306	-181821.40274343174	-195385.32257073512	-209713.22171376017	-224861.96235594153	-240895.88877795753	-257888.3455157603	-275923.6337069968	-295099.57341909164	-315530.9221053544	-337354.03324110946	-360733.3589266783	-385870.79835277906	-413019.5883269252	-442505.81723824516	-474763.4652231487	-510395.2388274614	-550287.4024240517	-595852.9742437757	-649642.5717114698	-717391.8771789663	-821760.6307524311	-922181.0174598907	-935606.9118831225	-948394.4865366984	-960019.2989581462	-970874.1310507657	-982065.2272189425	-992504.8202230325	-1.0018191933135753e6	-1.0126073340919765e6	-1.0222259002843217e6
24907.80378425175	24790.830919279106	24478.378457258223	23969.161451708598	23261.498576982907	22353.773757190647	21244.706263629138	19932.971820525476	18416.379492089472	16692.05938650515	14756.836581522351	12607.167036972925	10239.103311711035	7648.275029250435	4829.871132828412	1778.6206929644977	-1511.2277436262666	-5045.929496823403	-8832.269348248752	-12877.59029292906	-17189.82560138106	-21777.534645760854	-26649.942971287033	-31816.987171801855	-37289.36522273801	-43078.59303895873	-49197.068163215474	-55658.141658982786	-62476.199398325116	-69666.75480031886	-77246.55356053018	-85233.69431994297	-93647.76670518552	-102510.01056872125	-111843.50044014773	-121673.3602751191	-132027.01486945793	-142934.48597705053	-154428.74337216807	-166546.12403075647	-179326.83656101313	-192815.5734259644	-207062.26119344664	-222122.98786080786	-238061.1667640257	-254949.00926477497	-272869.4207981129	-291918.4780565199	-312208.72618337313	-333873.6587526754	-357073.9528971808	-382006.39368509356	-408917.0789977257	-438121.7534384192	-470038.698161177	-505245.3213811035	-544583.7129122089	-589380.465347263	-641984.6546940764	-707487.6021992358	-803680.8682282252	-920174.9481654668	-934045.1952891912	-946315.4561620061	-957769.509323009	-969438.5696871679	-980631.9935911663	-991378.3915184394	-1.0025486314520307e6	-1.013173334023606e6	-1.0225729480040229e6
26589.061740033503	26472.681066138815	26161.880258572128	25655.510063005015	24951.950639540955	24049.425840582437	22946.295467149946	21641.085694000387	20132.005051603905	18416.382058453775	16490.982919068818	14352.258642723144	11996.276663601398	9418.688682317792	6614.710566315232	3579.1024758335407	306.1478567041777	-3210.369559047016	-6977.191423180018	-11001.612971618335	-15291.514887406127	-19855.39843639219	-24702.425449067086	-29842.46210805459	-35286.12882622634	-41044.85592688521	-47130.94637806027	-53557.64657564444	-60339.22642750165	-67491.07015576618	-75029.78001159104	-82973.29413142579	-91341.02237318669	-100154.00259500524	-109435.08135313162	-119209.12439215151	-129503.26281945236	-140347.1827566704	-151773.46779885888	-163818.00912814646	-176520.49657188024	-189925.014902369	-204080.77314741194	-219043.00587994943	-234874.09952776018	-251645.01838230417	-269437.13431679946	-288344.6122348258	-308477.5769039728	-329966.40164974716	-352967.65608338045	-377672.5827439299	-404319.5757114929	-433213.27948932385	-464755.2407075132	-499496.14523562347	-538231.9916906229	-582200.7924222476	-633550.9413198305	-696767.3918939675	-785908.724996856	-917623.6735401357	-932226.1379406432	-944485.6324334203	-956756.346702287	-967904.1317629677	-978748.9543339803	-990268.0774997792	-1.0002097357893e6	-1.0096869599051895e6	-1.0201292569345722e6
28455.74274111433	28340.015946582003	28031.012433833268	27527.695020537154	26828.53330346993	25931.7106901824	24835.359531949725	23537.713831331057	22036.99329711117	20330.9215175438	18416.38495308027	16289.787060637987	13947.19876793804	11384.292558434521	8596.312543033826	5578.052332461142	2323.833525505732	-1172.5174735192413	-4917.69478578378	-8918.94121870173	-13184.079525097113	-17721.54730273281	-22540.436314689985	-27650.534676414332	-33062.377847691765	-38787.30190938327	-44837.50597748306	-51226.12150345469	-57967.29069701233	-65076.25629173315	-72569.46266185574	-80464.67207170077	-88781.09722007252	-97539.55456970236	-106762.64075736958	-116474.93923382636	-126703.25961100377	-137476.92094670428	-148828.085732365	-160792.15830267768	-173408.2633031517	-186719.8237603759	-200775.2687693803	-215628.90545542876	-231342.0074925269	-247984.1889071369	-265635.1648923076	-284387.0396157809	-304347.3349976137	-325643.07909199136	-348426.4519157617	-372882.7969668759	-399242.34835343144	-427798.05639436725	-458933.9893583902	-493173.16790546034	-531264.5051742091	-574357.2215236231	-624404.4847046349	-685333.7965760693	-768320.4621501672	-914010.502292312	-930437.7425456435	-942733.4641921112	-954949.4660275888	-966881.1187638303	-977488.0272272497	-987871.0604397876	-998533.6953997407	-1.0094567816420987e6	-1.0192094312990082e6
30504.60281580167	30389.591040241357	30082.53488847433	29582.489604666494	28888.01732052458	27997.324086192486	26908.430935338925	25619.3336352349	24128.05179052071	22432.43260990198	20529.72024400979	18416.388107451086	16088.47161091902	13541.655770507685	10771.21199799901	7771.969035597125	4538.289242910803	1064.0451009241078	-2657.406111604272	-6633.250228323159	-10871.247158289945	-15379.765161486532	-20167.819285709775	-25245.11423597169	-30622.092406375566	-36309.98773634079	-42320.88631290465	-48667.79492039306	-55364.71692970066	-62426.741849553335	-69870.14321292983	-77712.49227793532	-85972.78839004965	-94671.60828323214	-103831.27897146327	-113476.07798248762	-123632.46854434803	-134329.37354893514	-145598.5012938008	-157474.732248215	-169996.58286965545	-183206.7653044837	-197152.87204591045	-211888.21677807905	-227472.88267207018	-243975.04296801193	-261472.6477702238	-280055.6113207323	-299828.69676250126	-320915.3929369416	-343463.26752029464	-367651.4762128185	-393701.7439661772	-421894.91830499726	-452597.06880756444	-486303.0805727893	-523714.61289200094	-565893.5077736083	-614606.6296955158	-673278.2700029614	-750844.0823107803	-906098.3467356638	-928068.6229321529	-940944.9396419792	-952984.2234302012	-964979.4226669353	-976373.2468783676	-986968.2000210194	-997253.8755614681	-1.0074666483684622e6	-1.0176535937446707e6
32732.097873625433	32617.861633644032	32312.90514770124	31816.359300174605	31126.873542933507	30242.705741397425	29161.842928426937	27882.132856507902	26401.380265345433	24717.32422004726	22827.403976957125	20728.401787387746	18416.391546823827	15887.036474749228	13135.629279891116	10157.033176705721	6945.653270347044	3495.4110413934686	-200.28126904591045	-4148.548416897145	-8357.08270888294	-12834.177869423016	-17588.766861393233	-22630.463969990655	-27969.611910143925	-33617.334702037624	-39585.59711521224	-45887.27161274658	-52536.21331819263	-59547.34750781467	-66936.76300588838	-74721.82758292119	-82921.31159735189	-91555.53532446391	-100646.5363983665	-110218.2670663821	-120296.8191823171	-130910.69337587268	-142091.11416559157	-153872.40342337993	-166292.4309521299	-179393.15435225493	-193221.2783994982	-207829.06482740585	-223275.33857199037	-239626.75261467858	-256959.39538137615	-275360.889121037	-294933.10541195574	-315795.84889770835	-338091.88103796035	-361993.9538471454	-387715.0409169335	-415523.60376029136	-445767.49839654914	-478913.3790134154	-515616.19557845476	-556853.1783474046	-604216.0682005894	-660681.4299757127	-733436.4128511703	-861482.8853116638	-925460.7259105231	-938652.5165551072	-950636.6145934782	-962180.6037569775	-973800.2476940143	-985104.5484273632	-996044.865384876	-1.0053848508965692e6	-1.0156659918029557e6
35134.39522277145	35020.993420096944	34718.28904828614	34225.47427326524	33541.27738863831	32664.020377766792	31591.701144963707	30322.094806271736	28852.84804632912	27181.526516828468	25305.541285112093	23221.909186277102	20926.96587307233	18416.395278714685	15685.481810589321	12729.118743160798	9541.753899288728	6117.359940117574	2449.407112109242	-1469.1644882225082	-5645.975233691162	-10089.239601752066	-14807.803034243392	-19811.18329681817	-25109.61689934015	-30714.110970402486	-36636.5010139941	-42889.51668286894	-49486.85534894292	-56443.277206110884	-63774.64391424804	-71498.13931354985	-79632.27940152845	-88197.11284545233	-97214.37029425189	-106707.65923574043	-116702.67908472248	-127227.48437220306	-138312.78721819288	-149992.32202801615	-162303.27710846975	-175286.81611468503	-188988.7115992306	-203460.1224399649	-218758.55676965707	-234949.07612238126	-252105.8450782838	-270314.0854681788	-289672.6813146259	-310297.6298509995	-332326.7502935197	-355926.25924952363	-381300.21933788736	-408704.58686579886	-438468.96931500535	-471032.09416500153	-507003.2592323411	-547278.8048959501	-593288.2675465064	-647613.9220890452	-716071.2475182641	-821765.3454856323	-922328.3294261284	-936217.0390586404	-948326.2359318547	-959743.0037708178	-971740.1881009524	-981922.3151707493	-993681.0932824782	-1.0040405600369947e6	-1.0140136437798734e6
37707.38297756521	37594.87458125829	37294.5727373784	36805.72192977874	36127.11983439313	35257.15490854312	34193.862503406184	32934.99554777966	31478.105603605465	29820.609194823963	27959.79250221858	25892.709481148893	23615.948615423957	21125.412517532022	18416.399322216632	15483.807285350194	12322.123518992128	8925.372130053322	5287.08383843003	1400.2667627106566	-2742.623608603826	-7149.717913584667	-11829.769069839705	-16792.19310611878	-22047.114251215477	-27605.41568845001	-33478.796652937745	-39679.83585657849	-46222.06400030601	-53120.04477878229	-60389.46842586552	-68047.25566394802	-76111.67946849181	-84602.5004926954	-93541.12852768955	-102950.8075400326	-112856.82621184585	-123286.76934321379	-134270.81496250827	-145842.08194566943	-158037.04675576946	-170896.04492200073	-184463.8787599419	-198790.56057054357	-213932.23287794454	-229952.31370615878	-246922.970238889	-264926.9644996487	-284060.1105099529	-304434.51328988804	-326182.9748875057	-349465.0660266776	-374475.87485244335	-401458.8816937582	-430725.603205836	-462687.36641207733	-497909.5443037038	-537211.898321012	-581875.1210268603	-634137.451553792	-698732.8625984339	-791053.3982829496	-918658.9629737035	-933480.8875763727	-946326.7546011149	-957494.289721353	-969234.2111937506	-980590.0067078208	-991534.1126795278	-1.0020421196623386e6	-1.0132311432274901e6
40446.68378160817	40335.12584860137	40037.37530236266	39552.72035268451	38880.019760840485	38017.726450510134	36963.92655765235	35716.38293637389	34272.606206468656	32629.908576462738	30785.4456851016	28736.194972290992	26478.83355857461	24009.521901405766	21323.741744916726	18416.403659429154	15282.013025695604	11914.643012295259	8307.88556780375	4454.81947682504	347.9792193736939	-4020.6779230112734	-8659.807912612509	-13578.7196794349	-18787.41971953193	-24296.661333397933	-30118.00038161603	-36263.85752545344	-42747.588364829135	-49583.56344632374	-56787.256790419866	-64375.350446055265	-72365.84932050767	-80778.2171050444	-89633.5235421173	-98954.63836649808	-108766.41775840381	-119095.9613134944	-129972.89019368816	-141429.68421048197	-153502.08231015224	-166229.56282874988	-179655.92513894755	-193829.99861695734	-208806.52142368007	-224647.22818212182	-241422.2388646627	-259211.785703775	-278108.5807646655	-298220.77006056404	-319676.0907322974	-342627.45340339653	-367261.0103854309	-393807.8339138157	-422561.70609390596	-453907.3880640246	-488368.2041228829	-526692.2586862602	-570024.880670284	-620305.8960222901	-681412.2757527267	-764215.2772308369	-913217.4882364578	-930317.570628702	-942841.1349132869	-955336.3984550799	-967223.2973609788	-979104.3419419953	-989043.4947621289	-998895.9008998685	-1.0091309139212279e6
43347.66580937634	43237.1139771422	42942.06060402944	42461.83081917977	41795.3370136085	40941.09338465276	39897.239066472626	38661.57506894828	37231.598280491264	35604.56738541977	33777.538474433255	31747.382921770273	29510.74453516565	27063.91694515251	24402.63039368567	21521.953684790453	18416.408313722277	15080.098844093955	11506.676562232242	7689.292236368288	3620.561682702755	-707.4665929207404	-5303.3469911547145	-10176.277177906231	-15336.140698147647	-20793.55524872325	-26559.927500370075	-32647.51300768042	-39069.48532450487	-45840.01303299266	-52974.346283714054	-60488.91812957308	-68401.45561291353	-76731.11193634442	-85498.60864256957	-94726.42022767273	-104438.96315320642	-114662.83073468308	-125427.06995728298	-136763.50184465462	-148707.10500420252	-161296.4774158331	-174574.388738767	-188588.45810496603	-203391.98638220062	-219044.98601614282	-235615.49264135357	-253181.21157397772	-271831.6774551843	-291671.0781376066	-312822.0516125745	-335430.8943010201	-359674.8910810087	-385772.94633445697	-414001.5653058125	-444719.9442188676	-478411.5453337695	-515757.89764167485	-557782.1314171047	-606166.3836645379	-664104.982632861	-739569.6248727208	-885549.7751982054	-926809.5695940387	-940003.6248852804	-952263.2674892864	-964812.0023931023	-976215.8412173677	-986732.0808539318	-997463.1103931367	-1.0082123305604893e6
46405.456004043444	46295.96421526646	46003.750508501646	45528.171298381	44868.18626801371	44022.365704170894	42988.90583902299	41765.64852052924	40350.11518446315	38739.54035963387	36930.91734841307	34921.029355199236	32706.442622085728	30283.456264412074	27647.962455009183	24795.273900462897	21720.048198818404	18416.41324542524	14878.064708545833	11098.223811957607	7069.5895751250355	2784.3046393842087	-1766.0813122420368	-6590.651249882285	-11699.158822858473	-17102.082596065942	-22810.6739335265	-28837.01777269831	-35194.097928105446	-41895.87578781688	-48957.36856928427	-56394.75178713468	-64225.46566188766	-72468.34056167837	-81143.74345578736	-90273.74037258473	-99882.29114839752	-109995.47187315312	-120641.74224772933	-131852.24300719728	-143661.17749535025	-156106.24226601975	-169229.16790557583	-183076.30996168905	-197699.5390467053	-213157.11780071817	-229514.97574725712	-246848.2568279102	-265243.32717912225	-284800.40540211776	-305637.0740524079	-327893.0661652199	-351736.9551801344	-377375.77399847796	-405069.32813931233	-435152.38846953353	-468070.89486333495	-504444.9369318163	-545187.964882745	-591760.2607769055	-646809.5354109841	-716343.2612183786	-824904.9264619766	-922919.5207281599	-936679.4080134642	-949094.8572051071	-961283.782218592	-972621.2451981951	-984671.6701631646	-994810.7540724094	-1.005938913624644e6
49614.95142776468	49506.57295649224	49217.33765334949	48746.62966921844	48093.4501202504	47256.421192790294	46233.79434635994	45023.46102398103	43622.97790848468	42029.58750014899	40240.25191409116	38251.69970788325	36060.410836950934	33662.64308604604	31054.332988615177	28230.972183492602	25187.452499671854	21918.02551017882	18416.4184740583	14675.910728191244	10689.283692669094	6448.774328790329	1946.0416533808893	-2827.877976287913	-7882.609209474409	-13228.484117602231	-18876.594598237833	-24838.84780024743	-31128.036157311522	-37757.902499009884	-44743.22765024274	-52099.91983493863	-59845.125777759065	-67997.3466631721	-76576.57905197563	-85604.47501706897	-95104.52672104802	-105102.28103006296	-115625.59102750797	-126704.91511095257	-138373.64975961047	-150668.62372504768	-163630.42166765092	-177304.22670710908	-191740.39524458488	-206995.44389959372	-223133.19038699346	-240226.21105323476	-258357.71188711893	-277623.96814304334	-298137.5630210094	-320031.77530032553	-343466.6677366608	-368637.76316274545	-395788.82715476066	-425231.4400629697	-457376.4351438974	-492787.5185880838	-532280.123277026	-577123.9537695656	-629526.6138294255	-694113.5531879382	-785535.7446022036	-918018.1950612036	-933313.0955005845	-946290.6742846665	-957563.9235015379	-969624.5513529542	-982115.1798300121	-992025.3461881403	-1.0017197867982278e6
52970.83537031154	52863.62098345652	52577.49884331532	52111.87709170596	51465.79380722102	50637.91865274942	49626.554915149856	48429.648366202964	47044.79985887915	45469.27304044081	43700.04111339628	41733.78622123804	39566.946637628	37195.7113976892	34616.001079516165	31823.38460056862	28812.948291623514	25579.17087058752	22115.885543030483	18416.42399973888	14473.636428991376	10279.8546054959	5826.846195789141	1105.7694556071365	-3892.8634428982477	-9179.239637289895	-14764.284786138596	-20659.726410472882	-26878.15473279159	-33433.092635337	-40339.075946588244	-47611.7430185274	-55267.93701701361	-63325.82259588785	-71805.02069120258	-80726.75876094998	-90114.05145937501	-99991.90499561152	-110387.57049671127	-121330.79371035285	-132854.18778056558	-144993.60574542335	-157788.63206652307	-171283.14094538993	-185526.02134951676	-200572.0299758485	-216482.87429331208	-233328.5737528829	-251189.1981967959	-270157.1261606375	-290340.0245395064	-311864.8608974749	-334883.42759550206	-359580.1510190017	-386183.47561398265	-414983.08265655744	-446357.1292686523	-480817.8174265495	-519093.2986345636	-562289.7100722834	-612258.4024643742	-672624.2460494216	-753071.2778470772	-909399.2316886464	-929142.7961842471	-942395.7950425211	-954561.2928941627	-967012.0417287827	-978743.3605059499	-989077.0446454035	-999157.1558433182
56467.587667532745	56361.586725709945	56078.708398893854	55618.38171399462	54979.67795953335	54161.30964190417	53161.63077131701	51978.63965299564	50609.98387248782	49052.973034044	47304.59359089896	45361.527143059386	43220.19317715254	40876.69894776866	38326.95623484158	35566.5308574166	32590.61602539246	29393.89270389802	25970.421632331156	22313.62967339903	18416.42982320262	14271.241978108927	9869.937835300225	5203.802076399152	263.48142118567193	-4961.053219239868	-10480.565968567244	-16306.597209847416	-22451.53284073682	-28928.67025758233	-35752.29560030514	-42937.77030784631	-50501.62945067545	-58461.69544885843	-66837.2046142171	-75648.95674195432	-84919.4815031283	-94673.24162356631	-104936.85850055545	-115739.38271745891	-127112.61161337711	-139091.47077875875	-151714.4574720924	-165024.1970766876	-179068.0869213862	-193899.13166870846	-209576.94033906958	-226168.99685381912	-243752.27472189546	-262415.32056985586	-282260.99045548186	-303410.10954552353	-326006.47577089194	-350223.8689275108	-376276.17082096374	-404432.479692749	-435040.67240477283	-468566.08025915106	-505659.337519245	-547286.2274748381	-595008.1669417126	-651708.9309190614	-724178.435897788	-844820.0685451402	-924664.6369881108	-938432.5264586692	-950966.0997173695	-962464.930774627	-974399.7150425317	-985276.8629384742	-996432.7024856945
60099.49949211709	59994.75966773745	59715.25115189042	59260.42215259596	58629.373086315216	57820.85623464106	56833.272945454824	55664.67197160747	54312.769675314325	52774.876014044174	51048.05985321595	49129.00431270493	47014.13301680738	44699.49755716072	42180.99401011884	39454.16908197645	36514.24443396785	33356.03351765734	29973.80746673922	26361.20936580874	22511.25454927527	18416.435944196928	14068.72723472993	9459.531949861383	4579.639556847775	-580.82559224742	-6032.457164145366	-11786.607050149934	-17855.45365658775	-24252.06450779189	-30990.471880025463	-38085.75587052549	-45554.13930007449	-53413.096700529626	-61681.47613933374	-70379.6417609322	-79529.6359947109	-89155.36935404624	-99282.83801242508	-109940.38198590066	-121158.98643987367	-132972.637364346	-145418.75745204184	-158538.71130914468	-172378.42094853864	-186989.1483627368	-202428.4229570398	-218761.2275422907	-236061.4905430248	-254414.00747950585	-273916.9476052276	-294685.1848879755	-316854.8217232233	-340589.46970042156	-366089.22540957085	-393603.92089960387	-423453.473919912	-456060.6947219663	-492007.49995499477	-532139.1898798668	-577779.9523494069	-631254.216537794	-697519.3273013958	-793091.4825925796	-919378.4816797923	-934253.2534260114	-946952.3254517133	-959885.5153602902	-971157.3026651696	-981768.2066516203	-993730.7506141381
63860.68642431885	63757.25358365968	63481.23667868209	63032.100451122285	62408.97370850459	61610.64161227856	60635.55222180592	59481.804717341685	58147.150420841324	56629.00036059224	54924.41797096944	53030.13245317429	50942.57779284318	48657.85935299756	46171.76893903072	43479.86345622178	40577.37127657251	37459.15539782516	34119.642401209465	30552.694196103563	26751.534967519692	22708.763575826408	18416.442384326117	13866.091011527358	9048.63619268626	3954.3589898138307	-1427.16129409743	-7107.086403013789	-13097.383236109512	-19410.887579245027	-26061.37383856476	-33063.63756318507	-40433.58552084875	-48188.340723908565	-56346.41186864913	-64927.56634749542	-73953.51306252071	-83447.55407028878	-93435.05926070284	-103943.6557727686	-115003.51479653054	-126647.69098340697	-138912.5259066563	-151838.13020055753	-165468.96943926194	-179854.57630439417	-195050.43167580722	-211119.0581920842	-228131.40308164398	-246168.6028883374	-265324.27854861016	-285707.5626206992	-307447.17900805856	-330697.06320884154	-355644.3127957304	-382520.7868674197	-411620.66854705976	-443328.28249579633	-478164.7053118639	-516871.7182344422	-560578.3728914256	-611180.0966496482	-672407.8195859329	-754353.8147726565	-910615.6864394185	-929700.9775659291	-942766.4718528108	-955500.7658701327	-967117.9557343205	-978643.7142806705	-990144.7410057613
67745.10177064252	67643.02003553408	67370.6116764999	66927.3564659384	66312.40757265517	65524.58613535375	64562.37632013015	63423.92957251465	62107.048759733545	60609.20865635706	58927.48459697611	57058.70485691163	54999.29330578841	52745.38595814844	50292.799970637134	47637.04351835369	44773.33968095033	41696.58006880911	38401.272782612185	34881.44660341523	31130.55484739013	27141.39866462475	22906.155615303083	18416.449091205097	13663.336647856995	8637.252221741655	3327.9536850136938	-2275.5300445269095	-8184.953200718097	-14412.91610962915	-20972.934044352354	-27879.514988529263	-35148.24733115669	-42795.89974051854	-50840.534063417406	-59301.63519291175	-68200.25934487267	-77559.20601172728	-87403.21699907168	-97759.20710800681	-108656.53678667132	-120127.33075483982	-132206.86011664313	-144933.9951366994	-158351.75415505294	-172507.97006607754	-187456.107382958	-203256.28126598056	-219976.5275237573	-237694.42968284583	-256499.21042953746	-276494.48066305276	-297801.91478852904	-320566.2723102977	-344962.43154596933	-371205.53489111504	-399566.137022607	-430393.79452286405	-464155.75595721824	-501504.7421240588	-543408.4530607909	-591428.6563462485	-648441.6192066335	-721181.4648670522	-840976.3520328185	-924564.3524565643	-938550.4949291877	-951420.3046408419	-963426.1864411694	-975821.5265489349	-987107.318731671
71746.54962777258	71645.86125409092	71377.17378968014	70939.98075995961	70333.45798457952	69556.45575520392	68607.50016273218	67484.78695199794	66186.16650195584	64709.16263720498	63050.94589917113	61208.34168965131	59177.84603171228	56955.62611491933	54537.52612962769	51919.01912540135	49095.36527570416	46061.451238474096	42811.82092372274	39340.60666777604	35641.4528950356	31707.39131590868	27530.80146743056	23103.430924834087	18416.45609300102	13460.460768955701	8225.375441026787	2700.4229113993933	-3125.9372594972665	-9266.068449709972	-15733.22593734038	-22541.67767498162	-29706.541650070925	-37244.381760661316	-45172.8140291071	-53510.88174035761	-62279.14701483864	-71499.85403719908	-81197.11795453535	-91397.14444676583	-102128.48706509909	-113422.34883156512	-125312.9402199433	-137837.90626764437	-151038.83930445922	-164961.90066159028	-179658.58254988398	-195186.64497231925	-211611.2962749059	-229006.6762195811	-247457.76904996386	-267062.8928888957	-287937.007420192	-310216.19550718693	-334063.88117202674	-359679.6966344551	-387312.5462395174	-417280.6192320986	-450003.5515789676	-486057.3170702311	-526275.5159725726	-571957.181278164	-625363.9780803582	-691247.2462266125	-784774.2457591835	-918337.2187220284	-933572.7358646309	-946526.1926732878	-959826.9825763681	-971262.4520520286	-982086.0788983079
75858.69791883764	75759.44337292982	75494.58509737102	75063.62676814239	74465.76740600998	73699.88644537741	72764.54300706339	71657.97642694427	70378.09594405434	68922.46854097431	67288.32909773408	65472.54839164186	63471.68657915869	61281.94860448815	58899.210459743976	56319.01164495057	53536.563295790285	50546.78034361925	47344.21599817851	43923.102547705406	40277.17004858979	36399.66414254301	32283.205209812528	27919.743665110087	23300.589301533008	18416.46339766687	13257.464590994408	7813.006713624665	2071.764652873855	-3978.388726140751	-10350.445152881322	-17058.333945348888	-24117.002734412206	-31542.508604864677	-39352.12236655643	-47564.446229591325	-56199.54913503412	-65279.12190349167	-74826.65658333368	-84867.65486419742	-95429.8701263309	-106543.59296950657	-118241.98754324333	-130561.49150115182	-143542.2962247111	-157228.92550563533	-171670.9430936526	-186923.82010035455	-203050.01914045843	-220120.3564524235	-238215.7416915174	-257429.43400765338	-277870.0144978729	-299665.3829010616	-322968.2507219625	-347963.8891956273	-374881.3966273891	-404010.68921096926	-435729.2821901601	-470546.8874056346	-509185.0965477086	-552733.7525084798	-603001.1854168761	-663476.1580906154	-743175.1391099074	-903699.2877221478	-928505.3842402038	-942268.947183857	-954887.6387539511	-967002.8820874854	-978723.3381889386
80075.09109202374	79977.30908601468	79716.38079748212	79291.82481504061	78702.85534322796	77948.38053021296	77026.99882007703	75936.98043324897	74676.28830845936	73242.54225273551	71633.03020262993	69844.69918848052	67874.15367356897	65717.6557275398	63371.12097990002	60830.15174227934	58089.96475341145	55145.49145459835	51991.32480626795	48621.69276429589	45030.445194148226	41210.96728956398	37156.085181089074	32857.99852345264	28308.224737142926	23497.63106822106	18416.459402491862	13054.34693556506	7400.145426485309	1441.9763797424384	-4832.890139035706	-11438.093679554062	-18388.261529556738	-25699.095252258354	-33387.47112037777	-41471.55195140734	-49970.92189076959	-58906.70417383936	-68301.7907932208	-78180.97942575795	-88571.23323979456	-99501.94165807217	-111005.2390416566	-123116.37697589159	-135874.17386480502	-149321.55349164328	-163506.20113962138	-178481.36477521132	-194306.85229724122	-211050.27782290406	-228788.64592521387	-247610.3909319304	-267618.049451847	-288931.8203642403	-311694.41654073645	-336077.83458553406	-362293.0759361916	-390604.5871200613	-421352.60333178705	-454989.50781852915	-492142.8776630529	-533734.3199446765	-581230.6404893706	-637272.8574382641	-707773.5880499522	-815759.6621580329	-922520.4834065165	-937009.2773326288	-950089.8983338755	-962053.058973192	-974213.8051506802
84389.16253906129	84292.88979549277	84035.99046800553	83617.99349674906	83038.13161130804	82295.33933780307	81388.24444071793	80315.15875508894	79074.08484538725	77662.71495515676	76078.3684529529	74318.07660757001	72378.4801090038	70255.92677352471	67946.3811496741	65445.47165434816	62748.53212098946	59850.440246701706	56745.85820060235	53429.03580351712	49893.88442983455	46133.87295139147	42142.00958233696	37910.72090675065	33431.772910170126	28696.246510627214	23694.556131535937	18416.47890797298	12851.10890793812	6986.790888032992	811.0559883459355	-5689.462784580421	-12529.026666842517	-19723.02981701668	-27287.9406421436	-35241.48252838664	-43602.75445034096	-52392.351352354424	-61632.51816625189	-71347.38959810828	-81563.14175585803	-92308.27884304782	-103613.92148153734	-115514.1605617376	-128046.47161917097	-141252.21915474196	-155177.2625223787	-169872.69724095857	-185395.76866605144	-201811.0144637173	-219191.70358034864	-237621.6807817188	-257197.76479634375	-278032.9218654861	-300260.5481324135	-324040.3858005769	-349566.9165154387	-377081.6475145982	-406891.79517437087	-439400.0288566244	-475154.6410646043	-514940.6950673006	-559963.0376689436	-612270.2711163934	-675986.5367368214	-762889.5124983139	-914221.6431274714	-931648.6130761488	-944955.1661402483	-957397.9159947254	-970026.4281432976
88794.24672222005	88699.51814328645	88446.74043031628	88035.45393866325	87464.90756589879	86734.05803115455	85841.56705824939	84785.78165515608	83564.74842081877	82176.20177482965	80617.5385012989	78885.82834926993	76977.80449302842	74889.78704777149	72618.02182954217	70157.99448890146	67505.14225040644	64654.421472185335	61600.508936762635	58337.70290813314	54859.95332939419	51160.8074043525	47233.3921656919	43070.308875060684	38663.57540889818	34004.531031361315	29083.809079055616	23891.364821536263	18416.487108471076	12647.749689547578	6572.942639593151	179.0019665195723	-6548.066550248535	-13623.255826323497	-21062.660873681016	-28883.57531795246	-37104.6074174089	-45745.814971841	-54828.85571788292	-64377.17203765031	-74416.15881438201	-84973.4700089079	-96079.22830738878	-107766.38736223575	-120071.11466207332	-133033.25748573907	-146696.9048554175	-161111.0712094215	-176330.53577956697	-192416.88504630863	-209439.82188399043	-227478.83429491782	-246625.34194619057	-266985.52783725125	-288684.11939813907	-311869.55870606727	-336721.2550994451	-363460.0556667149	-392363.90251858206	-423792.25426378567	-458226.23061315576	-496339.1373657222	-539131.7367167121	-588225.372323259	-646625.3433497713	-721462.5904135365	-848111.9238924895	-925473.4428127187	-939669.1225320736	-952734.6941008349	-964702.6842905406
93283.59090682628	93190.43990717031	92941.87262145994	92537.43918848119	91976.40393462547	91257.74537035957	90380.15437066295	89342.01950814635	88141.42250954766	86776.1486110642	85243.6636124	83541.05605762448	81665.17627526216	79612.44583101416	77378.99690381977	74960.59026187718	72352.6254295827	69550.17372706723	66547.91709188855	63340.23239321374	59921.09204444694	56284.11183778476	52422.50983608319	48329.01678447098	43995.86943475687	39414.653206174495	34576.27345431101	29470.913121629623	24088.0575079516	18416.49560694734	12444.27049295255	6158.588236573123	-454.193653574388	-7408.757790211355	-14720.793472370075	-22407.176616290613	-30486.035467630718	-38976.895288479864	-47900.81952315214	-57280.57453208882	-67140.83025820588	-77508.34376009845	-88412.29780649784	-99884.52969955618	-111959.93318943522	-124676.88257003098	-138077.7543199089	-152209.55540174834	-167124.69475896365	-182881.93451623095	-199547.58034414542	-217196.98555599025	-235916.48574246175	-255805.9096636111	-276981.9260745003	-299582.5654207119	-323773.49091940577	-349756.93718221365	-377784.86176523205	-408179.0721173588	-441363.5222689663	-477919.3337071686	-518686.0834334586	-564968.9275876143	-619031.7538560095	-685599.0402297295	-779484.4637765519	-917906.4181207812	-933775.174924622	-947619.1332611309	-959628.5694517794
97850.36648069393	97758.82438419413	97514.55090304713	97117.10443489243	96565.76671830413	95859.53851202717	94997.13546379453	93976.97248900573	92797.19062515775	91455.60890037203	89949.7267267203	88276.76228288002	86433.56106095032	84416.65256714482	82222.22405268668	79846.10851912922	77283.7976294096	74530.4155905948	71580.72779542903	68429.12610790181	65069.69553205049	61496.0585717214	57701.55296349735	53678.99876445744	49420.77229907384	44918.70242340508	40163.95878845279	35147.00287229419	29857.559087199566	24284.650370261836	18416.50440328312	12240.669824582757	5743.763432904787	-1088.5231136227085	-8271.513782865106	-15821.651637383213	-23756.605279344774	-32095.358219285263	-40858.40696820151	-50067.85586435886	-59747.62834403606	-69923.67044722146	-80624.19465882558	-91879.9664075959	-103724.64166607271	-116195.16890759679	-129332.26877242478	-143181.01624960243	-157791.54569360323	-173219.92052367306	-189529.21380315343	-206790.86752171838	-225086.42486838956	-244509.77642943233	-265170.1046954831	-287195.851694515	-310740.145657536	-335988.44469863886	-363169.61277177837	-392572.5675274773	-424572.40249373205	-459673.6490768967	-498587.02489737177	-542378.5969522699	-592799.2269307631	-653169.1393519556	-731753.9553358271	-882893.8881667687	-927537.8186761311	-941828.5597739604	-954854.5459235094
102487.6798739877	102397.7762998667	102157.87572215562	101767.54504093817	101226.0801872668	100532.50036908865	99685.55241887542	98683.68360481724	97525.06757027532	96207.57629902354	94728.76101376186	93085.90166907721	91275.8810078932	89295.34348901342	87140.52623483665	84807.34695639015	82291.36345541947	79587.78758727215	76691.46537488983	73596.87435136808	70298.11418296698	66788.928788201	63062.671036325104	59112.26383911917	54930.29804108004	50508.66394204556	45838.814127148216	40911.49630241183	35716.72123659693	30243.747557485884	24481.092970260477	18416.513495148887	12036.948131454817	5328.428212674276	-1723.9966841182322	-9136.353634320578	-16925.842439814267	-25110.950453189143	-33711.58068883326	-42749.20926012169	-52247.01262714181	-62230.14620378753	-72725.8928171329	-83763.96690892836	-95376.82471813686	-107600.03477552196	-120472.72201008198	-134038.10329061298	-148344.13433953992	-163444.3031045515	-179398.61173139757	-196274.8032615765	-214149.91710866278	-233112.28750315093	-253264.15612152044	-274725.1340429344	-297636.91868569085	-322169.83705216	-348532.19894717983	-376984.11819939304	-407858.7505558458	-441596.56461914023	-478804.13341336	-520363.37821080524	-567657.881235355	-623122.4706302488	-691976.3150039196	-791886.2988564633	-920022.3653472343	-935529.804730823	-949109.6660444622
107188.58298947115	107100.34587703545	106864.89268753373	106481.79723089904	105950.37471315148	105269.65262451317	104438.40515949756	103455.13229258139	102318.02463587803	101024.95737891323	99573.6499707362	97961.33573517048	96185.00888994202	94241.35635397612	92126.67624927654	89837.04534612226	87368.03061335829	84714.95765928848	81872.73985826428	78835.91709655664	75598.74106458675	72154.95857418886	68498.0258269267	64620.98165938728	60516.39170120898	56176.44254986668	51592.708141913696	46756.22064902913	41657.26951844286	36285.429414036334	30629.47920329176	24677.436274217296	18416.522887441562	11833.105316309491	4912.598277601501	-2360.6145350195584	-10003.278983262659	-18033.378357997193	-26470.253005631064	-35334.74063551854	-44649.33688195181	-54438.379862905014	-64728.26076985017	-75547.67661179625	-86927.92107558856	-98903.22981138318	-111511.19129322062	-124793.23831837828	-138795.242515904	-153568.2377096539	-169169.31123171235	-185662.71258362778	-203121.24943689886	-221628.06958020304	-241278.9684992535	-262185.43678209634	-284478.7417490349	-308315.5515895532	-333885.85472302814	-361424.4745621148	-391228.4253237066	-423684.2517131604	-459313.52433230006	-498854.05885661393	-543419.118902187	-594853.4335107874	-656708.6176736427	-738125.052572086	-902305.4970770853	-928891.8988480885	-943053.203143785
111946.08333575795	111859.53873770926	111628.6008100398	111252.85449724794	110731.62189834712	110063.96258964558	109248.66119741206	108284.25925093165	107168.96398450354	105900.75258784782	104477.29105880183	102895.92719288076	101153.7489951342	99247.45600340489	97173.48767392972	94927.85691270893	92506.44885634354	89904.49597008682	87117.03941888596	84138.76555146933	80963.92980321968	77586.41298933505	73999.74362709787	70197.02540495794	66170.99044449488	61913.86732350089	57417.4382746098	52672.924065316765	47670.91476685507	42401.28419780388	36853.13061557649	31014.755567682616	24873.673177225603	18416.532505522337	11629.127657938341	4496.270701949368	-2998.379150270659	-10872.29615697515	-19144.27177755139	-27834.52945559821	-36964.87585025601	-46558.874983663176	-56642.04851149733	-67242.10398704029	-78389.2121133309	-90116.32297713344	-102459.54684205452	-115458.60661026638	-129157.39835242066	-143604.58821558976	-158854.5155993757	-174968.1331562281	-192014.27544320654	-210071.22451439686	-229228.84633268305	-249591.13094052067	-271279.8305168721	-294439.27173144126	-319243.0846883486	-345903.83050338505	-374687.2538859296	-405934.2416144812	-440096.3617868575	-477797.07127044816	-519946.03926530376	-567977.7190012526	-624437.2553131486	-694865.7165826341	-798939.8349902983	-921158.8598065663	-936553.1006618484
116753.15326052508	116668.32567164024	116441.97015928058	116073.67778855722	115562.78218366498	114908.36910111924	114109.23903584226	113163.96004857899	112070.78101624652	110827.71082253396	109432.49096819105	107882.48951542458	106174.86924334306	104306.41344844247	102273.61117385601	100072.6162380897	97699.1930643197	95148.98242733491	92416.92013520494	89497.83319036564	86386.04164313004	83075.56962741779	79559.99825730419	75832.5507524975	71885.96672883525	67712.7767757389	63304.74878017718	58653.322241203045	53749.31991311023	48582.91924632859	43143.54338109685	37419.825556150085	31399.57534113055	25069.78450216999	18416.542503381846	11425.05424453324	4079.445216865075	-3637.2925006211153	-11743.411554157938	-20258.535739769664	-29203.802704680944	-38602.02487196174	-48477.876171771466	-58858.11095310585	-69771.8126612918	-81250.69374996267	-93329.44456291251	-106046.15006845107	-119442.78905116796	-133565.83681325515	-148467.00045091455	-164204.1235822594	-180842.31264191406	-198455.3557221382	-217127.5345847336	-236955.97084290732	-258053.73345881468	-280553.9882562354	-304615.7331584194	-330431.8825533135	-358241.0243825674	-388345.17110520904	-421137.901474703	-457150.382556543	-497136.31919350533	-542235.0565690729	-594342.0187044772	-657130.6643871685	-740197.3609292998	-905891.738859731	-929629.1889231119
121602.73950734091	121519.65176052369	121297.93824696436	120937.19906385287	120436.7807993618	119795.78093316409	119013.03288023175	118087.10996884044	117016.33701411542	115798.7455172005	114432.06913831258	112913.8337575623	111241.15945170514	109410.94174571746	107419.776098207	105263.84886309423	102939.08068297412	100441.02981959873	97764.92381931252	94905.56526204306	91857.478443917	88614.72731536173	85170.97752310532	81519.58968601981	77653.44433187135	73565.03344905999	69246.3894155355	64689.075387333985	59884.1053256336	54821.91281131422	49492.23574265139	43884.05157537473	37985.516684653994	31783.93988246008	25265.76830504043	18416.55279818151	11220.847230546526	3662.120449326583	-4277.358957930002	-12616.630382169446	-21376.18166249903	-30578.095464369457	-40246.22654038586	-50406.40222065878	-61086.66134565184	-72317.52426570369	-84132.31900288106	-96567.5630042415	-109663.42210798123	-123464.26018630614	-138019.30677846284	-153383.47542646056	-169618.3760061086	-186793.58234774478	-204988.2383706232	-224293.1296575191	-244813.38050240302	-266672.05378369195	-290015.0453874186	-315017.88139220024	-341895.4791548394	-370916.578320261	-402425.9948920412	-436880.6553466971	-474911.71207083063	-517440.67434594803	-565922.1293503621	-622941.2003632326	-694144.2471725461	-799794.3844801172	-921431.7516953859
126487.77106928432	126406.44437524927	126189.42975851007	125836.3341024509	125346.51952387491	124719.09506749462	123952.91984796518	123046.59885992504	121998.47702447984	120806.62501770306	119468.82735688794	117982.63327630087	116345.34508608177	114553.77867400715	112604.64604457725	110494.20635922483	108218.48977048667	105773.08104299889	103153.51714204735	100354.47295196643	97370.62032439426	94196.16040489372	90824.91649521896	87250.28058683555	83465.28455092467	79462.52577122656	75234.15879488236	70771.872094716	66066.87338900974	61109.82040462148	55890.719201474974	50398.87214683523	44622.813348571624	38550.20864575781	32167.848371351953	25461.64724188487	18416.56340751474	11016.51873750356	3244.2970928703144	-4918.578276275337	-13491.959155997902	-22497.223172028433	-31957.43152459711	-41897.52007141145	-52344.51543651207	-63327.79500670219	-74879.37951819791	-87034.28973333078	-99830.9610681638	-113311.75503576582	-127523.55588358548	-142518.51730752108	-158354.97069001122	-175098.55882913945	-192823.66256057582	-211615.22681453964	-231571.11755880748	-252805.2396886886	-275451.72156509786	-299670.6758929122	-325656.3094495984	-353648.74308870593	-383951.82547236467	-416961.23129054194	-453211.2834524524	-493458.6914359927	-538847.108227676	-591276.5013869442	-654421.4396295623	-737837.4528245553	-904903.1811417434
131401.16779745324	131321.62188210784	131109.35942271806	130763.9924349018	130284.89625838296	129671.19811491187	128921.77289034644	128035.25912450577	127010.03290745124	125844.19870654852	124535.6047024411	123081.82211399097	121480.16565050374	119727.65695789181	117820.9199806399	115756.42325459998	113530.18998369854	111137.97202407039	108575.24034102015	105836.97000485285	102917.84137003188	99812.24987315932	96514.04079383076	93016.78206804459	89313.58576639276	85397.18316850724	81259.84333831217	76893.43989894964	72289.25014291826	67438.18677377305	62330.48525944771	56955.75579132588	51302.84141201447	45359.83203148015	39113.89441033092	32551.304217456112	25657.41099554053	18416.574301553686	10812.069735302852	2825.973750026955	-5560.954830157949	-14369.405905961583	-23621.672766579024	-33341.834079294174	-43555.94514064124	-54292.27914067841	-65581.60834873223	-77457.52083398978	-89956.80923167296	-103119.92885301716	-116991.54971574654	-131621.22650623013	-147064.21593782987	-163382.49480641267	-180646.02577657916	-198934.37151787418	-218338.75590994436	-238964.77115313866	-260935.97118809517	-284398.753225893	-309529.152569448	-336542.5564446568	-365708.0757307708	-397370.666657622	-431986.8876879574	-470186.39581313124	-512886.58730907785	-561531.2032226113	-618673.9644396675	-689843.2477633159	-794336.8947717521
136335.84791272745	136258.1009985053	136050.63753849856	135713.08049586287	135244.8104154537	134644.96681144758	133912.47044986993	133045.96073107867	132043.82658004563	130904.26581858758	129625.13730279203	128203.9960443615	126638.39831913773	124925.22659562291	123061.26006644499	121043.05100279495	118866.68988253389	116528.06243131332	114022.62054584695	111345.57928871363	108491.67200612387	105455.35828490336	102230.65766840128	98811.29774427373	95190.46676453034	91361.01559270022	87315.36174143245	83045.50944349595	78542.88458063421	73798.57461583763	68803.026592326	63546.10923963983	58017.00152840599	52204.14642692226	46095.11376298376	39676.584747929825	32934.304905905796	25853.05845692355	18416.585492152022	10607.498214444437	2407.1497260920587	-6204.489823717566	-15248.973400149378	-24749.545705316996	-34731.326824855816	-45221.54086839029	-56249.7574319244	-67848.199334145	-80052.09316382313	-92900.0888706278	-106434.7616632526	-120703.21860605152	-135757.8377796653	-151657.17342193995	-168467.09004949417	-186262.18665784976	-205127.60417144804	-225161.38066552294	-246477.5447996083	-269210.2715995108	-293519.5889238502	-319599.41602526733	-347689.231293235	-378091.64602396335	-411200.03681762575	-447544.44848994084	-487873.3406350387	-533313.3178030162	-585724.6914895987	-648668.5239125662	-731197.4400128352
141284.7348832498	141208.8036435431	141006.18532641738	140676.50810702998	140219.1609998325	139633.32338071062	138917.88042740797	138071.55960328484	137092.7246409792	135979.63196733024	134730.23368696982	133342.14941866856	131812.75929013602	130139.21423007894	128318.3837499271	126346.79222443541	124220.57352160686	121935.99717016472	119488.21847393796	116872.84772339015	114084.45331574761	111117.85519758513	107967.14943294082	104626.0976914918	101088.08593444177	97346.10562355048	93392.72571454634	89219.92499922414	84819.52287529717	80182.61135253863	75299.90267544793	70161.43503550015	64756.72031427722	59074.51668490382	53102.79681865807	46828.66097400681	40238.28056892066	33316.85621272598	26048.590141384164	18416.596979035647	10402.80492992251	1987.8255902311066	-6849.184552724997	-16130.665520169714	-25880.85049450869	-36125.93627299386	-46894.34954538243	-58217.015139188676	-70127.66736295237	-82663.24399583478	-95864.34098508419	-109775.76178457116	-124447.18396166823	-139933.97119167907	-156298.1848016737	-173609.8393389546	-191948.50378413755	-211405.34073377366	-232085.78396504896	-254113.08798602712	-277633.1393294332	-302821.14063955564	-329891.15249194414	-359110.1629325914	-390819.67772768147	-425470.4869790885	-463682.1473617386	-506353.13322854834	-554887.9609181788	-611744.8782917691	-682141.8823848428
146240.76411754993	146166.66367200133	145968.9290543137	145647.1964420512	145200.86760030148	144629.12384916737	143930.9016729499	143104.91054093296	142149.6105319761	141063.24223019593	139843.7506130386	138488.87851346642	136996.04867589823	135362.4373897848	133585.00772474275	131660.39099684544	129584.75160546738	127354.2482743406	124964.59626917254	122411.07080573206	119688.73588098853	116792.2078033817	113715.82331132385	110453.48443873503	106998.69805575136	103344.58308375694	99483.83530919958	95408.69890210411	91110.96141323072	86582.02346424776	81812.67510933624	76793.23972434222	71513.45004906581	65962.3455059561	60128.2926166571	53998.79936772183	47560.47827092372	40798.979881490406	33698.952951990854	26244.005383876676	18416.60876196093	10197.989841959556	1567.9973608904402	-7495.044860505906	-17014.49614282319	-27015.599502418307	-37525.6787943886	-48574.414564760635	-60194.117983278935	-72420.11342612689	-85291.12340310641	-98849.78310031758	-113143.23786934139	-128223.8762554942	-144150.22467465594	-160988.06857769826	-178811.86071693688	-197706.49985411065	-217769.6514382693	-239114.78717772244	-261875.26300700277	-286209.90189507883	-312310.84124889807	-340414.89157672913	-370820.575291318	-403914.79879467597	-440216.9202971882	-480456.6496548618	-525724.7725454755	-577803.9133071332	-640047.65643773
151196.88955618575	151124.63423300523	150931.8203585391	150618.0913625312	150182.86522996792	149625.32281931347	148944.4472579705	148138.95027301827	147207.31755198285	146147.82024174923	144958.4721461237	143637.00398821748	142180.99190432957	140587.62170672906	138853.86605261674	136976.38439751655	134951.6525538859	132775.75819276125	130444.351970055	127953.10021291705	125297.03749839152	122470.85786024533	119469.21218118299	116285.81457425491	112914.57551519189	109348.66780695008	105580.92388474243	101603.87455121987	97409.14422764687	92988.59577794123	88333.05441286124	83433.09438539084	78278.66051595495	72859.06727254222	67162.99731756342	61178.37404753009	54892.16488449223	48290.57008897443	41358.68648691487	34080.598324406834	26439.305617184727	18416.620840709307	9993.05357406853	1147.6670541550266	-8142.071732975135	-17900.470490222448	-28153.81149350875	-38930.58589283336	-50261.767983507365	-62181.13651154656	-74725.63999693963	-87935.88408482115	-101856.63666648796	-116537.50576819229	-132033.73940115323	-148407.21330220008	-165727.67494262848	-184074.31432081683	-203537.7597348722	-224222.70225500985	-246251.35883989255	-269768.1611676818	-294946.24822601886	-321996.70102849556	-351182.11086037615	-382837.2991819156	-417402.47160024545	-455479.53365709365	-497935.3194345777	-546111.5043232418	-602320.2532596544
156146.08863048715	156075.68990066598	155887.8323020307	155582.16273714398	155158.10843697347	154614.87436523687	153951.43419908	153166.55941713415	152258.76313742978	151226.32943815622	150067.33444474777	148779.5147670307	147360.44762400942	145807.48194936974	144117.71558643202	142287.65228162808	140313.93834746943	138192.91548233357	135920.1804946714	133491.38593106167	130901.81624463218	128146.37383415454	125219.51962163256	122115.49308499519	118828.07615390056	115350.63699285113	111676.18164341652	107797.26021743994	103706.09901120944	99394.15813058536	94852.82220319187	90072.67752077006	85043.94059970079	79756.18158748152	74198.35255703499	68358.70910207237	62224.69822003064	55782.89801070781	49018.940280849114	41917.40256512497	34461.79269769858	26634.4905448473	18416.633161948703	9787.994703323347	726.8332515017828	-8790.26757934352	-18788.59025834495	-29295.49677357613	-40340.680534487474	-51956.460362383514	-64178.12664568552	-77044.35093155119	-90597.68103739212	-104885.12783863058	-119958.88832415227	-135877.22791694663	-152705.56749205943	-170517.87672844192	-189398.4029300618	-209443.93534807255	-230766.76271182514	-253498.62687262922	-277796.1241201577	-303848.26592779846	-331887.3782671334	-362205.36558404635	-395179.02585487044	-431311.5289745638	-471305.0414320433	-516199.3442289452	-567670.2261438104
161081.36788776686	161012.83791818377	160829.96366123945	160532.40139534793	160119.58557376429	159590.74254438607	158944.866517675	158180.72287123185	157296.891565923	156291.67091056996	155163.12832050514	153909.15777557204	152527.3461738311	151015.00215237253	149369.32612257876	147587.06915310147	145664.65337802883	143598.5611171975	141384.84756546002	139018.63548146817	136495.75332117552	133811.28600375837	130959.53095916615	127935.00968622859	124731.58862316236	121342.83294550303	117761.8802416889	113981.44206073717	109993.80920925963	105790.83466099756	101363.85717715687	96703.77963533628	91800.98496209306	86645.274318224	81225.86873283508	75531.3224625474	69549.47341215773	63267.33985628071	56671.00910868024	49745.59332667856	42475.12898403889	34842.53649632202	26829.560252776835	18416.64582863488	9582.8131042592	305.4952979761292	-9439.635042363196	-19678.864039581676	-30440.66885230277	-41755.98855987773	-53658.53149987443	-66185.16708270635	-79376.35175228916	-93276.67223320983	-107935.4871521715	-123407.71563900792	-139754.8081960787	-157045.95148169558	-175359.58732606802	-194785.38535835885	-215426.75943974772	-237404.2227904938	-260859.89174604835	-285963.7664478265	-312922.4819609232	-341992.25458867266	-373498.4392120617	-407866.6156113518	-445674.8487273967	-487748.29329311196	-535348.1527227622
165995.7683607859	165929.1165890158	165751.25251983092	165461.8439632643	165060.33322853083	164545.93919740277	163917.7044396157	163174.46405040927	162314.6596920061	161336.88595676364	160238.9240201515	159018.89779074915	157674.4891085211	156202.98233218456	154601.51506371488	152867.12916570468	150996.30924499035	148985.4495613514	146830.60609389102	144527.43990302237	142071.61287154641	139458.21811205143	136681.7150690442	133736.86346972446	130617.62536867574	127317.71991326212	123830.37331706146	120148.51488362858	116264.60381737276	112170.64280651376	107858.19404380629	103318.34920997685	98541.60097750428	93518.02140961337	88237.14060966048	82687.74014559569	76858.01122019277	70735.33086636866	64306.29940641491	57556.50398081759	50470.53360504983	43031.86673239636	35222.83028876333	27024.514145045483	18416.658792184142	9377.509937192197	-116.34760617278516	-10090.176569976611	-20571.298248687584	-31589.34119194286	-43176.531848424755	-55368.02427636052	-68202.32448871288	-81721.75047699793	-95973.01828233956	-111007.94984616287	-126884.32889997133	-143666.95580660563	-161429.0098601012	-180253.71393005905	-200236.528077289	-221487.9962214348	-244137.54327823396	-268338.6396882251	-294276.00082012545	-322175.9095927407	-352321.52507583634	-385076.5226101588	-420923.41901617637	-460530.2162802218	-504874.45130353025
170882.36919574768	170817.60480921846	170644.77853550774	170363.55427490303	169973.39334248845	169473.56042439933	168863.04927460616	168140.67931285122	167305.10232600977	166354.83702423956	165287.58741507414	164101.68208336306	162794.75474299194	161364.24079570867	159807.31531154964	158120.92528883828	156301.87085808115	154346.34018086817	152250.65529338492	150010.81854077638	147622.04575859156	145079.6890578536	142378.80485082607	139513.6608126809	136478.71101631474	133267.68254891533	129874.06116968201	126290.8884278438	122510.75678772037	118525.86787508291	114328.15859486631	109908.33200458088	105257.67277453525	100366.2895866101	95223.89648539238	89819.51488638058	84141.85810630705	78178.4276556193	71916.30337344465	65341.590117359825	58439.39136182092	51193.764336147346	43587.62042801216	35602.67464240169	27219.353319129965	18416.672052715032	9172.091074177762	-538.6961754768854	-10741.894600899483	-21465.89861926256	-32741.527340129134	-44602.337091381836	-57084.981720950454	-70229.66827364033	-84080.65334260114	-98686.88394756377	-114102.75599958329	-130389.06868770055	-147614.167645703	-165855.45838030486	-185201.24986046058	-205753.20712793182	-227629.5545222133	-250969.38180706766	-275938.5585169253	-302738.066500247	-331616.10238533525	-362886.30381916615	-396956.42942093057	-434376.0337374102	-475921.43687167857
175734.29227356866	175671.42230775976	175503.65191344428	175230.64947403205	174851.88530270167	174366.6364152357	173773.90990767337	173072.58520221923	172261.26292699462	171338.41192622844	170302.22804030313	169150.55923153582	167881.3160305109	166491.8953895386	164979.57055643265	163341.3361019157	161574.1049236639	159674.20303334948	157637.86376780074	155461.18376303324	153139.63216635658	150668.6151675976	148043.3187163848	145258.06566421746	142307.45147595395	139185.4224761161	135885.5419552836	132401.0133352177	128724.63415431799	124848.78527799778	120765.38459664967	116465.97406588704	111941.24822897965	107181.97714934248	102177.99839575932	96918.60524783604	91392.6673344475	85588.21556192223	79492.60508083185	73092.04272249641	66373.22099638736	59319.67858678967	51915.29031283216	44142.390703980054	35982.070025492634	27414.074738797673	18416.685610340384	8966.543773805082	-961.5508806401631	-11394.787072683393	-22362.67313733243	-33897.2407532502	-46033.42585716263	-58809.447575858445	-72267.26969386276	-86453.17327532213	-101418.43261150655	-117220.15531962982	-133922.28697530925	-151596.94577107648	-170326.00141652033	-190203.18636702886	-211336.81320312445	-233853.3848947686	-257902.4843421718	-283663.55473562947	-311355.5614927175	-341251.21599143266	-373698.7469288035	-409156.8558806435	-448254.31631992315
180544.70569531884	180483.7375443171	180321.03927683007	180056.28996683907	179688.960894787	179218.32809666492	178643.47231570346	177963.27299076592	177176.28604544004	176281.1401353047	175275.89656419161	174158.57965654557	172927.03974852792	171578.87297872445	170111.26141417277	168521.42818644922	166806.15848616796	164961.85742000246	162984.3734213938	160871.53738911945	158617.40396032552	156217.78948409666	153667.98036547055	150962.82855901614	148096.54386454873	145063.48369839066	141857.31003690866	138471.44518180084	134898.73945463018	131131.8384451261	127162.82453861154	122983.33968648489	118584.609719523	113957.22640908012	109091.36905420374	103976.73440823422	98602.28412927955	92956.43363087659	87026.8778057234	80800.59027905628	74263.6508347388	67401.20574366633	60197.37269609459	52635.11552656928	44696.178940958926	36361.01804359362	27608.681181805092	18416.699465167127	8760.874038481677	-1384.9127721312107	-12048.870610761689	-23261.627631936746	-35056.49484875263	-47469.83108230797	-60541.46576835029	-74315.20053718612	-88839.42146472406	-104167.8368138976	-120360.38683458214	-137484.35534650006	-155615.8084821361	-174841.37356662087	-195260.55909546447	-216988.80295737553	-240161.53912018694	-264939.7544111521	-291517.77258960635	-320134.4787494164	-351090.07880093716	-384772.1985064569	-421698.6968024224
185306.82730734808	185247.76738514664	185090.1573998033	184833.67817408094	184477.81775713194	184021.8651868677	183464.9213439131	182805.8300837838	182043.29190829364	181175.85217533473	180201.74129705862	179118.84179424556	177925.12472443446	176618.2272551961	175195.48761797763	173654.09325877868	171990.73183812422	170202.30953428365	168285.34948840848	166234.96988625266	164048.26756292634	161720.03848440805	159245.6739161482	156620.66152875658	153838.75675836578	150894.6270557776	147782.1179420077	144494.8866764779	141025.64147644403	137367.54765055887	133512.73023565247	129453.04884394072	125180.06202908867	120684.19074499508	115956.24894662682	110985.93920454968	105762.62158850691	100274.9333716082	94510.9473701879	88457.89961289405	82102.4112936361	75430.10789584846	68425.55652386736	61072.482333820895	53353.24380193476	45248.98854447808	36739.51752227667	27803.17242325656	18416.713611052022	8555.081767905504	-1808.782997200964	-12704.13421816437	-24162.768712868274	-36219.30476522248	-48911.57525089907	-62281.08066649741	-76373.53253633616	-91239.51218964404	-106935.26808585314	-123523.71428942593	-141075.63588836393	-159671.287675502	-179402.33189324976	-200374.44068741082	-222710.69301965088	-246556.16554057074	-272084.25267665286	-299505.6155802208	-329081.2475990718	-361142.2797020456	-396121.36398218246
190013.9270868497	189956.77757971766	189804.26783764214	189556.08321646895	189211.7149257921	188770.48109535966	188231.46048154155	187593.63498378207	186855.55726769555	186015.81336522216	185072.81900998508	184024.41223738363	182868.70667614977	181603.16985353877	180225.33029389486	178732.3122334475	177121.13293436993	175388.50226287104	173530.71254285786	171544.278359418	169424.90800858507	167168.29858449506	164769.75818172895	162224.4686894313	159526.94069450026	156671.6927613059	153652.63813370126	150463.71070388108	147098.04007676628	143548.5374215747	139807.68405064056	135867.5390572287	131719.66689492174	127355.32364684035	122764.78999375447	117938.44995576784	112865.83739465568	107535.74578037654	101936.64986081107	96056.22170278407	89881.31399769973	83398.06094471313	76591.66040885675	69446.28662967263	61945.01443481707	54069.6790816664	45800.81936476019	37117.569839705306	27997.565994351928	18416.72805896867	8349.166885065555	-2233.161155807902	-13360.584786286636	-25066.102997077745	-37385.68375539401	-50358.68457565637	-64028.338939845446	-78442.34175688162	-93653.55975707539	-109720.9010951498	-126710.39035359723	-144696.51518572675	-163763.93236455886	-184009.6600479189	-205545.94296302623	-228504.06359845866	-253039.51588209288	-279339.2094900345	-307631.77028500393	-338202.7806938649	-371418.24198851315
194659.33110772978	194604.09665462904	194456.69187293787	194216.82130822464	193883.97158977555	193457.46266304955	192936.44866287924	192319.81147999025	191606.281615904	190794.32539837807	189882.58065574986	188868.7065474154	187750.9338213138	186526.81730771437	185193.84698463933	183749.40411620738	182190.40733409638	180513.53332032287	178715.71023750692	176792.33666248014	174740.58221491505	172555.44319746364	170232.55193525355	167767.0913919172	165153.88283393346	162387.33151708933	159461.83605635454	156371.14410650585	153108.66224851203	149667.48440531155	146040.3102741604	142219.39303775068	138196.4563868778	133962.85841788494	129509.50642024953	124826.61527883145	119904.01834952348	114731.01601655275	109296.17557053769	103587.52394006506	97592.35833599378	91297.13524766569	84687.56998988712	77748.4590297637	70463.41000071989	62814.976546134334	54784.425586516154	46351.67295551411	37495.17552575981	28191.82138211018	18416.742804051726	8143.129291678779	-2658.0485326361377	-14018.22577464825	-25971.637148962007	-38555.649333308276	-51811.185319782584	-65783.2854506718	-80521.701965741	-96081.68404706987	-112524.92301258323	-129920.69204341201	-148347.38035620813	-167894.30476206436	-188664.1645798902	-210776.22038549208	-234370.5622650655	-259613.95241025742	-286708.0387235915	-315901.23330063093	-347506.5278797513