2.46420487308993e-13
2.7155331306663936e-12
5.208883305852815e-12
7.749699533286174e-12
1.0359267704589978e-11
1.3063090429366355e-11
1.5884183929376372e-11
1.8848143819483334e-11
2.198638801364124e-11
2.53190343762168e-11
2.888658567917419e-11
3.271631116216034e-11
3.684148915785484e-11
4.130812217781349e-11
4.616294149786768e-11
5.142693144149156e-11
5.7150845379865217e-11
6.345865224331681e-11
7.030971925856713e-11
7.785440783353892e-11
8.611051249000387e-11
9.516153796088793e-11
1.051152603612904e-10
1.1604786933838847e-10
1.2812577030314663e-10
1.4132878852733306e-10
1.5590006999670002e-10
1.7201113323729572e-10
1.8972718144505824e-10
2.0907539553778786e-10
2.3070889661612225e-10
2.5439004157642066e-10
2.805205486461832e-10
3.092789643027313e-10
3.4101685712970137e-10
3.758629153465843e-10
4.145538918266895e-10
4.569167172376367e-10
5.036473111818739e-10
5.554113275384573e-10
6.11964834327565e-10
6.743210146436672e-10
7.43016192822294e-10
8.183621038772372e-10
9.017892836789038e-10
9.926133998409038e-10
1.0928364246986362e-9
1.2022535693181898e-9
1.3230818953040435e-9
1.4554996933738766e-9
1.600305684931875e-9
1.757898769513415e-9
1.9311505698522843e-9
2.117965185727173e-9
2.3224045679183785e-9
2.5470718432130887e-9
2.7889141957616086e-9
3.052336263439917e-9
3.3368853732472943e-9
3.644800559582189e-9
3.978712085515788e-9
4.330420017910654e-9
4.71529075458611e-9
5.126664886105382e-9
5.562927160901856e-9
6.0276817451473984e-9
6.523153646005093e-9
7.047527153473851e-9
7.60624722388231e-9
8.18321295470199e-9
8.801009809816606e-9
9.431061058645524e-9
1.011171849939293e-8
1.0807896750377869e-8
1.1526787560317332e-8
1.2271412456393467e-8
1.3035362684346186e-8
1.3834277922241543e-8
1.4625891290968015e-8
1.5449535830021247e-8
1.6299098463437015e-8
1.7158941204607273e-8
1.8012932961309304e-8
1.8887244053046385e-8
1.9760466888039535e-8
2.0648633566292983e-8
2.1525500217878576e-8
2.2413344148805386e-8
2.3293108839223515e-8
2.4155538376379507e-8
2.502906669903999e-8
2.589466381311908e-8
2.6752612042194662e-8
2.7606243826651952e-8
2.851451912113476e-8
2.9273879543620517e-8
3.00973023834051e-8
3.0907429106918164e-8
3.169670893831945e-8
3.24718827517507e-8
3.3251714188871526e-8
3.401069671487435e-8
3.4766596202614344e-8
3.5496714656426544e-8
3.6238068215634086e-8
3.695136736780544e-8
3.7594087277438016e-8
3.836181469510121e-8
3.9052100409144426e-8
3.974845855757373e-8
4.0439058819433326e-8
4.1124670472373566e-8
4.180368153146236e-8
4.2484072619382746e-8
4.315772306984003e-8
4.386601613913667e-8
4.455886020134907e-8
4.5263751190241745e-8
4.5986209188418975e-8
4.671742911930674e-8
4.7464183294392524e-8
4.8244086532832064e-8
4.903888198559096e-8
4.9873718478207005e-8
5.0748047450881644e-8
5.166053089016119e-8
5.261726677463996e-8
5.363089874445227e-8
5.472626787157866e-8
5.5864859942670024e-8
5.708253540298152e-8
5.839042794072769e-8
5.975071255936067e-8
6.114906736048835e-8
6.250869277304339e-8
6.358613376313206e-8
6.378147696021412e-8
6.128052559485336e-8
4.8758187541422734e-8
6.160007623712972e-9
3.1469612016378928e-6
1.9274746590144977e-6
1.0120338520663318e-6
6.67330394743747e-7
5.101439076627978e-7
4.1869388923327486e-7
3.5120527670764234e-7
2.99182632252027e-7
2.4891448488967707e-7
2.3599468388862243e-7
2.129539137724505e-7
2.066782689068313e-7
1.7673640085185656e-7
1.811906150151417e-7
1.5410919486111583e-7
1.5522901037616932e-7
1.4502264033400122e-7
1.3084838610688415e-7
1.3344867116378485e-7
1.254936526256824e-7
1.2135601680842081e-7
1.143240464129417e-7
9.62111784394649e-8
1.0797986319736026e-7
1.1286580634614065e-7
1.0526862755731148e-7
9.028811487917354e-8
9.810063570752884e-8
8.984930412140554e-8
8.204160182546223e-8
9.560840844291564e-8
8.137584579524269e-8
8.15620564813607e-8
7.540775627410273e-8
7.792932505068277e-8
7.52419108411365e-8
7.490886544451454e-8
6.649404847025863e-8
6.848226682719263e-8
6.935641895869878e-8
6.99135315563305e-8
6.459903861807712e-8
6.329539745659578e-8
6.3643958970474e-8
6.06685395087034e-8
5.912780790325787e-8
6.032488534540536e-8
5.634637520287257e-8
5.430358109499017e-8
5.641956944032057e-8
5.474053014306829e-8
5.333725663771607e-8
5.803181102271561e-8
5.155623349428663e-8
5.059223479304467e-8
4.9627154142347885e-8
5.033556771867977e-8
4.7902003390533817e-8
4.8121998394023566e-8
4.697568118965139e-8
4.582241243204394e-8