6.806938374536643e-15
7.488235073858118e-14
1.429879645922082e-13
2.1115141601127065e-13
2.79400874488551e-13
3.477651525193377e-13
4.162738366938525e-13
4.849573156527743e-13
5.538489531182724e-13
6.229811101382519e-13
6.923896095700509e-13
7.621123271931722e-13
8.321902927772186e-13
9.026651419808976e-13
9.735837935436658e-13
1.044996777304355e-12
1.1169538615841107e-12
1.1895192657705832e-12
1.2627491170575307e-12
1.3367180961279246e-12
1.411497190740462e-12
1.4871684062257681e-12
1.5638207270025856e-12
1.6415470639531093e-12
1.7203416753807423e-12
1.8006791337837246e-12
1.8823238267630395e-12
1.9655326865840913e-12
2.0504713861802877e-12
2.1372900898198536e-12
2.226193499926594e-12
2.31737552728078e-12
2.411054476357091e-12
2.5074847950783534e-12
2.60693266316362e-12
2.7094884793337797e-12
2.8161334163747345e-12
2.926561314260854e-12
3.0414039112980114e-12
3.1610976106253468e-12
3.2861311378086318e-12
3.417048686246212e-12
3.554114741071957e-12
3.698849136966053e-12
3.8511210895388836e-12
4.011843227181584e-12
4.182163245910102e-12
4.3630033964513154e-12
4.555654603785635e-12
4.76065342192535e-12
4.979134424928509e-12
5.2141079815878356e-12
5.4653667269730785e-12
5.735215120616777e-12
6.0258041741863584e-12
6.339636118485828e-12
6.677234197325636e-12
7.043656343696197e-12
7.4400837551469e-12
7.869488013407174e-12
8.337152624400123e-12
8.844330988974125e-12
9.397450577992895e-12
1.0000144310922665e-11
1.0657664299602928e-11
1.1373824346863592e-11
1.216109972257388e-11
1.3018892051613963e-11
1.3958697588007649e-11
1.4985508089749943e-11
1.611703923294529e-11
1.7352407922871057e-11
1.8707880796798605e-11
2.0200954694723015e-11
2.1840668849374554e-11
2.364341929008169e-11
2.561828326541365e-11
2.7799033079242925e-11
3.0187937461643244e-11
3.282651634559408e-11
3.572291435511711e-11
3.891256798881511e-11
4.24265975273919e-11
4.6303007671871683e-11
5.0554347316334686e-11
5.52517497461111e-11
6.042471958066737e-11
6.612469486878282e-11
7.239730868537274e-11
7.93165575714712e-11
8.694177856433185e-11
9.534783278841588e-11
1.0460917037998639e-10
1.1478611239371348e-10
1.2604323735654303e-10
1.384008688808516e-10
1.5202593460901295e-10
1.670410435463216e-10
1.8352294170214538e-10
2.0168189461990388e-10
2.216936984373834e-10
2.4366314788815324e-10
2.678929295360205e-10
2.944173093097926e-10
3.2359148789112194e-10
3.5566981101863245e-10
3.908670346222895e-10
4.293324354067612e-10
4.715682993228746e-10
5.176865316826874e-10
5.681216414239656e-10
6.231635500045038e-10
6.83513814818886e-10
7.491792555031915e-10
8.207354455030849e-10
8.982529542881686e-10
9.824470867458842e-10
1.0738697621306178e-9
1.1728451622590541e-9
1.2792554995729223e-9
1.3942003134068794e-9
1.5178771849899352e-9
1.6506878721578587e-9
1.7921208272978116e-9
1.941602850681556e-9
2.106011276904006e-9
2.2786163828483246e-9
2.461298595248861e-9
2.649932825201307e-9
2.8574170532136345e-9
3.0706500492578076e-9
3.295129302546998e-9
3.530364726474961e-9
3.77444371357031e-9
4.029489558871017e-9
4.289546690627507e-9
4.5673498276977775e-9
4.847905344075803e-9
5.138347376857879e-9
5.437627671412649e-9
5.7419911282497415e-9
6.0544653662938974e-9
6.373607515772562e-9
6.697540642794989e-9
7.026814170768123e-9
7.359926525041622e-9
7.698354280766277e-9
8.040937974497179e-9
8.386199908364292e-9
8.734826281253102e-9
9.08418759789432e-9
9.436082464096425e-9
9.790129539451425e-9
1.0139671911879703e-8
1.0504243948840424e-8
1.0863175907292394e-8
1.1220794946045989e-8
1.1580652597708896e-8
1.1942707364459996e-8
1.2314925933062895e-8
1.2671131126967716e-8
1.303393417656571e-8
1.3400411747879518e-8
1.3767936074866712e-8
1.4136562496969914e-8
1.4503250083523726e-8
1.4881996239528853e-8
1.525955967750767e-8
1.5641926382836437e-8
1.60249550949078e-8
1.641470301613784e-8
1.6813192267861813e-8
1.7213362395610602e-8
1.7623452346450594e-8
1.8035813423681308e-8
1.847091616843548e-8
1.8911217220384876e-8
1.936507552363768e-8
1.9834011263201715e-8
2.0319647418952573e-8
2.0827367587403273e-8
2.135676140417865e-8
2.1913241179141294e-8
2.2499528880529535e-8
2.3124206399853816e-8
2.3786668933207005e-8
2.4504195838909886e-8
2.5272925338446917e-8
2.6115109698380188e-8
2.702992186815179e-8
2.804425369246091e-8
2.9171638781048027e-8
3.04369777589734e-8
3.187349939258469e-8
3.347133784699942e-8
3.5254870757431227e-8
3.709863704432287e-8
3.8325902029383484e-8
3.4964111488214994e-8
3.301584316573054e-8
2.85376137674108e-6