2.8877805764536962e-9
3.141358832569264e-8
5.82066166596152e-8
8.180883338847975e-8
1.0095765168071686e-7
1.146252914215983e-7
1.2201427749589644e-7
1.2250472761366236e-7
1.1556340629748386e-7
1.0060473986552869e-7
7.678048225817694e-8
4.2575456902389e-8
4.49682399769553e-10
5.191981041094775e-10
7.96270029643169e-8
1.7192700619406488e-7
2.7342346296271164e-7
3.8780713474538773e-7
5.150705113588165e-7
6.548533543250599e-7
8.035066962353877e-7
9.570704842519048e-7
1.1107836691767099e-6
1.2534740390034249e-6
1.379333751972006e-6
1.4818487055599073e-6
1.5516378805729603e-6
1.5899987873017885e-6
1.600512730970924e-6
1.58062097196771e-6
1.5392882325039496e-6
1.4836752018301804e-6
1.4125142312118259e-6
1.3370081990295907e-6
1.2589294846963766e-6
1.1806291534039982e-6
1.1042249072546801e-6
1.0307759814002196e-6
9.612530587562477e-7
8.956724880350316e-7
8.342530214024801e-7
7.785192926223466e-7
7.262465707801602e-7
6.780606094617649e-7
6.332667312081385e-7
5.9215651810283e-7
5.539483657241274e-7
5.19218907598431e-7
4.871203824712052e-7
4.5746449124864425e-7
4.3009006173851534e-7
4.048021001378849e-7
3.8134509265773945e-7
3.598448721496736e-7
3.400459734874173e-7
3.21695493787634e-7
3.0460436671827846e-7
2.890370335122833e-7
2.745569908729931e-7
2.612510254097514e-7
2.4890838538130177e-7
2.375116145192813e-7
2.2688581781372519e-7
2.1723319903586738e-7
2.083381852282441e-7
2.000995015978239e-7
1.924964692582886e-7
1.854791223860831e-7
1.7900470091855776e-7
1.7307839112529452e-7
1.6758925336564017e-7
1.6251383693529527e-7
1.5788711376939703e-7
1.5361108617880114e-7
1.4964943708689496e-7
1.4605620558760917e-7
1.4278079331202262e-7
1.397439341335881e-7
1.3693805315706414e-7
1.3434864675795724e-7
1.3198067373844952e-7
1.2974208807323624e-7
1.2770609019321478e-7
1.2581096961670948e-7
1.2403425931754018e-7
1.2237436717056323e-7
1.2080668753496812e-7
1.1932523251749455e-7
1.1792165720766937e-7
1.1657697868100182e-7
1.152850445506049e-7
1.1403517617692506e-7
1.1282676521664356e-7
1.1165614364832258e-7
1.1048139141601713e-7
1.0938380725821443e-7
1.0807521465031388e-7
1.072157501808925e-7
1.0631614099094608e-7
1.0497764754378351e-7
1.038527242519184e-7
1.025836098471932e-7
1.0163013690486623e-7
1.008463740017354e-7
9.939448610616027e-8
9.842578155468831e-8
9.69508276108259e-8
9.581539737958228e-8
9.518350053279632e-8
9.391335467083398e-8
9.280139085065455e-8
9.183173141677011e-8
9.081269226224302e-8
8.960697348229943e-8
8.866574916773444e-8
8.76131656682082e-8
8.655400489205523e-8
8.560837050624069e-8
8.44035458946394e-8
8.330996452252411e-8
8.216759039426753e-8
8.128992000777351e-8
8.01240234720321e-8
7.929837508304757e-8
7.832912101544823e-8
7.723718601775323e-8
7.635228074724936e-8
7.534022238112115e-8
7.436937117302941e-8
7.344658162540965e-8
7.247378804752428e-8
7.156642168445367e-8
7.064903447166843e-8
6.977067309420511e-8
6.886973692740724e-8
6.79756542441924e-8
6.709641022855794e-8
6.625316244315216e-8
6.539829692145856e-8
6.456423277390187e-8
6.374435129491818e-8
6.293314873107985e-8
6.210051525463904e-8
6.134277175626967e-8
6.05550221310875e-8
5.979093764470457e-8
5.90373058470111e-8
5.8289115308650707e-8
5.755217477119229e-8
5.6831163717882337e-8
5.6115635345987406e-8
5.541067665065602e-8
5.472003384319459e-8
5.403461991621718e-8
5.336343773068822e-8
5.270001624930629e-8
5.204742254514324e-8
5.140497315441385e-8
5.0771142905302756e-8
5.0143251758270874e-8
4.952815561575654e-8
4.8921882966807305e-8
4.832484003142521e-8
4.773658368048445e-8
4.7156970536461535e-8
4.6585083034495754e-8
4.602067822804412e-8
4.546644171900008e-8
4.492041834343528e-8
4.438242170563386e-8
4.385241272794533e-8
4.3330430125686815e-8
4.281374069343651e-8
4.230634121584113e-8
4.1806484576036825e-8
4.131403868165016e-8
4.082872994320709e-8
4.0350435147248734e-8
3.987776054680717e-8
3.941334481009756e-8
3.895574781728221e-8
3.850474818497547e-8
3.8059627176231394e-8
3.76216035667358e-8
3.71897811589444e-8
3.676347175533914e-8
3.634379930414631e-8
3.593031677114672e-8
3.5522687185957695e-8
3.5120918427178655e-8
3.4724866476236855e-8
3.433447460487951e-8
3.3949174468239645e-8
3.3569186089768215e-8
3.319518259137466e-8
3.282643784436733e-8
3.246289214185034e-8
3.210444369851167e-8
3.175101268619444e-8
3.140260766175003e-8
3.105773665628837e-8