2.882947613415991e-14
3.174490449850806e-13
6.07705589667399e-13
9.010874883824977e-13
1.1991255444373197e-12
1.5033883741284101e-12
1.815524625883786e-12
2.137228871415858e-12
2.4703043735580955e-12
2.8166914498648366e-12
3.1784447358376035e-12
3.557707599309901e-12
3.956888829663847e-12
4.378521428391642e-12
4.825364325115481e-12
5.300427934774832e-12
5.807458360005863e-12
6.349051430921961e-12
6.93027395447373e-12
7.555025573091458e-12
8.227973060416537e-12
8.954492233085427e-12
9.738938659164397e-12
1.0592494223302094e-11
1.1515470881441014e-11
1.2520633517287821e-11
1.3612043007046474e-11
1.4805383637673808e-11
1.6104909811153104e-11
1.7523980005069998e-11
1.907718117217069e-11
2.0774451451943108e-11
2.2636004088982157e-11
2.4676220965619697e-11
2.6913551000889496e-11
2.938015285684101e-11
3.206561013641049e-11
3.5018295569470816e-11
3.8260942002954256e-11
4.185004830070865e-11
4.578971330464001e-11
5.014067877266742e-11
5.488519622337615e-11
6.01460275970997e-11
6.592674591956537e-11
7.223383001959859e-11
7.928178653280108e-11
8.700890660443334e-11
9.553121709107716e-11
1.0488588837867243e-10
1.1527049396031133e-10
1.266163996365738e-10
1.3925615866998537e-10
1.5306501121151504e-10
1.6826181528840243e-10
1.8516296395848553e-10
2.0364437996842766e-10
2.2416634704471935e-10
2.4659835669939606e-10
2.7143338664417175e-10
2.988170476456284e-10
3.2889323347853695e-10
3.6200373363328647e-10
3.9841816158458397e-10
4.3853065519133303e-10
4.825661079160795e-10
5.312358188026021e-10
5.843752996882425e-10
6.429234276461066e-10
7.071502051102236e-10
7.773406595713442e-10
8.547582385271102e-10
9.39434668537342e-10
1.0314799147693485e-9
1.1324039768499642e-9
1.2428085842811738e-9
1.3630388000921296e-9
1.494418452594129e-9
1.635714091338271e-9
1.7909760620026818e-9
1.958851941625643e-9
2.1404682148292134e-9
2.335568020549833e-9
2.546088133535832e-9
2.7732936158838745e-9
3.017417149573887e-9
3.2782972518621946e-9
3.5566269434285155e-9
3.853147116545333e-9
4.172121796094456e-9
4.500003845620075e-9
4.85098768997973e-9
5.2238913119862196e-9
5.614622633843746e-9
6.0206725249604335e-9
6.450291994109531e-9
6.906816322943783e-9
7.363921986184895e-9
7.846393591585349e-9
8.343589165873724e-9
8.849343656453754e-9
9.369882620616366e-9
9.905008201844938e-9
1.0432784152598659e-8
1.1000693661226197e-8
1.1563439399547021e-8
1.2141839505692623e-8
1.2718718236904227e-8
1.3297560692799621e-8
1.3894398279081795e-8
1.448738950853825e-8
1.5067088131418982e-8
1.5658166804484848e-8
1.625454682856018e-8
1.6848034485870375e-8
1.7440016031318674e-8
1.8028257164752822e-8
1.861359023522559e-8
1.9208418333151723e-8
1.979566613906663e-8
2.0365053800127473e-8
2.0939714224025314e-8
2.151144448322125e-8
2.2082387724637338e-8
2.264549925966726e-8
2.321021839856824e-8
2.3769071745956948e-8
2.432198365308052e-8
2.4874081372202934e-8
2.5430107120345572e-8
2.5983604200206083e-8
2.65359459367887e-8
2.709265687976536e-8
2.764747474867769e-8
2.8198022025062764e-8
2.8767223836883094e-8
2.9333716561712148e-8
2.99089412815831e-8
3.0490000844452644e-8
3.1088108972341845e-8
3.169222430882336e-8
3.231261597121823e-8
3.2951373192468555e-8
3.361315974233585e-8
3.429672090001085e-8
3.5015912805730726e-8
3.5759530421067655e-8
3.654946141203575e-8
3.737845933656975e-8
3.826124946232168e-8
3.921117014070245e-8
4.022521660433026e-8
4.131986166086885e-8
4.251332718435047e-8
4.380577492014929e-8
4.5215226974820835e-8
4.674067872380073e-8
4.8297618667457414e-8
4.993350408388535e-8
5.11424097450109e-8
5.069543798261589e-8
4.271981778671194e-8
7.46619667937767e-9
3.520422273125576e-6
1.414406546417939e-6
7.603601891827092e-7
5.22986486487263e-7
3.898850049667985e-7
3.22342856593351e-7
2.8796635803681446e-7
2.465418013405193e-7
2.402142320130675e-7
1.8704464195075524e-7
1.5005066776129977e-7
1.6440371913587524e-7
1.5531111489720546e-7
1.3865220629367153e-7
1.4702460761115572e-7
9.999342899488725e-8
1.3154595946838173e-7
1.1251570562669506e-7
1.1040434548179489e-7
1.0426319432369006e-7
1.1437935243116169e-7
9.24590312186798e-8
8.77039542867528e-8
8.916770839143506e-8
8.129243761109839e-8
8.204764648459923e-8
7.974015577482591e-8
8.418013619202347e-8
7.731197462345109e-8
7.399801206113873e-8
7.408039676748387e-8
6.950467503096576e-8
6.820503478098505e-8
6.69335320206175e-8
6.495532815732361e-8
6.352200856180051e-8
6.364613364112859e-8
6.083987355056489e-8