1.6670628268897346e-10
1.8354136391329278e-9
3.514415705931756e-9
5.215182030421859e-9
6.9498916933615675e-9
8.719624095281728e-9
1.0549581257108942e-8
1.2437449200100143e-8
1.438357646397214e-8
1.6415239266292688e-8
1.849558134232622e-8
2.0757456363538013e-8
2.2999266864167142e-8
2.5417919823817922e-8
2.7823211649766225e-8
3.040331942351039e-8
3.3113830721985195e-8
3.578672100750837e-8
3.868011031546022e-8
4.1608461322667536e-8
4.4575416931785735e-8
4.771123454559264e-8
5.083587397777041e-8
5.409228517811495e-8
5.724018939561344e-8
6.050467773039138e-8
6.375934145222404e-8
6.714015481272848e-8
7.024574867551221e-8
7.342815831837491e-8
7.637725069761445e-8
8.009141168944435e-8
8.281456927354748e-8
8.582904339526925e-8
8.866357462185597e-8
9.14540323897992e-8
9.414115016848507e-8
9.67616046783466e-8
9.916047354086409e-8
1.0160163364491838e-7
1.0377171861162892e-7
1.0593980412605418e-7
1.0796597358519416e-7
1.0997649496908379e-7
1.1166110881966464e-7
1.1324607204352699e-7
1.1480560964700546e-7
1.1624925141205807e-7
1.1752651873215981e-7
1.1875373948660526e-7
1.1995240000292743e-7
1.2101794043219793e-7
1.2195489547443514e-7
1.2281216808578978e-7
1.2363180436907736e-7
1.24380568599435e-7
1.2502581506922145e-7
1.2560999224375988e-7
1.2618089846641666e-7
1.266558931815745e-7
1.2711850401775915e-7
1.2751177233512766e-7
1.278709392898882e-7
1.2823353831503702e-7
1.2848671068833122e-7
1.288284512598372e-7
1.2911286621602748e-7
1.2937853779364824e-7
1.2960608529325198e-7
1.2984316177923467e-7
1.300605515485681e-7
1.3028806803713365e-7
1.3047044170776436e-7
1.306368932965597e-7
1.3077554255056497e-7
1.308529078326854e-7
1.3085873009807333e-7
1.3071819699906638e-7
1.303777176395654e-7
1.2966671279680551e-7
1.2837160050172507e-7
1.2614383042535754e-7
1.2209698991420785e-7
1.1470420570907118e-7
1.0017907397098506e-7
6.770477473727093e-8
3.5037526056535884e-9
1.1238859254557844e-6
2.928405700647637e-6
2.403989179938153e-6
1.5857187727629031e-6
1.1408354731907546e-6
8.798212512051757e-7
7.124474164130858e-7
5.959779690283237e-7
5.200868475734477e-7
4.398241837056379e-7
3.783100710340727e-7
3.6087853052391037e-7
3.3438002669283875e-7
3.520078887590456e-7
3.4287678103406193e-7
3.175580597918599e-7
2.0694146464711903e-7
2.3365694857647488e-7
2.0149176339401953e-7
1.934141163608741e-7
1.8699024465983607e-7
1.7613123336007577e-7
1.2174714867665332e-7
1.7514487232895478e-7
1.706674910958625e-7
1.5838422566998736e-7
1.533387954720983e-7
1.4114974200876802e-7
1.5026732644923493e-7
1.412824224652808e-7
1.3585763819580726e-7
1.5692109135464655e-7
1.2484085360455399e-7
1.19749063368148e-7
1.1651591157737415e-7
1.1118559564828355e-7
1.0587954059341084e-7
1.051272088047956e-7
1.1531209843137516e-7
9.90953308470486e-8
9.877923447458379e-8
1.046120926336192e-7
9.875486270941496e-8
8.09534550257584e-8
8.521904820516683e-8
8.539867504458326e-8
8.486058885102849e-8
8.983927194674415e-8
8.460998253648093e-8
7.893613883643182e-8
7.439059404981058e-8
8.323758345469145e-8
7.66441061968812e-8
8.08270930516121e-8
7.339745088379832e-8
6.67743695733611e-8
7.135386217748389e-8
7.173698046862901e-8
6.918136361673866e-8
7.186759904877218e-8
6.860141639575748e-8
6.782929878743777e-8
6.6740283227958e-8
7.181659417562773e-8
6.458695275232817e-8
6.471706852728413e-8
6.253990919068316e-8
6.420776247476009e-8
6.238538852968781e-8
6.3028245290843e-8
6.089241618044262e-8
6.070642573338286e-8
5.8741071788019714e-8
5.962833654377413e-8
5.755616398029882e-8
5.722745680893654e-8
5.6113584503822326e-8
5.530225171792894e-8
5.5028143913609714e-8
5.4657017009938416e-8
5.389599043053312e-8
5.316100568024319e-8
5.243908693388417e-8
5.178054887967914e-8
5.129599619462228e-8
5.0651107224366646e-8
5.032643029420512e-8
4.968840533396559e-8
4.923135753091002e-8
4.851587416338955e-8
4.795897698237501e-8
4.7475589827757514e-8
4.696286033344379e-8
4.6449589434566264e-8
4.5931224450784815e-8
4.542009891933138e-8
4.4884387800880856e-8
4.4551399968491415e-8
4.3859709889740594e-8
4.342726491996809e-8
4.2974109232118325e-8
4.245824328045653e-8
4.202084239818795e-8
4.159220248913173e-8
4.1108423754891266e-8
4.068354341713193e-8
4.022941443622638e-8
3.980656561397874e-8
3.938349948717909e-8
3.8970187306194636e-8
3.855289870424787e-8
3.8149367753714554e-8
3.773976746775718e-8
3.73461782972644e-8