3.9390648002644915e-9
4.2993297431494087e-8
8.039280947736672e-8
1.1475217133588471e-7
1.4489827836490784e-7
1.6990701988603313e-7
1.891273997365134e-7
2.021397747866227e-7
2.087346336775547e-7
2.088028664410715e-7
2.022766739967233e-7
1.890326386139016e-7
1.687795612478654e-7
1.409153090951008e-7
1.0427647870677338e-7
5.6573939738644115e-8
6.006854953283769e-10
7.006465018599395e-10
1.3655952272054182e-7
2.6149555689277604e-7
4.039889170158882e-7
5.645659595026597e-7
7.405946380708315e-7
9.258396578864054e-7
1.1130058519844076e-6
1.288941160954422e-6
1.4417591903130978e-6
1.5605419750556825e-6
1.6364006835268697e-6
1.6696127783436364e-6
1.6681746744619705e-6
1.629284214205938e-6
1.5688290187675695e-6
1.4922762852523332e-6
1.405951173197209e-6
1.3165547636448976e-6
1.2271582655116073e-6
1.140416493694418e-6
1.0585577811149586e-6
9.816605412625884e-7
9.1005212826297e-7
8.43659474912868e-7
7.833195079503747e-7
7.281230466547029e-7
6.77185223026646e-7
6.308880791156991e-7
5.882098421280835e-7
5.491829800647213e-7
5.136615283021159e-7
4.811876802656049e-7
4.5150566298519195e-7
4.240729642213446e-7
3.9896926125351204e-7
3.7579868642295845e-7
3.5462683011292197e-7
3.3525630082883743e-7
3.1734907313899005e-7
3.0073556965405316e-7
2.8564558235893453e-7
2.7165879012562953e-7
2.5881006110408863e-7
2.4692093314530097e-7
2.3594589897467882e-7
2.2570894858218684e-7
2.1643697777403945e-7
2.0785383966951673e-7
1.999067037644808e-7
1.9255045169435844e-7
1.857520314401419e-7
1.7945870218097573e-7
1.7367954931672882e-7
1.6830105532670893e-7
1.6331343728326822e-7
1.5872980351256276e-7
1.5448043493524969e-7
1.504974836049335e-7
1.469293934639475e-7
1.436055218503908e-7
1.40503373220784e-7
1.3762464395390007e-7
1.3494792993043322e-7
1.3249476906681296e-7
1.3015629193267895e-7
1.2802070578643186e-7
1.260159307379917e-7
1.2413508699439856e-7
1.2236548066443537e-7
1.2069920964109415e-7
1.1911474649892068e-7
1.1761327796193566e-7
1.1618338745158986e-7
1.1482348944531063e-7
1.1334975515914198e-7
1.1219992394983012e-7
1.1093524262742944e-7
1.0997460719542283e-7
1.0866700153774872e-7
1.0764344389946148e-7
1.0613554004302682e-7
1.05411918850218e-7
1.0389530464953677e-7
1.0243159220149302e-7
1.0177919240232353e-7
1.0057987543713645e-7
9.964761820588942e-8
9.881135529404933e-8
9.750236664216984e-8
9.640353770867097e-8
9.520188651937104e-8
9.418451608208199e-8
9.317393541336186e-8
9.183876583526787e-8
9.114972505410001e-8
8.975569668889274e-8
8.879674965951108e-8
8.785771708993048e-8
8.697069683247135e-8
8.554929330757119e-8
8.469647195390407e-8
8.361036305585675e-8
8.259629903774696e-8
8.149340471449135e-8
8.038895807513166e-8
7.943644008492979e-8
7.846520962706709e-8
7.754740440981559e-8
7.655573760105854e-8
7.555066416227412e-8
7.455537005951436e-8
7.365023521287541e-8
7.28025704578573e-8
7.178473501076522e-8
7.088701263152353e-8
6.99596150391253e-8
6.906631967547084e-8
6.82021934103083e-8
6.731790796603161e-8
6.648434925135574e-8
6.562704138187199e-8
6.479013032552606e-8
6.400027404709399e-8
6.31443686682971e-8
6.233796574250547e-8
6.1547680996842e-8
6.076987338089962e-8
6.000360710375303e-8
5.924575580203538e-8
5.849998497268662e-8
5.775679058059037e-8
5.703813687569073e-8
5.632636588341576e-8
5.56197165369262e-8
5.492753409710042e-8
5.423904729815332e-8
5.356466441635566e-8
5.2901968487817566e-8
5.224696966281488e-8
5.1604188269070965e-8
5.096869346932296e-8
5.034282254677348e-8
4.972354665348053e-8
4.911635601664144e-8
4.8517994009643705e-8
4.792849282627112e-8
4.734759377657017e-8
4.67752727155395e-8
4.620926271477047e-8
4.565325166447271e-8
4.510592207196862e-8
4.456665407833437e-8
4.403536533604093e-8
4.3511951026533956e-8
4.2996636699180575e-8
4.248569713209166e-8
4.198460676667527e-8
4.1490880143630654e-8
4.100438172094568e-8
4.052499579134921e-8
4.005231438842441e-8
3.958542785519663e-8
3.9126628016772335e-8
3.8674423094140524e-8
3.8228525774493736e-8
3.778863051485658e-8
3.735578720578156e-8
3.6928341238929874e-8
3.650751597239109e-8
3.6092963826995836e-8
3.568371807525707e-8
3.528116029970217e-8
3.488396038000366e-8
3.4492459848274095e-8
3.410638791434715e-8
3.3724844027678736e-8
3.334972657291729e-8
3.2979866949972456e-8
3.261523447012907e-8
3.2255657710530545e-8
3.1901151097433254e-8
3.155151910302976e-8
3.1205685638324106e-8