6.923705642400543e-9
7.570324256841381e-8
1.4246026691384776e-7
2.0504957585676238e-7
2.62532198362083e-7
3.144954688531732e-7
3.578172746470859e-7
3.9569373350320243e-7
4.2612437205849026e-7
4.5035928486657136e-7
4.689062556594263e-7
4.820644608689912e-7
4.908357299573581e-7
4.960848021273515e-7
4.983306892894936e-7
4.979429344716032e-7
4.949943662249543e-7
4.907809818599125e-7
4.851866826591438e-7
4.783199290486703e-7
4.710218514000427e-7
4.6291137373505113e-7
4.5461187710946773e-7
4.4582311157987935e-7
4.370435137286577e-7
4.281401571909348e-7
4.1907872687048634e-7
4.100540657048701e-7
4.0099225678199985e-7
3.920436801026245e-7
3.8313087757137557e-7
3.741605883420026e-7
3.650194254292126e-7
3.562190285897057e-7
3.47072713760537e-7
3.3776154459341875e-7
3.2809093961560273e-7
3.1796590267856703e-7
3.07142821344035e-7
2.953134428397226e-7
2.820987275436531e-7
2.668225510455935e-7
2.4853331551793505e-7
2.2570477263112368e-7
1.9564552310304544e-7
1.5339101033199304e-7
8.824808038906276e-8
1.8186331303213996e-9
3.2010711126191e-7
9.917309009941304e-7
1.8767794878097497e-6
2.4646275188711045e-6
2.4551206682917495e-6
2.131888850392879e-6
1.7730920684149276e-6
1.4711607595111414e-6
1.237545710436733e-6
1.0586389024338416e-6
9.166107646496065e-7
8.071531144027104e-7
7.222473113801936e-7
6.471376802343693e-7
5.882022700567923e-7
5.297379493020311e-7
5.007096592192337e-7
4.4502300756056466e-7
4.241280284873749e-7
3.935463680144552e-7
3.697274570619144e-7
3.422181111659085e-7
3.2285299826597965e-7
3.0006398767465667e-7
2.877409416399221e-7
2.793409876170942e-7
2.60174346699297e-7
2.491439967970027e-7
2.408629833455969e-7
2.262013289777357e-7
2.1735035638010709e-7
2.2168616573927504e-7
2.028010231560629e-7
1.9358938551199912e-7
1.9102657535817585e-7
1.8196665067646746e-7
1.74372154308744e-7
1.7304429753967742e-7
1.7979866573637022e-7
1.7653435139132222e-7
1.5517645574434642e-7
1.3963378249861835e-7
1.4509455682563977e-7
1.5751031885598272e-7
1.4233554647777627e-7
1.3641061941193172e-7
1.2798147103193968e-7
1.168193321901194e-7
1.2844039022158423e-7
1.2372870368794647e-7
1.2551971323698253e-7
1.1840786297630078e-7
1.2171838086717376e-7
1.1793375789279705e-7
1.1726585727788213e-7
1.1054906388072479e-7
1.1088368128685001e-7
1.0679627435194842e-7
9.95206664416602e-8
1.0281023914245315e-7
1.0238509349314318e-7
9.881277297009301e-8
9.650900231744317e-8
9.323805398695837e-8
9.878014104103088e-8
9.308575044937171e-8
9.566431987118065e-8
9.209692528024695e-8
8.889270717939398e-8
8.805992376623489e-8
8.633320347836043e-8
8.77488284736848e-8
8.523378998359856e-8
8.587827144728954e-8
8.355534682397398e-8
8.158168069640047e-8
8.172919253075618e-8
8.071143741412542e-8
7.936892771363558e-8
7.853049400509912e-8
7.785802204188253e-8
7.723302842464645e-8
7.565226591319988e-8
7.552999443976114e-8
7.384558563468094e-8
7.294215879257104e-8
7.192172268757144e-8
7.150704241842796e-8
7.043259654480962e-8
6.966295419240654e-8
6.801935764580958e-8
6.804902568484665e-8
6.707582293806862e-8
6.622922571314426e-8
6.540493932844813e-8
6.469344964778202e-8
6.421837607390345e-8
6.302822812889052e-8
6.223913843614104e-8
6.160688449666537e-8
6.085962556288438e-8
6.013176911224872e-8
5.941122850705859e-8
5.8753225169333916e-8
5.799266563253584e-8
5.729445104872287e-8
5.655915004120194e-8
5.592519169793179e-8
5.519347946332661e-8
5.4613184433519866e-8
5.388599107156072e-8
5.325983481077046e-8
5.259969417712183e-8
5.197968646256451e-8
5.138370755186193e-8
5.076279223722356e-8
5.016462721721333e-8
4.956805889781964e-8
4.899478039794382e-8
4.841569518860248e-8
4.78437449088104e-8
4.729214331142961e-8
4.673611443914108e-8
4.619016605442075e-8
4.565572225368242e-8
4.512543569497384e-8
4.460503950441455e-8
4.409212007954199e-8
4.3587219061494055e-8
4.308653754574751e-8
4.259384312677301e-8
4.2108128290325754e-8
4.163336137789162e-8
4.116296863680481e-8
4.0699232428728863e-8
4.024202319996649e-8
3.978862970356472e-8
3.9343406096831206e-8
3.890500557980284e-8
3.847307597588797e-8
3.8046043972506365e-8
3.762564856266015e-8
3.721092283528295e-8
3.6801958982994746e-8
3.6398888518317345e-8
3.600089309357772e-8
3.560869142607455e-8
3.5222138345256195e-8
3.48409437233681e-8
3.44649172021257e-8
3.409301363614381e-8
3.372723971721897e-8
3.336647938258828e-8