5.782763871984082e-10
6.361113079384637e-9
1.2137478033249186e-8
1.792087649578518e-8
2.3778609653951703e-8
2.9515471272326705e-8
3.527927898107192e-8
4.1082876991485236e-8
4.6902880504397275e-8
5.283150979319045e-8
5.84023181390388e-8
6.425224071215222e-8
6.978275714548561e-8
7.533838660722723e-8
8.096731803145742e-8
8.650294276504756e-8
9.19099439500825e-8
9.804540148405352e-8
1.020653500595583e-7
1.0688430049924491e-7
1.1160977283161413e-7
1.1622473257080824e-7
1.2080048103821209e-7
1.2495264284828949e-7
1.2812724110743077e-7
1.3241479994499434e-7
1.3584402298872606e-7
1.3976598615451836e-7
1.424064727058693e-7
1.4521708135213682e-7
1.4785172799295024e-7
1.5022116642011624e-7
1.5223058824679064e-7
1.5440809513029216e-7
1.562776826793445e-7
1.5792079831350093e-7
1.5940130345769889e-7
1.6059835719103236e-7
1.6173393048972618e-7
1.6280319032199532e-7
1.634408572302532e-7
1.6429716409916897e-7
1.6492688916525176e-7
1.6526958587538367e-7
1.6570378294951516e-7
1.6597805210284397e-7
1.6612488566992852e-7
1.6619260271252144e-7
1.6626767828336824e-7
1.6617029098267805e-7
1.661098598238698e-7
1.6592570227350972e-7
1.6575823640618197e-7
1.6549229260795995e-7
1.7042811592945186e-7
1.6492094802261588e-7
1.6457039882252652e-7
1.6426627408139196e-7
1.638239538246768e-7
1.6345173554881291e-7
1.6299360214288625e-7
1.6252894516097242e-7
1.6200875692853003e-7
1.6144855137674905e-7
1.6078855038154835e-7
1.6002526030030512e-7
1.5912284413093002e-7
1.57969002911913e-7
1.5647125768567048e-7
1.544455361415626e-7
1.515707498084946e-7
1.4735139953673397e-7
1.408252664313488e-7
1.3012257024559152e-7
1.1104723599163252e-7
7.232507795324393e-8
3.0525540551996824e-9
8.537530968391836e-7
2.572104872240106e-6
2.693931742758861e-6
1.9476963087797994e-6
1.4179387707103022e-6
1.0735137016458535e-6
8.791176545726907e-7
7.679616439160277e-7
7.153991039692024e-7
5.778318880258431e-7
4.824822716441659e-7
4.1823354667437e-7
3.763143282308573e-7
3.6564707909721983e-7
3.260979022908974e-7
3.0505536399485594e-7
3.0538154731608416e-7
3.080004458963948e-7
2.4982518208894984e-7
2.31844025174058e-7
2.0923021047697928e-7
2.4379968216647433e-7
2.0513112616611914e-7
1.820580416987864e-7
2.1335999600312712e-7
1.8636072077232154e-7
1.9174002823083018e-7
1.5822035821842655e-7
1.5953936172855328e-7
1.4672671618280206e-7
1.2911785466210324e-7
1.4922245058515506e-7
1.492478390591296e-7
1.391835508730219e-7
1.2414140923696483e-7
1.2993706194597287e-7
1.219218901533448e-7
1.2774767897819508e-7
1.0709961555057554e-7
1.3678952368963208e-7
1.0142156879814765e-7
1.1614215210959684e-7
1.0186021770227019e-7
1.0282524128961139e-7
1.0208134180216791e-7
1.0032159929259537e-7
1.016582797558772e-7
9.293261516237374e-8
9.083114179731956e-8
6.903425785122243e-8
8.622223795545947e-8
8.515467422143056e-8
8.518328588604987e-8
8.935534107630868e-8
8.452418646846885e-8
8.286419820310189e-8
8.115070346763018e-8
8.036796484612808e-8
7.932002942833848e-8
7.72906171647606e-8
7.959148714555654e-8
7.801072886797826e-8
7.352666191521723e-8
7.068565983003915e-8
7.173655643531573e-8
6.913524924183078e-8
6.907167900193935e-8
6.863305216633381e-8
6.794184011972814e-8
6.575223887966748e-8
6.548616158904578e-8
6.65657862493052e-8
6.329528280307493e-8
6.229659060859178e-8
6.219520292160437e-8
6.260323230906946e-8
6.158323245662282e-8
6.101255362957187e-8
6.02511892631872e-8
5.977091964890434e-8
5.8728762144425106e-8
5.8180601464746046e-8
5.7450866725881e-8
5.681103505600863e-8
5.569054057599772e-8
5.520812721396847e-8
5.462174162952262e-8
5.394860984807574e-8
5.3385373292493706e-8
5.272963659593684e-8
5.204608938574309e-8
5.164778908363142e-8
5.098488383727131e-8
5.045072267244086e-8
4.994600564218606e-8
4.931706372846353e-8
4.8626986348029207e-8
4.8250511823570174e-8
4.757018622300709e-8
4.71479735124143e-8
4.662483695838661e-8
4.6071947552561854e-8
4.5571111035699716e-8
4.5014485419449764e-8
4.456889849413259e-8
4.406176850565541e-8
4.354564785646492e-8
4.30887542944643e-8
4.2579085503113123e-8
4.2148513654872634e-8
4.168972066887095e-8
4.123747087210007e-8
4.079168996159877e-8
4.0345693822792705e-8
3.9919507672569546e-8
3.948133422903321e-8
3.905638397823255e-8
3.863587800079225e-8
3.821725980299572e-8
3.7814260311269475e-8
3.740808737491984e-8
3.69956975329887e-8
3.6623348191503e-8
3.6238006101100256e-8