2.5806649123679424e-9
2.8352606499607127e-8
5.381956043446345e-8
7.830282573807994e-8
1.0187053727541074e-7
1.247399646985325e-7
1.4554860382412665e-7
1.65047365295015e-7
1.8265092991364538e-7
1.982971115498626e-7
2.123812038124163e-7
2.2553691445427832e-7
2.3631541676999716e-7
2.4602483586382865e-7
2.538319249072822e-7
2.6027171092880243e-7
2.6528887440208724e-7
2.7005245704548443e-7
2.735688638234188e-7
2.7620338209324746e-7
2.7833370256882954e-7
2.79145421161685e-7
2.797073947082999e-7
2.799623602538793e-7
2.7952962340919873e-7
2.7887439770141715e-7
2.7808509453598245e-7
2.766884566948036e-7
2.751543597566752e-7
2.733810720223663e-7
2.7157960672883363e-7
2.6950793344654825e-7
2.675257731156581e-7
2.65249833460191e-7
2.6277236123332063e-7
2.606718601140204e-7
2.5825848503647763e-7
2.558540575790315e-7
2.5343255412921875e-7
2.510031148083791e-7
2.4852000165123536e-7
2.4613395344387484e-7
2.4362623819958736e-7
2.411179686224566e-7
2.3858278639829634e-7
2.3607847490387397e-7
2.3349073675122082e-7
2.3095441947873823e-7
2.2822276009715811e-7
2.2542099649883957e-7
2.2249825495520353e-7
2.1934133506202992e-7
2.1590141749741862e-7
2.1205543874304475e-7
2.0757435589613888e-7
2.02199099274888e-7
1.9550420918668184e-7
1.867572628129136e-7
1.7472081831831482e-7
1.571399365542632e-7
1.2924259607865575e-7
7.955435318915368e-8
2.443846613279109e-9
5.566421445851276e-7
1.7913666451922258e-6
2.7197790563465835e-6
2.4785585541999774e-6
1.917044144894228e-6
1.50011999318057e-6
1.216226355780294e-6
1.0139583888909632e-6
8.235580510814961e-7
7.17825427368046e-7
6.280468525558619e-7
5.52447439244753e-7
5.089531940132058e-7
4.643036090192798e-7
4.134143056385001e-7
4.066448021848825e-7
3.517561360279443e-7
3.1049696185138974e-7
3.1633669084811757e-7
2.577549820039365e-7
2.770797176180731e-7
2.619878359900761e-7
2.392465188110595e-7
2.4911245514282426e-7
2.227297232786155e-7
2.0915812289858847e-7
2.2910306887240893e-7
1.9701239865213742e-7
1.9420769981857132e-7
1.8364423883867524e-7
1.6200522071907073e-7
1.7031032495607092e-7
1.5484666495316714e-7
1.6845292281221125e-7
1.5860425310282027e-7
1.9274412807367536e-7
1.427056858033468e-7
1.4437369256987446e-7
1.4085628172276418e-7
1.3553531691011248e-7
1.2636831592601106e-7
1.3384059526232325e-7
1.2913494242314394e-7
1.2297642312802212e-7
1.220009552361068e-7
9.965162896180242e-8
1.2130110489130264e-7
1.1350400149859586e-7
1.0868136612512332e-7
1.1325493491158194e-7
9.772223157780514e-8
1.0551660385613264e-7
1.0920122349931272e-7
1.0125910519421545e-7
8.913440386001137e-8
9.362677060244943e-8
9.584058096648737e-8
8.175415873571587e-8
9.463581153601741e-8
8.429574035867864e-8
8.584563250616705e-8
9.279618601627688e-8
8.508939864369156e-8
8.10876550371998e-8
7.844690997079853e-8
7.788278441466693e-8
7.954552595374125e-8
8.224717208971257e-8
7.529144057374202e-8
7.706368319783971e-8
7.620712506655457e-8
7.321188884406391e-8
7.584835388332678e-8
7.27184836343611e-8
7.139614897006928e-8
6.981253317149923e-8
6.993295767264824e-8
6.880927649338613e-8
6.777631130321397e-8
6.707161339251914e-8
6.651953894506356e-8
6.632555140159045e-8
6.503240464938049e-8
6.439132136810246e-8
6.381997950794863e-8
6.287506146957766e-8
6.24960029624726e-8
6.147123555849734e-8
6.071998809376358e-8
5.994110574990919e-8
5.923956215983078e-8
5.86176699880414e-8
5.79154334843242e-8
5.7646341356634565e-8
5.650343027111962e-8
5.5915006771245194e-8
5.5236893165873723e-8
5.466566245586545e-8
5.399966523936579e-8
5.349552039499164e-8
5.267799683995609e-8
5.2030767398262715e-8
5.148134222644275e-8
5.080793804807316e-8
5.028061361402411e-8
4.972133361755204e-8
4.911530531667225e-8
4.8548786221025225e-8
4.802536219004941e-8
4.744507422480359e-8
4.690805150901004e-8
4.6373411423842995e-8
4.5845417232604083e-8
4.533506479705992e-8
4.48091463031208e-8
4.430172792352046e-8
4.382427168726737e-8
4.330938784997789e-8
4.283408536913031e-8
4.234734196167524e-8
4.1875668338334794e-8
4.14164092909198e-8
4.095697819174392e-8
4.050213572860635e-8
4.0053485456315807e-8
3.961761379164669e-8
3.918365021926286e-8
3.875585092514136e-8
3.833429462587903e-8
3.7918286818169487e-8
3.750849617986053e-8
3.7103657197267335e-8
3.6705686017915995e-8
3.6311563854988576e-8
3.592347809647296e-8
3.5539823540995436e-8
3.516239890007865e-8
3.478990031355729e-8