1.066172728477283e-14
1.1731316708469885e-13
2.241358667187437e-13
3.312867444673254e-13
4.3892588128940773e-13
5.472193853571769e-13
6.563366016398195e-13
7.664569407943067e-13
8.777649273599371e-13
9.904629321754548e-13
1.1047634277376992e-12
1.220888164141412e-12
1.3390808928818098e-12
1.4595861279453693e-12
1.5827436990318597e-12
1.70880054869788e-12
1.8381371339356485e-12
1.9710800460865885e-12
2.108073655223801e-12
2.2495133251498656e-12
2.3958757344617067e-12
2.547741280728751e-12
2.705654691394628e-12
2.8702318711081353e-12
3.0421957060843347e-12
3.2223158679429437e-12
3.411433696130064e-12
3.61046371367001e-12
3.820555457288809e-12
4.042568517774199e-12
4.278091654248106e-12
4.5282088105971105e-12
4.794571580048761e-12
5.07894310115528e-12
5.38311395862584e-12
5.709048066085964e-12
6.058817284763586e-12
6.4350612491972646e-12
6.840756669763565e-12
7.278809225621292e-12
7.752259229434068e-12
8.265002262694862e-12
8.82174065407379e-12
9.425667175185484e-12
1.0083354688282845e-11
1.0796753148722255e-11
1.1576915916789172e-11
1.2426361193695007e-11
1.3356853770978823e-11
1.4371731919212767e-11
1.5482463030303805e-11
1.669792104930012e-11
1.8026546084792053e-11
1.9497554765189914e-11
2.1088899132776498e-11
2.2847522984553567e-11
2.4773672673397218e-11
2.689429937184518e-11
2.9226885334923547e-11
3.179050872776573e-11
3.461516291155094e-11
3.771425659873023e-11
4.1123139338669274e-11
4.4878192625197474e-11
4.902019139954655e-11
5.357288683755612e-11
5.858569056917271e-11
6.411675012706848e-11
7.020818566284998e-11
7.689852001263602e-11
8.429839602203103e-11
9.242083315780718e-11
1.0142536389036996e-10
1.113064056345092e-10
1.2219954741474123e-10
1.342225988566705e-10
1.4748322055103964e-10
1.620185443074828e-10
1.7809421640109934e-10
1.9578914830273128e-10
2.1530994395449028e-10
2.36694184247005e-10
2.602660970744244e-10
2.8625096510926247e-10
3.1486758955195254e-10
3.462078634565031e-10
3.8083267320956166e-10
4.1870872461737515e-10
4.603710148568409e-10
5.059492261040177e-10
5.563238670004405e-10
6.112974381685134e-10
6.710278579699082e-10
7.369995465450673e-10
8.083845229521035e-10
8.868166114323295e-10
9.721487428899058e-10
1.065182960347888e-9
1.1661447285238472e-9
1.2759553981933393e-9
1.3948517391525558e-9
1.5232469670194969e-9
1.6626517483822436e-9
1.8117527340380441e-9
1.972864736112425e-9
2.1461233672254182e-9
2.3314754988737023e-9
2.52875502369782e-9
2.739626920028764e-9
2.9641358779560623e-9
3.2004883598083457e-9
3.451564943752603e-9
3.7139282935619128e-9
3.9937512608373144e-9
4.2854498072353995e-9
4.589256633018911e-9
4.909794209318833e-9
5.237627221856766e-9
5.578835025146524e-9
5.932409464892699e-9
6.2955656873647494e-9
6.670754540577833e-9
7.054385401685536e-9
7.448516227415423e-9
7.84924175777754e-9
8.25750505392593e-9
8.673226675849658e-9
9.093604411223423e-9
9.518146470735586e-9
9.94811318725641e-9
1.0382295318226466e-8
1.0820639185307804e-8
1.1258683872761072e-8
1.1698910262238817e-8
1.214227775622055e-8
1.2586479298340475e-8
1.3032622713792099e-8
1.347399459811017e-8
1.3938039204739885e-8
1.436427050050987e-8
1.4807029477158624e-8
1.525505924507573e-8
1.5697300283309596e-8
1.6137490459319e-8
1.658532124963127e-8
1.7027516936793247e-8
1.7470052878061948e-8
1.748078091385626e-8
1.8358454716000485e-8
1.88075437757241e-8
1.925267988216297e-8
1.9704038981312727e-8
2.0157451404915377e-8
2.0615374307325573e-8
2.1079875977656973e-8
2.1546116107107006e-8
2.2023500639229013e-8
2.2508747804640912e-8
2.300310097097928e-8
2.351032660239651e-8
2.4028449623946978e-8
2.4563647940759728e-8
2.5116963286646994e-8
2.5693550525928247e-8
2.6291026031340515e-8
2.6916671713197916e-8
2.75784535791056e-8
2.8274131762137933e-8
2.901225387876884e-8
2.980833082616564e-8
3.066038770862117e-8
3.157983383971662e-8
3.2585534723337055e-8
3.368963633260849e-8
3.4903019818945104e-8
3.6249375767493595e-8
3.774887315390716e-8
3.939119291296373e-8
4.11461381751713e-8
4.2794604380705714e-8
4.3429235897503985e-8
3.826453583923802e-8
8.68186263660697e-9
3.2774884593787505e-6
1.0689136469154332e-6
6.015052115045087e-7
4.255426301381555e-7
3.295736812006027e-7
2.732727215120235e-7
2.3660298573116828e-7
2.1005884555863115e-7
1.9059552005736652e-7
1.6511781101549063e-7
1.6472516610572118e-7
1.348129349646764e-7
1.3085662651111944e-7
1.0894170270109807e-7
1.181202226123276e-7
1.196699338722501e-7
1.0357430385377817e-7
9.84785710074156e-8