1.0321712201920544e-9
1.1355570737755815e-8
2.161193977284623e-8
3.1831181637898154e-8
4.1785098884020585e-8
5.182670264272581e-8
6.141546976147087e-8
7.064196523596682e-8
8.00175124129075e-8
8.945831706161846e-8
9.769617614304005e-8
1.0655152125997314e-7
1.138496046552428e-7
1.213258269279273e-7
1.286997730506638e-7
1.350990763688191e-7
1.4093706850820682e-7
1.4740021642247933e-7
1.5276383057336057e-7
1.5761818463602596e-7
1.6251217057607846e-7
1.6764269347956373e-7
1.709078813833599e-7
1.7441141898106863e-7
1.777656337249571e-7
1.8044408421609445e-7
1.8309903414004137e-7
1.8536348488376268e-7
1.8733335890866585e-7
1.891243806657904e-7
1.9059386080601454e-7
1.9123463890571194e-7
1.927935579462753e-7
1.936697300726314e-7
1.9424551302501665e-7
1.9464507287481047e-7
1.9500028273300328e-7
1.9508821570715066e-7
1.9501492062461036e-7
1.9492374498421115e-7
1.9469447238175582e-7
1.9439675639851762e-7
1.9397266020064543e-7
1.934929367383625e-7
1.9295330966289956e-7
1.9234398126341632e-7
1.9165763545316952e-7
1.9093743156469613e-7
1.9018692318722863e-7
1.8940706855837476e-7
1.886024422171894e-7
1.8773771242607372e-7
1.86838929544499e-7
1.8593927789415726e-7
1.8501272163190475e-7
1.8404649536669443e-7
1.829845446053987e-7
1.7999455458402534e-7
1.807962309884921e-7
1.7951617417131832e-7
1.7815979980198222e-7
1.7655734729225236e-7
1.7467026228350763e-7
1.7234384725221057e-7
1.6938815446861315e-7
1.654228465975905e-7
1.5989717600653332e-7
1.517381499083943e-7
1.3893723540986484e-7
1.1710111240569795e-7
7.47974643774178e-8
2.832191027308341e-9
7.376355049707845e-7
2.308124931223957e-6
2.7799966904982287e-6
2.1421251742322978e-6
1.5774308922600005e-6
1.1967663825437561e-6
9.788742827019927e-7
8.111514680045304e-7
7.345586957891342e-7
5.965773449547536e-7
6.289014650618145e-7
4.86952714199995e-7
4.116137034152116e-7
3.9142757732783304e-7
3.586110000492981e-7
3.3282116962308547e-7
3.206948470209066e-7
3.563096649517605e-7
2.8198778981813306e-7
2.4011399268299165e-7
2.3052074119425305e-7
2.1998118432172002e-7
2.281547292257238e-7
1.9262723773497288e-7
1.2106036914311703e-7
1.2588355041992352e-7
1.836129209284508e-7
1.9859775658923196e-7
2.2541727849258858e-7
1.5949858962384173e-7
1.2111376512727152e-7
1.4378265262703702e-7
1.2853846217586687e-7
1.409640718128437e-7
1.5201802439046034e-7
1.3890039820931896e-7
1.2224859693150361e-7
1.3534810424038285e-7
1.2235386100397807e-7
1.233346980337475e-7
1.0724763178586054e-7
1.0402886799343853e-7
1.0637199940718562e-7
1.0528533685876805e-7
9.802599732412703e-8
1.0054449642440208e-7
1.0793895835495886e-7
9.564964084112901e-8
1.1485378305139764e-7
9.538837157452961e-8
9.302876096522093e-8
8.954522052961728e-8
1.0731086344451153e-7
8.390100569648491e-8
8.673071979570108e-8
8.592853214967308e-8
8.672916791045772e-8
8.16073227359819e-8
8.363765769595146e-8
8.06438914277948e-8
7.816000861132865e-8
7.803428201052963e-8
7.612700094453948e-8
7.749907723375547e-8
7.49121350660438e-8
7.526269098934448e-8
7.345635740003465e-8
7.258451042441407e-8
7.175801717268665e-8
6.883947546004488e-8
7.047720893553327e-8
6.470347832145906e-8
6.752553285312633e-8
6.672111543923652e-8
6.557938453721863e-8
6.528110770598876e-8
6.469928791886736e-8
6.414334487896459e-8
6.26599721883859e-8
6.28792389633163e-8
6.129649619529732e-8
6.07527936658217e-8
6.019215352848708e-8
5.9173331121843366e-8
5.8652175389020925e-8
5.8016188377057016e-8
5.7190743643060796e-8
5.661779417765038e-8
5.576148771692737e-8
5.504758226544289e-8
5.4510684788376084e-8
5.405488157524678e-8
5.332103499800734e-8
5.278453622839488e-8
5.206416376875334e-8
5.155910970680861e-8
5.0980622349678815e-8
5.0277493878680106e-8
4.9956364020466365e-8
4.924319976162256e-8
4.8615081650417494e-8
4.808156553754887e-8
4.751855000201253e-8
4.700444447837182e-8
4.646553695505513e-8
4.591812516258147e-8
4.543677156301495e-8
4.4924114789285334e-8
4.442996326585286e-8
4.392403749193891e-8
4.342538639439879e-8
4.2953107193142834e-8
4.247712186359271e-8
4.2008385554145215e-8
4.154607711926904e-8
4.109036701224255e-8
4.064235046130155e-8
4.020339098472917e-8
3.976334810938198e-8
3.933671324780462e-8
3.8907678334109145e-8
3.848652053193652e-8
3.807456215644121e-8
3.766633962868448e-8
3.7266765884609744e-8
3.686956558040961e-8
3.647687987578826e-8
3.608790209038875e-8
3.570833373977686e-8