6.790133488668923e-11
7.481992083682334e-10
1.4343676212256168e-9
2.132367921864872e-9
2.8480491177703674e-9
3.5862769434322103e-9
4.3504134921193845e-9
5.157243709189801e-9
5.990036199690127e-9
6.88131194813634e-9
7.810802151809137e-9
8.80151658831169e-9
9.856447102837087e-9
1.099975767689635e-8
1.2176534713928325e-8
1.3398891231753108e-8
1.4771608671072297e-8
1.6240305514571456e-8
1.7691356572081877e-8
1.9329076052382713e-8
2.103881533537377e-8
2.2848489245273244e-8
2.460066742434952e-8
2.6793813433620106e-8
2.8705891392934277e-8
3.084442455375562e-8
3.308422641584667e-8
3.540721855440562e-8
3.774700937296725e-8
4.0146232123866434e-8
4.263430652717888e-8
4.5146146018228215e-8
4.7717690175583363e-8
5.028642681200905e-8
5.2879897877191e-8
5.5480974780633595e-8
5.80475912008976e-8
6.059717394921724e-8
6.31519843944226e-8
6.567913573996472e-8
6.789502494790884e-8
7.056052092312904e-8
7.323820385441907e-8
7.5122013788311e-8
7.73138236400976e-8
7.877211034245087e-8
8.149151766712876e-8
8.350910776405846e-8
8.536188023864658e-8
8.730404241036793e-8
8.888769920299216e-8
9.055045734460665e-8
9.211974018811598e-8
9.358608140337738e-8
9.498345885966096e-8
9.627001365554315e-8
9.749369852616715e-8
9.865507214184204e-8
9.975452005267065e-8
1.0079274338099665e-7
1.0174203389631258e-7
1.0264443177044709e-7
1.0352863666245191e-7
1.0393346796752607e-7
1.0503982226598537e-7
1.0577979864462063e-7
1.0642419540702082e-7
1.0706346104702883e-7
1.0765708125693997e-7
1.0824400410847733e-7
1.0879936595813575e-7
1.0928922052985422e-7
1.0983756336412764e-7
1.1033628176799781e-7
1.1083364380198103e-7
1.1132486936289582e-7
1.1180921048628577e-7
1.1229770424307666e-7
1.1277968598752569e-7
1.1325221713691681e-7
1.13739681748462e-7
1.1421305875411139e-7
1.1466432987685683e-7
1.1509665260415689e-7
1.1538881450989233e-7
1.1557179709493888e-7
1.1549191661783421e-7
1.1498352603825972e-7
1.1369554356593299e-7
1.1095420024419483e-7
1.0536037195323539e-7
9.341846261939185e-8
6.470275622934262e-8
3.828303620487198e-9
1.3408804161407922e-6
3.037247588987809e-6
2.1398016117460267e-6
1.4267536186678714e-6
1.059616780445608e-6
8.041119239827065e-7
6.070554114818279e-7
5.44410034136175e-7
4.5689265404338185e-7
4.358001364620901e-7
3.6679360531933245e-7
3.151367344933349e-7
3.027691235138895e-7
2.9021440637259343e-7
2.8792683343780376e-7
2.5924340833965186e-7
2.716980069294651e-7
3.0188889556527117e-7
1.8219297382490652e-7
1.8459371821504777e-7
1.7162632042050323e-7
1.841011586576608e-7
2.0811811408299676e-7
1.5600244743304655e-7
1.4233215499883397e-7
1.354043509332631e-7
1.3278580586367486e-7
1.3798932145648104e-7
1.2135460934206663e-7
1.4070339600099285e-7
1.2445720017679073e-7
1.1578748040449395e-7
1.2733575754204835e-7
8.623229948967704e-8
9.221359480703436e-8
9.521774071823764e-8
9.951902376988729e-8
9.500735776727231e-8
1.0236873276463074e-7
9.757810717562244e-8
9.067299402520541e-8
9.509179308625833e-8
9.208799223446411e-8
8.488031543843518e-8
9.103910396600554e-8
8.264540282571769e-8
8.291228957996105e-8
8.306654554391926e-8
7.415627526712584e-8
7.65078604278826e-8
7.817201586068703e-8
7.467569866625782e-8
7.594747889997417e-8
7.439994957391483e-8
7.439758364038278e-8
7.182719714363963e-8
6.716888170167667e-8
6.904195061419548e-8
6.784027291357153e-8
6.693049223999817e-8
6.47378085145557e-8
6.480391047018002e-8
6.165533999380163e-8
6.188796269997724e-8
6.209186968298784e-8
6.200665614073399e-8
5.8676319562243213e-8
5.993799839821373e-8
5.7891089726024177e-8
5.8035272423746725e-8
5.627679667949467e-8
5.668111309347184e-8
5.638873078005064e-8
5.487157644937171e-8
5.4640894879171805e-8
5.3950603698677986e-8
5.360892113176464e-8
5.26433408332391e-8
5.198437789478638e-8
5.172174155944743e-8
5.080062824725089e-8
5.0249919124961395e-8
4.962672911894824e-8
4.9158187179010467e-8
4.8393578900037894e-8
4.799946123033998e-8
4.7192402644536194e-8
4.703023815040362e-8
4.631802671327217e-8
4.5919078395682045e-8
4.543651234479422e-8
4.497485531431997e-8
4.442379316287778e-8
4.396700275898311e-8
4.348926755595403e-8
4.3004457881993646e-8
4.252714269984618e-8
4.210191559363126e-8
4.155552287310301e-8
4.112005362054966e-8
4.07142600136569e-8
4.025604699419334e-8
3.985678706906295e-8
3.94286542225172e-8
3.897797382410657e-8
3.857949851753091e-8
3.8149535977212754e-8