1.8870970828446887e-11
2.0796576205845308e-10
3.990269766784371e-10
5.938250242877407e-10
7.942879751384651e-10
1.002244832606443e-9
1.2185520254822036e-9
1.4477447250946364e-9
1.6902277932598387e-9
1.94837498854363e-9
2.221713067883873e-9
2.5182738267787314e-9
2.83807061765105e-9
3.1823905766518482e-9
3.5484386866474837e-9
3.950474058457633e-9
4.385120949514592e-9
4.858102832988943e-9
5.367665720736863e-9
5.919872262358222e-9
6.521163214840428e-9
7.167155595653656e-9
7.837471457560409e-9
8.634870153820342e-9
9.447386785671891e-9
1.0315646310672298e-8
1.1261375064448879e-8
1.224797834750221e-8
1.33248536182704e-8
1.4473170163646727e-8
1.5687917251204787e-8
1.6942904903556992e-8
1.8301219735032305e-8
1.9750300313272493e-8
2.121554790994537e-8
2.279969847102571e-8
2.439769478128548e-8
2.6124412572323932e-8
2.7822311862515408e-8
2.9635460035745814e-8
3.139964889681096e-8
3.3289044190143255e-8
3.5186449169440936e-8
3.709252186082342e-8
3.904128744304758e-8
4.099560546598896e-8
4.294129219391026e-8
3.39072576937343e-8
4.672645380550723e-8
4.884241109725113e-8
5.069126075111817e-8
5.256214522678851e-8
5.444769775177957e-8
5.607946710873536e-8
5.799532201961958e-8
5.972304461342379e-8
6.145292968803586e-8
6.308443572692644e-8
6.462105157918112e-8
6.61166704901304e-8
6.758418093077905e-8
6.905415098663972e-8
7.038357640949829e-8
7.1711673584643e-8
7.296054115310628e-8
7.415449218558026e-8
7.531884861352341e-8
7.642406576916339e-8
7.749651991156336e-8
7.849242731853631e-8
7.946782164194423e-8
8.03955533731916e-8
8.1016088135271e-8
8.213883913092705e-8
8.295374432871655e-8
8.375609420808668e-8
8.451573447966718e-8
8.526347890813121e-8
8.599961319365339e-8
8.669689034881667e-8
8.73924994343171e-8
8.809201474368489e-8
8.877462578653972e-8
8.941611488564693e-8
9.012877644963609e-8
9.081207780121009e-8
9.150448993054e-8
9.221030704335486e-8
9.290741010652546e-8
7.454930516742846e-8
9.440544155106524e-8
9.518254079894239e-8
9.595631431007261e-8
9.673359277423416e-8
9.747828062102299e-8
9.817266696774032e-8
9.872049004672562e-8
9.898323390462054e-8
9.870727416730425e-8
9.737301509681201e-8
9.373507866950301e-8
8.478572534980064e-8
6.071096957636309e-8
4.305065559834212e-9
1.7024572650245854e-6
2.968926892857083e-6
1.8068532720712132e-6
1.1762026800369082e-6
8.897116550935347e-7
6.63387899414253e-7
5.562175758962957e-7
4.476390583405937e-7
4.016476452911102e-7
3.5453698552060426e-7
2.728557351875087e-7
2.9486853824472416e-7
2.9410032237402796e-7
2.7835458636823006e-7
2.526432108773842e-7
2.1209706127694031e-7
2.0265350698255903e-7
1.7828505772311624e-7
1.5766422273043755e-7
1.7633411075093023e-7
1.7345073297384454e-7
1.49487164754881e-7
1.471645113546406e-7
1.508692759901343e-7
1.3642596613813058e-7
1.1651441807918012e-7
1.269159739634656e-7
1.211566504747111e-7
1.1846830776436464e-7
1.196372423380848e-7
1.1029018910361998e-7
1.091767425664479e-7
1.0257301820697686e-7
1.008190123871596e-7
1.0365316387999349e-7
9.985295674804046e-8
9.38375538523949e-8
8.227189565061963e-8
8.600280303566622e-8
8.493705920252115e-8
8.451433562235298e-8
8.4306825134577e-8
8.047734611073669e-8
7.821965756536718e-8
7.46687268623814e-8
7.755254650463998e-8
7.345146158361148e-8
7.505101670984834e-8
7.385260316232653e-8
7.135772197168474e-8
7.042670106723575e-8
6.911055171868203e-8
6.875270524348404e-8
6.82483657889015e-8
6.705262345653384e-8
6.820067750811055e-8
6.239781435766697e-8
6.297011890115246e-8
6.226097147543576e-8
6.152151904807418e-8
6.072269439909546e-8
5.8951213591504833e-8
5.874942146984517e-8
5.805042206409356e-8
5.752304309981372e-8
5.5126126980306396e-8
5.517494964980675e-8
5.527035615965426e-8
5.484396255657032e-8
5.31095008763834e-8
5.276341608030823e-8
5.170650405296904e-8
5.09098147971994e-8
5.024779645587706e-8
4.9999129793917465e-8
4.947636301031469e-8
4.925851092423323e-8
4.864843314514319e-8
4.7886282889740825e-8
4.757311405206432e-8
4.701705390505119e-8
4.645890514913334e-8
4.565727814866084e-8
4.51647248913934e-8
4.49064146829179e-8
4.44273846668631e-8
4.383060594503861e-8
4.3503599578264395e-8
4.294726106594747e-8
4.2531558262821484e-8
4.203272264160528e-8
4.157393364020773e-8
4.118279379343996e-8
4.069888353829227e-8
4.0273750319048056e-8
3.9855803814172565e-8
3.9403483778675e-8