5.762226276679293e-9
6.305854675347299e-8
1.1860930429984224e-7
1.7157157749954962e-7
2.203051251317887e-7
2.6415901926088376e-7
3.0283062651452107e-7
3.3675410452364223e-7
3.6484448664497334e-7
3.874064490226146e-7
4.055351812774955e-7
4.195433741694235e-7
4.2941892457827834e-7
4.3618061686687685e-7
4.3979173804330525e-7
4.41863029399339e-7
4.4113779956880634e-7
4.393022436192235e-7
4.362584090640012e-7
4.3186473897085364e-7
4.2680694320567143e-7
4.212836810533048e-7
4.1522189822129597e-7
4.0864855593246664e-7
4.0203702472609954e-7
3.9532825975036565e-7
3.8836911332208204e-7
3.8142489513840884e-7
3.745061667763821e-7
3.676100529014621e-7
3.607580787813611e-7
3.5396114302638226e-7
3.472263484471523e-7
3.40513048903461e-7
3.3383532286906973e-7
3.2716342430774645e-7
3.20535755276907e-7
3.1385826027080466e-7
3.070244293052046e-7
2.999943470633663e-7
2.927391422460366e-7
2.8503516318526627e-7
2.766899970109773e-7
2.674990199078433e-7
2.5702183845718074e-7
2.447217691049794e-7
2.2969866674708044e-7
2.104436447849684e-7
1.844000546763307e-7
1.4656836692110992e-7
8.589951442052799e-8
1.9828116061045604e-9
3.760697400956469e-7
1.1848840234595019e-6
2.1694609747256364e-6
2.5947239287385372e-6
2.3672180680729057e-6
1.952560609004154e-6
1.587729523366867e-6
1.3051672877319962e-6
1.1003713519548156e-6
9.39977607651468e-7
8.176659165697423e-7
7.174763409798448e-7
6.50104852883672e-7
5.820677585486794e-7
6.668172264788874e-7
4.895944658743793e-7
4.425723203559722e-7
4.1016336413614497e-7
4.130105854565066e-7
3.545400602347819e-7
3.271188920661976e-7
3.129091530056621e-7
3.065627105883404e-7
2.79849184045507e-7
2.7291265742946797e-7
2.5879320647804775e-7
2.4782557169339546e-7
2.4008389561666377e-7
2.289642860356227e-7
2.0805818964667947e-7
2.218920645390087e-7
1.9324511173154507e-7
2.087228080922362e-7
1.8484914274400823e-7
1.7699313547795913e-7
1.8841553837969962e-7
1.7111368444165404e-7
1.567629472917952e-7
1.5438304754203938e-7
1.544942854174343e-7
1.6735928462084522e-7
1.5660070545787181e-7
1.4353880688915156e-7
1.4004896894759267e-7
1.3446297418621544e-7
1.2420390234836372e-7
1.3424367301936066e-7
1.2687387572450082e-7
1.2858812838365672e-7
1.150614904248009e-7
1.1306544522552048e-7
1.19084014701081e-7
1.1062590975993368e-7
1.1098963106791816e-7
1.0716428126530772e-7
1.0281392899612196e-7
1.1601142225683114e-7
1.0521169591752502e-7
1.0225075805139645e-7
9.917664294024878e-8
9.979512576722814e-8
8.912964848523259e-8
8.414103835048589e-8
9.095165355796563e-8
9.378570154851746e-8
9.142278873966524e-8
8.596105622406319e-8
8.746358182688777e-8
8.176521835245594e-8
8.550995237370441e-8
8.690985392366568e-8
8.17944283952339e-8
8.24814786308506e-8
8.04160633770648e-8
8.13149399614495e-8
7.921453475368447e-8
7.914840848645228e-8
7.712312479772095e-8
7.60948611273282e-8
7.609105560340787e-8
7.492204608164819e-8
7.377869315694186e-8
7.251646036291747e-8
7.143672898085812e-8
7.089234715354165e-8
6.997304717595766e-8
6.976062710210386e-8
6.852988916827702e-8
6.739557987907905e-8
6.663910833322804e-8
6.606243991026933e-8
6.526639327138284e-8
6.430044770994736e-8
6.365547335514198e-8
6.282779576312103e-8
6.218525985192257e-8
6.122931106647192e-8
6.0591945419157e-8
5.990556586096691e-8
5.915876848593725e-8
5.843707016392288e-8
5.775332799590926e-8
5.7128134019251904e-8
5.6386703167981604e-8
5.577168728906166e-8
5.507768525276823e-8
5.4444480119413046e-8
5.3756811226672554e-8
5.31235218334121e-8
5.2505004155947925e-8
5.1839463756862906e-8
5.126448311520516e-8
5.0652727667239874e-8
5.005204581251907e-8
4.9462715266322335e-8
4.888044914123451e-8
4.8318622418011245e-8
4.775491452455698e-8
4.719376606768896e-8
4.664905417563227e-8
4.610739427427787e-8
4.5578846961503856e-8
4.50535577331111e-8
4.4543139424536545e-8
4.402735433569233e-8
4.352439034613067e-8
4.302966847257613e-8
4.253895079359017e-8
4.205861822845209e-8
4.1585539097445385e-8
4.111903642088517e-8
4.065826427821645e-8
4.0203687135104697e-8
3.975452683840718e-8
3.931291970677549e-8
3.88771015365501e-8
3.844767415891898e-8
3.8023002670165655e-8
3.7605399186389676e-8
3.7193457998164256e-8
3.6787041319078e-8
3.638652029292548e-8
3.599092712948604e-8
3.560108357830093e-8
3.5216909334155534e-8
3.4837964723962566e-8
3.446421892948484e-8
3.409449687951841e-8
3.373088701410675e-8