8.694689835617185e-13
9.582266002178458e-12
1.838843520802042e-11
2.7370343890312787e-11
3.6615535825100835e-11
4.62084751009854e-11
5.625066018894385e-11
6.683419403767089e-11
7.808007059435116e-11
9.002739326267512e-11
1.0289865497500972e-10
1.1479953175557266e-10
1.3171385166601014e-10
1.479243791347698e-10
1.6558904540649933e-10
1.8486725343739392e-10
2.0263706010868119e-10
2.289483475572801e-10
2.542288231069724e-10
2.819798885486788e-10
3.1224167191029535e-10
3.4579425844092135e-10
3.8271868215637534e-10
4.230955423221062e-10
4.676169990498915e-10
5.165948999790119e-10
5.706526630514939e-10
6.300356538270145e-10
6.956871239212169e-10
7.674538730228559e-10
8.471069920049577e-10
9.33855658889158e-10
1.0297901571788477e-9
1.1350720133696784e-9
1.250324805279478e-9
1.3780291539248688e-9
1.513395141040637e-9
1.6702016170287086e-9
1.8387031191905857e-9
2.022118769989809e-9
2.2235925919688093e-9
2.44147883089572e-9
2.680799731770689e-9
2.9308715837642734e-9
3.2291295124885523e-9
3.5311599903124114e-9
3.870836338614698e-9
4.2329255815713614e-9
4.625884400556965e-9
5.04773457707581e-9
5.500721354917348e-9
5.985335797685398e-9
6.508979613161367e-9
7.072122855765868e-9
7.666965639670752e-9
8.316329045436441e-9
8.968977959407444e-9
9.661088029137083e-9
1.0419931165791265e-8
1.1200097390977093e-8
1.2021556636581286e-8
1.2851889906667204e-8
1.3757347937096286e-8
1.4674187135772252e-8
1.5630165321840612e-8
1.659447993325839e-8
1.7589547208367996e-8
1.8623864730552167e-8
1.9656709242524126e-8
2.071109880620431e-8
2.178022486022896e-8
2.2853116003185794e-8
2.393767370474289e-8
2.5051597859794775e-8
2.6142814337556895e-8
2.7230074435792668e-8
2.828446261674196e-8
2.9442617972859547e-8
3.049463031877078e-8
3.157894136426821e-8
3.259883398825336e-8
3.3640818465858564e-8
3.466984127032252e-8
3.567760832777305e-8
3.667495469623376e-8
3.764821578600465e-8
3.842800309989949e-8
3.95433985109636e-8
4.045261541018831e-8
4.135747301606786e-8
4.223777222773991e-8
4.309777805560164e-8
4.3952869971411005e-8
4.4779654230507844e-8
4.559016189211872e-8
4.638819078061987e-8
4.7168276748127767e-8
4.7953947352400196e-8
4.8702350970556113e-8
4.9452602013227635e-8
5.0196115338854096e-8
5.093596432849743e-8
5.167059898560553e-8
5.2402270507457315e-8
5.3130744219106094e-8
5.388568568881911e-8
5.460742082335195e-8
5.535648646585624e-8
5.612296760955899e-8
5.6899663323648836e-8
5.769132873143245e-8
5.85156645104454e-8
5.936297665316721e-8
6.02084308152841e-8
6.11633266330189e-8
6.213458925149618e-8
6.314543808345497e-8
6.421196425592245e-8
6.53354624436639e-8
6.65200594464991e-8
6.774731601725546e-8
6.900716469649597e-8
7.023860003911209e-8
7.130572626503606e-8
7.193388113030685e-8
7.134991390187121e-8
6.741513648314046e-8
5.205238660835282e-8
5.569202782226328e-9
2.7437283014620194e-6
2.2564986658756237e-6
1.1923008296999958e-6
8.035176357912622e-7
5.841149724294957e-7
4.602833467115302e-7
3.9662759447428374e-7
3.2715339725929283e-7
3.083474386377248e-7
2.7449373648360633e-7
2.381607799766607e-7
2.1619310670393062e-7
2.1066697045658378e-7
1.8347489058554587e-7
1.708375506252257e-7
1.6496884828982845e-7
1.5524079141649938e-7
1.528535079903827e-7
1.4447470645578106e-7
1.5842908745868144e-7
1.2446327054260123e-7
1.2485157881603418e-7
1.209933297737698e-7
1.1550692913080973e-7
1.0849755255495759e-7
1.0374435008738757e-7
1.0326208038036181e-7
9.783200841185303e-8
9.732578784588744e-8
9.309460599868808e-8
9.841154636383747e-8
8.33585623776595e-8
8.12727482801662e-8
8.321599802389477e-8
8.1379030342331e-8
8.001886032470854e-8
7.820956945820469e-8
7.740916075203835e-8
7.511979343435968e-8
7.294513927486036e-8
7.425992700711145e-8
6.758783726808944e-8
6.646657624168067e-8
6.645817444047681e-8
6.558708839287954e-8
6.641191741208222e-8
5.675409741278923e-8
6.123524281330424e-8
5.7459018337797915e-8
6.04133319267786e-8
5.931810170929178e-8
5.764820664183368e-8
5.615262524419472e-8
5.639732185453933e-8
5.481637933812948e-8
5.391276833364175e-8
5.2737926141606586e-8
5.1726389752916825e-8
5.0839915185964555e-8
4.674017734798436e-8
4.7598291314047925e-8
4.733626115467601e-8
4.7457009398141e-8
4.806330543525975e-8
4.7701186025720074e-8
4.651768554795492e-8
4.6706826587137735e-8
4.557450097316418e-8
4.5102668484885675e-8
4.498043495353234e-8
4.407556985971831e-8
4.34809346407373e-8