4.017527781164399e-10
4.422111314435746e-9
8.451262910391195e-9
1.2506411442185475e-8
1.6570441833270965e-8
2.0706711500409706e-8
2.491205845221086e-8
2.9132826913840852e-8
3.3345281800952686e-8
3.754240527287259e-8
4.197558026327219e-8
4.64605293739116e-8
5.087554111984317e-8
5.5239860911661355e-8
5.972342176821634e-8
6.438492813763358e-8
6.889979789313873e-8
7.350815387371207e-8
7.787447119870361e-8
8.230456617812094e-8
8.67600414487245e-8
9.107650337976189e-8
9.527613622843226e-8
9.936159521677185e-8
1.035268562155654e-7
1.0710433382305925e-7
1.1084792443829113e-7
1.1434896691404104e-7
1.1786096002273693e-7
1.2101019528244715e-7
1.2405764016011316e-7
1.2707261140456536e-7
1.3016188912234162e-7
1.3254010639755577e-7
1.3485661831621142e-7
1.367137938658876e-7
1.3872189871939018e-7
1.4050820865990335e-7
1.4253671242744598e-7
1.4373864960756137e-7
1.4511214434768868e-7
1.4635503240635387e-7
1.4739532293411707e-7
1.4814330021062055e-7
1.492424820174982e-7
1.4998144869277163e-7
1.505163286004925e-7
1.5116205901376385e-7
1.5162141717380818e-7
1.5198114639128368e-7
1.5226381207091286e-7
1.5252736089648523e-7
1.5268235602966763e-7
1.5281957741502295e-7
1.528694382816845e-7
1.5289978890808692e-7
1.528762265342911e-7
1.528334629907786e-7
1.527044797300983e-7
1.5265405806318652e-7
1.525290843585446e-7
1.5239935651263123e-7
1.5220249095653668e-7
1.5192734408942303e-7
1.5180498975236837e-7
1.5152417962686303e-7
1.5121815032455638e-7
1.5086382564729048e-7
1.5040295986994885e-7
1.4980472969107153e-7
1.4903067401650744e-7
1.4793104725768072e-7
1.4637792167141196e-7
1.440527646963115e-7
1.4050882231851278e-7
1.3481896845303314e-7
1.2520282772282117e-7
1.0762309196055774e-7
7.089535581080372e-8
3.1864214501023114e-9
9.291071393904886e-7
2.690629465976897e-6
2.5900192213540512e-6
1.8233267930061281e-6
1.308095779948304e-6
1.0330193156400437e-6
8.13051175952348e-7
6.18334557239075e-7
5.986925981599237e-7
5.008607140093952e-7
4.520762675699642e-7
3.899821459475054e-7
3.2933319092663163e-7
3.2864370946718236e-7
3.4103062937966074e-7
3.267303819723071e-7
2.595863461076461e-7
2.7064987019573365e-7
2.3287652842244546e-7
2.407422738169873e-7
2.0413265142328878e-7
2.6763750707816197e-7
1.8786994568257487e-7
2.296590957991714e-7
1.7793007012218746e-7
1.7125955231540198e-7
1.7327734529480614e-7
1.9558302527410812e-7
1.55715437326504e-7
1.3115602122455112e-7
1.4054080791650138e-7
1.378234999259092e-7
1.3613803034948013e-7
1.256211865203103e-7
1.2493199100494613e-7
1.3272673812002147e-7
1.229912190140617e-7
1.106131096477667e-7
1.1696696455428049e-7
1.1354041955323538e-7
1.0495911135095524e-7
1.0671959432198522e-7
1.0524126887037367e-7
1.0275414116827598e-7
9.823246185120034e-8
9.784892508008389e-8
9.182158798570729e-8
9.407481891048607e-8
8.898753294547436e-8
8.758095959798094e-8
8.672686594833887e-8
8.947964992663103e-8
8.125139774670734e-8
8.54911238277834e-8
8.251550904506575e-8
8.305743673483617e-8
8.078845296245101e-8
7.170637653721682e-8
7.904073765946003e-8
7.59123488118097e-8
7.094135106054471e-8
7.451630099170964e-8
7.273900359767554e-8
7.050171031073491e-8
7.149333961863786e-8
7.11621928040845e-8
6.892075004583165e-8
6.649568299691675e-8
6.505617203907183e-8
6.402588682833192e-8
6.368929411335104e-8
6.444346408982888e-8
6.292497048006856e-8
6.26033584013875e-8
6.259294247519647e-8
6.055707753596429e-8
5.979068063808608e-8
5.890422369928887e-8
5.877108173597412e-8
5.8179125869345097e-8
5.699748276843373e-8
5.615708445707994e-8
5.5443421382692074e-8
5.462401171030396e-8
5.45222002048134e-8
5.4212441075035725e-8
5.347859048015661e-8
5.262741584622257e-8
5.2019913501194345e-8
5.149879444732304e-8
5.082046469652141e-8
5.026624196397903e-8
4.968755537803201e-8
4.9184927183490266e-8
4.859995589845305e-8
4.808122091901632e-8
4.7549166061199683e-8
4.7066437832708717e-8
4.646604357071153e-8
4.595778307341856e-8
4.5405186582415575e-8
4.496378998366277e-8
4.4433393109077417e-8
4.3970627410255915e-8
4.3478774848854626e-8
4.301777579890478e-8
4.252925582976019e-8
4.205938877310416e-8
4.1611657525809554e-8
4.114476501322134e-8
4.070869373896952e-8
4.023786911307459e-8
3.9831083784927656e-8
3.940829728228943e-8
3.8976848681857125e-8
3.856207038923972e-8
3.815570589813283e-8
3.774793963442936e-8
3.733974995374333e-8
3.695364448125828e-8
3.656086380527443e-8