1.102302442977541e-12
1.214913597350822e-11
2.3311258164273253e-11
3.470417334023331e-11
4.6426508005838385e-11
5.85862232447865e-11
7.132480864006237e-11
8.474967393055428e-11
9.90175772353505e-11
1.1422564646913418e-10
1.3058894230078196e-10
1.4818006627227203e-10
1.6716633712798232e-10
1.8780956684591911e-10
2.1027217393106604e-10
2.348800022261758e-10
2.6153725283316904e-10
2.908787688858566e-10
3.2276059112793813e-10
3.582190953188637e-10
3.9713450185802466e-10
4.394002671782372e-10
4.861817824116843e-10
5.376744231861173e-10
5.943628587799237e-10
6.56540300890694e-10
7.252455952905018e-10
8.005146784458325e-10
8.836527511795808e-10
9.747565270495676e-10
1.0752155122599203e-9
1.1853810356470201e-9
1.3068403738170241e-9
1.4398920712753485e-9
1.5863240612207081e-9
1.74605448995422e-9
1.9223173284007174e-9
2.114052752859825e-9
2.323607445788e-9
2.552871393000505e-9
2.8012712690702083e-9
3.080799374892161e-9
3.3749922293380176e-9
3.688595530900879e-9
4.052520676158965e-9
4.43741070903512e-9
4.838158220353321e-9
5.28100663623209e-9
5.7623264985645095e-9
6.2694856651083355e-9
6.819672346720453e-9
7.405292894394266e-9
8.028486891289284e-9
8.68764126427686e-9
9.390456808748428e-9
1.0103630402509014e-8
1.0911811336812412e-8
1.1730086693622349e-8
1.2585599935387949e-8
1.3065269859288193e-8
1.4415039139997522e-8
1.5364566097923043e-8
1.6356065304395234e-8
1.7360669037105363e-8
1.8423107571913145e-8
1.9484847857871303e-8
2.05781699508906e-8
2.1679546439103095e-8
2.2799782863529585e-8
2.3930790116202842e-8
2.505750033777083e-8
2.6213213930884993e-8
2.7345367772404152e-8
2.8501370863670236e-8
2.96228366550156e-8
3.0757305817398934e-8
3.187648958294313e-8
3.299220085241647e-8
3.406432340888792e-8
3.5161083199609484e-8
3.621419994827411e-8
3.725725997710215e-8
3.820235565672357e-8
3.9093115194022656e-8
4.027510836924596e-8
4.123190564897927e-8
4.218102056706584e-8
4.309686398421238e-8
4.402304671467136e-8
4.4900738870135124e-8
4.576421663653811e-8
4.661155370780822e-8
4.745216086434029e-8
4.8262596579699877e-8
4.8972223234541456e-8
4.984107356015628e-8
5.061406901146251e-8
5.136981351445904e-8
5.213140234029502e-8
5.286680652471004e-8
5.361933138925463e-8
5.435120746750007e-8
5.508954751539883e-8
5.585395302020559e-8
5.657941607129806e-8
5.7337620542505106e-8
5.8098351435344506e-8
5.885830591656617e-8
5.968264120355773e-8
6.049269775964752e-8
6.134004393551016e-8
6.222459523079188e-8
6.314077568407678e-8
6.41050182561357e-8
6.511702253583998e-8
6.59799604220234e-8
6.729624043508691e-8
6.846137654744461e-8
6.966990580193334e-8
7.089747975728146e-8
7.208369812814698e-8
7.308752299736296e-8
7.361062895934918e-8
7.285668207546149e-8
6.861850183882859e-8
5.268277869282653e-8
5.464110208473019e-9
2.6600630964512226e-6
2.3240590979437566e-6
1.2139517033979477e-6
8.142189993090285e-7
5.953997698126938e-7
4.976850163467513e-7
3.8876703308005546e-7
3.434194001644056e-7
3.177564168690539e-7
2.6969438067243604e-7
2.688848858779749e-7
2.2979617022630273e-7
2.164579776820535e-7
1.772536889660351e-7
1.7667207644196503e-7
1.5589495604477872e-7
1.5768921396257323e-7
1.473871292088805e-7
1.4351631939301854e-7
1.3062591985089144e-7
1.440874797241531e-7
1.3659542769646898e-7
1.2143254271772956e-7
9.889993061659316e-8
1.0291904766836634e-7
9.810542450921925e-8
1.0505705620073761e-7
1.0602762377192048e-7
9.888221246541349e-8
9.127496845373176e-8
9.467231561930384e-8
9.200420386063577e-8
8.815393221942215e-8
8.454916804869641e-8
8.814526069268958e-8
7.505811390965373e-8
7.779647927572031e-8
7.903263313691273e-8
7.498137661709797e-8
7.088305343279473e-8
6.019675849720715e-8
7.015227079841871e-8
7.174083477656096e-8
6.571371086815101e-8
6.270123961024512e-8
6.396305077341887e-8
6.131812289353981e-8
6.538655642197066e-8
5.824046007551184e-8
6.140237643931071e-8
5.808267120725238e-8
6.051235454489743e-8
5.8207872174242234e-8
5.805705976865648e-8
5.603409270791919e-8
5.578235194254924e-8
5.4614619723871164e-8
5.263357106254972e-8
5.288413991456463e-8
5.134036059699006e-8
5.0269095968241415e-8
5.130842172223698e-8
4.938777553328279e-8
4.910996970608052e-8
4.8170920345105875e-8
4.697357416212536e-8
4.716038658554266e-8
4.67216809621573e-8
4.534823929898711e-8
4.496503446424844e-8
4.471773370265181e-8
4.448244229169993e-8
4.368556149904857e-8
4.324246753567946e-8