9.41169190989466e-15
1.0355084022326217e-13
1.9780135424549492e-13
2.922654646473291e-13
3.8704759392623923e-13
4.822524594135975e-13
5.779966219418262e-13
6.74390049551128e-13
7.715557013877099e-13
8.696231173383594e-13
9.687278208152012e-13
1.06901567435165e-12
1.1706450567534194e-12
1.2737804414321742e-12
1.378615238028679e-12
1.4853303878324995e-12
1.5941520804439695e-12
1.7053172887842913e-12
1.8190607676674277e-12
1.935712428688477e-12
2.0555194616143115e-12
2.1787598859240156e-12
2.3060837070071737e-12
2.437573754633196e-12
2.5738240345715758e-12
2.715298868560166e-12
2.8625675334979517e-12
3.0161374877869075e-12
3.1767069004977656e-12
3.3450032651597636e-12
3.521872276815559e-12
3.708178096782997e-12
3.904708164350926e-12
4.1125574903450725e-12
4.333536953926398e-12
4.567624460777387e-12
4.817532978368409e-12
5.084232177803278e-12
5.369555669761921e-12
5.675422383272273e-12
6.003759302265155e-12
6.357406541907206e-12
6.737257852379826e-12
7.148829394829152e-12
7.593577118132424e-12
8.075292770093225e-12
8.598142198185849e-12
9.165329699143911e-12
9.782437077530815e-12
1.0453697377105904e-11
1.1187442708976668e-11
1.1984857888759898e-11
1.2856518310823315e-11
1.3812465276997123e-11
1.4854623289205118e-11
1.5997669609338793e-11
1.7246542267151475e-11
1.862028195221969e-11
2.0124253869507057e-11
2.177363646937409e-11
2.3580899505820188e-11
2.5578366478432614e-11
2.776211508675281e-11
3.017284812524592e-11
3.282427125069603e-11
3.5728857104268477e-11
3.893996557616455e-11
4.246462409444168e-11
4.6342985735241455e-11
5.0623614530386975e-11
5.5331557825844327e-11
6.050433151209219e-11
6.62378763358107e-11
7.253411407060151e-11
7.947155676309202e-11
8.71210920765794e-11
9.557918126304455e-11
1.0485188146196284e-10
1.1508814461198415e-10
1.263262448153975e-10
1.3876137234744823e-10
1.524369670045619e-10
1.6749073739629472e-10
1.8411878706550222e-10
2.023659645632081e-10
2.2253413312292026e-10
2.446901917020744e-10
2.6900926540728483e-10
2.958488752803011e-10
3.252977553373086e-10
3.577513572873504e-10
3.9333828886633345e-10
4.323727903503433e-10
4.751444636277467e-10
5.221007083512449e-10
5.736666621502414e-10
6.301238267903369e-10
6.919563605319717e-10
7.588262510681582e-10
8.323715490160187e-10
9.123312402342499e-10
9.995790126232965e-10
1.0943068914011035e-9
1.1973271172455819e-9
1.3086724688768774e-9
1.429305625303628e-9
1.5596253135447064e-9
1.700028516083023e-9
1.8508040818716535e-9
2.012698306550721e-9
2.186272032302464e-9
2.371148977269389e-9
2.5685042088024355e-9
2.7780684754494875e-9
3.0007692200200066e-9
3.2381222870876675e-9
3.48432946476015e-9
3.746733635084935e-9
4.0221611386687486e-9
4.306328075706402e-9
4.6049228534676775e-9
4.913833318167649e-9
5.236099404779976e-9
5.567412970739344e-9
5.9084193142591854e-9
6.260147579104431e-9
6.618867442122043e-9
6.9918893572309666e-9
7.364138996627011e-9
7.749295223853783e-9
8.139297727385078e-9
8.536547278951941e-9
8.710343096283284e-9
9.34331743371399e-9
9.752116471952662e-9
1.0163797938122319e-8
1.0580024869762523e-8
1.0995980109297816e-8
1.1418554014817445e-8
1.1839038816965172e-8
1.2257607253224205e-8
1.2678633706183588e-8
1.3099440506110737e-8
1.3532060377700454e-8
1.3958017237480828e-8
1.4381077972675392e-8
1.4803460861952337e-8
1.5215297861739937e-8
1.5638339758347843e-8
1.6057415149191774e-8
1.6483049815864023e-8
1.6908418991654667e-8
1.7330156174289788e-8
1.7760864368083295e-8
1.8190562191361068e-8
1.862399086069212e-8
1.9059253033227432e-8
1.9500953859635572e-8
1.9946167705557417e-8
2.039797201656837e-8
2.0861920709441093e-8
2.1327472609395096e-8
2.1802940949791332e-8
2.2292912962381915e-8
2.279559644818339e-8
2.3312000317681497e-8
2.3853675864513244e-8
2.4411240954126188e-8
2.4992825217621122e-8
2.5602583144056988e-8
2.6243055018551682e-8
2.6923967626817013e-8
2.7647008249018225e-8
2.842139946635269e-8
2.9267484584912506e-8
3.01549848764838e-8
3.114085770433605e-8
3.223894585330024e-8
3.341733560102809e-8
3.476223162809912e-8
3.624757883837051e-8
3.7887192639711365e-8
3.9652428056875e-8
4.1345785565737024e-8
4.214315770434058e-8
3.745052379249943e-8
8.934386920205145e-9
3.1885398232419962e-6
1.0336316322492156e-6
5.861716767404258e-7
4.1440861838849397e-7
3.221016237987242e-7
2.6453656702534815e-7
2.229355332658024e-7
1.9726329470186144e-7
1.823724141547818e-7
1.6022414116987156e-7
1.491450966171858e-7
1.420631251592537e-7
1.2482803209027528e-7
1.147910736034881e-7