8.781998010923892e-11
9.67803075823822e-10
1.85465348924611e-9
2.7559883533534485e-9
3.6897960460533416e-9
4.629026216490987e-9
5.612586840564044e-9
6.638440672656159e-9
7.714730865454256e-9
8.843387636289378e-9
1.0033070013743636e-8
1.1279316580776228e-8
1.2583985947313324e-8
1.4010120880333711e-8
1.549523015833807e-8
1.70457858129797e-8
1.876796307330071e-8
2.048507105037828e-8
2.231671747696341e-8
2.429275997009153e-8
2.6275689276618795e-8
2.856262805323488e-8
3.059919659248356e-8
3.4321666176304456e-8
3.530990258563819e-8
3.780502599725739e-8
4.03015037836227e-8
4.2944758529638744e-8
4.5389428543495575e-8
4.8277542147671205e-8
5.0817270251699656e-8
5.37589818493338e-8
5.655965770290829e-8
5.924103942936919e-8
6.19459993579721e-8
6.47067565327147e-8
6.733548689640225e-8
6.999388182817093e-8
7.252730249231464e-8
7.513307588809917e-8
7.732832722245083e-8
7.994778761131066e-8
8.225463991357519e-8
8.463036095835777e-8
8.662460531891449e-8
8.868403955654028e-8
9.063814472611088e-8
9.257860859031042e-8
9.430762082225518e-8
9.59247140353195e-8
9.750875344142904e-8
9.905561518364884e-8
1.0041703042337664e-7
1.0180139335152748e-7
1.0303745694886781e-7
1.0419861358512217e-7
1.0511809648474407e-7
1.0629755001302198e-7
1.0724760085982963e-7
1.0812485279761756e-7
1.0894374519373974e-7
1.0972392132513356e-7
1.1042697026667276e-7
1.111060167042051e-7
1.1174064364947915e-7
1.1231538470883556e-7
1.1285785733312918e-7
1.1342204747506345e-7
1.1390952246468122e-7
1.1437229535176181e-7
1.1484407522855959e-7
1.1530061501036154e-7
1.1572632762846737e-7
1.1618224832782166e-7
1.1658047705883612e-7
1.1700034048343665e-7
1.1742678577397386e-7
1.1785894085567097e-7
1.1824654321787115e-7
1.1864923408861352e-7
1.1899458220039425e-7
1.1931524034613067e-7
1.195062145290614e-7
1.1954902888963863e-7
1.1931915997848937e-7
1.1861197859986576e-7
1.1707001571000646e-7
1.1399264347880182e-7
1.0791598457875975e-7
9.52854800285254e-8
6.554220063146869e-8
3.7348198552711726e-9
1.2783689586650619e-6
3.0161609720193847e-6
2.2025447485095676e-6
1.462582191977399e-6
1.0236162714445547e-6
7.622020354539214e-7
6.698389335786146e-7
5.454457521895042e-7
5.202043229610039e-7
3.98718291842281e-7
3.858065661188965e-7
3.5134691692242006e-7
3.689339534798693e-7
3.0741921611289684e-7
2.464456340044582e-7
2.7525376466846054e-7
2.684903898862205e-7
2.2100421915879712e-7
2.0961858382314745e-7
1.8807192080026603e-7
1.9955491240057354e-7
1.8654500064530912e-7
1.6537730858077787e-7
1.7108442594139282e-7
1.61595744381211e-7
1.5958798018123429e-7
1.3614416028256408e-7
1.3666343247434082e-7
1.3065621137567108e-7
1.2557778862401967e-7
1.290710523706808e-7
1.1697807524820308e-7
1.2670350727510066e-7
1.2108906464394928e-7
1.0122889014348686e-7
9.84360308618417e-8
8.88767153834416e-8
8.704180125960215e-8
1.0183895555145021e-7
1.0212069826114134e-7
9.766646660912063e-8
8.935135318202202e-8
9.470090291738041e-8
8.359602500492523e-8
9.377487675633841e-8
8.394563752562525e-8
8.335326748249241e-8
8.88109681728022e-8
7.798263261488002e-8
8.175083622801297e-8
8.088002556746717e-8
7.352727846442971e-8
7.28380895323388e-8
7.677825841188715e-8
7.168415017909896e-8
8.65736225250346e-8
7.475143768118678e-8
6.864113660944345e-8
6.95972591191875e-8
6.79346824826236e-8
6.458956334681497e-8
6.625612221908879e-8
6.579932293004556e-8
6.397988344481789e-8
6.244913798806766e-8
6.193490312985012e-8
6.17472910716191e-8
6.177215336906479e-8
6.047290374438709e-8
5.922379313279609e-8
5.801281989388432e-8
5.788349007436101e-8
5.7082032379758564e-8
5.657594565387294e-8
5.552172033336211e-8
5.4563964176927355e-8
5.401116258133102e-8
5.3697919526462574e-8
5.3060593643782594e-8
5.2310518697482375e-8
5.1984746956282155e-8
5.137308982401556e-8
5.0473363936686056e-8
4.9902762708551495e-8
4.935438468089536e-8
4.88197232686419e-8
4.835501111087104e-8
4.78828793124594e-8
4.6957944837718005e-8
4.6691883361546357e-8
4.6111403521228766e-8
4.553032471976389e-8
4.513310251508134e-8
4.46422037687554e-8
4.414674443620385e-8
4.365578242100983e-8
4.318122347921212e-8
4.271000499598568e-8
4.227910232814822e-8
4.1803671871351064e-8
4.133058575837023e-8
4.0840493065501755e-8
4.04500827139535e-8
4.002830029417774e-8
3.958065767015043e-8
3.916943932732178e-8
3.876216268058492e-8
3.8344039068766725e-8
3.793286117314094e-8