6.54094072750508e-10
7.199224398576617e-9
1.3767892027435572e-8
2.0379387351364815e-8
2.7049665409543292e-8
3.379510800711637e-8
4.063345093526018e-8
4.7571947088757754e-8
5.462974931747834e-8
6.178671190037509e-8
6.907177133032714e-8
7.644594700135809e-8
8.394708762849596e-8
9.150281396624054e-8
9.914887458345001e-8
1.0684003918914667e-7
1.145594887582126e-7
1.2225607466931234e-7
1.299348193088359e-7
1.3751653322159573e-7
1.4500831085781698e-7
1.523474643046706e-7
1.5955823906204244e-7
1.665515563919488e-7
1.7331101354914393e-7
1.7979988962751152e-7
1.860167686554644e-7
1.9191042806837448e-7
1.9750669727088112e-7
2.0274852636939267e-7
2.0764962591110284e-7
2.121730359169326e-7
2.1633480372947863e-7
2.2012639594840294e-7
2.235233469924424e-7
2.2653710718328298e-7
2.2915743477877867e-7
2.3139639699362782e-7
2.3320610489673884e-7
2.3459420818823558e-7
2.3552862757527067e-7
2.3597440836511055e-7
2.3589047431246365e-7
2.3519401366692553e-7
2.3380720074071941e-7
2.3158007781642427e-7
2.2832219696693154e-7
2.2376911449458403e-7
2.1754556621502254e-7
2.090953190645137e-7
1.9777778841887927e-7
1.8211769330566234e-7
1.6102562204419498e-7
1.3267265688827338e-7
9.625347296668121e-8
5.534608346435382e-8
2.2812464477176707e-8
1.2965430732779428e-8
2.3907417892560784e-8
7.762247850227425e-8
2.279639084679968e-6
1.822236201777923e-7
3.3683898648251434e-8
1.3262005748090284e-8
6.854094030989613e-9
4.069671793491955e-9
2.6216142275670948e-9
1.775470441073129e-9
1.2366276188486883e-9
8.656456974504119e-10
5.738081603971607e-10
1.3786666166605018e-7
1.8999319970342754e-7
2.1273942884599128e-7
2.2229772131059527e-7
2.2543688974065347e-7
2.246192252878342e-7
2.2161876422650274e-7
2.1783958304650597e-7
2.1262889532941266e-7
2.076800572781072e-7
2.0235789518649964e-7
1.968487555329035e-7
1.9106422822617156e-7
1.9104350191011593e-7
1.8203972840230182e-7
1.782583306331756e-7
1.7105953363063273e-7
1.660694798880133e-7
1.631473543609472e-7
1.5652890664110792e-7
1.5261642572064796e-7
1.4979117509028235e-7
1.4746326376570757e-7
1.4356458593499582e-7
1.4297179187362663e-7
1.3760727971178802e-7
1.4604947088397774e-7
1.3322009422833988e-7
1.2697240247496931e-7
1.2986206935361758e-7
1.2735143843181148e-7
1.1469866927811947e-7
1.1970738277716282e-7
1.1460958399774707e-7
1.1470140278403988e-7
1.1604134811051573e-7
1.1151699276788861e-7
1.0622327571068853e-7
1.1325157352451299e-7
1.0815245472923144e-7
1.0486410251204038e-7
1.0591396836922163e-7
1.0621245886151073e-7
1.0270940742792297e-7
9.849668124973565e-8
9.774173327089965e-8
9.558222101523296e-8
9.591015298947058e-8
9.373632449156515e-8
9.366957944565625e-8
8.901683429257271e-8
8.948474989008305e-8
8.968659093728637e-8
8.75866836712233e-8
8.621498322287017e-8
8.576914731946116e-8
8.426210672313433e-8
8.34315522114216e-8
8.209009576886991e-8
8.115251817512029e-8
8.01796816337347e-8
7.904163786654039e-8
7.815238337368865e-8
7.728060775508393e-8
7.584278353149124e-8
7.468752686614199e-8
7.404050541015556e-8
7.305088371862435e-8
7.227211003932472e-8
7.140344380404104e-8
7.035962037009826e-8
6.977536267543116e-8
6.863720896563682e-8
6.776231106081645e-8
6.690356440073965e-8
6.600604660008937e-8
6.527564795032646e-8
6.43833901265568e-8
6.355634222107516e-8
6.281469409308476e-8
6.204580913978615e-8
6.130249925010482e-8
6.054175924380049e-8
5.980635616098394e-8
5.9067894465286344e-8
5.835234181598262e-8
5.753346890412687e-8
5.6927791891635805e-8
5.621031835385751e-8
5.557240893474867e-8
5.490038807596565e-8
5.42542270788439e-8
5.357531130978807e-8
5.293962760385556e-8
5.231019820503103e-8
5.1688990667225154e-8
5.1056191696735185e-8
5.044278201454906e-8
4.982768188216242e-8
4.923776330604265e-8
4.8693148485155325e-8
4.81008854592223e-8
4.755759643705074e-8
4.7014652151338e-8
4.6475566093888725e-8
4.5942277986036236e-8
4.541644146073443e-8
4.48992412223352e-8
4.438690744671379e-8
4.387620482261479e-8
4.337540921828561e-8
4.287865386925503e-8
4.2387589642313945e-8
4.190959093267898e-8
4.145580171705141e-8
4.0973653702667403e-8
4.050410099924359e-8
4.0063253285466916e-8
3.962940773026697e-8
3.9194338413004817e-8
3.876196687505639e-8
3.834778360524386e-8
3.792484709962319e-8
3.7507820669314625e-8
3.709771205629322e-8
3.6702836657134356e-8
3.630180139241047e-8
3.590913316793055e-8
3.5526408897117616e-8
3.514313063304428e-8