4.4300746040048624e-8
4.7115701640924113e-7
8.227271374591672e-7
1.051145253248886e-6
1.1328315594325615e-6
1.0587247136743338e-6
8.197171244225085e-7
4.146388280406224e-7
4.123142072648166e-8
1.044459682816398e-8
1.4078160532311314e-8
1.93713292614942e-8
2.7723248279441744e-8
4.22463427966404e-8
7.123957020131315e-8
1.4363806754681155e-7
4.2580029892293936e-7
5.620340265797995e-6
2.0418693167448845e-6
2.966369037701162e-7
1.1172465707864174e-7
5.74878299549163e-8
3.459154101179992e-8
2.2864940125663913e-8
1.608801658010858e-8
1.1833286118261007e-8
8.99572142122254e-9
7.0141894247614076e-9
5.579408028496008e-9
4.509660840355494e-9
3.6925616186644992e-9
3.0556028990948594e-9
2.5503173370194334e-9
2.143299321631618e-9
1.810885583077584e-9
1.53586628625187e-9
1.3053442632531617e-9
1.1091832478548925e-9
9.38392858187683e-10
7.797293074880941e-10
2.6615434571707175e-7
3.5264933813408633e-7
3.772236655622683e-7
3.7954577032763916e-7
3.718244818945763e-7
3.590846451072718e-7
3.4536942719793954e-7
3.2992812851594e-7
3.1575793918517485e-7
3.015460798101687e-7
2.879648489694653e-7
2.755775303746425e-7
2.6398855459875607e-7
2.529812338749952e-7
2.4314867822328675e-7
2.3421537671814902e-7
2.2532253891182555e-7
2.1822354332682583e-7
2.1053058054307224e-7
2.0422103039743018e-7
1.9851089521157526e-7
1.9262198013759372e-7
1.8780068565333634e-7
1.8362619033522402e-7
1.7964312725723949e-7
1.7581308089723255e-7
1.7196589055339552e-7
1.6892790902849795e-7
1.661346284126737e-7
1.6305596736716767e-7
1.6067295351810595e-7
1.58552148736949e-7
1.5528622649772114e-7
1.542156706283773e-7
1.517502171499368e-7
1.5027990477988432e-7
1.477987921277414e-7
1.4663807780846662e-7
1.447990655600165e-7
1.4310298175762866e-7
1.4150480691324952e-7
1.3985035556868137e-7
1.3830360848316112e-7
1.3694067506440504e-7
1.3540421612534928e-7
1.338591039633336e-7
1.3248902121277302e-7
1.3085589308229184e-7
1.2954698765554338e-7
1.2794360058867578e-7
1.2660023481637015e-7
1.2499221142035935e-7
1.2361932667257972e-7
1.2212490797445897e-7
1.2065935956873548e-7
1.1927705240784776e-7
1.1779006635217676e-7
1.1643182579478663e-7
1.1479861479292997e-7
1.1351942310726979e-7
1.1215080270511756e-7
1.1062753957562832e-7
1.0913225448435038e-7
1.079135280828701e-7
1.0654635639547176e-7
1.0508650588815945e-7
1.0346639343128075e-7
1.0239082828897733e-7
1.0110724091310291e-7
9.976801621858027e-8
9.835163823264099e-8
9.705368906256234e-8
9.581147777606391e-8
9.457000586478803e-8
9.329616206212336e-8
9.199977626336787e-8
9.061599473266443e-8
8.954750008788048e-8
8.839541990481157e-8
8.721866664904343e-8
8.603750686623121e-8
8.483204238126595e-8
8.369395033006407e-8
8.258284267608913e-8
8.149230835358783e-8
8.037893196259203e-8
7.927569814313666e-8
7.82557412609275e-8
7.71724693740852e-8
7.614689989988394e-8
7.514280165063735e-8
7.413059994588863e-8
7.313970553061531e-8
7.220603425297794e-8
7.124581036800621e-8
7.028255377839145e-8
6.933087719030797e-8
6.840406161233338e-8
6.753299282898001e-8
6.665164737216637e-8
6.578903335629781e-8
6.491886896256619e-8
6.40748631797299e-8
6.323447196684259e-8
6.239463704968219e-8
6.158017716836674e-8
6.076832001431678e-8
5.999663542037972e-8
5.922958638824712e-8
5.848702401160529e-8
5.772275895569858e-8
5.6988200505682426e-8
5.6263907142901645e-8
5.555005074394711e-8
5.483795663458742e-8
5.414179370246596e-8
5.346009415300369e-8
5.2785479536241375e-8
5.211880552953314e-8
5.14572130316285e-8
5.0821411128958884e-8
5.018756804641763e-8
4.9558101410945607e-8
4.8948125559609105e-8
4.834325620990578e-8
4.774597286266621e-8
4.7157855537034024e-8
4.658024172388304e-8
4.601449773668541e-8
4.545617133479232e-8
4.48998111097766e-8
4.435555209704038e-8
4.3834000465634254e-8
4.330415265655356e-8
4.2782230431308104e-8
4.2267448618986e-8
4.1765163139972406e-8
4.127064880443975e-8
4.079319502549929e-8
4.030416928515295e-8
3.982717685789044e-8
3.935523080323932e-8
3.888899795575704e-8
3.844354284895426e-8
3.7990569835126533e-8
3.754493596643318e-8
3.710755150987381e-8
3.668815309803545e-8
3.6260927145335656e-8
3.58503444059122e-8
3.543006364404406e-8
3.503380084161384e-8
3.463272322908848e-8
3.423621827232905e-8
3.38618048457555e-8
3.3474735113414805e-8
3.310181808749306e-8
3.273033806518911e-8
3.236239060637387e-8
3.200889241915258e-8
3.1653319313410924e-8