1.1050159104122768e-14
1.2156285941385136e-13
2.3213121087744033e-13
3.4280627018558806e-13
4.536393095788908e-13
5.646838055276647e-13
6.75993954317703e-13
7.876263265282024e-13
8.996394483496354e-13
1.0120943308557233e-12
1.1250564784351436e-12
1.2385934013248067e-12
1.352781339271239e-12
1.4676912138693879e-12
1.583415163683152e-12
1.7000319467633431e-12
1.8176447538781e-12
1.9363577348586996e-12
2.0562792759834578e-12
2.177534547745436e-12
2.3002600188428857e-12
2.4245843736090585e-12
2.5506793549960047e-12
2.6787022157026894e-12
2.808852300795695e-12
2.9413254831582943e-12
3.0763512445078215e-12
3.2141644162704615e-12
3.3550366777219908e-12
3.4992587401084695e-12
3.647140596869834e-12
3.7990221118570065e-12
3.9554052029726396e-12
4.116521011491226e-12
4.282967341478995e-12
4.455233085862618e-12
4.633851630324706e-12
4.819441803422201e-12
5.012669898873019e-12
5.214389424671415e-12
5.425195979501838e-12
5.646146466485119e-12
5.878190100763398e-12
6.122412762548081e-12
6.3804894700906674e-12
6.65234601969275e-12
6.941093866849301e-12
7.247030675192117e-12
7.5723830590994e-12
7.919624955403428e-12
8.29003810829978e-12
8.686182379944931e-12
9.110927501460507e-12
9.567244554242688e-12
1.0057174039774165e-11
1.0584666350349162e-11
1.1153858125835103e-11
1.1768612468507855e-11
1.2433927647627543e-11
1.3153220208703574e-11
1.393321167004433e-11
1.478048275233114e-11
1.5700770740359396e-11
1.670035762994128e-11
1.7789243736499245e-11
1.8974794101423496e-11
2.02686474898409e-11
2.167943895184666e-11
2.3219203017969394e-11
2.4901854634068096e-11
2.673799621314652e-11
2.8747278982375793e-11
3.0946198868957036e-11
3.33522572387802e-11
3.5986044479445064e-11
3.8870814605056254e-11
4.2029510588848156e-11
4.549150098672706e-11
4.9286906916470937e-11
5.34455370904863e-11
5.80064861676344e-11
6.300792869584848e-11
6.849559224356228e-11
7.451127622155059e-11
8.110451024676447e-11
8.834420169844752e-11
9.627216264789384e-11
1.0498370713777132e-10
1.1452871689015927e-10
1.2500165667867337e-10
1.3647850482571166e-10
1.4907242831449987e-10
1.6285721888785108e-10
1.7798927605791326e-10
1.9457032122625453e-10
2.1272093674671917e-10
2.3260871457762162e-10
2.5437164866439885e-10
2.7820322018471233e-10
3.042732423810654e-10
3.327796312099659e-10
3.6392973069202446e-10
3.9797513055987407e-10
4.3512163031792947e-10
4.757049441303503e-10
5.199247580882698e-10
5.681049485680672e-10
6.205694405818496e-10
6.776287893003911e-10
7.396613342341099e-10
8.069650044706188e-10
8.799905410944542e-10
9.591893057327505e-10
1.0446616329136815e-9
1.1371446485764715e-9
1.2369511619164263e-9
1.344410612138535e-9
1.4601546020571638e-9
1.584289036689381e-9
1.7174354448255324e-9
1.859873921455703e-9
2.0133606750312496e-9
2.175612479720663e-9
2.3481991706963252e-9
2.5315923396869283e-9
2.725208885809024e-9
2.9306203605131323e-9
3.1447720947632473e-9
3.372007201440968e-9
3.610451174921913e-9
3.859972259885789e-9
4.120421830316704e-9
4.3917835673279145e-9
4.673612297453542e-9
4.965637968652032e-9
5.267876249803369e-9
5.579196606544344e-9
5.899551417135449e-9
6.2284215636082104e-9
6.5651231486196555e-9
6.909276529725267e-9
7.26011175849028e-9
7.616673341950168e-9
7.978145597077052e-9
8.345243517141978e-9
8.715937696351318e-9
9.089368870150137e-9
9.465574930690166e-9
9.842938490219952e-9
1.0220523555526616e-8
1.0598277865809926e-8
1.0974628684318541e-8
1.1349156256959284e-8
1.1718790870641201e-8
1.2084096785753204e-8
1.244245002654661e-8
1.2791573001015253e-8
1.3130154099415357e-8
1.3454901567587959e-8
1.3761426914117333e-8
1.4044628551685671e-8
1.4299780625967524e-8
1.4518479587421803e-8
1.4690148548778984e-8
1.4800705129599831e-8
1.4830819243030606e-8
1.4756736583905193e-8
1.4542100573062916e-8
1.4137631569483907e-8
1.3480792800526914e-8
1.2484859798276257e-8
1.1049520905741227e-8
9.093359763428113e-9
6.6612600188064924e-9
4.145297149639826e-9
2.3937288717517236e-9
2.2014840189616255e-9
4.060981927786289e-9
1.289318054300995e-8
4.623011512188108e-7
2.3881784195261353e-8
4.268958320125871e-9
1.5104124951930933e-9
2.1222743679681546e-8
1.0463803164034299e-7
1.1912518771537848e-7
1.2212397232156266e-7
1.209851623934204e-7
1.180598046553502e-7
1.1359831191522051e-7
1.0999137517057815e-7
1.0617679401520654e-7
1.0180092820903814e-7
9.821428518041115e-8
8.797560772895679e-8
8.768831615053565e-8
8.623233388465741e-8
8.336251817969608e-8
8.210464351490187e-8
7.953837313897329e-8
7.738102786476753e-8