6.185589870354604e-9
6.779176022826477e-8
1.2817792498911723e-7
1.8630160206511538e-7
2.412656192628928e-7
2.9236922534068545e-7
3.390135618074359e-7
3.8091930196263167e-7
4.179520768150035e-7
4.501883818917891e-7
4.776545613028399e-7
5.007502478270022e-7
5.196696225848579e-7
5.348616216279235e-7
5.467129674905728e-7
5.555120924577592e-7
5.616279818325138e-7
5.654073436288557e-7
5.671258599737163e-7
5.670720698454226e-7
5.653699878498601e-7
5.622501764724433e-7
5.578297253813487e-7
5.522063557966551e-7
5.45382093106806e-7
5.373578413105965e-7
5.280865706956455e-7
5.173736468771777e-7
5.049406335767503e-7
4.904463135205357e-7
4.7327731809413593e-7
4.5256338269041635e-7
4.271026050770108e-7
3.9506496214854464e-7
3.53879689057785e-7
3.0013121646752486e-7
2.3033632198149843e-7
1.4535204145390956e-7
6.264983879510246e-8
1.9642460520498516e-8
2.2401654498592263e-8
5.099180381458604e-8
2.0906470313773829e-7
0.00019842309231067897
1.8062168369049255e-7
4.553388102169017e-8
1.9937037785037226e-8
1.0951184355241552e-8
6.8031189193340254e-9
4.561444411716135e-9
3.218241557919879e-9
2.3519715280806338e-9
1.761083458520196e-9
1.3390486102244909e-9
1.0244047839109396e-9
7.768977876472282e-10
5.456362394291744e-10
1.863026382499434e-7
2.322824396918867e-7
2.506489432035104e-7
2.57204175949102e-7
2.5789645401999384e-7
2.553347537739526e-7
2.51056317047613e-7
2.451950181547214e-7
2.393608807200203e-7
2.3310224403074402e-7
2.2644288246735377e-7
2.208229293251251e-7
2.1474622759358548e-7
2.0835871404835427e-7
2.0354714818200747e-7
1.977096010423498e-7
1.9208726817871893e-7
1.872049468764677e-7
1.8294702354491248e-7
1.7864909316216694e-7
1.7399235702355129e-7
1.6997024724684393e-7
1.6639732965897364e-7
1.6283537230007912e-7
1.5911984774045462e-7
1.559938938845406e-7
1.526033252203829e-7
1.4982950329280278e-7
1.4731326733352217e-7
1.4455848877731513e-7
1.4142751209388753e-7
1.38958391902111e-7
1.3641860014481746e-7
1.34880075701462e-7
1.3250564267110397e-7
1.3093299598045107e-7
1.2983019956100726e-7
1.2597748309137457e-7
1.2396598782739263e-7
1.2300306444821138e-7
1.2212427704404795e-7
1.209779987906814e-7
1.1814176627974388e-7
1.1687895586959487e-7
1.1324024992527272e-7
1.128648689575973e-7
1.1134071028022134e-7
1.1002357477929772e-7
1.0877985908086662e-7
1.0607919378601892e-7
1.051254783157168e-7
1.0439568028681807e-7
1.0261348137489822e-7
1.005809540585719e-7
1.0032852527335047e-7
9.841850347063399e-8
9.794333796794625e-8
9.637287665291151e-8
9.479183821652116e-8
9.388310966368215e-8
9.273289966167254e-8
9.134226950962069e-8
9.004257064154676e-8
8.89467732075744e-8
8.790314622400771e-8
8.657659158249673e-8
8.492064863709819e-8
8.439315399623425e-8
8.35517304808304e-8
8.220731071755379e-8
8.097852843809514e-8
8.002074943561784e-8
7.902216718049466e-8
7.807681649706031e-8
7.696697521642767e-8
7.605020580221712e-8
7.523275674939922e-8
7.404387481805255e-8
7.31566689720352e-8
7.218714948074449e-8
7.124294324241592e-8
7.032831285807116e-8
6.945109960093754e-8
6.856057834858797e-8
6.769644023126177e-8
6.677644401848997e-8
6.593517262487913e-8
6.511295384012483e-8
6.431371876035695e-8
6.349346404714976e-8
6.269878370353138e-8
6.189906087503992e-8
6.111833876362592e-8
6.034193264459271e-8
5.955790654281626e-8
5.8819083763881584e-8
5.8103297890637164e-8
5.740289849364468e-8
5.6702734292795874e-8
5.5987729813015616e-8
5.530243536405378e-8
5.4621743871608376e-8
5.395070693475122e-8
5.328708341238626e-8
5.26380208817749e-8
5.199373147412961e-8
5.1354387986487934e-8
5.0707201356307016e-8
5.0102824441942596e-8
4.9519483500696435e-8
4.8904149241566647e-8
4.83459746175814e-8
4.7773330278426526e-8
4.720671580061073e-8
4.6647386035991943e-8
4.609720018634091e-8
4.5557757424039406e-8
4.501745214222308e-8
4.449246525089013e-8
4.3971625283082965e-8
4.34551980857155e-8
4.2945660258446306e-8
4.245820088970144e-8
4.197139751067507e-8
4.148018136091087e-8
4.100230792252261e-8
4.0531678338306394e-8
4.007448622766567e-8
3.9618679296572816e-8
3.917125919246113e-8
3.873502662191421e-8
3.829452201432923e-8
3.7860591756451266e-8
3.7446064423789176e-8
3.702547749364587e-8
3.6613371731992434e-8
3.6206409233557564e-8
3.5808434298866925e-8
3.541299632149231e-8
3.5020610829529595e-8
3.463231974669201e-8
3.426261809177665e-8
3.388421376991533e-8
3.351960291907634e-8