4.474528590569408e-14
4.926487323615624e-13
9.428110012217293e-13
1.397305180033061e-12
1.858241304384146e-12
2.3278101931546604e-12
2.808247593866701e-12
3.301852812800432e-12
3.811276236619904e-12
4.339053766661064e-12
4.887950468696917e-12
5.460997434945565e-12
6.061388171263088e-12
6.692242459272293e-12
7.358423412322116e-12
8.062770600256994e-12
8.809809599004095e-12
9.60563014121133e-12
1.0454377779357652e-11
1.1362277877286666e-11
1.2334994406208918e-11
1.3380703372129655e-11
1.4506364116731326e-11
1.5719530683617894e-11
1.7029967108513962e-11
1.84486500246712e-11
1.9985353292008924e-11
2.1651710287433998e-11
2.346464178435119e-11
2.5434480688638356e-11
2.7578711934630808e-11
2.9916127452176465e-11
3.246538137263185e-11
3.5248472249700744e-11
3.828767667029509e-11
4.1610149901684164e-11
4.5243835865749486e-11
4.922043716277873e-11
5.357157823367882e-11
5.833985794501682e-11
6.356166898948435e-11
6.928716084427883e-11
7.556412095156682e-11
8.244321146894594e-11
8.999190804217515e-11
9.82741230688127e-11
1.0735650764635833e-10
1.1731977273209735e-10
1.2826887427963218e-10
1.4027686621214364e-10
1.534144905467683e-10
1.6790140984763543e-10
1.8379163263982674e-10
2.0120993014283335e-10
2.2031464213143953e-10
2.4128609022805417e-10
2.6430299244691134e-10
2.895432666323762e-10
3.172223828161307e-10
3.47588220114307e-10
3.808625721961652e-10
4.173451511198871e-10
4.572458668898235e-10
5.010103275666236e-10
5.488741283212364e-10
6.013311974670064e-10
6.58610147652619e-10
7.212448840816066e-10
7.896850814443194e-10
8.644891579140064e-10
9.459072250193966e-10
1.0349489712710434e-9
1.1319541429788799e-9
1.2373081191322055e-9
1.3519776555998957e-9
1.4765372996954256e-9
1.6117888273414932e-9
1.758359711916224e-9
1.9170832848838475e-9
2.0885049113339976e-9
2.2738400554470705e-9
2.4734255874604164e-9
2.6883243401745727e-9
2.9191515977598186e-9
3.1668127798467413e-9
3.431885396792246e-9
3.715036161164817e-9
4.016917135695924e-9
4.338109247610564e-9
4.678872931320894e-9
5.040003270504815e-9
5.4215946468864636e-9
5.823249060368494e-9
6.245786242080794e-9
6.688672775388665e-9
7.1515813095410145e-9
7.6351602127309e-9
8.137158986021948e-9
8.6585374095433e-9
9.197685216930526e-9
9.753673930673293e-9
1.032617194842434e-8
1.0912853234622094e-8
1.1514629565217825e-8
1.2127939900557882e-8
1.2752623777258483e-8
1.3387136664265587e-8
1.403027194947486e-8
1.4679634698989797e-8
1.5334040949449044e-8
1.599107218550707e-8
1.665304947277722e-8
1.7313976967650612e-8
1.7973924026957014e-8
1.863049404176865e-8
1.928285703368625e-8
1.992881233827195e-8
2.0566698872432585e-8
2.1194021420830487e-8
2.1806135449059467e-8
2.240355168103676e-8
2.2981386042765125e-8
2.3536330688713595e-8
2.4062267429894254e-8
2.455566345838797e-8
2.500612494777568e-8
2.5404490719609696e-8
2.5738886290574484e-8
2.5994367224345135e-8
2.614473529435352e-8
2.6161939947289703e-8
2.6005511690106347e-8
2.5620546384804427e-8
2.492485931027146e-8
2.3822223763802932e-8
2.2156884805437353e-8
1.9767930493188646e-8
1.6485803222737544e-8
1.2308173369868188e-8
7.758217475327451e-9
4.208575283833086e-9
3.1854361899307467e-9
5.386529663156272e-9
1.5982088002903823e-8
2.883881229800683e-7
4.721515183927506e-8
7.386477307090151e-9
2.6238701967616198e-9
1.1918392193025272e-9
3.540312156141533e-8
1.1446926200325479e-7
1.3355744598913308e-7
1.3974672824346097e-7
1.4010959843336307e-7
1.3835460817010794e-7
1.348708297320759e-7
1.2990719646916093e-7
1.2667041808254274e-7
1.2187510924204511e-7
1.1610907444375891e-7
1.1044045813430692e-7
1.1146590524371598e-7
9.891648309749463e-8
1.0426467872272068e-7
9.955302284699302e-8
9.843444097847477e-8
9.231102355408454e-8
9.12819228691797e-8
8.978720275465736e-8
8.248090521895089e-8
8.321697745271487e-8
8.077057103431992e-8
8.103944478953525e-8
8.013143690486801e-8
7.44538706162951e-8
7.423193735771735e-8
7.14182138440651e-8
7.05404614000856e-8
6.887977417981083e-8
6.686192135539287e-8
6.612683487898997e-8
6.631476945805447e-8
6.372038736881839e-8
6.392594792108796e-8
6.329058772031259e-8
6.127470574414536e-8
6.022190200300589e-8
5.88411843714534e-8
5.6057288458446666e-8
5.671565999083489e-8
5.7123594563267466e-8
5.524540887011935e-8
5.399673310364384e-8
5.3176722450118626e-8
5.303824320246053e-8
5.2322578632586164e-8
5.100451174545241e-8
5.028489303495613e-8
4.950195600140204e-8
4.890271589464724e-8
4.810978910785929e-8