5.1383688318360725e-14
5.657871950785591e-13
1.0830255257612852e-12
1.6057035046513005e-12
2.136490165728129e-12
2.6781217143304478e-12
3.2333755559030136e-12
3.805310112491308e-12
4.396922503866385e-12
5.011637762843357e-12
5.6529027219487535e-12
6.3245010131265285e-12
7.03048614166963e-12
7.77549159958972e-12
8.563358554883938e-12
9.399766047848096e-12
1.029160232271227e-11
1.1242323855444114e-11
1.2259130676051682e-11
1.3352865545127e-11
1.4526469051345785e-11
1.5792347428265378e-11
1.715863715967958e-11
1.863487542422752e-11
2.0234209778903874e-11
2.1968150899381733e-11
2.3852039098617304e-11
2.589876391045613e-11
2.8126613963965968e-11
3.0555314478950104e-11
3.3201455270052187e-11
3.608898247561395e-11
3.9247961977202295e-11
4.269410044908719e-11
4.6469410090176843e-11
5.059607518324475e-11
5.5114310580234136e-11
6.006275433114725e-11
6.54850312698652e-11
7.142622345510207e-11
7.794174236438982e-11
8.496999799913736e-11
9.292173734238992e-11
1.0151959452541712e-10
1.1095059428626937e-10
1.2129756553223165e-10
1.3265701817907908e-10
1.4512379349424207e-10
1.588061857814976e-10
1.738352346114654e-10
1.9031539653577664e-10
2.083961576348253e-10
2.282660988299597e-10
2.500396642944663e-10
2.739400268207325e-10
3.001586600614063e-10
3.289140478292223e-10
3.6041673018221827e-10
3.950355852326731e-10
4.3284684302139955e-10
4.744011930979154e-10
5.198653173505976e-10
5.696171281381074e-10
6.240847896355829e-10
6.836810617162057e-10
7.48761431956538e-10
8.199223837096788e-10
8.976246559202269e-10
9.822487820165722e-10
1.0748862175009402e-9
1.17561192291482e-9
1.2853233193375025e-9
1.4044064931610542e-9
1.534059454156043e-9
1.674671083927297e-9
1.8272138352863267e-9
1.992121946537375e-9
2.1706660634849054e-9
2.363284908067515e-9
2.5709382636499666e-9
2.794369628654251e-9
3.034716485869695e-9
3.292568046555219e-9
3.5682260506251134e-9
3.8633494794561185e-9
4.177164240341535e-9
4.511212156646118e-9
4.865278163348119e-9
5.242189077775154e-9
5.6391568032438785e-9
6.057737314450707e-9
6.49641933429783e-9
6.957153410928426e-9
7.439741574718925e-9
7.943546886487073e-9
8.46457795178917e-9
9.006749380324874e-9
9.567675355155097e-9
1.014652375065988e-8
1.0740897782295022e-8
1.1351751911261138e-8
1.1976413739629262e-8
1.261426132506763e-8
1.326365373755402e-8
1.3922719088717142e-8
1.4590680421632052e-8
1.5264536213037285e-8
1.5943456776488115e-8
1.662503439401885e-8
1.7311857750702187e-8
1.7997633992694112e-8
1.8681613358527282e-8
1.9361924274455186e-8
2.0036977461073473e-8
2.0704940287848606e-8
2.136471760005839e-8
2.2012667251839687e-8
2.264480019429707e-8
2.326156080303405e-8
2.385824841598396e-8
2.4430381252429702e-8
2.4970589175954985e-8
2.5481366586271647e-8
2.5943223632284384e-8
2.635427544431014e-8
2.669781022166196e-8
2.695724664684398e-8
2.7110384420420306e-8
2.7126211865808606e-8
2.696281436697802e-8
2.6561597466174837e-8
2.5844451657118884e-8
2.4700339952887166e-8
2.2984830999385887e-8
2.0516968250813785e-8
1.712636070583365e-8
1.280408951447535e-8
8.081158379297523e-9
4.371000100842289e-9
3.2645705640146872e-9
5.4807577901852035e-9
1.6183219036640743e-8
2.8072459722070787e-7
4.955426634758203e-8
7.661234963513083e-9
2.7181375163882523e-9
1.2390520615729988e-9
5.327380804767773e-10
1.12745319289832e-7
1.3376237479725905e-7
1.4066521444277925e-7
1.4128163511541415e-7
1.396337670897015e-7
1.3606540311910466e-7
1.3204968156605267e-7
1.2804308083542886e-7
1.2394305379073768e-7
1.1918089968227385e-7
1.144479540254322e-7
1.1144713692312518e-7
1.0537842365906172e-7
9.924237172951176e-8
1.0396459071324859e-7
9.76455117336453e-8
9.573158656642544e-8
9.09926112805017e-8
8.965734967008008e-8
8.85176281805046e-8
8.468293061347727e-8
8.440530715552476e-8
7.988554953419606e-8
7.847661399783572e-8
7.755331388260112e-8
7.544229896979422e-8
8.008531796541598e-8
7.137847823372268e-8
6.967672325010008e-8
6.84633412842323e-8
6.810992715432446e-8
6.648806266377579e-8
6.376953061032773e-8
6.29917201007475e-8
6.282885951456824e-8
6.282320216539074e-8
6.362414061608705e-8
6.028397900001819e-8
5.8305500622280284e-8
5.7713701049513705e-8
5.676584667030528e-8
5.6258851226283426e-8
5.5612964625908946e-8
5.4173154722943674e-8
5.35340238218736e-8
5.174473075532359e-8
5.118008263624817e-8
5.115907806400183e-8
5.056934371149809e-8
4.9417383629538476e-8
4.888411400319904e-8
4.799840447255333e-8
4.75589277428219e-8