5.51614405052159e-12
6.07925810412212e-11
1.166365655519946e-10
1.7357395744071765e-10
2.3212861779804674e-10
2.9284421263324985e-10
3.563183105897189e-10
4.2308121809982914e-10
4.937195192768066e-10
5.690885241918086e-10
6.496685825088998e-10
7.361463611881338e-10
8.294263029659241e-10
9.302523123405879e-10
1.0396803333891086e-9
1.158445204711052e-9
1.2869769248735202e-9
1.4283725817586406e-9
1.5814232604618167e-9
1.7492303401748995e-9
1.931884445716273e-9
2.131060459285715e-9
2.349341157118437e-9
2.58717028120248e-9
2.846629182151687e-9
3.1300903495765906e-9
3.4373139575764256e-9
3.774541394450879e-9
4.141477513433124e-9
4.5405467693477795e-9
4.974561332611541e-9
5.443943894955973e-9
5.953927946708442e-9
6.506743245117711e-9
7.103529299175586e-9
7.74677311775935e-9
8.437174873532696e-9
9.187713922126708e-9
9.988063517775964e-9
1.0843263006147877e-8
1.1763169879310068e-8
1.2740816681781613e-8
1.3778010653623832e-8
1.4884478666239922e-8
1.604848274478957e-8
1.727205333281717e-8
1.8571663419774442e-8
1.9926774693937838e-8
2.1346045731723125e-8
2.2823134074100942e-8
2.436639668583421e-8
2.594913601503785e-8
2.7582208920299903e-8
2.926527703685843e-8
3.098806457526763e-8
3.275279820430948e-8
3.4543765522679676e-8
3.6366678734241756e-8
3.8200988694834125e-8
4.005145620338453e-8
4.190829120724641e-8
4.37663556532591e-8
4.561953611382807e-8
4.7460660699807326e-8
4.9285309780844956e-8
5.1054664292393446e-8
5.283984788610787e-8
5.458916291287562e-8
5.629684689800553e-8
5.794569981357327e-8
5.954084905212571e-8
6.109139120297234e-8
6.257462427258488e-8
6.398387485781444e-8
6.532082951990293e-8
6.657225912999566e-8
6.772938127869973e-8
6.87772782595217e-8
6.970014080864749e-8
7.047579220697376e-8
7.107827407234646e-8
7.147479349109587e-8
7.16167715661625e-8
7.143803933970762e-8
7.084876266548661e-8
6.973047143807398e-8
6.79096917705113e-8
6.514992382474007e-8
6.112949247479966e-8
5.540633751521715e-8
4.748404112141376e-8
3.702192797411145e-8
2.4590681520804864e-8
1.2965052065853666e-8
6.777422981682257e-9
8.383147603547007e-9
2.1184025915971848e-8
1.4915590515577533e-7
2.799951907440442e-7
2.2798474474377158e-8
7.320173373219374e-9
3.3791577790528143e-9
1.8300722875258913e-9
1.0624337624526288e-9
5.906606300227225e-10
1.1723955152331486e-7
1.5526692219529207e-7
1.7111977580273677e-7
1.7773222777592892e-7
1.7739149599103876e-7
1.724324740535109e-7
1.7255722693007661e-7
1.6837753943465426e-7
1.6384772085051313e-7
1.5540298230099482e-7
1.5354851912620425e-7
1.4890295786605937e-7
1.3917443140391086e-7
1.421553358655022e-7
1.4778058016271564e-7
1.2817920141081954e-7
1.3373076989297972e-7
1.2692447692383352e-7
1.1992723995172477e-7
1.1780968686656715e-7
1.1495194659847691e-7
1.1465156151175279e-7
1.0630288176496334e-7
1.0894359780949014e-7
1.0191681428480045e-7
1.0284669041896561e-7
1.0248433635252628e-7
1.0995833094403134e-7
9.117825618920765e-8
9.297060875905791e-8
8.436040714891188e-8
9.195736976753141e-8
9.086083098492525e-8
8.600324461461988e-8
8.450812600260415e-8
8.12120359659875e-8
8.297294850917536e-8
8.189245860950245e-8
6.750361208297565e-8
7.800918087020316e-8
7.6655033262489e-8
7.660732418451741e-8
7.667423112350928e-8
7.588402357656785e-8
7.372348178752162e-8
7.303843471584478e-8
6.983146482552245e-8
7.03817074225691e-8
6.959219911958373e-8
6.637538016186925e-8
6.738372713816646e-8
6.568825123863076e-8
6.550183622464366e-8
6.447936283884823e-8
6.321353380528779e-8
6.202133359837428e-8
6.193533794184641e-8
6.0769872983707e-8
6.041780387030424e-8
5.938202700827709e-8
5.883860254045959e-8
5.826770584935284e-8
5.7346068052591427e-8
5.676817662567293e-8
5.6043078801598344e-8
5.546105247412479e-8
5.4573309812631986e-8
5.411472232913264e-8
5.3412256378666566e-8
5.270935674848022e-8
5.201674508318737e-8
5.1444225293910834e-8
5.089834889079017e-8
5.027503107660935e-8
4.9762267328170125e-8
4.919772539035801e-8
4.855442602679318e-8
4.7922544166252515e-8
4.746741158045167e-8
4.6859160095339396e-8
4.631186268952026e-8
4.575052170180809e-8
4.527195378282209e-8
4.4771781952651e-8
4.427738721882154e-8
4.3797611572584106e-8
4.331407939494775e-8
4.28671428348963e-8
4.237488084565806e-8
4.1902884690888324e-8
4.144395644441691e-8
4.0991291369684244e-8
4.054610838902378e-8
4.009731879325554e-8
3.9645554009901405e-8
3.9244771342272205e-8