1.2893685402559762e-14
1.4185018966260788e-13
2.709050987473311e-13
4.0014887945191036e-13
5.296727004583701e-13
6.595709331054931e-13
7.89941042302347e-13
9.208830504005145e-13
1.0525026108096343e-12
1.1849112922763598e-12
1.3182229538984181e-12
1.4525652697080083e-12
1.5880727624779782e-12
1.7248831258291494e-12
1.8631496665286483e-12
2.0030415843681827e-12
2.1447664165801244e-12
2.2884200158889356e-12
2.4343126077778022e-12
2.582631642802166e-12
2.7336284574083025e-12
2.8876455946828277e-12
3.0448070210050167e-12
3.205573208218844e-12
3.3702638067903745e-12
3.5393044049664802e-12
3.71306133751054e-12
3.892005003241133e-12
4.076725608530597e-12
4.267713221186953e-12
4.465540957410647e-12
4.671011049109994e-12
4.884740307422234e-12
5.107482879317765e-12
5.34057186244962e-12
5.584698905023117e-12
5.840538336196217e-12
6.110043194016217e-12
6.393843615650185e-12
6.6937754748346075e-12
7.011387324224189e-12
7.348407255107088e-12
7.706705751252852e-12
8.088280540804268e-12
8.495911947373047e-12
8.93131677890033e-12
9.398111417292613e-12
9.898674893036539e-12
1.0437843430015303e-11
1.1017592025750314e-11
1.1643636253390268e-11
1.2319264409442528e-11
1.304832810196095e-11
1.3839028971334125e-11
1.4696318806219e-11
1.5625969102031027e-11
1.6637163765798128e-11
1.7735784730643017e-11
1.8931075185955604e-11
2.0233874538418576e-11
2.1655212677744145e-11
2.3204802429832506e-11
2.489644305950612e-11
2.6743765669363704e-11
2.876348423939112e-11
3.097125444205042e-11
3.3388985836589775e-11
3.60314165878971e-11
3.892682063591031e-11
4.209803238833388e-11
4.557216881849501e-11
4.9379318568975734e-11
5.3547945910953085e-11
5.8123015677858354e-11
6.313927768094511e-11
6.863583373314295e-11
7.467111463060684e-11
8.128616992829437e-11
8.85280899653978e-11
9.650188089858529e-11
1.0523206286736785e-10
1.1481211166645055e-10
1.2528816138836412e-10
1.3683466854868166e-10
1.4946986842772608e-10
1.6332026273899087e-10
1.7850353797967063e-10
1.9515204691827103e-10
2.1340099724408627e-10
2.333776412766422e-10
2.5527309924751053e-10
2.7922731282493944e-10
3.054668698194518e-10
3.3417688836128565e-10
3.6558570133174636e-10
3.9988031226212334e-10
4.373600834610264e-10
4.782874339792853e-10
5.22985036454961e-10
5.716940682225283e-10
6.247752507220975e-10
6.824863307947451e-10
7.454885538891224e-10
8.137624985185009e-10
8.879920684764732e-10
9.68467992365269e-10
1.0556194450846512e-9
1.149950066265877e-9
1.2518200071042036e-9
1.3618179418096548e-9
1.4803894285267405e-9
1.6078127963825904e-9
1.7447490730908224e-9
1.891517220235696e-9
2.04852630353188e-9
2.2163111554883857e-9
2.3951732919060616e-9
2.5852943955885023e-9
2.7874377138757394e-9
3.0007670621527275e-9
3.2266046566977363e-9
3.4647354176549922e-9
3.7151487469497623e-9
3.977786332738353e-9
4.252690131668674e-9
4.539601710118539e-9
4.838386842476578e-9
5.148500016745531e-9
5.470157009591701e-9
5.802312839031807e-9
6.144880264072765e-9
6.497324261790021e-9
6.8589666264109345e-9
7.229069202113463e-9
7.606876256758293e-9
7.991554625496962e-9
8.382976651231754e-9
8.779501836214219e-9
9.180827687886836e-9
9.58650554194439e-9
9.99648796463308e-9
1.0406009611417373e-8
1.0818042185150705e-8
1.1229149064034138e-8
1.1641180367766495e-8
1.2051635550455475e-8
1.2458825740166306e-8
1.2860883571288807e-8
1.3257302871208951e-8
1.3646395998552569e-8
1.4024539807339541e-8
1.4390825343328505e-8
1.47415067603551e-8
1.5072303129303647e-8
1.53779313648232e-8
1.56523906560484e-8
1.5887014950296613e-8
1.6069453623231522e-8
1.6186474006499382e-8
1.621581406399725e-8
1.613275875043294e-8
1.5896871247100424e-8
1.5457210752018815e-8
1.4743753052684472e-8
1.3662820722627382e-8
1.2106552796506145e-8
9.982473881410368e-9
7.332020205918477e-9
4.567613715875117e-9
2.6066619800366386e-9
2.3297440199253883e-9
4.2508147433076464e-9
1.3365793089630678e-8
4.260509816606588e-7
2.6377885559878703e-8
4.6422490226450655e-9
1.6489946196543847e-9
6.579469659046554e-10
1.0178990194223369e-7
1.201431215233751e-7
1.24683410351249e-7
1.2420208798158362e-7
1.214487684914471e-7
1.1763126704922306e-7
1.1352038133355676e-7
1.0955937929266134e-7
1.0399681006146845e-7
1.0143457538772581e-7
9.767382417654217e-8
9.33736659501033e-8
8.878834140905783e-8
8.03532179386056e-8
8.524258071834855e-8
7.963102655426721e-8
7.90800801727317e-8
7.827779453488161e-8
7.466098366232656e-8
7.249506446771457e-8
6.931167783358209e-8
6.869558001910654e-8
6.540408507891582e-8