3.4812630800426185e-13
3.835856779849755e-12
7.35605210561735e-12
1.0938760287558187e-11
1.4614291743422702e-11
1.8413364044258112e-11
2.2370504293271234e-11
2.6517072174792e-11
3.088960400082501e-11
3.552578761951775e-11
4.0468019102325166e-11
4.575674944808824e-11
5.1440302084584044e-11
5.756586891723362e-11
6.418997782026176e-11
7.137124529218654e-11
7.916669751634442e-11
8.765685074406557e-11
9.691217098957547e-11
1.0700945994596443e-10
1.1804917318590399e-10
1.301184424306155e-10
1.433332444945553e-10
1.5780548457919398e-10
1.7367827347701742e-10
1.910768379985872e-10
2.1017056824804355e-10
2.311009406571467e-10
2.540794218815032e-10
2.793318737136971e-10
3.070036981014262e-10
3.3742328191769716e-10
3.7075683462318447e-10
4.073146191452775e-10
4.4759579392592125e-10
4.917769872510832e-10
5.401746696891875e-10
5.931270156027851e-10
6.514669062333041e-10
7.153865422950821e-10
7.854263516359864e-10
8.62094592990359e-10
9.462287704074103e-10
1.0381670363136206e-9
1.138837627569603e-9
1.2484869479741513e-9
1.369016659147314e-9
1.5006100883124242e-9
1.6438277610550857e-9
1.8002940690235806e-9
1.9709805636064725e-9
2.1564002211114684e-9
2.3583221363532723e-9
2.5773929184649613e-9
2.8154296681086615e-9
3.0729885663988624e-9
3.3510507929851885e-9
3.6536098950398223e-9
3.978992404998585e-9
4.329519073055155e-9
4.7067587330753516e-9
5.110978766114745e-9
5.54466124592856e-9
6.005979922031392e-9
6.502925294533967e-9
7.028534851326252e-9
7.58581263631364e-9
8.179927848917259e-9
8.805618986032689e-9
9.465385893492027e-9
1.0158062833533023e-8
1.0885757516301465e-8
1.1644094825392458e-8
1.2435107883601515e-8
1.3257394182361868e-8
1.4109831124444677e-8
1.4989553218366583e-8
1.5897385938063737e-8
1.6829040266546814e-8
1.7782310582912794e-8
1.87562506512496e-8
1.9747077115869177e-8
2.075215420746081e-8
2.177154165131647e-8
2.2797207107946053e-8
2.3834273353671842e-8
2.4873247612115023e-8
2.59112444839767e-8
2.6963572220633764e-8
2.7981083991253863e-8
2.9008534270365746e-8
3.00236320088786e-8
3.102275928458297e-8
3.2010402695600797e-8
3.2976296752453525e-8
3.3918582889372094e-8
3.483467194052719e-8
3.571978738211545e-8
3.656859502198556e-8
3.737650504244095e-8
3.813481846635497e-8
3.883900665715828e-8
3.947054255682846e-8
4.002371280057498e-8
4.0475579293931894e-8
4.080420701820233e-8
4.097764094789084e-8
4.095268239075325e-8
4.0671779620154114e-8
4.0071996392113854e-8
3.8989858768895006e-8
3.732842547000837e-8
3.4853682856544366e-8
3.125989794182945e-8
2.642405003566303e-8
2.0089276724770872e-8
1.290966013863916e-8
6.8222422887499e-9
4.364318455484129e-9
6.628521818124653e-9
1.84396045903171e-8
2.1077316210471504e-7
9.115778633516814e-8
1.1808453075336268e-8
4.084370398343244e-9
1.9008416205318354e-9
9.872723337967252e-10
5.411531115914691e-8
1.2483561704479418e-7
1.4666343823647092e-7
1.5486329685320355e-7
1.5668952580780538e-7
1.5586421149411503e-7
1.5234434444625246e-7
1.4550470123164406e-7
1.4454864766917934e-7
1.3986689130507127e-7
1.2929523876838796e-7
1.3104709299991412e-7
1.3099316044315907e-7
1.2535157413488993e-7
1.1892070731049863e-7
1.1497628280373767e-7
1.116040198336326e-7
1.194731285971115e-7
1.0243361316419343e-7
1.0204150062280232e-7
9.503209653526805e-8
1.0143605351715245e-7
9.592312191896226e-8
9.019907346908649e-8
9.267396129587058e-8
8.924602904666817e-8
8.615194725632122e-8
8.437599640307574e-8
8.245280356287604e-8
8.170628215620282e-8
7.864893886211628e-8
7.627319421023748e-8
7.648427996658852e-8
7.471263831130584e-8
7.517441822931383e-8
6.437940047913352e-8
6.635011834353369e-8
6.90237988096827e-8
6.368600238310833e-8
6.634713511228905e-8
6.745519189741294e-8
6.496399938560812e-8
6.428197893961442e-8
6.236317185968528e-8
6.239156102313544e-8
6.13362777425315e-8
6.048835830188857e-8
5.98345928705373e-8
5.7793846274055146e-8
5.7166855073621816e-8
5.6638945359571085e-8
5.5698410332425715e-8
5.5461648088935744e-8
5.4493826833578036e-8
5.39006736270409e-8
5.332315567416498e-8
5.2551870832987776e-8
5.1821152350748965e-8
5.1454903404328595e-8
5.04174193860311e-8
4.969870916908511e-8
4.916079180058576e-8
4.876244825532896e-8
4.817110586392525e-8
4.759453557044375e-8
4.6879932466572785e-8
4.6396939191208614e-8
4.5876070903671714e-8
4.540216059616349e-8
4.4777449814138e-8
4.423973979488947e-8
4.369086508702566e-8
4.321780704712302e-8
4.265786944665335e-8