2.6591323251469673e-14
2.926680343036758e-13
5.595647399377651e-13
8.280272340639825e-13
1.0988357359409055e-12
1.3727736413515035e-12
1.6506537317099142e-12
1.933332143341367e-12
2.2216815776025335e-12
2.5167104067366186e-12
2.819386854267161e-12
3.13078852172734e-12
3.452074573654829e-12
3.784532198420733e-12
4.129491877396385e-12
4.488327085720596e-12
4.862905484946949e-12
5.254736361652361e-12
5.66573178102933e-12
6.09798602739256e-12
6.554111156580026e-12
7.0356347417563094e-12
7.546568252126162e-12
8.088982208350624e-12
8.66648214003507e-12
9.282687768746518e-12
9.940991605091577e-12
1.0647076082224695e-11
1.1404303393084253e-11
1.2219754555177376e-11
1.3096140443956071e-11
1.4043728951506336e-11
1.506647554257423e-11
1.617256732219001e-11
1.7371264806907004e-11
1.867165320314115e-11
2.0084788051880727e-11
2.162062724419582e-11
2.3291341255142645e-11
2.5112346306247303e-11
2.7096947834102225e-11
2.926216387116119e-11
3.162660918025907e-11
3.420814372670063e-11
3.703183387907947e-11
4.01197965928882e-11
4.34988670124923e-11
4.719772416789146e-11
5.12458045883739e-11
5.568784569422932e-11
6.054983567538045e-11
6.588204965912336e-11
7.17247805503182e-11
7.813648258601126e-11
8.516537228372847e-11
9.287684757293714e-11
1.013453722755565e-10
1.1062106015666556e-10
1.2081798419688093e-10
1.319661184794155e-10
1.4424988631055534e-10
1.577217158578413e-10
1.7248404056736113e-10
1.8866213852777016e-10
2.064433769350453e-10
2.2594207445927768e-10
2.473153985034598e-10
2.707386949320771e-10
2.9645170157734835e-10
3.246137745197365e-10
3.5544265209217384e-10
3.892540811435182e-10
4.262600959088965e-10
4.667389237908241e-10
5.110627106131089e-10
5.594937812036762e-10
6.12444059529383e-10
6.702483695222242e-10
7.334342242162558e-10
8.02300064600673e-10
8.773169588203118e-10
9.590788604330607e-10
1.047865339531222e-9
1.14481145707972e-9
1.2498764283700367e-9
1.3638753092744131e-9
1.4874272389162195e-9
1.6211538648823959e-9
1.7656240138203713e-9
1.9216311721925172e-9
2.089518022430648e-9
2.2706733549566067e-9
2.4650657119883955e-9
2.6734920007232266e-9
2.8964344921549536e-9
3.1347406603198496e-9
3.3887916301895123e-9
3.658958198049136e-9
3.946017820285282e-9
4.24964385042878e-9
4.570857798409128e-9
4.908345845612286e-9
5.263704067124586e-9
5.635877505576439e-9
6.025866511387004e-9
6.432353752215322e-9
6.8556175416757175e-9
7.294565578895088e-9
7.748544965748965e-9
8.217717225292738e-9
8.701582728383806e-9
9.196686323973165e-9
9.70505607217824e-9
1.0224203735511686e-8
1.0753489835628602e-8
1.1291025504520673e-8
1.1836588853825648e-8
1.2388787271696175e-8
1.2945975006514197e-8
1.3506272347443016e-8
1.407065792680926e-8
1.4636040263753797e-8
1.5201017017753113e-8
1.576462005184115e-8
1.632510498112496e-8
1.6881234977274552e-8
1.743158563728206e-8
1.7974368447438568e-8
1.8505223700775872e-8
1.902416753739366e-8
1.9527578772803535e-8
2.001230177166801e-8
2.0473307924919128e-8
2.0906236494214325e-8
2.1303824714027688e-8
2.165770780808114e-8
2.1955974134086566e-8
2.2185491345344336e-8
2.2324548095590866e-8
2.234847544960231e-8
2.222207367119094e-8
2.1894895778580193e-8
2.1295670748787946e-8
2.0336926756442825e-8
1.8893310840092275e-8
1.6819293152834546e-8
1.397085731780464e-8
1.0370558365233032e-8
6.50462041855938e-9
3.579140568178132e-9
2.8676234877022545e-9
4.990322153950849e-9
1.5109845211599995e-8
3.2545202499698327e-7
3.856435047627575e-8
6.317649644726841e-9
2.251905631651276e-9
1.0018127469033552e-9
7.562132045693803e-8
1.1920166250479011e-7
1.3180969899167547e-7
1.350791502355066e-7
1.34271262809004e-7
1.3145031780669442e-7
1.276628243411202e-7
1.244729862163403e-7
1.1910347754719819e-7
1.1517057645950398e-7
1.1281563797935391e-7
1.077412859858527e-7
1.0325668961512272e-7
9.942529201635286e-8
9.81318811353634e-8
1.0173844571444207e-7
9.076354240858887e-8
9.27852109463107e-8
8.085465487222868e-8
8.281051896717605e-8
8.026678193480672e-8
8.024435655165487e-8
7.656030904247071e-8
7.71643752918876e-8
7.368611779785528e-8
7.083493567820618e-8
7.210411508869561e-8
6.904086471711113e-8
6.68391396199954e-8
6.576047367018165e-8
6.422419191669799e-8
6.201095203049118e-8
5.907998500056981e-8
5.984224180306457e-8
6.041280975870955e-8
5.96072749589269e-8
5.8236955397065404e-8
5.3975633103136305e-8
5.5471662322886974e-8
5.365540290740932e-8
5.416960486016601e-8
5.281546501854419e-8
5.3334537496083674e-8