2.2568539982064882e-8
2.455598089463534e-7
4.5560835867013394e-7
6.431318750807737e-7
8.019441902873349e-7
9.295060692259795e-7
1.0262996459473264e-6
1.0950887567253344e-6
1.139559258584429e-6
1.1639367830785995e-6
1.1720312808474594e-6
1.167460313925252e-6
1.1528928731560934e-6
1.1307182508132382e-6
1.1025191458055365e-6
1.0694456628123545e-6
1.0321163439869265e-6
9.90689819301498e-7
9.44965081749889e-7
8.940701087639832e-7
8.365410211002967e-7
7.69891824167106e-7
6.906465902405814e-7
5.9354635370364e-7
4.7199799337891444e-7
3.2148811883580913e-7
1.5606999733329747e-7
3.915662286231378e-8
1.939085509755602e-8
3.495878673657994e-8
8.004523441089971e-8
3.2853730364959175e-7
0.00045184175897535096
2.949043052209155e-7
7.451212496288993e-8
3.283485531951912e-8
1.8180642310283472e-8
1.1399456020636666e-8
7.725393154304496e-9
5.518945400399347e-9
4.0939476124133654e-9
3.1223107552580166e-9
2.4311549328800304e-9
1.9223188708187555e-9
1.5365776501360614e-9
1.2361944625955373e-9
9.95520535049016e-10
7.944005366955217e-10
5.945723610700473e-10
2.2874691553512576e-7
2.759825081157902e-7
2.9151944024569005e-7
2.9432908577623304e-7
2.9150264542667754e-7
2.8495120623766183e-7
2.7803593931555467e-7
2.7004909318256186e-7
2.615306151314658e-7
2.5316594230537013e-7
2.4478963650613455e-7
2.3772765087014858e-7
2.305417964945606e-7
2.238669259699971e-7
2.1627459479139287e-7
2.1097276241041608e-7
2.0497526056271992e-7
1.9960145073455142e-7
1.942834597306677e-7
1.8887523843028976e-7
1.842860344714994e-7
1.8012925813300307e-7
1.7663364510789323e-7
1.728550203448176e-7
1.6891843573853988e-7
1.6558518527687738e-7
1.6290975645392055e-7
1.5979985178045733e-7
1.563543009667486e-7
1.5433442350759139e-7
1.5127003850002915e-7
1.49083575583097e-7
1.4642321914706203e-7
1.4432255578618206e-7
1.4221786411178868e-7
1.4002221276419123e-7
1.379707059054614e-7
1.360346928697538e-7
1.3405490899591966e-7
1.322126740290005e-7
1.305866683034683e-7
1.2891342362381148e-7
1.2709401016563025e-7
1.2576224064851628e-7
1.2383039041646112e-7
1.2251239659658342e-7
1.2082708610723696e-7
1.188750364967419e-7
1.1740128637334269e-7
1.1627197837200727e-7
1.146807478887963e-7
1.132086983489579e-7
1.1185623521400871e-7
1.1001961306892488e-7
1.0867869926978298e-7
1.0801268257449857e-7
1.0634705805934255e-7
1.0503649810388947e-7
1.0348888426505016e-7
1.0233903535664567e-7
1.0094180401714773e-7
9.959557584803726e-8
9.845165739726052e-8
9.708116241881409e-8
9.605387729594835e-8
9.452245206184663e-8
9.337446048261963e-8
9.215972308633759e-8
9.105509115047615e-8
8.982417138226773e-8
8.847918266510542e-8
8.742108168420638e-8
8.63256371804159e-8
8.516467492958407e-8
8.402891733823228e-8
8.302836654670677e-8
8.183311336962404e-8
8.083530592034431e-8
7.973808180661083e-8
7.864091814496873e-8
7.75920121421188e-8
7.66021238537518e-8
7.555870205012546e-8
7.454564399631058e-8
7.360244160482876e-8
7.268924086335341e-8
7.169756400514745e-8
7.077180385263086e-8
6.98347830579847e-8
6.895254366826177e-8
6.804274784410486e-8
6.714203880803853e-8
6.629286622531083e-8
6.545486642262541e-8
6.46131655826761e-8
6.379606562952498e-8
6.29653440927494e-8
6.21503427315707e-8
6.136714149749401e-8
6.055920201489256e-8
5.978004297311785e-8
5.903843855557785e-8
5.8294680461307964e-8
5.757651514644223e-8
5.686053538765335e-8
5.6151355704572886e-8
5.5427866211214364e-8
5.474660011957651e-8
5.4064276394972564e-8
5.3381049712166805e-8
5.2718064365239346e-8
5.206181468839753e-8
5.1411466327358096e-8
5.0780273673118045e-8
5.017473599834943e-8
4.9556384130908076e-8
4.895723800453803e-8
4.8363007407833864e-8
4.7790937796659703e-8
4.7213056380544764e-8
4.664367058560535e-8
4.608418686268008e-8
4.552856747459852e-8
4.498725829932334e-8
4.445428086362288e-8
4.3925748604990124e-8
4.340291740191575e-8
4.288707735487701e-8
4.238013310793442e-8
4.1882704026425837e-8
4.139876356252273e-8
4.091796345280277e-8
4.044365265948447e-8
3.9976127408075736e-8
3.951219348781964e-8
3.9053160343386314e-8
3.861461212982315e-8
3.816790103176474e-8
3.772815307060516e-8
3.72963022142646e-8
3.688228789752146e-8
3.6459915996050725e-8
3.605389830213398e-8
3.56404181223515e-8
3.524893553185402e-8
3.48521816846066e-8
3.445974837955899e-8
3.4087620514529626e-8
3.370485117356135e-8
3.333036943022162e-8
3.29683240997496e-8
3.260380777907532e-8