2.795726211111833e-14
3.077126658720828e-13
5.883807093446035e-13
8.708099071598749e-13
1.1558644293608794e-12
1.444389035324533e-12
1.7373362048068907e-12
2.0356450542815718e-12
2.34032957454513e-12
2.65244978922137e-12
2.973113131858207e-12
3.3035479580271986e-12
3.645056500468016e-12
3.999032604179125e-12
4.366878677197592e-12
4.7506126608691165e-12
5.151750235830557e-12
5.571906534555601e-12
6.0138288897031126e-12
6.479452562239291e-12
6.97183250993997e-12
7.492845680097784e-12
8.046132016052195e-12
8.634769070144966e-12
9.26317492976503e-12
9.93454446787191e-12
1.0654301871847005e-11
1.1425538912784435e-11
1.2256029398188783e-11
1.3149091964549529e-11
1.4113458045794132e-11
1.515466621435535e-11
1.6281160353667687e-11
1.7502198480738793e-11
1.8826401269272103e-11
2.0263227881652296e-11
2.1827513904505427e-11
2.3528505025198013e-11
2.5381255626256798e-11
2.7401558055998885e-11
2.960499959834421e-11
3.201179464371795e-11
3.4640646093667245e-11
3.751426092388786e-11
4.0656025953334746e-11
4.409578985072249e-11
4.7860681535402334e-11
5.1980642958670005e-11
5.6500040974589855e-11
6.14506075418737e-11
6.687922791081103e-11
7.282816163426215e-11
7.935729869540133e-11
8.650736989467839e-11
9.435804385018771e-11
1.0297716712796999e-10
1.124222106938183e-10
1.2280076978491942e-10
1.3416325815316724e-10
1.46665897164007e-10
1.6037110269134762e-10
1.753977478937229e-10
1.9187887238109297e-10
2.0997467632612693e-10
2.2983678012927213e-10
2.5160394041124537e-10
2.754684370657015e-10
3.0162765485592925e-10
3.303225167738947e-10
3.6172794210237835e-10
3.9614755914814936e-10
4.3381625595390957e-10
4.750617544358098e-10
5.201871607862745e-10
5.694552212902994e-10
6.234475081240507e-10
6.82330503465212e-10
7.466178174411619e-10
8.16776770052015e-10
8.932748291632975e-10
9.765015451196995e-10
1.0671391317455955e-9
1.1656454703263783e-9
1.272756047181864e-9
1.3887374840488008e-9
1.514647902196577e-9
1.6509190786737546e-9
1.7981111917209768e-9
1.9567670368296807e-9
2.1283162216392462e-9
2.3125691913892096e-9
2.510671228449589e-9
2.7229518937553528e-9
2.9501714440682845e-9
3.1929826113884228e-9
3.4519053063423594e-9
3.726935077548821e-9
4.019497282580174e-9
4.329246415426165e-9
4.656064655747805e-9
4.999876160468999e-9
5.362156651805267e-9
5.7414074804457224e-9
6.138607407510839e-9
6.553162196297033e-9
6.983975853102524e-9
7.430989795791738e-9
7.894163176060713e-9
8.371614383820114e-9
8.863771097631051e-9
9.3690638866314e-9
9.886120366893225e-9
1.0415195927766632e-8
1.0953016798024187e-8
1.1501072842339643e-8
1.2056785921956435e-8
1.2618442134426855e-8
1.3185150341014882e-8
1.375546468097702e-8
1.4329869355310161e-8
1.4904635298155643e-8
1.547950659083752e-8
1.6052409341672086e-8
1.6622115410800718e-8
1.718787492135728e-8
1.774697372603809e-8
1.8297490532786687e-8
1.88365162172444e-8
1.936407776658831e-8
1.9874861120949945e-8
2.0366490793782043e-8
2.0834832018085514e-8
2.127286208493684e-8
2.1677409338468447e-8
2.2034694499070062e-8
2.233737845872114e-8
2.256887600337008e-8
2.2709081912397574e-8
2.2733796850087846e-8
2.260424651852245e-8
2.226985262990717e-8
2.166340765267396e-8
2.0689049935838085e-8
1.922368667993543e-8
1.711571356770019e-8
1.4223567887680996e-8
1.0564503729686152e-8
6.629491927962872e-9
3.6417853689982065e-9
2.900141075460913e-9
5.032201451288249e-9
1.52040727576154e-8
3.211129927047671e-7
3.93969459939336e-8
6.4244057071051105e-9
2.2894548125530383e-9
1.0213429939681957e-9
7.291947091090232e-8
1.1884876141554375e-7
1.3210760667460105e-7
1.3567319001540912e-7
1.3490325726535227e-7
1.3234834724273852e-7
1.2858470493658415e-7
1.2463435497247264e-7
1.2054848845203192e-7
1.1601015287241027e-7
1.1176578845068007e-7
1.0751570728329936e-7
1.0945932935276862e-7
9.808411283572356e-8
9.977498684460974e-8
9.644746843478484e-8
9.106408579871662e-8
9.014728718594859e-8
9.118984286194726e-8
8.37460392018634e-8
8.04281536316896e-8
7.965189893432594e-8
7.891710664496755e-8
7.554592600093323e-8
7.571824266384374e-8
7.223025190746318e-8
7.156332666831438e-8
6.906446341392627e-8
7.144523072278378e-8
6.528518934908204e-8
6.418729984183132e-8
6.338728802269695e-8
6.256701163644926e-8
6.560687737560952e-8
5.906443271206989e-8
5.961091211298619e-8
5.7816494722943876e-8
5.7201833240071956e-8
5.50456773148118e-8
5.461706718620401e-8
5.539007147261542e-8
5.3373626900671704e-8
5.269437041055684e-8
5.1654839325100814e-8