1.1452506899612102e-11
1.262158034888985e-10
2.4214015510826644e-10
3.603364504983095e-10
4.818100788560819e-10
6.077682564589115e-10
7.393282906632705e-10
8.776230480523027e-10
1.0239535270620941e-9
1.1798740166196345e-9
1.3462305746315438e-9
1.5241691447403399e-9
1.7174245685451572e-9
1.9237963782401103e-9
2.149915128514179e-9
2.393124002829791e-9
2.6585093042954496e-9
2.944645373939966e-9
3.2573716696491725e-9
3.5966938333064186e-9
3.966654111481266e-9
4.368933475009728e-9
4.806529825668875e-9
5.281013344060334e-9
5.797453324131094e-9
6.3580904465186835e-9
6.964546113020279e-9
7.621067171065708e-9
8.331430119754668e-9
9.099688274803874e-9
9.927262966670534e-9
1.0812898186194183e-8
1.1771497253473444e-8
1.2793092385020006e-8
1.389094093252451e-8
1.5055752858974037e-8
1.6296636245909642e-8
1.7612668845995627e-8
1.9002794206604358e-8
2.047847887002122e-8
2.2014991208190457e-8
2.364839414675972e-8
2.5346125995351306e-8
2.711583897026494e-8
2.8950494339227183e-8
3.084793346982887e-8
3.280817518304282e-8
3.481965180484649e-8
3.6878309043771854e-8
3.898013148206827e-8
4.111882411981324e-8
4.327620596441539e-8
4.5465209392664755e-8
4.7661636875821e-8
4.9862158646877e-8
5.205825410018947e-8
5.4237969237261756e-8
5.6409564337826075e-8
5.855455005415854e-8
6.066233764137514e-8
6.272879504688182e-8
6.47311507220309e-8
6.671288868403698e-8
6.862383356173734e-8
7.046966060730827e-8
7.223240308809626e-8
7.392409609733237e-8
7.552526027398762e-8
7.703295327897153e-8
7.846214676309629e-8
7.975070323779472e-8
8.088354321879492e-8
8.189297454589184e-8
8.273107091795127e-8
8.324350778896243e-8
8.376102962948783e-8
8.386295409899878e-8
8.360092854678747e-8
8.287175013122787e-8
8.154191759246845e-8
7.94140147762682e-8
7.623210356012251e-8
7.160905030276647e-8
6.507302624396491e-8
5.601869491251724e-8
4.400234046651337e-8
2.954412768031505e-8
1.5656791878979035e-8
7.779784645719487e-9
8.915907845611772e-9
2.1839170320059726e-8
1.3606830594928302e-7
4.3413423858774224e-7
2.8076556220072952e-8
8.725550995898517e-9
3.994001235526007e-9
2.1681310185319985e-9
1.2779789671965661e-9
7.626649004251385e-10
8.291593798305822e-8
1.461691495386131e-7
1.7072692170172118e-7
1.8123576810509201e-7
1.8445614516861807e-7
1.837857557281659e-7
1.8069725125565895e-7
1.7667928193412011e-7
1.6912951896137449e-7
1.6238281017059112e-7
1.5909209495235282e-7
1.603986671131914e-7
1.4967570258319553e-7
1.43095593613824e-7
1.4118615607399006e-7
1.354352955600159e-7
1.4267198309582189e-7
1.3281196773513436e-7
1.3121993212968614e-7
1.2105013483324317e-7
1.2317949309963742e-7
1.204387046566241e-7
1.1867161494868223e-7
1.176447078998799e-7
1.0947693126406814e-7
1.0694319454157482e-7
1.0549185347243241e-7
1.0158649197685602e-7
1.0514679597527904e-7
9.972608031403953e-8
9.606133560465548e-8
9.33652993069322e-8
9.787182766714937e-8
8.189008076298399e-8
9.026196309435149e-8
9.106445453218107e-8
8.769745927574265e-8
8.683966965870635e-8
8.412669654322774e-8
8.484689377792153e-8
8.265813287727055e-8
8.126575769133506e-8
7.887782450467502e-8
7.89949201293191e-8
7.581993409650019e-8
7.531490134513964e-8
7.487987068331455e-8
7.391786441264347e-8
7.304307182571205e-8
7.19261825006194e-8
7.088463648191825e-8
7.003957682852011e-8
6.83394047164828e-8
6.788302521560583e-8
6.707863823715484e-8
6.661825603707025e-8
6.529056131035636e-8
6.471421944942597e-8
6.343025717432257e-8
6.269990170317943e-8
6.17938405911784e-8
6.12441087520564e-8
6.012290850638193e-8
5.960750175460473e-8
5.915049929775127e-8
5.7972067708110587e-8
5.763279472107009e-8
5.6950754999372146e-8
5.618752182636413e-8
5.539300881406563e-8
5.479085881671744e-8
5.413982598135288e-8
5.342116496115924e-8
5.2919847648424216e-8
5.2193101961574895e-8
5.167338352952172e-8
5.104833652030166e-8
5.0449677091682977e-8
4.9818656819333184e-8
4.926625486454734e-8
4.869573329402237e-8
4.8147051163120024e-8
4.7552818397719156e-8
4.700428115854093e-8
4.640949128589245e-8
4.59224513355829e-8
4.540520438477075e-8
4.492440344715962e-8
4.442262485639351e-8
4.392881356823182e-8
4.346176084979407e-8
4.2968249531816255e-8
4.2500969317782924e-8
4.202866868896067e-8
4.156657315160247e-8
4.1107134652158064e-8
4.065749136049571e-8
4.020043963726793e-8
3.975641855603994e-8
3.931390712756499e-8
3.889173332331153e-8
3.846714996741284e-8