8.583219132036297e-9	8.69721906311418e-9	9.012773737583654e-9	9.56416516884362e-9	1.0416901317921468e-8	1.1686625926347331e-8	1.3578740568734484e-8	1.6475960304107524e-8	2.115136016928219e-8	2.9363805189667083e-8	4.588996627680074e-8	8.800318264207552e-8	2.652214785369859e-7	7.0023429748716605e-6	5.706840922247718e-7	9.974711595834149e-8	3.765441260826246e-8	1.8822346445902455e-8	1.0902550547624408e-8	6.91830613097668e-9	4.67182675383331e-9	3.3007329777643215e-9	2.4136230268886125e-9	1.8133362190394096e-9	1.392434652829943e-9	1.0886580859568791e-9	8.640953808010634e-10	6.947019698556619e-10	5.646984401552492e-10	4.634244874858892e-10	3.8349590371690564e-10	3.1968545165985583e-10	2.6822122702761935e-10	2.2633515400253557e-10	1.919649149601917e-10	1.6355305066081904e-10	1.399088954145651e-10	1.2011203326508478e-10	1.0344371848491223e-10	8.933745803150572e-11	7.734293250123199e-11	6.709933638510121e-11	5.83154582314427e-11	5.0754642142372876e-11	4.4223323839075924e-11	3.8562210656633945e-11	3.3639434315541786e-11	2.9344807033194036e-11	2.55874694750785e-11	2.2288695767385666e-11	1.938289441493319e-11	1.681335783560004e-11	1.4530494655177147e-11	1.2489588733582302e-11	1.064777902077841e-11	8.958131626918656e-12	7.351054936720894e-12	5.6003361922177626e-12	5.882586222890712e-8	8.64941987610808e-8	1.0382891457844272e-7	1.1600800035534073e-7	1.2528409451355382e-7	1.3227247309196412e-7	1.3763840030436906e-7	1.422137245139594e-7	1.4507868273667592e-7	1.4764657883814885e-7	1.4923832429196248e-7	1.507809928082826e-7	1.512018920427044e-7
1.0301812059676295e-8	8.58323668124075e-9	8.89333879552545e-9	9.43358295620045e-9	1.0268273571278846e-8	1.1509667673765993e-8	1.3356585704709102e-8	1.617825250384518e-8	2.0717157021508397e-8	2.8651893691909004e-8	4.449753280860314e-8	8.431472248318801e-8	2.4623766755515346e-7	4.8963398828844e-6	6.409306545978913e-7	1.046674437347188e-7	3.8790768159878844e-8	1.9225488442347063e-8	1.1081555685595781e-8	7.009622895020489e-9	4.723035974756382e-9	3.331500975103615e-9	2.433106975140606e-9	1.8261970639589796e-9	1.4012140584425569e-9	1.0948205375067127e-9	8.685236239081647e-10	6.979485019628144e-10	5.671202743125582e-10	4.6525873246537535e-10	3.8490387160463987e-10	3.207791051424357e-10	2.690798196389188e-10	2.2701569319255007e-10	1.9250901884681763e-10	1.6399151185775142e-10	1.4026477543756716e-10	1.2040279607290308e-10	1.0368272411307379e-10	8.953502291474619e-11	7.750709187998382e-11	6.723639900331803e-11	5.843041434459007e-11	5.0851466693409e-11	4.430520389358857e-11	3.863171756578213e-11	3.369865518065306e-11	2.939582493936373e-11	2.5630926890237186e-11	2.2326127920723685e-11	1.9415267038702473e-11	1.6841483992110875e-11	1.455507153001491e-11	1.2511234140910861e-11	1.0667079850916493e-11	8.97574460781976e-12	7.368081551634563e-12	5.622741989874571e-12	5.8478747379684774e-8	8.634280845721905e-8	1.0365864848480464e-7	1.1588490968623496e-7	1.252167424374274e-7	1.320924999581981e-7	1.3772314353469872e-7	1.4202820415145916e-7	1.4523610043448972e-7	1.478007928827057e-7	1.4952877000089688e-7	1.501334702083761e-7	1.5204021288028267e-7
1.1625640725595586e-8	2.4497510130021134e-8	8.583240514996386e-9	9.097195753418669e-9	9.886675423384995e-9	1.1056730334543743e-8	1.279005834101537e-8	1.5422746739584036e-8	1.9622772425571157e-8	2.6875785607129916e-8	4.108093044039228e-8	7.554387213658587e-8	2.0455617117749836e-7	2.372536752543473e-6	9.06786233121819e-7	1.197115324301787e-7	4.208335808302668e-8	2.036542267718301e-8	1.1580735215057789e-8	7.2620090193872924e-9	4.863702047078505e-9	3.4156344306518926e-9	2.4862008904682806e-9	1.8611480004500161e-9	1.4250212141283026e-9	1.1115014704987565e-9	8.804924865301576e-10	7.067123906334293e-10	5.736509374639711e-10	4.702003631151934e-10	3.886939327308319e-10	3.2372101560662616e-10	2.713879970511154e-10	2.2884420545623612e-10	1.939702369224841e-10	1.6516850756020234e-10	1.4121971698316948e-10	1.2118273017598748e-10	1.0432361978492411e-10	9.006463951114662e-11	7.794703960973686e-11	6.76032855334221e-11	5.873835153210626e-11	5.111077980586405e-11	4.452445027367753e-11	3.881779902131741e-11	3.385717196067564e-11	2.95313485537809e-11	2.5747210392334304e-11	2.2426275385283897e-11	1.9501863349377846e-11	1.691670830543417e-11	1.462079039132523e-11	1.2569100441967562e-11	1.0718659500707977e-11	9.022781168064091e-12	7.413464785587302e-12	5.681418989841032e-12	5.732415645625105e-8	8.573686124782391e-8	1.033982206548868e-7	1.1573032507388187e-7	1.250425366584475e-7	1.318002947808236e-7	1.373833567928468e-7	1.418640372852631e-7	1.450031113141695e-7	1.4751810837211346e-7	1.4897076309118908e-7	1.5059899227853838e-7	1.515115933768628e-7
1.2594015960187424e-8	4.556777857670205e-8	2.6727906041201148e-8	8.583239658223313e-9	9.308725699098947e-9	1.0374905176308275e-8	1.1943096074384214e-8	1.4303323920990186e-8	1.8021288523119633e-8	2.4324096397718313e-8	3.631565202134104e-8	6.396199538212046e-8	1.5636007541366144e-7	1.063806539318993e-6	1.8911957648502746e-6	1.5206961314747768e-7	4.83953531272735e-8	2.244399524557931e-8	1.2465892243661538e-8	7.701680374502848e-9	5.105771987411937e-9	3.559135383543841e-9	2.576150381024569e-9	1.9200485097425495e-9	1.4649723708454586e-9	1.1396019165581227e-9	9.004508036315465e-10	7.212910249100874e-10	5.844922515962571e-10	4.783892441068734e-10	3.9496486130657876e-10	3.2858206772687204e-10	2.751973833550481e-10	2.318587896189036e-10	1.9637702613405594e-10	1.6710552668518453e-10	1.4279011018218134e-10	1.2246403009264448e-10	1.0537619931130783e-10	9.0933970019541e-11	7.86688135716068e-11	6.820583996110511e-11	5.924309300941696e-11	5.153565071093496e-11	4.488353997300938e-11	3.9122463763525856e-11	3.411662081586194e-11	2.975309303688798e-11	2.5937417934646094e-11	2.2590040404182116e-11	1.9643429054496098e-11	1.703964407937675e-11	1.472815252853952e-11	1.2663588404915338e-11	1.08028217744929e-11	9.099430339074975e-12	7.487159246863447e-12	5.7738760263037786e-12	5.5577800346027007e-8	8.4764399927077e-8	1.0270772714651011e-7	1.1537884288742846e-7	1.2472321938187146e-7	1.3179779383448309e-7	1.3739066257283023e-7	1.4160847113700554e-7	1.4501715337260885e-7	1.4754372024407787e-7	1.495301598755397e-7	1.5076265201375335e-7	1.516132839389134e-7
1.3187874331363412e-8	6.158294627273319e-8	6.480342251868642e-8	2.4477162807898195e-8	8.583238378825662e-9	9.52812750850907e-9	1.0896719723598205e-8	1.2937544226283212e-8	1.6109358675344815e-8	2.1352535113806013e-8	3.097983537538545e-8	5.187320782700846e-8	1.1347815330405116e-7	5.012358067001475e-7	0.00001269737721902884	2.2379833626673296e-7	5.975465935273161e-8	2.58847907307143e-8	1.3866755664889198e-8	8.378314993278041e-9	5.471286336846664e-9	3.772859928120502e-9	2.7087385513047912e-9	2.006173257391714e-9	1.5230149474196554e-9	1.1797138003174968e-9	9.29170696992528e-10	7.421932607164839e-10	5.999879759289329e-10	4.900626694502064e-10	4.038836008745096e-10	3.3548069969865855e-10	2.805947401111999e-10	2.3612332629937236e-10	1.9977700097690843e-10	1.6983845758159176e-10	1.4500328197458972e-10	1.2426896439215126e-10	1.0685674450139278e-10	9.215573658986945e-11	7.968242748855995e-11	6.905094350892549e-11	5.995096636334728e-11	5.213115494671816e-11	4.538656585105272e-11	3.9549028481365986e-11	3.447970144222989e-11	3.0063267768925684e-11	2.6203360222501583e-11	2.2818910914426773e-11	1.9841185092024617e-11	1.7211293904437822e-11	1.4877976207192422e-11	1.2795355678541319e-11	1.0920071169303439e-11	9.20601667834185e-12	7.58913362759051e-12	5.897091143311015e-12	5.300011501199262e-8	8.339434357064623e-8	1.0168777428170278e-7	1.1468791561707111e-7	1.2416671566508087e-7	1.316621423500281e-7	1.3711975202841743e-7	1.4120523122739551e-7	1.4472597225201996e-7	1.4700578024685024e-7	1.497698069285847e-7	1.5124423630545502e-7	1.493764118414147e-7
1.3419810279239076e-8	7.292800725849974e-8	9.695954395572906e-8	7.117797789128981e-8	2.1309416270401953e-8	8.583236762944147e-9	9.755698687097248e-9	1.1470963371555506e-8	1.4079612212128562e-8	1.8288773849833165e-8	2.5721012271538162e-8	4.08496424368247e-8	8.02807988177165e-8	2.55743559873029e-7	0.000011973202039461335	4.2203231870617155e-7	8.112690580640908e-8	3.1552417594939796e-8	1.6023596594530836e-8	9.378517225082789e-9	5.997113178171052e-9	4.07443322637312e-9	2.893145052020533e-9	2.1246147557912325e-9	1.6021341818912915e-9	1.2342839755111383e-9	9.678148994716937e-10	7.701792640212392e-10	6.206481511549127e-10	5.055706559362876e-10	4.1569514833368475e-10	3.445944529117684e-10	2.877063321574385e-10	2.417304592345849e-10	2.0423900175135785e-10	1.7341904780428049e-10	1.478985376543879e-10	1.2662640956878383e-10	1.0878857453717228e-10	9.374812566868748e-11	8.100217301626689e-11	7.015025585342443e-11	6.087097815270746e-11	5.2904506486256265e-11	4.6039338462844184e-11	4.0102196876521196e-11	3.4950238901805314e-11	3.0464993192385044e-11	2.654759368714366e-11	2.3114986688957437e-11	2.0096859383642613e-11	1.7433077709371773e-11	1.5071422212928917e-11	1.2965337058115498e-11	1.1071129111188121e-11	9.343018058210915e-12	7.719416121477724e-12	6.04830124987433e-12	4.9414567742237734e-8	8.164573436705007e-8	1.0070639537237513e-7	1.1363899779634542e-7	1.2357854402080306e-7	1.3126455629329255e-7	1.3664045948672804e-7	1.4101766361309054e-7	1.4440898206070489e-7	1.4679234225212222e-7	1.4934049686353501e-7	1.5045341296063808e-7	1.5229986779307624e-7
1.3329357516787896e-8	8.020609646522501e-8	1.1989136498471243e-7	1.1594031058780251e-7	7.029368781739101e-8	1.834337307607346e-8	8.583234841887603e-9	9.991798059429229e-9	1.2087322367000661e-8	1.5375324182191408e-8	2.095212920861727e-8	3.1608065333492944e-8	5.6404363110192865e-8	1.409509642143861e-7	1.0399852820085774e-6	1.4115254234907596e-6	1.269400409745935e-7	4.133923500051632e-8	1.9392943178793583e-8	1.0853379092105932e-8	6.743999876020827e-9	4.49173190430191e-9	3.143450122112468e-9	2.283067037002569e-9	1.7067602763330443e-9	1.3057605140213833e-9	1.0180446701915385e-9	8.063235329172689e-10	6.471871756435357e-10	5.25399675427731e-10	4.3073771211006473e-10	3.5615978943515934e-10	2.967045338651887e-10	2.4880608250090257e-10	2.0985619325633307e-10	1.779170552804454e-10	1.5152868641393446e-10	1.2957716358987266e-10	1.1120284112436966e-10	9.573537667277682e-11	8.264705174144335e-11	7.151878086777018e-11	6.20150523457496e-11	5.386524138333747e-11	4.684952685769879e-11	4.078816781167627e-11	3.553326717791829e-11	3.096237514323571e-11	2.697347865260611e-11	2.348102540608641e-11	2.041271849514395e-11	1.7706857424089045e-11	1.5310013244052497e-11	1.3174761400466401e-11	1.1256950594706526e-11	9.511086243799955e-12	7.878157436077982e-12	6.225417030406667e-12	4.457876173644942e-8	7.922972531759396e-8	9.898134187121603e-8	1.128230167957127e-7	1.228230114718166e-7	1.301916554210708e-7	1.3621220254929543e-7	1.4098503554166935e-7	1.4435854825296094e-7	1.4701760552137538e-7	1.4896369490403888e-7	1.5051913150353324e-7	1.5118064308995742e-7
1.2973857434806308e-8	8.403166035171534e-8	1.3439531703394664e-7	1.4934421271492312e-7	1.229433735558959e-7	6.586674077543422e-8	1.5856316152686548e-8	8.58323263233634e-9	1.0236815587771794e-8	1.2755994259990041e-8	1.6862517679457244e-8	2.4254344230435664e-8	3.981120110539061e-8	8.303109467118584e-8	3.108252597177827e-7	0.0019973942972954474	2.553004479315223e-7	5.999702928926001e-8	2.4908076961474363e-8	1.3077538903726141e-8	7.814241598185773e-9	5.06924237627066e-9	3.481246175965617e-9	2.492862447149678e-9	1.8432532202318547e-9	1.397918964059363e-9	1.0821866590642132e-9	8.521106460900662e-10	6.805807984291192e-10	5.50207466188259e-10	4.4946466567169016e-10	3.7049636136716896e-10	3.078171866695268e-10	2.575156331915068e-10	2.1675036894441693e-10	1.8342327986175256e-10	1.5596218313627862e-10	1.3317336989770843e-10	1.1413964125823056e-10	9.814858636574711e-11	8.464137840332969e-11	7.317566868522042e-11	6.339837470322014e-11	5.5025476830438724e-11	4.7826854515431036e-11	4.1614787605394985e-11	3.6235148445836314e-11	3.1560594866585157e-11	2.748524447481014e-11	2.3920498624513585e-11	2.07916134947975e-11	1.8034974372190508e-11	1.559566378127947e-11	1.342517762442902e-11	1.1478753687596745e-11	9.711087962823903e-12	8.065687147714587e-12	6.427146430656177e-12	3.799428224949264e-8	7.64637464703486e-8	9.730235524245173e-8	1.1137790535426868e-7	1.2179284978821675e-7	1.2983144607629244e-7	1.357239807688727e-7	1.404444403050001e-7	1.4409295128246024e-7	1.4678342673673754e-7	1.480313063163504e-7	1.501227537706478e-7	1.5141063770003876e-7
1.2416592942468315e-8	8.50439897577763e-8	1.419496447954054e-7	1.7096333579046162e-7	1.6433495133418912e-7	1.2235010993615503e-7	5.998973398995638e-8	1.3854141366950915e-8	8.583230144697153e-9	1.0491186412011104e-8	1.348301317943411e-8	1.858084806415479e-8	2.8417823612647337e-8	5.173054728761599e-8	1.3447896518668447e-7	1.1830442322221645e-6	9.434368923438667e-7	1.0248883278275103e-7	3.4714670195082736e-8	1.658700615569836e-8	9.388176915529713e-9	5.8801191969360745e-9	3.940286143427845e-9	2.7711278259128296e-9	2.0209460181708057e-9	1.5161366219680115e-9	1.1634885080185253e-9	9.095785578382956e-10	7.221497080044261e-10	5.808738839068542e-10	4.724762180297339e-10	3.8802221356682016e-10	3.213408455969607e-10	2.6807293886407955e-10	2.2507797097909602e-10	1.9005368955262676e-10	1.6128602042957254e-10	1.374809939200549e-10	1.176494854890628e-10	1.010267884888316e-10	8.701556756623489e-11	7.51448006156438e-11	6.503982953378147e-11	5.640024437007205e-11	4.898335943446052e-11	4.2591747341767944e-11	3.7063714781159144e-11	3.226601807811581e-11	2.8088109055974657e-11	2.44376623181244e-11	2.1237035650515164e-11	1.8420294089970856e-11	1.593056779266751e-11	1.3718494005310259e-11	1.1738043438628177e-11	9.944118669888289e-12	8.282560322403456e-12	6.652950965013204e-12	2.802933924697233e-8	7.292190681463282e-8	9.51185944847612e-8	1.0984868445736657e-7	1.2074657171931046e-7	1.2883461773886844e-7	1.350468542978859e-7	1.3968753952720198e-7	1.434069029413492e-7	1.4627004415294882e-7	1.4852330436907314e-7	1.4989869616793619e-7	1.512806106162626e-7
1.1720467538815806e-8	8.387500540163669e-8	1.4407999174029782e-7	1.8261053418129628e-7	1.9206181613484342e-7	1.6903779947526708e-7	1.1732825329318798e-7	5.377181415198571e-8	1.2265678932317142e-8	8.58322738525159e-9	1.0755356361817151e-8	1.4275303795645056e-8	2.058084891334879e-8	3.377122126391896e-8	7.001173106204971e-8	2.550006807018333e-7	0.0005885547943489725	2.396061328014079e-7	5.4714116705778775e-8	2.2542756533885046e-8	1.1806096798885612e-8	7.050444576604297e-9	4.575123631411543e-9	3.1442249420919247e-9	2.253677270684244e-9	1.6681617300718985e-9	1.266517702744232e-9	9.815371740463873e-10	7.736844192287988e-10	6.18574581053705e-10	5.005644914706622e-10	4.0928315393101836e-10	3.376590676137412e-10	2.807522701472819e-10	2.3503818916441776e-10	1.9795496627938683e-10	1.67609585427029e-10	1.4258254480772122e-10	1.2179526401674978e-10	1.0441837088710759e-10	8.980717555600948e-11	7.745555917329613e-11	6.696257444187425e-11	5.800789749895021e-11	5.0333694546227963e-11	4.3730814943649076e-11	3.802850022640535e-11	3.3086379379605464e-11	2.8788336433881732e-11	2.5037657365693065e-11	2.175320110645934e-11	1.8866277693914014e-11	1.6318025699758485e-11	1.405701238602888e-11	1.2036659012760486e-11	1.021156918559484e-11	8.529608182085766e-12	6.902941735997908e-12	3.807731621709323e-9	6.875280966972137e-8	9.244050528882977e-8	1.0811321958397801e-7	1.1952358416940027e-7	1.2795461264313235e-7	1.344787866637442e-7	1.3961269495305955e-7	1.4339722838192814e-7	1.4621370290880036e-7	1.485933773515066e-7	1.4995280323617943e-7	1.511021937029572e-7
1.0940521200182994e-8	8.110812646666145e-8	1.4217751643853814e-7	1.8650317231443086e-7	2.0769908539244445e-7	2.0145030324487482e-7	1.6696867788155283e-7	1.0995776431126672e-7	4.777071116787938e-8	1.1008649178264572e-8	8.58322435610049e-9	1.102986518655581e-8	1.514094261385149e-8	2.2927679441910223e-8	4.0816592266243846e-8	1.0015886634575622e-7	6.604005325526298e-7	1.4107000714818862e-6	1.0667042674308485e-7	3.387056944312402e-8	1.5773755406971446e-8	8.812067928866544e-9	5.4781537150816595e-9	3.6542034766117733e-9	2.562535425465238e-9	1.8653847748948673e-9	1.3977988967047057e-9	1.0719031547773055e-9	8.376312319670078e-10	6.648888140310184e-10	5.347785105352172e-10	4.3499296612331286e-10	3.5726796812136793e-10	2.9590497087928027e-10	2.4688401237572616e-10	2.0731201001417732e-10	1.7506982724789973e-10	1.4858068821609067e-10	1.2665479016722964e-10	1.0838288836186293e-10	9.306218039942975e-11	8.014376272975723e-11	6.919473286686434e-11	5.987074310984128e-11	5.189561779748911e-11	4.5046209469760114e-11	3.914090880035682e-11	3.403091026816133e-11	2.959345763730734e-11	2.5726619650571575e-11	2.234512737351914e-11	1.9377032603468253e-11	1.6760931887667975e-11	1.444346907899601e-11	1.2376789683554477e-11	1.0515122433435348e-11	8.807975427298253e-12	7.177787799614834e-12	5.321708598587064e-12	6.336262923380202e-8	8.930155811908075e-8	1.059202419465039e-7	1.1785442369290633e-7	1.2656219884436492e-7	1.3336874931140036e-7	1.384520949251898e-7	1.4234059649652508e-7	1.4566222321866194e-7	1.4801703825091488e-7	1.500191515462101e-7	1.505010757891924e-7
1.0122475876335629e-8	7.7249535692179e-8	1.3743117760518232e-7	1.8470291262464808e-7	2.138024564489435e-7	2.205715947446047e-7	2.0262364783749175e-7	1.6071326892466273e-7	1.0154321006140116e-7	4.2242714858332934e-8	1.0010508725591858e-8	8.583221053510253e-9	1.1315226428486137e-8	1.6089230061852592e-8	2.5706663952135834e-8	5.035236361805125e-8	1.5523939489570926e-7	4.381992424482346e-6	3.345495121645256e-7	5.98909651232144e-8	2.2963291333749102e-8	1.1630205298896508e-8	6.8158411236590185e-9	4.3712883894728545e-9	2.9808062844644573e-9	2.1250148272175246e-9	1.5668503513145409e-9	1.186234612617081e-9	9.173810652703976e-10	7.219627634731434e-10	5.765185516802037e-10	4.660906010182209e-10	3.8081215548828424e-10	3.1398248644081885e-10	2.609373089711129e-10	2.1835800252114538e-10	1.838381065029631e-10	1.5560298533797506e-10	1.3232412726686534e-10	1.1299351905387076e-10	9.683688576818918e-11	8.325307675954641e-11	7.177043505768878e-11	6.201557810313576e-11	5.369038107708273e-11	4.655489970238186e-11	4.0414596792601836e-11	3.5110626672917227e-11	3.0512395616823296e-11	2.651180642986382e-11	2.3018739716165275e-11	1.995740747991001e-11	1.7263412072715204e-11	1.4881107525113382e-11	1.2761062960646568e-11	1.0856839209474631e-11	9.119156536461575e-12	7.478637130975983e-12	5.7329375406112054e-12	5.668554249691978e-8	8.55898112075497e-8	1.0344783251651892e-7	1.1589671394079751e-7	1.25299310015234e-7	1.324358041439736e-7	1.3795003946174135e-7	1.4233422822415945e-7	1.4533833696345546e-7	1.478116240385984e-7	1.4917580551358468e-7	1.5066587270691987e-7
9.300737006393605e-9	7.27142959582227e-8	1.3080792242935594e-7	1.78943160293458e-7	2.128811774266224e-7	2.2898673008874892e-7	2.2453722921996104e-7	1.9833972404862739e-7	1.5206146237411e-7	9.287510428392781e-8	3.728259314286461e-8	9.211992608564578e-9	8.583217464614725e-9	1.161188917931682e-8	1.713071055609564e-8	2.903019438426244e-8	6.370781264289113e-8	2.7289453317637887e-7	0.00001291031061269305	1.456728850672937e-7	3.820536880896042e-8	1.6557198285255462e-8	8.913500754081758e-9	5.4198782824004685e-9	3.5634221882596816e-9	2.473978415665827e-9	1.7879538549305908e-9	1.3325913628821002e-9	1.0177162854991108e-9	7.927538664318042e-10	6.276787398232832e-10	5.038249688131828e-10	4.091355242080931e-10	3.355683487275243e-10	2.7760972152705997e-10	2.3138822568759506e-10	1.941295226555017e-10	1.6380830270858415e-10	1.3892202332873968e-10	1.1833998417553103e-10	1.0119984586968655e-10	8.683638589826486e-11	7.473083293740189e-11	6.44747207430811e-11	5.5743510498628477e-11	4.827717669964787e-11	4.186577196684315e-11	3.633856512902243e-11	3.155568343423681e-11	2.740178948158736e-11	2.378102874698479e-11	2.0613125485961218e-11	1.783014597251857e-11	1.5373747540822933e-11	1.3192569128045879e-11	1.12391817601344e-11	9.465029445782283e-12	7.807089569015805e-12	6.118363556433467e-12	4.789250117745216e-8	8.11754872111054e-8	1.0055472653687575e-7	1.138365027831436e-7	1.238220821372261e-7	1.3153381895777e-7	1.3711596907703732e-7	1.4118619547663565e-7	1.4483392529905605e-7	1.4757638065654696e-7	1.4946946258754883e-7	1.505366995677978e-7
8.500434850991749e-9	6.782615551832366e-8	1.2306166455672876e-7	1.7060035463275957e-7	2.0706724309216716e-7	2.2942353842206053e-7	2.3511128337279642e-7	2.2232676327130231e-7	1.9062419460444548e-7	1.422106394799911e-7	8.441564742399515e-8	3.290073990148341e-8	8.566873469293685e-9	8.583213562451446e-9	1.1920874723220088e-8	1.827916967325676e-8	3.30539507453395e-8	8.325213641366927e-8	6.026273024819215e-7	9.294249112024379e-7	8.091881893659818e-8	2.642668096839957e-8	1.2481223605028351e-8	7.038191121438106e-9	4.4064682341760095e-9	2.956327960256431e-9	2.083313981777832e-9	1.5230097993490345e-9	1.145539717265516e-9	8.814158756142462e-10	6.908582677683214e-10	5.498767861975095e-10	4.4335682386765217e-10	3.61438966166779e-10	2.9743136671032233e-10	2.4677863673352626e-10	2.062153307455e-10	1.7339517737254373e-10	1.4659586417967863e-10	1.245330052918262e-10	1.0623466087427591e-10	9.09580600845877e-11	7.8125730135051e-11	6.728743551650381e-11	5.808590835432976e-11	5.023753553519305e-11	4.3514009425981945e-11	3.773045240579528e-11	3.2736039727176295e-11	2.840686551059704e-11	2.4640379259233387e-11	2.1351024971906923e-11	1.8466732135560894e-11	1.592585357899152e-11	1.367494302375747e-11	1.1664898508479227e-11	9.847901229491472e-12	8.16516240382125e-12	6.503837441435831e-12	3.560004931326418e-8	7.58832695220992e-8	9.715754983089265e-8	1.115078902777389e-7	1.2200461880685881e-7	1.298957015243711e-7	1.3606390002984412e-7	1.4108326791322842e-7	1.4437076163967925e-7	1.469281213950561e-7	1.490564418763104e-7	1.5051305567443377e-7
7.738309454490042e-9	6.282725596645702e-8	1.1475811477397812e-7	1.6072287127887862e-7	1.9804866732688964e-7	2.2425314424858306e-7	2.371105151066573e-7	2.3477080371832534e-7	2.1602585754269527e-7	1.8090691806840473e-7	1.3193792017844605e-7	7.641887176036325e-8	2.9065767166817013e-8	8.040046025577145e-9	8.583209556922616e-9	1.224243900953688e-8	1.9548511682249343e-8	3.7986028901081215e-8	1.134872716969422e-7	2.2951032228251324e-6	3.088790107133549e-7	5.1304420898230705e-8	1.933122356478233e-8	9.730588252713311e-9	5.690233913049665e-9	3.6479839364909326e-9	2.4888339830666864e-9	1.7760094453850603e-9	1.311115807451022e-9	9.939336925159468e-10	7.697377572218284e-10	6.065531397811146e-10	4.849812857594391e-10	3.9256122978411417e-10	3.210954023396913e-10	2.6501491879166024e-10	2.2044005131741404e-10	1.8461224624493323e-10	1.5552928498883908e-10	1.317092413012659e-10	1.1204551389558858e-10	9.569655719277041e-11	8.201542895778492e-11	7.049924780239645e-11	6.07530670716614e-11	5.246385787139526e-11	4.538133281016469e-11	3.930379089554512e-11	3.406743855557499e-11	2.9538277140647287e-11	2.56058680379086e-11	2.2178468380261592e-11	1.9179157051443202e-11	1.6542641576062322e-11	1.421243718777082e-11	1.213795228772884e-11	1.0270543668310611e-11	8.555300930090705e-12	6.901171850445478e-12	8.439347707322585e-9	6.94186830585756e-8	9.312797537984584e-8	1.0878827532017443e-7	1.1992649059509077e-7	1.2821661510794336e-7	1.3480563183817614e-7	1.3966414547366018e-7	1.434496775407127e-7	1.4635659635574418e-7	1.484957722662401e-7	1.5018442670285386e-7
7.024495126780759e-9	5.788978117963023e-8	1.0630595573786633e-7	1.5008102991895007e-7	1.8710262159428576e-7	2.1536641870501213e-7	2.330059135254053e-7	2.3834376722630527e-7	2.2999759910310145e-7	2.0715898392994114e-7	1.7017057160729274e-7	1.2173662635674452e-7	6.901117986178998e-8	2.5727961909884497e-8	7.604449907405721e-9	8.583204883594395e-9	1.2577423438377265e-8	2.0956832868200985e-8	4.4124286291492595e-8	1.6394729847921985e-7	0.0010845366090166029	1.5206409362189005e-7	3.53510536744068e-8	1.4732606464185692e-8	7.788630822601202e-9	4.689862114031508e-9	3.066078232937753e-9	2.121514371571972e-9	1.5301382454121785e-9	1.1391078799128907e-9	8.694109468476254e-10	6.770498714253476e-10	5.360463186259408e-10	4.303162905061798e-10	3.4949979968584804e-10	2.8671611874149655e-10	2.37245718540448e-10	1.9777928894283467e-10	1.6595249155298327e-10	1.4003881744702887e-10	1.1875830037400756e-10	1.0114791633843655e-10	8.647335530992094e-11	7.416807319168064e-11	6.379018040008896e-11	5.499168231973327e-11	4.749591074734191e-11	4.10810663397236e-11	3.5567941350711293e-11	3.0810603838248387e-11	2.6689321793199027e-11	2.3105086823085796e-11	1.9975285879536855e-11	1.7230204533990354e-11	1.48100219978415e-11	1.2661873269401362e-11	1.073625073008584e-11	8.980394772000802e-12	7.317778157207411e-12	5.491217692868955e-12	6.119027502828559e-8	8.838971982940521e-8	1.0552067283674296e-7	1.1765306502702893e-7	1.265970175292349e-7	1.333959395856802e-7	1.3872903534512592e-7	1.4285300718129527e-7	1.459266833015659e-7	1.4840700734922132e-7	1.5011041565895085e-7
6.364237837051459e-9	5.313025518503139e-8	9.798821903470728e-8	1.3922181129957888e-7	1.751612323199466e-7	2.041970799460224e-7	2.247946918410632e-7	2.355111017635271e-7	2.3503813000279787e-7	2.2231795164951955e-7	1.9681200581741223e-7	1.5907487777669744e-7	1.1190516192820176e-7	6.223900649926381e-8	2.2831656402606438e-8	7.23974065341524e-9	8.583199357922148e-9	1.2926574591075021e-8	2.2525210675872684e-8	5.189774216960447e-8	2.577555098857021e-7	2.7548337152741616e-6	9.004271907534801e-8	2.579360220673598e-8	1.1585334031215877e-8	6.367702513077652e-9	3.927472425431359e-9	2.610144443108633e-9	1.827821051950261e-9	1.3304622576106188e-9	9.976787969403888e-10	7.659714982754297e-10	5.994060791948749e-10	4.76534634501192e-10	3.8388003167096357e-10	3.127217323396087e-10	2.572055178160804e-10	2.1329863805341892e-10	1.781570809232496e-10	1.4973465155647414e-10	1.2653120566741e-10	1.0743050680001182e-10	9.158923967894855e-11	7.83621833456435e-11	6.724998707963416e-11	5.786211695805078e-11	4.989000119701521e-11	4.308777814982415e-11	3.7257839591917634e-11	3.2240092310747676e-11	2.7903815752909097e-11	2.414145358290656e-11	2.0863393666639735e-11	1.7995643527949533e-11	1.547349168432323e-11	1.3241564459004009e-11	1.1248902462353482e-11	9.443822806461227e-12	7.759405534863539e-12	6.035883211113659e-12	5.041329691712676e-8	8.27540725404016e-8	1.0175479122406652e-7	1.1507717689038565e-7	1.247725538160169e-7	1.318318800050903e-7	1.3765963452178836e-7	1.4226118182910494e-7	1.4528209194214639e-7	1.4787858597213585e-7	1.4934781413574037e-7
5.75919044078678e-9	4.862216617247616e-8	8.999184054423463e-8	1.2851935931257556e-7	1.6288259109587316e-7	1.917930660318548e-7	2.1400084534777826e-7	2.282977864121029e-7	2.3353396809587123e-7	2.2866042658930554e-7	2.1284411389087938e-7	1.8573985589203504e-7	1.4805144583371325e-7	1.0261367093751158e-7	5.6102795631351387e-8	2.0321684373006562e-8	6.930294936656062e-9	8.583202105091144e-9	1.3290738305831904e-8	2.4278951799698492e-8	6.194489771299029e-8	4.6382742273457006e-7	6.536554441291641e-7	5.93808061934449e-8	1.9623573514365135e-8	9.338556422453794e-9	5.297419500304583e-9	3.3334922865264034e-9	2.2465005661441843e-9	1.5894531396475206e-9	1.1661453993163813e-9	8.800486458205424e-10	6.791577021464487e-10	5.337645044131204e-10	4.2587444605471747e-10	3.4412376721661266e-10	2.8107163991412687e-10	2.3169598037512084e-10	1.9251625134004789e-10	1.6106605764989245e-10	1.3556192468423116e-10	1.1469118646291036e-10	9.747342853395208e-11	8.316549795440246e-11	7.119693289744194e-11	6.112502824051964e-11	5.260261137847507e-11	4.535465263804786e-11	3.916149582608078e-11	3.3846171770124096e-11	2.926494622971612e-11	2.5300143102541236e-11	2.1854586620454137e-11	1.884723913730922e-11	1.6209598031009892e-11	1.3882545039463773e-11	1.1813039077721018e-11	9.949475608963117e-12	8.231193708767956e-12	6.5447187878448944e-12	3.4580656426698505e-8	7.586380850048064e-8	9.742945133814574e-8	1.1179836499590859e-7	1.2242435843950312e-7	1.3017563361256764e-7	1.3643295237619346e-7	1.410981998824484e-7	1.4445748992003237e-7	1.470189162351251e-7	1.494952151789398e-7
5.208611525280437e-9	4.440708946937548e-8	8.24315578699105e-8	1.1821794424302739e-7	1.5071698000995112e-7	1.788972236518517e-7	2.0174539624977836e-7	2.1826526407552326e-7	2.2747789941899673e-7	2.2844531408388914e-7	2.2029587599800585e-7	2.023677614536029e-7	1.7445772090371473e-7	1.373742418486096e-7	9.39491032679691e-8	5.057610964464751e-8	1.814705077968776e-8	6.664433417767715e-9	8.583195802538731e-9	1.367074232550037e-8	2.6248500767756647e-8	7.524962986418861e-8	1.0724221783640476e-6	2.8494468019699556e-7	4.20271318378261e-8	1.541308795520278e-8	7.679726497173112e-9	4.471659115402136e-9	2.861765511514676e-9	1.9518272042042495e-9	1.393444882376572e-9	1.029493889184061e-9	7.812181877779351e-10	6.056315380150331e-10	4.777797329546325e-10	3.824202261360772e-10	3.0984641682898533e-10	2.536590047749843e-10	2.0951181752328256e-10	1.7437708680318408e-10	1.4609916947755897e-10	1.2311312249458363e-10	1.042625660813853e-10	8.868103893351043e-11	7.570954014327451e-11	6.484096369058779e-11	5.56806968212904e-11	4.7918428156728384e-11	4.130789272652978e-11	3.565186857107542e-11	3.079110730523587e-11	2.659594159241315e-11	2.2959888930903036e-11	1.9794680558228243e-11	1.7026227582150743e-11	1.4591244454948043e-11	1.2433952925516691e-11	1.0501922507527792e-11	8.738187236781764e-12	7.054695772524502e-12	5.0376848966641955e-12	6.733337883112475e-8	9.215406441830448e-8	1.0828499548029304e-7	1.1972360607197715e-7	1.281521179801847e-7	1.3484966070866295e-7	1.3967959960957678e-7	1.4355519251706332e-7	1.467297045835527e-7	1.483705672578451e-7
4.710153309990154e-9	4.05037081607223e-8	7.53702116952371e-8	1.0846692957277814e-7	1.3895872577528873e-7	1.6601928687199133e-7	1.8882879422620266e-7	2.0657181211618556e-7	2.1843265883064944e-7	2.2360009044625232e-7	2.212780669647535e-7	2.1073890998017748e-7	1.9144774426011962e-7	1.6330984313557242e-7	1.2720747294313233e-7	8.594366996053754e-8	4.561840384480673e-8	1.626158779440594e-8	6.433017997365342e-9	8.583189420137936e-9	1.406754110584778e-8	2.8470897290470965e-8	9.339267722030943e-8	4.692011618558879e-6	1.58485124723635e-7	3.126851981166644e-8	1.2411502771549972e-8	6.420011181916642e-9	3.821142279356776e-9	2.481641158054649e-9	1.7101730846800212e-9	1.2304048861914134e-9	9.145917335259386e-10	6.974287915686259e-10	5.428473399453251e-10	4.2968167736228786e-10	3.4488912848249037e-10	2.801037918578934e-10	2.297747556508067e-10	1.9011178436478088e-10	1.58461520565478e-10	1.329279474797047e-10	1.1212744150292455e-10	9.503636972239196e-11	8.088444668471436e-11	6.90837096758485e-11	5.91812197801615e-11	5.0822574573509455e-11	4.373181001064469e-11	3.768466545595088e-11	3.25040814627198e-11	2.8046273594924252e-11	2.4193690878022842e-11	2.084928966647461e-11	1.7932572956923282e-11	1.537518327028032e-11	1.3117825909621937e-11	1.1106367741225166e-11	9.285630123631757e-12	7.58228061839055e-12	5.7993108148914045e-12	5.60693038097537e-8	8.590827138479878e-8	1.0404600310039786e-7	1.1687574801607722e-7	1.2622722167096494e-7	1.332190572962504e-7	1.384835842912079e-7	1.4272720122463054e-7	1.4590702959056557e-7	1.4854488679348617e-7
4.2605600237763054e-9	3.691476833858716e-8	6.883377917607239e-8	9.934767257136659e-8	1.2778981859470923e-7	1.534965857876103e-7	1.7580519037699404e-7	1.9405021647417652e-7	2.0755832795012576e-7	2.1564593908554947e-7	2.176208835775487e-7	2.1279957379143692e-7	2.00559869537452e-7	1.8046776442209514e-7	1.5251501943226164e-7	1.1763836746857526e-7	7.859568634839369e-8	4.1182571839248825e-8	1.4624877806386533e-8	6.229133701320564e-9	8.583182932023075e-9	1.4482137694029931e-8	3.099147040509242e-8	1.1904516595879092e-7	0.0004970428756472222	1.0056022979902261e-7	2.4138531518386663e-8	1.0203227787290814e-8	5.443489842313187e-9	3.300821327845203e-9	2.17053192387429e-9	1.5093682234740923e-9	1.0933987140586692e-9	8.171329586700823e-10	6.258135818724601e-10	4.888394387106025e-10	3.8807789846325013e-10	3.1227010123184226e-10	2.5414492826039073e-10	2.088511732360869e-10	1.7305968148659301e-10	1.4443004603376724e-10	1.212832191206917e-10	1.0239109740834522e-10	8.684051311987775e-11	7.39418345381057e-11	6.317306134463622e-11	5.4122928998485685e-11	4.647470239371475e-11	3.997710345470845e-11	3.4429866683448143e-11	2.9671864512843885e-11	2.5572403660533507e-11	2.2024461703686087e-11	1.893942308547508e-11	1.6243125234896658e-11	1.3871844701958297e-11	1.1768848428600997e-11	9.879252948539888e-12	8.138154105421744e-12	6.419692832406073e-12	3.988600640938503e-8	7.821357873071028e-8	9.902922845185313e-8	1.1321355831192214e-7	1.2353997469959224e-7	1.314520928039497e-7	1.3729204565138603e-7	1.4188474532489625e-7	1.451729993279199e-7	1.479273051713356e-7
3.8561157245207175e-9	3.363248145258501e-8	6.282343413328945e-8	9.089444104221756e-8	1.1731168310316018e-7	1.4154115917679426e-7	1.63046450592967e-7	1.8128488034464456e-7	1.9570356503244107e-7	2.0573279312397963e-7	2.107867795050903e-7	2.1026373689758438e-7	2.0356703813084146e-7	1.901597282911263e-7	1.6968516594436957e-7	1.422109270134205e-7	1.0871167505800783e-7	7.188127719877996e-8	3.721994861985009e-8	1.3201604165882315e-8	6.047386063494867e-9	8.583176314529914e-9	1.4915621781071085e-8	3.3873633527108406e-8	1.5701460294846585e-7	3.301557187856101e-6	6.942375709768297e-8	1.9189722006381453e-8	8.527868844700139e-9	4.669803156981651e-9	2.8774626876623503e-9	1.9129247941880714e-9	1.3408453405762274e-9	9.7721744696081e-10	7.337955597710971e-10	5.64153656512798e-10	4.4206795276707437e-10	3.5186917536174153e-10	2.837575627967695e-10	2.313670243128798e-10	1.9042879335413226e-10	1.5799983681868757e-10	1.3200349500995981e-10	1.1094473842616062e-10	9.372666878420267e-11	7.953143998994908e-11	6.774111206095438e-11	5.788198644886124e-11	4.958701268821102e-11	4.256860666018713e-11	3.6599208389376193e-11	3.149704805621561e-11	2.7115620865169096e-11	2.3335661350453067e-11	2.0059416431300294e-11	1.7205330375519296e-11	1.4704398610647735e-11	1.2496352758710697e-11	1.0525139507411563e-11	8.730589084460655e-12	7.019700436787749e-12	4.928018094481638e-12	6.854553194210573e-8	9.304906871723485e-8	1.0908879502200932e-7	1.2063376467224557e-7	1.2927517214555791e-7	1.355948041311574e-7	1.4066955488999935e-7	1.4440322806765607e-7	1.4697982726415775e-7
3.492910574736902e-9	3.064239035328005e-8	5.732396920947576e-8	8.310980237358734e-8	1.0757046825143887e-7	1.3027581130408461e-7	1.507907444011036e-7	1.686723218875619e-7	1.8346764666686062e-7	1.9470592462419635e-7	2.018979419025691e-7	2.0452609870798076e-7	2.0206137117891154e-7	1.939809411285817e-7	1.7981244489514108e-7	1.5926828108199142e-7	1.324739063657662e-7	1.0042978217832137e-7	6.576453576767266e-8	3.3682805381387555e-8	1.196140976428852e-8	5.883641396448643e-9	8.5831695459871e-9	1.5370607852881524e-8	3.7164646503743704e-8	2.166789905167458e-7	8.928971371422239e-7	5.0723894494115026e-8	1.5604695840024023e-8	7.228465016310679e-9	4.047163189045979e-9	2.528764396691243e-9	1.6973087533114282e-9	1.1980984756432735e-9	8.778878203313321e-10	6.620108673613435e-10	5.107102941664103e-10	4.013156460335903e-10	3.201771383569001e-10	2.5870291151429104e-10	2.1128224533090362e-10	1.7413312331356886e-10	1.4464092076368188e-10	1.209525578409051e-10	1.0172944231208423e-10	8.598714404127944e-11	7.299010246424104e-11	6.218030468848425e-11	5.312995620441919e-11	4.5506610605021905e-11	3.904930734386386e-11	3.3551014213523706e-11	2.884643512151164e-11	2.4801627659510572e-11	2.130744696518498e-11	1.8273831021147357e-11	1.562528992961491e-11	1.3296987534759942e-11	1.1230524612622907e-11	9.367423444827334e-12	7.632087558626368e-12	5.8289179104764595e-12	5.5774087478970687e-8	8.608775748782539e-8	1.0432365013722077e-7	1.1727040375973708e-7	1.2645282504049514e-7	1.3357726411337974e-7	1.3916372969397508e-7	1.4341027145507368e-7	1.4634333005402104e-7
3.1670793998651505e-9	2.7926189924118016e-8	5.2309960275060077e-8	7.597459876904976e-8	9.857433250308824e-8	1.1976103045863715e-7	1.391812911290868e-7	1.564741317775513e-7	1.7126861229561483e-7	1.8317382279108225e-7	1.917844597043376e-7	1.966686975954654e-7	1.9736797224392275e-7	1.934102288581712e-7	1.8432607937650008e-7	1.6971415931451562e-7	1.4931517620729862e-7	1.23338295894984e-7	9.278539575662472e-8	6.020620786927055e-8	3.052632164204897e-8	1.087828305362874e-8	5.734521822139103e-9	8.58316132371836e-9	1.5844005656404964e-8	4.09747455677498e-8	3.1840415751313424e-7	4.069825606715089e-7	3.86435023281087e-8	1.2928950818848778e-8	6.200756198302783e-9	3.538844494741844e-9	2.2382581350256043e-9	1.5150985495179744e-9	1.0761754939387606e-9	7.923373711239499e-10	5.997648055552451e-10	4.6410672141534985e-10	3.6560885187630003e-10	2.9229433063332224e-10	2.3658070153435395e-10	1.934902454038078e-10	1.596575923356657e-10	1.3274387724761047e-10	1.110879332849724e-10	9.348590142342946e-11	7.905024691081542e-11	6.711411443438781e-11	5.717853332745355e-11	4.884885151986856e-11	4.1824806612653214e-11	3.5869111555706784e-11	3.079274834705017e-11	2.64442906819299e-11	2.2701111247436577e-11	1.9462789822060488e-11	1.6646004946344357e-11	1.418018985287907e-11	1.2003389172192693e-11	1.0056842227164737e-11	8.273807566207338e-12	6.533185368387795e-12	3.624795714073441e-8	7.718383577099109e-8	9.85222676467374e-8	1.1311116753177669e-7	1.235645961009724e-7	1.3152201143326208e-7	1.3733029109982622e-7	1.4219305082085333e-7	1.4539202677913076e-7
2.874920681182741e-9	2.546365596288485e-8	4.775033305334735e-8	6.945787325874857e-8	9.030691821936933e-8	1.100152053796217e-7	1.2829535549981372e-7	1.448514463190322e-7	1.5938009182682187e-7	1.7155844387594245e-7	1.810659250940894e-7	1.8749581610344408e-7	1.9051239418756645e-7	1.8968437551727935e-7	1.8458271043861953e-7	1.7479921210996227e-7	1.599582650701247e-7	1.398885238959694e-7	1.1481254041118932e-7	8.57427741582765e-8	5.5161155315817326e-8	2.7709056278756625e-8	9.929967398757136e-9	5.597723192265511e-9	8.583154574916062e-9	1.6341538056496816e-8	4.5408541214817835e-8	5.135906770273215e-7	2.3157574328974655e-7	3.039408452188033e-8	1.087984983291353e-8	5.374266892062115e-9	3.1186291759953615e-9	1.9937706119368437e-9	1.3597907079362112e-9	9.712539873124492e-10	7.181598036370219e-10	5.454612463614702e-10	4.232414713275084e-10	3.3416230305067335e-10	2.676454436964599e-10	2.1695865684990698e-10	1.7766397842650737e-10	1.4674046385268336e-10	1.2210824594997973e-10	1.0225032617275335e-10	8.608614377703785e-11	7.279660484482883e-11	6.182503581759261e-11	5.266575288399675e-11	4.4980543739984725e-11	3.849361273953961e-11	3.2987705964272397e-11	2.8289916956629312e-11	2.4261286552442713e-11	2.078893924395288e-11	1.778005156435167e-11	1.515698346956713e-11	1.285295653457313e-11	1.0807229395787306e-11	8.95703154073465e-12	7.212931925677335e-12	5.233048896911444e-12	6.57594412033467e-8	9.174630936502444e-8	1.0833345262269059e-7	1.200636621745054e-7	1.2905896384403703e-7	1.3548989005827034e-7	1.407568697534817e-7	1.4444654460872688e-7
2.6129707024840587e-9	2.323402997629395e-8	4.3611343215349596e-8	6.352084088924701e-8	8.273570566967049e-8	1.010279510298351e-7	1.1816198748840636e-7	1.3389598198357684e-7	1.479791284921789e-7	1.601500920728052e-7	1.7012497952122284e-7	1.7760928617532768e-7	1.8227768854971066e-7	1.837830345561903e-7	1.8175182391477493e-7	1.757813802858215e-7	1.6552710206036457e-7	1.506531791875783e-7	1.3102168895000272e-7	1.06887824368613e-7	7.927977401190087e-8	5.058571991282085e-8	2.519317615984426e-8	9.097518698698878e-9	5.4710962798641185e-9	8.583147546786664e-9	1.6863167629137365e-8	5.060998770974251e-8	9.651905343998257e-7	1.4908555247277904e-7	2.4513509146785452e-8	9.276384023202707e-9	4.699881841582479e-9	2.7673774327989115e-9	1.7861348635606385e-9	1.226385566901227e-9	8.803468047754515e-10	6.534492012087069e-10	4.978235526056478e-10	3.872248562221689e-10	3.063362006616948e-10	2.4575902047495466e-10	1.9947166267702471e-10	1.6352137388890776e-10	1.3519049351338654e-10	1.125668558680318e-10	9.430623054968702e-11	7.942254324211402e-11	6.718524697218041e-11	5.704501345028907e-11	4.85830660036595e-11	4.14760263784134e-11	3.547141311345961e-11	3.036999184622752e-11	2.6012900673178895e-11	2.2272137184484516e-11	1.9043371202879775e-11	1.624064826139246e-11	1.3789952255628088e-11	1.162796561913426e-11	9.692416946884206e-12	7.908820117723875e-12	6.116304090802597e-12	4.9717131423540085e-8	8.331780379885144e-8	1.0274251069241877e-7	1.1607269599455117e-7	1.260095255190255e-7	1.3321425691926473e-7	1.3887665971860617e-7	1.4332771783891808e-7
2.3780398537277996e-9	2.1216852624460803e-8	3.985847796254491e-8	5.812116205850791e-8	7.582179647568202e-8	9.277191385080621e-8	1.087811541786474e-7	1.2365277840023883e-7	1.3717596850875456e-7	1.4914461213121623e-7	1.5930550033291851e-7	1.6743139661335076e-7	1.7324352689006043e-7	1.7644876383797463e-7	1.7673376456133926e-7	1.7375938087088957e-7	1.671606927182618e-7	1.5660483298709455e-7	1.4182463274505437e-7	1.2270470159494095e-7	9.953984046215258e-8	7.334966979279231e-8	4.6438693730794875e-8	2.2944761072881264e-8	8.364701191921999e-9	5.353036604458398e-9	8.583138799936383e-9	1.7410547724046e-8	5.6767482845291444e-8	2.444266473842783e-6	1.0385241341465726e-7	2.0176025313554666e-8	7.998526792728033e-9	4.142612055670632e-9	2.4708741581586944e-9	1.6083571115972861e-9	1.1109863366060382e-9	8.010929135716575e-10	5.966819361354623e-10	4.5582019269881153e-10	3.553317761069399e-10	2.815835239000354e-10	2.2624566713331914e-10	1.8384639174024815e-10	1.5086371690340314e-10	1.2480931377047698e-10	1.039790086867465e-10	8.714304479412906e-11	7.340385782986388e-11	6.209508417275e-11	5.271470745070739e-11	4.487938783709729e-11	3.8292616222329155e-11	3.2722536459078966e-11	2.7985838874018823e-11	2.3936631505490315e-11	2.0454877530984098e-11	1.7445395704177236e-11	1.4826842051843902e-11	1.2529766838967025e-11	1.049047559037052e-11	8.641391261421743e-12	6.876840459619392e-12	1.9029142726602832e-8	7.243885582096677e-8	9.591776715760155e-8	1.1133953154025815e-7	1.2245642259679587e-7	1.3086606577265737e-7	1.3706938845235207e-7	1.4184360442765688e-7
2.1672250918416775e-9	1.9392553207198745e-8	3.645792693916299e-8	5.3215674587944223e-8	6.95165169093754e-8	8.52077677887879e-8	1.0013244588846478e-7	1.1412848893702085e-7	1.27023983641519e-7	1.3864409992467116e-7	1.4878888963430607e-7	1.5726062128532056e-7	1.6382826101815647e-7	1.6825190502820828e-7	1.7026173436763152e-7	1.6956889652252856e-7	1.658514053551536e-7	1.5879478748440343e-7	1.4808898693045862e-7	1.3349350175938095e-7	1.1494017988323999e-7	9.274418227442962e-8	6.791683001584394e-8	4.2678599467526515e-8	2.0933323042876123e-8	7.718019326627842e-9	5.24226102377449e-9	8.583131846185567e-9	1.798539179951499e-8	6.413141961761946e-8	0.000014719122669107202	7.641379456771586e-8	1.6886393209386316e-8	6.9640765228666395e-9	3.6769651745164274e-9	2.2183851519198274e-9	1.4550231031670173e-9	1.0105257524033515e-9	7.316054438496809e-10	5.46626642503016e-10	4.185646727194866e-10	3.2696689581691854e-10	2.595371751764858e-10	2.087818692596757e-10	1.698403589889892e-10	1.3947188608913205e-10	1.1545420823895115e-10	9.622561532397624e-11	8.066497333389974e-11	6.7952320718792e-11	5.7477939068999604e-11	4.8781468455704055e-11	4.1510970300968876e-11	3.539373220519415e-11	3.021617111554023e-11	2.5809120246395215e-11	2.2037111396851436e-11	1.8790311405469815e-11	1.5978304295711863e-11	1.3524753418151843e-11	1.1362360262778006e-11	9.425481789131946e-12	7.63151029809581e-12	5.767514745922304e-12	5.780943096643608e-8	8.756759954442043e-8	1.0578004888779804e-7	1.1849556938594927e-7	1.2780029198425646e-7	1.3471438743132228e-7	1.398235562140247e-7
1.97790846371142e-9	1.7742727041324866e-8	3.337754664184638e-8	4.87622772558014e-8	6.377500708193425e-8	7.829090792447791e-8	9.218130245264005e-8	1.0531329496854744e-7	1.1754613523328432e-7	1.287291552240217e-7	1.3870660564950235e-7	1.4730319914183512e-7	1.5433558582269615e-7	1.5960285036461678e-7	1.6286455191033787e-7	1.63898878207102e-7	1.6241370181293335e-7	1.5813187083680937e-7	1.5075196830248432e-7	1.399986802215846e-7	1.2566136262757822e-7	1.077031820870642e-7	8.646056008100596e-8	6.292519720231176e-8	3.926921438869483e-8	1.9132003444774717e-8	7.145523422335116e-9	5.137746983938775e-9	8.5831245950563e-9	1.8589588224200933e-8	7.303917164855794e-8	0.00007033938062019322	5.852980965222775e-8	1.4332727278318967e-8	6.11506783248978e-9	3.2840035299394434e-9	2.001667034137833e-9	1.3218865446236401e-9	9.225585819029037e-10	6.703620199389027e-10	5.022154911157214e-10	3.85501423763477e-10	3.0163820571039436e-10	2.397696787604176e-10	1.9309684782493937e-10	1.5721941162451366e-10	1.2919441184061792e-10	1.0699823355757707e-10	8.920534858723989e-11	7.479022497840566e-11	6.300140569383415e-11	5.3279123353634246e-11	4.5199313475270664e-11	3.844009420838695e-11	3.274770383562375e-11	2.7925566267408474e-11	2.381709333973663e-11	2.0296549399705616e-11	1.7261569204940315e-11	1.462716220281318e-11	1.2320417900523526e-11	1.0274331261824068e-11	8.41621105269588e-12	6.623396772394046e-12	3.4048849250618544e-8	7.700807176029936e-8	9.904279110259348e-8	1.1367911754867406e-7	1.243378893594022e-7	1.3215775963461083e-7	1.3823251391805822e-7
1.807740488375293e-9	1.625036987977984e-8	3.0587238699149966e-8	4.4720223158257195e-8	5.8550087711876495e-8	7.197471879052287e-8	8.48871229969337e-8	9.717996304501995e-8	1.0873565306140647e-7	1.1943501527411936e-7	1.2913318094165882e-7	1.3769954445375085e-7	1.449747320026506e-7	1.507893897655648e-7	1.549539901907393e-7	1.572666213256971e-7	1.5748886844545927e-7	1.55375974719916e-7	1.5065742176710357e-7	1.430674306500081e-7	1.3234542906357994e-7	1.1830005299760003e-7	1.0097391792800452e-7	8.066432915625287e-8	5.83783145478383e-8	3.6176265146161796e-8	1.7516712912862652e-8	6.63725094392975e-9	5.038667033438261e-9	8.583116996671351e-9	1.9225134092171764e-8	8.395574437525596e-8	4.006143076801575e-6	4.623714242899992e-8	1.2312278815681519e-8	5.409886992346086e-9	2.949436267645188e-9	1.8143171645264547e-9	1.205582512594459e-9	8.451203999806151e-10	6.160307269294262e-10	4.6281952229942944e-10	3.559244773679349e-10	2.7893561576740247e-10	2.220009168180323e-10	1.7896257146337741e-10	1.4582128923745078e-10	1.1989460349631518e-10	9.93332041553359e-11	8.283160182392187e-11	6.944740261834543e-11	5.849384861839482e-11	4.9451496768670844e-11	4.1931333850328756e-11	3.56340515318139e-11	3.0327014350551636e-11	2.5827410670738694e-11	2.1989870491751597e-11	1.8697274404511457e-11	1.5853722899137227e-11	1.3378689826356858e-11	1.1201266673321416e-11	9.251833607937162e-12	7.439982177435128e-12	5.49278595961175e-12	6.28642823894409e-8	9.062017350753853e-8	1.079888445914464e-7	1.2019213623394098e-7	1.293138000780444e-7	1.358715913430259e-7
1.65462485933146e-9	1.4899833695167389e-8	2.8058804989741317e-8	4.105159384695974e-8	5.379704102231001e-8	6.621099002381629e-8	7.820618248513189e-8	8.969380458812327e-8	1.005765160908662e-7	1.107480935608695e-7	1.2011191928695206e-7	1.28535047306997e-7	1.358864721076416e-7	1.4203610948579554e-7	1.4681405559763304e-7	1.500634991469092e-7	1.515721865705971e-7	1.5113583547534e-7	1.4852153744882428e-7	1.4347814601412836e-7	1.3576018374674363e-7	1.2513243582220157e-7	1.1144418856034673e-7	9.473850298359544e-8	7.531480417168806e-8	5.420125362823554e-8	3.3368977657950234e-8	1.6066470917587507e-8	6.184723938830375e-9	4.944352821805448e-9	8.583109011258055e-9	1.9894216572404466e-8	9.753849709528755e-8	1.2893687488498002e-6	3.742893047418982e-8	1.068581861539521e-8	4.817908962426883e-9	2.6622791640768854e-9	1.6512983148239337e-9	1.1034130986598538e-9	7.76609518963043e-10	5.678836490550678e-10	4.2756446639845466e-10	3.294026437533421e-10	2.5851498957629267e-10	2.0597607802068677e-10	1.6618619551442073e-10	1.3549723511005642e-10	1.1145312525956884e-10	9.236655524479231e-11	7.703002803288894e-11	6.458018684040485e-11	5.438020517072564e-11	4.595422430372495e-11	3.894132558049461e-11	3.3064377354778204e-11	2.8107647245021372e-11	2.390132228588105e-11	2.0310006823775e-11	1.722416886137317e-11	1.4553480953058544e-11	1.2220663285738449e-11	1.0155016289030503e-11	8.278974750903892e-12	6.454710604650849e-12	4.0897602323112066e-8	7.997228975028539e-8	1.0099945446646431e-7	1.1519454893131836e-7	1.256819829492377e-7	1.3311646547705134e-7
1.5166960593074012e-9	1.3676928148521602e-8	2.576683034163618e-8	3.7721158359651534e-8	4.947327845311353e-8	6.09543695467813e-8	7.209506194307613e-8	8.281446089711547e-8	9.304051905935367e-8	1.0268225080571885e-7	1.116567106804489e-7	1.1984806879090924e-7	1.2717427682889926e-7	1.3349885556873373e-7	1.3866525652882123e-7	1.425725936160027e-7	1.4503742531356496e-7	1.4588619682274087e-7	1.4491339031333573e-7	1.4189910443254891e-7	1.3661973965845315e-7	1.2883375822489243e-7	1.1834900531953487e-7	1.0503160997348595e-7	8.891894413862176e-8	7.03812472893128e-8	5.038176330095906e-8	3.0817970194898465e-8	1.4762545626188323e-8	5.780632654918988e-9	4.854214504928078e-9	8.583100606190018e-9	2.059931453545606e-8	1.1471993950781748e-7	6.273708908725285e-7	3.0902061708657374e-8	9.358877091651387e-9	4.316275320495049e-9	2.4140858735630436e-9	1.5086130101371523e-9	1.0132058675798245e-9	7.157285441107592e-10	5.24793286783451e-10	3.959460403049497e-10	3.0553699420687164e-10	2.400872129166611e-10	1.9147948280910004e-10	1.5460348139379942e-10	1.2612018748784774e-10	1.0377820580432084e-10	8.601866457818412e-11	7.173646199845665e-11	6.013231434566708e-11	5.061758765039333e-11	4.275180830033384e-11	3.620042578950648e-11	3.070620470838505e-11	2.6068590176915752e-11	2.2129383628381754e-11	1.8762080500962884e-11	1.58638379277523e-11	1.3348720166455164e-11	1.1141661655176126e-11	9.16896194852683e-12	7.333693924689708e-12	5.309095461172439e-12	6.573528848235577e-8	9.249698885025996e-8	1.0944470632178173e-7	1.2133451858363388e-7	1.300344627571751e-7
1.3922981788095227e-9	1.2568767112399598e-8	2.368785165151086e-8	3.46962222328818e-8	4.553938314944236e-8	5.616088246011803e-8	6.650198051748545e-8	7.649982701147221e-8	8.609152415030831e-8	9.520156596024997e-8	1.0375773358335877e-7	1.1167538181857677e-7	1.1886263121995177e-7	1.2523868121823887e-7	1.3064991246648772e-7	1.350088589594503e-7	1.3817142129931716e-7	1.3998335432404834e-7	1.4027541078950372e-7	1.3885879481844125e-7	1.3550133770871355e-7	1.3007846668064537e-7	1.2228731191327853e-7	1.1197629729272247e-7	9.904436005145231e-8	8.353130239778785e-8	6.5826899667719e-8	4.687566840357112e-8	2.8498891596865986e-8	1.3588465422999843e-8	5.418754517588774e-9	4.76783472689506e-9	8.58308938471894e-9	2.1343034312146264e-8	1.3691633723800018e-7	3.694892941622069e-7	2.5933614409513697e-8	8.259596492224747e-9	3.887578069896172e-9	2.1981359562249187e-9	1.3830400043384502e-9	9.331141216799036e-10	6.613935407000157e-10	4.861569689337332e-10	3.6748931413016715e-10	2.8399134247508904e-10	2.2340691249183878e-10	1.7832771255443837e-10	1.4407440784337512e-10	1.175810518251316e-10	9.67757462860615e-11	8.022082646174591e-11	6.68953853201031e-11	5.605986425999739e-11	4.716872190976131e-11	3.9813276760344064e-11	3.368277248867426e-11	2.8537761945208066e-11	2.4191363071963144e-11	2.049568841261789e-11	1.7332443359211987e-11	1.4604136560500795e-11	1.2228524313215623e-11	1.0130550317507451e-11	8.228357516623411e-12	6.373859331924472e-12	4.412708919327654e-8	8.152834519238009e-8	1.0227401789130796e-7	1.1640057583327595e-7	1.2633302183900254e-7
1.2799633238855545e-9	1.1563775157674268e-8	2.180076662099225e-8	3.194736357126902e-8	4.195902454434546e-8	5.1789594592557865e-8	6.139002086812808e-8	7.070907161297992e-8	7.969335576430167e-8	8.828808643996367e-8	9.641594749895754e-8	1.0402035932816691e-7	1.1102159824666888e-7	1.1733915416173201e-7	1.2288520849806908e-7	1.2752232619198517e-7	1.3117580659471906e-7	1.337087973385283e-7	1.3496092873032779e-7	1.3478993381790184e-7	1.3302459853716118e-7	1.2944159702935866e-7	1.2387692978327193e-7	1.1612078141522158e-7	1.0601385953658014e-7	9.34620785793697e-8	7.853247161994947e-8	6.16294961279737e-8	4.3663325563483155e-8	2.638785509505702e-8	1.2529767600664386e-8	5.093719286699836e-9	4.684827822886935e-9	8.58308027037824e-9	2.2128377741304762e-8	1.66275993959914e-7	2.430492920552115e-7	2.2065236975107818e-8	7.341542358904645e-9	3.5178203800123058e-9	2.0091262022813456e-9	1.271972154352811e-9	8.618717102363384e-10	6.127140973054792e-10	4.5139295329059317e-10	3.4179507949321586e-10	2.644800249606285e-10	2.0826431053404218e-10	1.663631454853275e-10	1.3447812175563448e-10	1.0978580493846753e-10	9.03740444570789e-11	7.491345167321483e-11	6.245853536806717e-11	5.232326264966489e-11	4.400100659627666e-11	3.711158489564403e-11	3.1365646133225856e-11	2.6539874378276235e-11	2.245966596817732e-11	1.8986569016420466e-11	1.600896170418818e-11	1.3434291161792188e-11	1.1182486717188036e-11	9.175754701804615e-12	7.312613345901384e-12	5.241066247594022e-12	6.697411348738844e-8	9.337683446279413e-8	1.1026448365550679e-7	1.2208227463139682e-7
1.1783912167316299e-9	1.0651503940384803e-8	2.008643423689421e-8	2.9447681198180925e-8	3.8698627969568054e-8	4.780112491892131e-8	5.671629911308442e-8	6.540041727620066e-8	7.380752896414796e-8	8.189218461816999e-8	8.95983208039352e-8	9.687041536741706e-8	1.0363959315855342e-7	1.0983538020227526e-7	1.1539831457159349e-7	1.2021184032788298e-7	1.242099986146846e-7	1.2724758484120677e-7	1.2924041978637204e-7	1.3002003347367844e-7	1.2946059977122125e-7	1.2739934968046634e-7	1.2363281748573901e-7	1.1800260309895837e-7	1.1031787053579866e-7	1.0042304904429346e-7	8.825164733953456e-8	7.39012648682078e-8	5.775451767460422e-8	4.071157372096305e-8	2.4464591142758946e-8	1.157364811351502e-8	4.800925641035297e-9	4.604873891019646e-9	8.58307086250647e-9	2.2958186768637136e-8	2.0626142470315477e-7	1.7182419847505533e-7	1.8994785083877937e-8	6.56598647152327e-9	3.198173755898123e-9	1.8427685180563717e-9	1.1732826976500075e-9	7.980812016437752e-10	5.689416822037664e-10	4.200079610919078e-10	3.185226640104526e-10	2.4676026850268015e-10	1.944807998316717e-10	1.5545098310891226e-10	1.257108850160046e-10	1.0265317696154981e-10	8.450853680944175e-11	7.00446715479321e-11	5.838377780313866e-11	4.8888066341173927e-11	4.108587339312142e-11	3.4622892231751484e-11	2.9228862264090485e-11	2.469562702598796e-11	2.0859062322557604e-11	1.7589242601445327e-11	1.4780526825924865e-11	1.2344235294589686e-11	1.0200554494098541e-11	8.263898107202517e-12	6.382761897999259e-12	4.4422596593341905e-8	8.195123187987057e-8	1.0278113824436872e-7	1.1692559209836354e-7
1.0864313158369636e-9	9.822610164279618e-9	1.8527708856562496e-8	2.717272514884435e-8	3.5727684220689444e-8	4.4162004320602047e-8	5.2443565501350066e-8	6.053462479902281e-8	6.83989297239255e-8	7.599655930508855e-8	8.328315344590585e-8	9.021241478104791e-8	9.671974153713568e-8	1.0276350707631814e-7	1.0826774436805866e-7	1.1316784562838037e-7	1.1736086848353387e-7	1.207611118604586e-7	1.2328934655079683e-7	1.2481548956275363e-7	1.2521101984722404e-7	1.2429804907685142e-7	1.2201164864884642e-7	1.1812504507800985e-7	1.1245434462982965e-7	1.0485237306943852e-7	9.518618520916043e-8	8.339417639364816e-8	6.960518393776122e-8	5.417123196729491e-8	3.800807498099684e-8	2.2710444325431745e-8	1.0708871365740684e-8	4.536434741311963e-9	4.527710283556034e-9	8.583061154893386e-9	2.3836333940400462e-8	2.627000377292759e-7	1.2780664194368036e-7	1.6517844456502245e-8	5.905238814060565e-9	2.9188226560176083e-9	1.6956338852025785e-9	1.085214796520036e-9	7.407976381766682e-10	5.294481192880137e-10	3.915851904883127e-10	2.973831286278562e-10	2.306240861751627e-10	1.819022467909775e-10	1.4547450079785282e-10	1.1768254775473526e-10	9.6112468530552e-11	7.912299668414172e-11	6.556917683313067e-11	5.4634226856254195e-11	4.572390489481133e-11	3.839793195805547e-11	3.232622709113014e-11	2.725536211069524e-11	2.2990038663438106e-11	1.937672500838619e-11	1.6292752799095015e-11	1.3637375032196814e-11	1.1324598172032286e-11	9.272292776899667e-12	7.376639365947843e-12	5.300877238223647e-12	6.660006538944828e-8	9.341735245261554e-8	1.1044308657917915e-7
1.0030647397644412e-9	9.068745790260233e-9	1.7109224154589187e-8	2.510068828976258e-8	3.301908347387491e-8	4.083877326806715e-8	4.853384517805631e-8	5.607361743679026e-8	6.34261457922148e-8	7.056127002781621e-8	7.743988913859574e-8	8.401647218451187e-8	9.025943299244682e-8	9.610519738860056e-8	1.0151519771791105e-7	1.064093115447584e-7	1.1072424410721843e-7	1.1436129350913714e-7	1.17276479480189e-7	1.193560489508705e-7	1.2048438090879905e-7	1.2053065244951998e-7	1.1938840729304786e-7	1.1688938049541267e-7	1.1288570636927378e-7	1.0721733779428919e-7	9.97180930915722e-8	9.02848417029343e-8	7.887765695049701e-8	6.560327107518129e-8	5.086200567234248e-8	3.551492234961758e-8	2.110866429800696e-8	9.925501137546779e-9	4.296804213132166e-9	4.453090480005419e-9	8.583050729832705e-9	2.4766490048277145e-8	3.460389438587754e-7	9.863558099168122e-8	1.4491038361095667e-8	5.337509776722237e-9	2.673655232010476e-9	1.5648786460682758e-9	1.0063115652388381e-9	6.891767398335312e-10	4.937016413225974e-10	3.657697396133555e-10	2.781287568843519e-10	2.1589222929448597e-10	1.7039562807126937e-10	1.3633259516431626e-10	1.1031488169437352e-10	9.010207793001504e-11	7.416825940356821e-11	6.144728192221579e-11	5.117707242645437e-11	4.280412441725193e-11	3.591587095863992e-11	3.0202928450037597e-11	2.542889284929215e-11	2.140980043078627e-11	1.8001199475339294e-11	1.5086737678207387e-11	1.257029006657105e-11	1.0366260507398234e-11	8.385846122566651e-12	6.480744116975443e-12	4.1946181093631093e-8	8.133355796798895e-8	1.0250976316027539e-7
9.273894544008457e-10	8.382383344078496e-9	1.5816961369424132e-8	2.3211942552113066e-8	3.054760769381624e-8	3.7802811117968734e-8	4.495594610934053e-8	5.198233711373417e-8	5.8855509441697215e-8	6.555331923518444e-8	7.203682094453526e-8	7.82750896870996e-8	8.423071033814109e-8	8.985557326762277e-8	9.512095461813184e-8	9.994432369647684e-8	1.0432305248970543e-7	1.0811658087020422e-7	1.1130013677493262e-7	1.1377860764636712e-7	1.1546987640421832e-7	1.1626062642052264e-7	1.1601592787724873e-7	1.1464562104699877e-7	1.1200726911595032e-7	1.079212686643744e-7	1.0226859159696538e-7	9.490082162872987e-8	8.569926506281001e-8	7.46629698135299e-8	6.189534707426368e-8	4.780358711492436e-8	3.322409103561944e-8	1.9644569428696632e-8	9.214816716488836e-9	4.0791135459271565e-9	4.380830906881686e-9	8.58304040342887e-9	2.575266002550044e-8	4.7659302605710164e-7	7.850795862932549e-8	1.2812672767063763e-8	4.846609807590707e-9	2.4573457633727807e-9	1.4481884270626946e-9	9.353601556692854e-10	6.425049583374934e-10	4.612579825261972e-10	3.422634660077624e-10	2.6054624860123075e-10	2.0241024225649123e-10	1.598457294844154e-10	1.279373995095334e-10	1.0354051205312013e-10	8.45680688399724e-11	6.960120254065572e-11	5.764406417708083e-11	4.798504860073414e-11	4.0105177735543637e-11	3.361925255633213e-11	2.8236766952370836e-11	2.373571776280189e-11	1.994303770030561e-11	1.6722310504240707e-11	1.39626082934303e-11	1.1570792630756576e-11	9.459935746344308e-12	7.52553603339995e-12	5.474182923609751e-12	6.447349132404336e-8	9.259412063486235e-8
8.586066684528251e-10	7.756837766368005e-9	1.4638326543618665e-8	2.148835793248722e-8	2.829025098347844e-8	3.5026803753066864e-8	4.168062334114746e-8	4.823209391328978e-8	5.4658978944602996e-8	6.094347658007209e-8	6.704964924329422e-8	7.295240828270533e-8	7.861902287846083e-8	8.401954953822386e-8	8.912480864787744e-8	9.385805010327729e-8	9.819826579039458e-8	1.020853350748677e-7	1.0543802522085949e-7	1.0820933215475677e-7	1.1031099864326788e-7	1.1167087175675822e-7	1.1215649415708773e-7	1.1166311201617864e-7	1.1012795936053684e-7	1.073675977249402e-7	1.0322712798877691e-7	9.760779537435011e-8	9.040345332415949e-8	8.14110036204448e-8	7.072516562309192e-8	5.8444444135313864e-8	4.49734272473887e-8	3.111490240936283e-8	1.8304546805940595e-8	8.569061431660426e-9	3.880798320342185e-9	4.310767406165957e-9	8.583029779799066e-9	2.679942193364672e-8	6.98419504918733e-7	6.390463658823658e-8	1.1405909464915939e-8	4.4191674938465416e-9	2.2655656182246545e-9	1.343638049319615e-9	8.71337953555055e-10	6.001783507564903e-10	4.317059912120075e-10	3.2078796058942553e-10	2.4445159540917687e-10	1.9004390254066695e-10	1.5015205654030248e-10	1.2021203876433385e-10	9.729664865733273e-11	7.946310673914465e-11	6.538385356264473e-11	5.4128755818628305e-11	4.5031601955261186e-11	3.760619505402137e-11	3.149096950804448e-11	2.641302625610333e-11	2.216351754400718e-11	1.8579122976436426e-11	1.5530498691382914e-11	1.2911625099669994e-11	1.0630610761029699e-11	8.595303228944173e-12	6.6649441304329696e-12	3.606109014386018e-8	7.941958360809634e-8
7.96009169935546e-10	7.186118378845722e-9	1.3563039513180231e-8	1.9914325242536906e-8	2.6226927695631734e-8	3.248672024190466e-8	3.867993526803837e-8	4.47907477014122e-8	5.080067296176701e-8	5.668730643980833e-8	6.243566236491017e-8	6.801421971226334e-8	7.341683338777095e-8	7.858481231602004e-8	8.348903955437607e-8	8.810267110615426e-8	9.237702431820885e-8	9.630852772713624e-8	9.975405709872803e-8	1.0272487039430495e-7	1.0513413989711984e-7	1.0691834277844856e-7	1.0796399407297491e-7	1.0819358965843959e-7	1.0751283813293557e-7	1.0578913060059392e-7	1.029408936606058e-7	9.878870008276807e-8	9.321877634958899e-8	8.611414525597663e-8	7.739608163319378e-8	6.705447776688184e-8	5.523680958865455e-8	4.2346837309238216e-8	2.9170819392653695e-8	1.7076742587630313e-8	7.981421863209414e-9	3.699588808168155e-9	4.24273766764728e-9	8.583018857424057e-9	2.7912285466802736e-8	1.1204664169566755e-6	5.3006678389887204e-8	1.0214991444458967e-8	4.044770281217971e-9	2.094771844948139e-9	1.2496049600592523e-9	8.133814424206009e-10	5.616812391162653e-10	4.047392065644249e-10	3.0113552634856173e-10	2.2968529188895375e-10	1.786764597154546e-10	1.412269387601826e-10	1.1308925228260804e-10	9.153370531147682e-11	7.47454854141909e-11	6.148271643283127e-11	5.087412382658191e-11	4.229499800890265e-11	3.5288692073135125e-11	2.951555229471848e-11	2.4718765753335227e-11	2.0701137583421405e-11	1.7308499933452867e-11	1.4417588610870965e-11	1.1926084561288654e-11	9.74151006833418e-12	7.75938548259286e-12	5.736387261321249e-12	6.065605283649829e-8
7.389648128228379e-10	6.664887282328248e-9	1.2580245281104896e-8	1.8475236697332706e-8	2.4339476778124362e-8	3.0161427887202825e-8	3.5929571312143e-8	4.163018303928925e-8	4.725121889165801e-8	5.2768920604555216e-8	5.8171163799405695e-8	6.344945558110621e-8	6.856446261509494e-8	7.349139779137962e-8	7.820711541233834e-8	8.269033507419484e-8	8.687977683773958e-8	9.076635292886569e-8	9.428607281679264e-8	9.737124698787255e-8	1.0000100896390581e-7	1.020937360807738e-7	1.0357485613821283e-7	1.0437426171187962e-7	1.0438874746631325e-7	1.0353375183610902e-7	1.0168953369282661e-7	9.875524194088317e-8	9.459140651143665e-8	8.908325528535333e-8	8.212301171499801e-8	7.363125926916916e-8	6.363787659614521e-8	5.226077619343905e-8	3.99149533511536e-8	2.7376836997859636e-8	1.5950470445754366e-8	7.445904370530035e-9	3.533701447452785e-9	4.176643859784213e-9	8.583008566880442e-9	2.909670727388739e-8	2.0861646053926475e-6	4.4670386426916e-8	9.199722952429464e-9	3.7150320967886516e-9	1.9420322243547127e-9	1.164742787535688e-9	7.607579868261637e-10	5.265718760572882e-10	3.8006294745446617e-10	2.831047078139044e-10	2.1610827802825154e-10	1.6820582363864912e-10	1.3299347594250721e-10	1.0650984048004587e-10	8.620432128349561e-11	7.037838393920095e-11	5.7868140492741974e-11	4.785602650579513e-11	3.975518263485575e-11	3.313616911638347e-11	2.767919972675719e-11	2.3142137146904113e-11	1.933867081108501e-11	1.6122670627748186e-11	1.3375854423165758e-11	1.099855360149361e-11	8.89461208493571e-12	6.9321936170444445e-12	2.436259914918292e-8
6.869216441512206e-10	6.188301787819492e-9	1.1681387430518569e-8	1.7158387285532624e-8	2.2611072833969833e-8	2.8029090643811543e-8	3.340554925310851e-8	3.872769858828795e-8	4.3984750084332195e-8	4.9165356099363144e-8	5.4247460329613736e-8	5.9224481801712e-8	6.410113882898781e-8	6.875900247413599e-8	7.327271820480643e-8	7.75894310701338e-8	8.167678938216395e-8	8.550307577067179e-8	8.904885513359099e-8	9.219855657484872e-8	9.49659370970924e-8	9.729117274376543e-8	9.910348320466464e-8	1.0033282639374486e-7	1.009075205725268e-7	1.0072832748784558e-7	9.973752534943774e-8	9.77755367749523e-8	9.478778243091657e-8	9.062581480597952e-8	8.520939975129527e-8	7.836753682005774e-8	7.011104282800478e-8	6.043317766529827e-8	4.948147138686304e-8	3.765975403377836e-8	2.5720196478808992e-8	1.4916065579078905e-8	6.957011793192604e-9	3.381360036906399e-9	4.112362618298588e-9	8.582997019740828e-9	3.035844278970984e-8	5.172807923350349e-6	3.813982371961293e-8	8.326536795640957e-9	3.423153445698575e-9	1.804907269446296e-9	1.0879086245956394e-9	7.128402866491041e-10	4.944705507175071e-10	3.574298375876955e-10	2.665256625881804e-10	2.0359924597840122e-10	1.5854256885444881e-10	1.2538403519775505e-10	1.0042170118374678e-10	8.126756435468707e-11	6.632917284446659e-11	5.4513797402379685e-11	4.505298168924463e-11	3.739452197547279e-11	3.113391026676796e-11	2.596956615110974e-11	2.1672791592298215e-11	1.806710705210896e-11	1.5013583953924656e-11	1.2398056255364991e-11	1.012168982176728e-11	8.079359503037257e-12	6.071271063151389e-12
6.39376777297649e-10	5.752135146460216e-9	1.08584791728532e-8	1.5952275511299475e-8	2.1026687673292623e-8	2.6075045149446256e-8	3.108854805557429e-8	3.605974139237397e-8	4.098101987126859e-8	4.583537905380728e-8	5.06203507066426e-8	5.53105643032956e-8	5.99018342784181e-8	6.43691656249613e-8	6.868380679584302e-8	7.283280081622072e-8	7.678082000031322e-8	8.054321714807092e-8	8.404680631856841e-8	8.721322351057508e-8	8.99787063796529e-8	9.256641421926364e-8	9.46182022819812e-8	9.61844153706401e-8	9.719443673549734e-8	9.755890767463979e-8	9.721319106733728e-8	9.61227209298146e-8	9.406305781071896e-8	9.102427906504667e-8	8.687984355468853e-8	8.151419556098269e-8	7.483144439685953e-8	6.681105293352047e-8	5.744474593466406e-8	4.6898333511205405e-8	3.5558355016719045e-8	2.418839376998549e-8	1.3964957676350343e-8	6.510153748002721e-9	3.2410831720832316e-9	4.04979442875756e-9	8.582987859635776e-9	3.170578116941057e-8	0.00002868781108490643	3.292856366274141e-8	7.570239282278641e-9	3.1635732948037174e-9	1.6813564628614452e-9	1.0181315435252205e-9	6.690910461262357e-10	4.650481879367905e-10	3.3662429970542066e-10	2.512498805402332e-10	1.9205161078856592e-10	1.496079903152317e-10	1.1833900770845758e-10	9.477861859063777e-11	7.668712534093143e-11	6.256887026465844e-11	5.1396258378566707e-11	4.2445839812444695e-11	3.5197209397030354e-11	2.9268746608300596e-11	2.437558249930046e-11	2.0301258748137604e-11	1.687839845722985e-11	1.3974101687653508e-11	1.147744741817431e-11	9.28787033088005e-12	7.281002383483785e-12
5.958921361575279e-10	5.352520614699042e-9	1.0104203316084073e-8	1.4846527605335264e-8	1.957329538907875e-8	2.4280107461765944e-8	2.896132445002007e-8	3.360640784147396e-8	3.821422543759496e-8	4.2771669530136075e-8	4.726404811184877e-8	5.169160931498672e-8	5.602583052471638e-8	6.026780306109296e-8	6.438266455098986e-8	6.837581668988778e-8	7.218203740805151e-8	7.583253306110145e-8	7.928274234321332e-8	8.245847483539463e-8	8.538570876306052e-8	8.794392874859377e-8	9.019051583112586e-8	9.200129492677404e-8	9.334580998001699e-8	9.41607688041123e-8	9.43515148105653e-8	9.390187141570577e-8	9.263483907515377e-8	9.05294311509887e-8	8.746981315494915e-8	8.334106339216827e-8	7.804866513869144e-8	7.151451902999577e-8	6.371677375220394e-8	5.464548607782915e-8	4.44836767582925e-8	3.3621677156798565e-8	2.277080186805685e-8	1.3089422073385434e-8	6.101087687780634e-9	3.1116084871370653e-9	3.9888594087093185e-9	8.582975541377532e-9	3.314528689075346e-8	0.00022677617252038555	2.8713688690884873e-8	6.910937663651226e-9	2.9317519599708683e-9	1.5696607502115208e-9	9.54568752192825e-10	6.290469331214735e-10	4.3801966409241077e-10	3.1745857511297914e-10	2.37147179080221e-10	1.813717858905485e-10	1.4133257189754262e-10	1.1180563583635958e-10	8.95396795335573e-11	7.24307351089446e-11	5.907166051067913e-11	4.8494618249140166e-11	4.0017483585729676e-11	3.314909034643916e-11	2.7528865711742597e-11	2.2887237867209255e-11	1.901921294463909e-11	1.5765117990958176e-11	1.2997369234376176e-11	1.060747265020678e-11	8.488528380254572e-12
5.560759210373166e-10	4.98601606169586e-9	9.412266819873091e-9	1.3831275050563666e-8	1.8239108216088567e-8	2.2631927955038043e-8	2.7004205658591186e-8	3.13495207423371e-8	3.566605989990354e-8	3.994137402761212e-8	4.41589323450215e-8	4.833921838350101e-8	5.2446105137518104e-8	5.6464933224630244e-8	6.040145547526654e-8	6.420354049813819e-8	6.788309649786633e-8	7.141414733425685e-8	7.47803225266263e-8	7.79199995881176e-8	8.089150044732617e-8	8.35072122391079e-8	8.578421424261819e-8	8.783826843172467e-8	8.944201267460595e-8	9.05887629369869e-8	9.120948270969227e-8	9.126672117590894e-8	9.067612901778536e-8	8.934129405185186e-8	8.717812447681036e-8	8.409548341806794e-8	8.001913343903498e-8	7.480474953841016e-8	6.841066200139417e-8	6.080410349993542e-8	5.2018962759759475e-8	4.223272580399592e-8	3.180994743727805e-8	2.1457659309502914e-8	1.2282488268384211e-8	5.72604458451287e-9	2.9918272000188175e-9	3.929467553107559e-9	8.582962910800386e-9	3.468301411119231e-8	9.779046693456299e-6	2.5255119815513083e-8	6.3327924731183345e-9	2.7239804910154364e-9	1.4684034579585041e-9	8.965346104163505e-10	5.923068691416785e-10	4.1313649457315214e-10	2.997681122945041e-10	2.24103128131584e-10	1.714770997958392e-10	1.3365198773524152e-10	1.0573700841185595e-10	8.466851723728225e-11	6.84696242055734e-11	5.581449863332049e-11	4.579017370449196e-11	3.775257593452159e-11	3.123746137071261e-11	2.5903576004665695e-11	2.1495707211008627e-11	1.781876440830513e-11	1.4720551178420735e-11	1.2077642476657641e-11	9.781518209532833e-12
5.195754732858019e-10	4.649559551370242e-9	8.776843724783611e-9	1.2898877521531664e-8	1.7013104553462433e-8	2.1115491543864637e-8	2.5202958806341832e-8	2.9270267678232386e-8	3.331482157049256e-8	3.732838574111451e-8	4.1293348850120346e-8	4.523515026319605e-8	4.911571969961302e-8	5.292923804520505e-8	5.6659553023267094e-8	6.030765029949861e-8	6.38405350288705e-8	6.726818989189954e-8	7.054165811046065e-8	7.362842742581789e-8	7.652642541973766e-8	7.926906129104616e-8	8.161736474081612e-8	8.376963082087723e-8	8.555414008157542e-8	8.693022060176033e-8	8.792482080845869e-8	8.839851042736315e-8	8.831342995529518e-8	8.761707173037847e-8	8.620210648400825e-8	8.399010510722774e-8	8.090219517078365e-8	7.68378564263854e-8	7.171473009339026e-8	6.547629514091831e-8	5.807669974381372e-8	4.957216052983253e-8	4.0129593798292304e-8	3.012468425208441e-8	2.0239975695714137e-8	1.1537954989400158e-8	5.381732542412373e-9	2.8807529149959024e-9	3.871545960594826e-9	8.582949971254713e-9	3.633419071590937e-8	3.0378773649574918e-6	2.237829302371674e-8	5.8229863964458366e-9	2.536787499383804e-9	1.3762249734760473e-9	8.434040028039929e-10	5.585353775767059e-10	3.9018134487992976e-10	2.834082018131679e-10	2.1201680327155536e-10	1.6229444706456613e-10	1.265203739168814e-10	1.0009146253150931e-10	8.013266669552591e-11	6.477811947063739e-11	5.2776753005484476e-11	4.326603651660104e-11	3.563724487460682e-11	2.945081090983747e-11	2.4383500061209603e-11	2.01927549381362e-11	1.669303378716281e-11	1.3738490776994558e-11	1.1208775676018372e-11
4.860779517201656e-10	4.340333994415342e-9	8.192753810235184e-9	1.2041599316838434e-8	1.588531213905958e-8	1.971978840823028e-8	2.3544215317279617e-8	2.735368139439095e-8	3.114692882927532e-8	3.491594479858659e-8	3.865632694605245e-8	4.2369238188182375e-8	4.60256801994263e-8	4.9643282344740736e-8	5.3173391927818885e-8	5.66730349714595e-8	6.010392811279727e-8	6.336922113540433e-8	6.652243480222732e-8	6.954799535730913e-8	7.241806451220996e-8	7.510927923919642e-8	7.757989903946687e-8	7.975904443674842e-8	8.171957354961116e-8	8.331084475254127e-8	8.45588857479696e-8	8.536220490678636e-8	8.569673876568723e-8	8.549878825471583e-8	8.472328907426323e-8	8.321089782606233e-8	8.096797346964231e-8	7.787775151378859e-8	7.385277278845637e-8	6.88152272717348e-8	6.271232228907715e-8	5.551230628386649e-8	4.7271680710376104e-8	3.8161975295228645e-8	2.8553901884572326e-8	1.9109593702524458e-8	1.0850203577146436e-8	5.065170758342528e-9	2.777505800655303e-9	3.8150520418338825e-9	8.58293672553818e-9	3.812532911671481e-8	1.4567098707467713e-6	1.9963337124265973e-8	5.3714198108514156e-9	2.3678471407818543e-9	1.2922168980291042e-9	7.946464627769337e-10	5.273894983246863e-10	3.689636868026958e-10	2.68256886813826e-10	2.0080261298714853e-10	1.5375891765576192e-10	1.1988047751700907e-10	9.48318560237817e-11	7.590312081202763e-11	6.133320193315203e-11	4.993975766042468e-11	4.0907396198500574e-11	3.365929286308024e-11	2.7779086591644677e-11	2.2959782763413047e-11	1.89709882354938e-11	1.5635619455143603e-11	1.2813168659774927e-11
4.5530335532438614e-10	4.055899064188562e-9	7.655289349290072e-9	1.1252606907126421e-8	1.4846243085651713e-8	1.8434638087915806e-8	2.2015966003399612e-8	2.558518829894008e-8	2.9142690616717316e-8	3.2690299655275034e-8	3.62082562256731e-8	3.9707438488449053e-8	4.3166549849027595e-8	4.66067026252072e-8	4.997149621008807e-8	5.3278533506412945e-8	5.653419812413391e-8	5.967256721504396e-8	6.274815331432027e-8	6.569512938747697e-8	6.84941218769071e-8	7.118418504065957e-8	7.364418753616378e-8	7.587220500376662e-8	7.79402145422058e-8	7.968836052216764e-8	8.114784708125721e-8	8.217233142664247e-8	8.28715443661727e-8	8.308881098851368e-8	8.281311076613262e-8	8.192180347368963e-8	8.037129711367033e-8	7.809916680835369e-8	7.502963320569877e-8	7.102593661091385e-8	6.608488457402131e-8	6.011070480055057e-8	5.310311642004113e-8	4.5113192055138215e-8	3.632253425055026e-8	2.7089391806637626e-8	1.8059369690049457e-8	1.0214199785795056e-8	4.77372882721517e-9	2.681326236042068e-9	3.759895514423383e-9	8.582923175933888e-9	4.001449793355489e-8	8.52409857721363e-7	1.7916069167703648e-8	4.969389501545966e-9	2.2147519630584462e-9	1.215347797703016e-9	7.498006805929779e-10	4.986419442749348e-10	3.4931582949297465e-10	2.541854560405559e-10	1.903701541149018e-10	1.4581275724345892e-10	1.1369135436330102e-10	8.992449973280887e-11	7.195363549019415e-11	5.8114008900430894e-11	4.728719906140195e-11	3.8700691652154524e-11	3.180755769401038e-11	2.6212725724959573e-11	2.1624686271621022e-11	1.7823790661162336e-11	1.4640652358175754e-11
4.2700028494842105e-10	3.794004452831827e-9	7.1604667312934486e-9	1.0525897359253214e-8	1.3888963510389644e-8	1.7249547875227928e-8	2.0605511951070092e-8	2.3954019928537283e-8	2.7296703474191637e-8	3.06264776689378e-8	3.394241345263943e-8	3.72369863197065e-8	4.0516088394713276e-8	4.3756459592763896e-8	4.695416079423474e-8	5.010773029192199e-8	5.3204239638268785e-8	5.630265020131743e-8	5.9205895669957954e-8	6.210898653024065e-8	6.481611795708465e-8	6.74405520923331e-8	6.991078385327265e-8	7.224950183458018e-8	7.428801431553141e-8	7.614787687285034e-8	7.772342067300697e-8	7.904819655632858e-8	7.993034309875336e-8	8.050464090463243e-8	8.060110949834876e-8	8.022056497552566e-8	7.926244209543273e-8	7.766949491445247e-8	7.537167970805376e-8	7.229301724375351e-8	6.835679385872043e-8	6.34888183715949e-8	5.7650591393397024e-8	5.0832654199713665e-8	4.308898589520225e-8	3.459854231866272e-8	2.5719937796563513e-8	1.708226609827183e-8	9.625377952057654e-9	4.505005070913753e-9	2.5915434454530206e-9	3.7060377833465765e-9	8.582909324251363e-9	4.2069864036199675e-8	5.586218105189502e-7	1.6164924908721753e-8	4.609999244458121e-9	2.075618496210844e-9	1.1448900383288569e-9	7.08464566975407e-10	4.720459067121218e-10	3.310891192736293e-10	2.411100029793876e-10	1.8066010212158714e-10	1.384044478791271e-10	1.0791590698591592e-10	8.534097673084644e-11	6.826164620900057e-11	5.5102607440034665e-11	4.4804091953244184e-11	3.663343520548296e-11	3.0071705815986534e-11	2.474338276028774e-11	2.0370991857101335e-11	1.6745017250376637e-11
4.0094449992178144e-10	3.552658567294499e-9	6.704319192000119e-9	9.855628468625759e-9	1.3006497816107052e-8	1.6156511760435885e-8	1.9303275917582744e-8	2.245430653706232e-8	2.5587091684380796e-8	2.8719216369227707e-8	3.1846216340011574e-8	3.4954150826711976e-8	3.804354938201433e-8	4.111497140182923e-8	4.4153053830460885e-8	4.728928582213333e-8	5.012919137216897e-8	5.301502360270389e-8	5.58680887498456e-8	5.8624188870716494e-8	6.128327416413269e-8	6.388171983070738e-8	6.62138331020887e-8	6.858341884432457e-8	7.07330463001148e-8	7.267091326249409e-8	7.42937468804795e-8	7.58470081194264e-8	7.696890447210378e-8	7.776929107540472e-8	7.822256583273599e-8	7.822882005497904e-8	7.774139369891667e-8	7.67342151342496e-8	7.509846488144578e-8	7.278483506886873e-8	6.971731774446038e-8	6.582292205004578e-8	6.105103698117523e-8	5.534277387534006e-8	4.869556922597656e-8	4.1192143839920145e-8	3.298008622570449e-8	2.444237312476546e-8	1.617266804544709e-8	9.079667489250817e-9	4.256952010862719e-9	2.507549016936149e-9	3.6533744344314235e-9	8.58289517186773e-9	4.4289001208390875e-8	3.939900242098048e-7	1.4655835126890154e-8	4.287481664700699e-9	1.9488060044306316e-9	1.0801227140847492e-9	6.702869149911766e-10	4.4739557826511247e-10	3.1415257171936544e-10	2.2893638409802844e-10	1.7160586175800463e-10	1.314878915880812e-10	1.025177378921507e-10	8.105318342374606e-11	6.480540035552591e-11	5.2281612663660337e-11	4.247659500603035e-11	3.469466690288506e-11	2.8442705475189825e-11	2.3363431999404224e-11	1.9192315062575818e-11
3.769341260973263e-10	3.3300290468617297e-9	6.283398935857395e-9	9.237301298824775e-9	1.219179353121655e-8	1.5146568828770782e-8	1.8100080446460828e-8	2.10537563655752e-8	2.4007213685713778e-8	2.6959539326778098e-8	2.9898631759255194e-8	3.282865325285552e-8	3.575514754608044e-8	3.866983826689745e-8	4.1553145746586855e-8	4.4401188240033946e-8	4.7220595872345074e-8	5.000508450696155e-8	5.2739010196667805e-8	5.565504513628007e-8	5.8023643049806086e-8	6.050025319294639e-8	6.293371106516718e-8	6.552044964318234e-8	6.735947572929504e-8	6.929957702796022e-8	7.109831889931118e-8	7.268490260806128e-8	7.404253761838265e-8	7.496555742211856e-8	7.56261050223901e-8	7.606931706756675e-8	7.593664045275026e-8	7.5409980941181e-8	7.432082168471276e-8	7.265471308057447e-8	7.034354976833589e-8	6.72736955088732e-8	6.343080630453974e-8	5.874375643059512e-8	5.3156485685718026e-8	4.66892999676579e-8	3.939653448063008e-8	3.14701998445746e-8	2.3244941856221433e-8	1.532503014554947e-8	8.573339815040542e-9	4.027650426684653e-9	2.4288177995838905e-9	3.60197021555981e-9	8.582880719765886e-9	4.66901205988583e-8	2.92605136063197e-7	1.3346377473441306e-8	3.996952203538868e-9	1.8329162974464765e-9	1.0204948890355632e-9	6.349567315315738e-10	4.245087859045774e-10	2.983900652486672e-10	2.1758533304253552e-10	1.631511480003484e-10	1.2502171803034023e-10	9.746628056402429e-11	7.7037484298321e-11	6.15661936039682e-11	4.963613356006425e-11	4.029260893491548e-11	3.2874381216936375e-11	2.6912249569946202e-11	2.206587080948953e-11