0.	0.	0.	0.	0.	0.	0.	0.	0.	0.	0.	0.	0.	0.	0.	0.	0.	0.	0.	0.	0.	0.	0.	0.	0.	0.	0.	0.	0.	0.	0.	0.	0.	0.	0.	0.	0.	0.	0.	0.	0.	0.	0.	0.	0.	0.	0.	0.	0.	0.	0.	0.	0.	0.	0.	0.	0.	0.	0.	0.	0.	0.	0.	0.	0.	0.	0.	0.	0.	0.	0.	0.	0.	0.	0.	0.	0.	0.	0.	0.	0.	0.	0.	0.	-43834.53421245215	-143730.42581780793	-201616.01098113076	-248159.94650297728	-289380.44456819486	-327652.2602598674	-363052.8769273785	-397246.4091503664	-430187.79571222316	-462398.87655468704	-493769.4015054121	-524377.7134955873	-554631.0170338128	-584950.7242794366	-614423.2640421018	-644384.0592670579	-673637.731429483
-1.6089032051997152	0.	0.	0.	0.	0.	0.	0.	0.	0.	0.	0.	0.	0.	0.	0.	0.	0.	0.	0.	0.	0.	0.	0.	0.	0.	0.	0.	0.	0.	0.	0.	0.	0.	0.	0.	0.	0.	0.	0.	0.	0.	0.	0.	0.	0.	0.	0.	0.	0.	0.	0.	0.	0.	0.	0.	0.	0.	0.	0.	0.	0.	0.	0.	0.	0.	0.	0.	0.	0.	0.	0.	0.	0.	0.	0.	0.	0.	0.	0.	0.	0.	0.	0.	-42087.648659493076	-143354.41241441894	-201149.50323770155	-248117.9303982333	-289332.554885095	-327076.0926916831	-362995.43174753495	-397184.92532930156	-429886.58183859056	-462153.1760023936	-493374.1382988362	-524210.22584760527	-554438.3644354604	-584871.0270747963	-614374.9317251353	-644299.7709512376	-673551.3676073215
-3.1419602026190034	-6.637339265026928	0.	0.	0.	0.	0.	0.	0.	0.	0.	0.	0.	0.	0.	0.	0.	0.	0.	0.	0.	0.	0.	0.	0.	0.	0.	0.	0.	0.	0.	0.	0.	0.	0.	0.	0.	0.	0.	0.	0.	0.	0.	0.	0.	0.	0.	0.	0.	0.	0.	0.	0.	0.	0.	0.	0.	0.	0.	0.	0.	0.	0.	0.	0.	0.	0.	0.	0.	0.	0.	0.	0.	0.	0.	0.	0.	0.	0.	0.	0.	0.	0.	0.	-37834.17872123398	-141862.9132547886	-200161.23258514245	-246992.54423052893	-288564.4306468467	-326478.857626855	-362294.0163611125	-396395.4047173465	-429337.65651963704	-461584.27532049845	-492931.4362832331	-523675.346390088	-554241.2535640007	-584046.2897401415	-614165.3251548858	-643512.8705614917	-673330.6600616759
-4.639708557988687	-21.73021277802756	-4.702620554874094	0.	0.	0.	0.	0.	0.	0.	0.	0.	0.	0.	0.	0.	0.	0.	0.	0.	0.	0.	0.	0.	0.	0.	0.	0.	0.	0.	0.	0.	0.	0.	0.	0.	0.	0.	0.	0.	0.	0.	0.	0.	0.	0.	0.	0.	0.	0.	0.	0.	0.	0.	0.	0.	0.	0.	0.	0.	0.	0.	0.	0.	0.	0.	0.	0.	0.	0.	0.	0.	0.	0.	0.	0.	0.	0.	0.	0.	0.	0.	0.	0.	-29247.010066806968	-139977.39791583584	-198765.4530003096	-245879.98995363462	-287271.3381662515	-325519.9673458323	-361523.8189593622	-395286.3669977161	-428576.922940754	-460573.1885382714	-492122.3323109745	-522961.78261577996	-553387.0516216623	-583170.6398800033	-613176.2257704717	-643166.6593955455	-672523.9661420992
-6.118856193164491	-36.50970789150274	-26.57943913559108	-2.7122926391310056	0.	0.	0.	0.	0.	0.	0.	0.	0.	0.	0.	0.	0.	0.	0.	0.	0.	0.	0.	0.	0.	0.	0.	0.	0.	0.	0.	0.	0.	0.	0.	0.	0.	0.	0.	0.	0.	0.	0.	0.	0.	0.	0.	0.	0.	0.	0.	0.	0.	0.	0.	0.	0.	0.	0.	0.	0.	0.	0.	0.	0.	0.	0.	0.	0.	0.	0.	0.	0.	0.	0.	0.	0.	0.	0.	0.	0.	0.	0.	0.	-8281.095843117235	-137156.02643805507	-196454.52124964178	-243942.81445396045	-285803.4255946977	-324181.9451854682	-359969.9303559199	-394393.41385014093	-427072.152579437	-459361.5707636084	-490644.7910420313	-521419.9358407295	-552088.2899921219	-582295.2925740383	-612197.5525126973	-642043.3613165736	-671272.32990932
-7.580689896220202	-50.36269616482762	-54.56419018390749	-24.063375519117635	-1.5031674991526043	0.	0.	0.	0.	0.	0.	0.	0.	0.	0.	0.	0.	0.	0.	0.	0.	0.	0.	0.	0.	0.	0.	0.	0.	0.	0.	0.	0.	0.	0.	0.	0.	0.	0.	0.	0.	0.	0.	0.	0.	0.	0.	0.	0.	0.	0.	0.	0.	0.	0.	0.	0.	0.	0.	0.	0.	0.	0.	0.	0.	0.	0.	0.	0.	0.	0.	0.	0.	0.	0.	0.	0.	0.	0.	0.	0.	0.	0.	0.	0.	-133073.64571668507	-193760.34677496352	-241690.291431217	-283720.20524052443	-322218.4343766487	-357962.9218124009	-392359.2269323453	-425554.4778585089	-457975.9116971939	-489217.38609056384	-520267.66035783116	-550860.8301494764	-580613.1885933832	-610614.5442695448	-640408.2950289366	-670198.8214699206
-9.023569215381935	-63.49062227978723	-82.87789807041634	-59.60125731706746	-19.512213042192016	-0.8344867082160417	0.	0.	0.	0.	0.	0.	0.	0.	0.	0.	0.	0.	0.	0.	0.	0.	0.	0.	0.	0.	0.	0.	0.	0.	0.	0.	0.	0.	0.	0.	0.	0.	0.	0.	0.	0.	0.	0.	0.	0.	0.	0.	0.	0.	0.	0.	0.	0.	0.	0.	0.	0.	0.	0.	0.	0.	0.	0.	0.	0.	0.	0.	0.	0.	0.	0.	0.	0.	0.	0.	0.	0.	0.	0.	0.	0.	0.	0.	0.	-128185.53526594768	-189901.25526353446	-238619.93109708297	-280962.2314100172	-319523.7403427638	-355908.74618543853	-390449.0459391088	-423581.1286768065	-455650.8963235019	-487408.7796431185	-518499.19441589323	-549044.6833336172	-579219.7888156123	-609265.3817710856	-638814.3085049711	-668203.5991703178
-10.445019364764336	-76.06157198308811	-110.16133603960742	-100.0353527582564	-57.16717077762513	-15.083450699793731	-0.4700479315663286	0.	0.	0.	0.	0.	0.	0.	0.	0.	0.	0.	0.	0.	0.	0.	0.	0.	0.	0.	0.	0.	0.	0.	0.	0.	0.	0.	0.	0.	0.	0.	0.	0.	0.	0.	0.	0.	0.	0.	0.	0.	0.	0.	0.	0.	0.	0.	0.	0.	0.	0.	0.	0.	0.	0.	0.	0.	0.	0.	0.	0.	0.	0.	0.	0.	0.	0.	0.	0.	0.	0.	0.	0.	0.	0.	0.	0.	0.	-122198.1300990525	-186002.57885626535	-235074.91397135434	-277789.5414285259	-316948.74716051767	-353511.34769758454	-387690.4244036044	-421292.40849517664	-453642.4940703431	-485184.9740535111	-516237.85795513133	-547019.2459868736	-577259.3668051079	-607136.5233225075	-636761.9164398455	-666633.6397336449
-11.842298359769513	-88.17558805698788	-136.20127037823156	-141.1609662897129	-105.44317532378128	-51.35723126166101	-11.412128177986983	-0.26969365900253595	0.	0.	0.	0.	0.	0.	0.	0.	0.	0.	0.	0.	0.	0.	0.	0.	0.	0.	0.	0.	0.	0.	0.	0.	0.	0.	0.	0.	0.	0.	0.	0.	0.	0.	0.	0.	0.	0.	0.	0.	0.	0.	0.	0.	0.	0.	0.	0.	0.	0.	0.	0.	0.	0.	0.	0.	0.	0.	0.	0.	0.	0.	0.	0.	0.	0.	0.	0.	0.	0.	0.	0.	0.	0.	0.	0.	0.	-115004.85333342636	-181103.3752962812	-231366.91099513575	-274476.84974984766	-313509.0150220529	-350327.6009007945	-385122.5947490871	-418463.22727214405	-451143.28142110107	-482765.06162553263	-513633.1376770467	-544463.0745657054	-574734.7407599221	-604717.624496613	-634758.4884928161	-664117.4859024663
-13.212601054274277	-99.8879283205777	-161.05061081026162	-181.38127979076398	-157.8714837982098	-103.36306938367426	-44.50462991097812	-8.558623239369677	-0.157729182249438	0.	0.	0.	0.	0.	0.	0.	0.	0.	0.	0.	0.	0.	0.	0.	0.	0.	0.	0.	0.	0.	0.	0.	0.	0.	0.	0.	0.	0.	0.	0.	0.	0.	0.	0.	0.	0.	0.	0.	0.	0.	0.	0.	0.	0.	0.	0.	0.	0.	0.	0.	0.	0.	0.	0.	0.	0.	0.	0.	0.	0.	0.	0.	0.	0.	0.	0.	0.	0.	0.	0.	0.	0.	0.	0.	0.	-106202.2992727403	-175541.00672476095	-226810.10138908165	-270497.91084162367	-310080.98968911334	-347096.11556788505	-381713.5059590718	-415608.90967518586	-447958.9112904544	-479550.00301194575	-510879.1369877153	-541888.6583989752	-571996.38920959	-601744.7480543387	-631685.6426109277	-661569.9584426631
-14.553149479201242	-111.22703950888365	-184.80492180630094	-220.13542733611112	-211.0851022260014	-163.74782098111615	-97.07453686501569	-37.77806510593455	-6.40442099501898	-0.09398193530523796	0.	0.	0.	0.	0.	0.	0.	0.	0.	0.	0.	0.	0.	0.	0.	0.	0.	0.	0.	0.	0.	0.	0.	0.	0.	0.	0.	0.	0.	0.	0.	0.	0.	0.	0.	0.	0.	0.	0.	0.	0.	0.	0.	0.	0.	0.	0.	0.	0.	0.	0.	0.	0.	0.	0.	0.	0.	0.	0.	0.	0.	0.	0.	0.	0.	0.	0.	0.	0.	0.	0.	0.	0.	0.	0.	-95984.4447910628	-168923.26873233478	-221607.29579732395	-265773.3923436995	-305990.9715488308	-342968.26575916563	-378436.2737494872	-411732.32917138323	-444503.77706399956	-476529.9490986347	-507834.4822348715	-538577.8779677947	-568950.3407162038	-599251.1361305873	-628960.9777391338	-658681.4406718801
-15.86124031112242	-122.20537697930604	-207.5477734229287	-257.2596845709724	-263.4523773608205	-227.64451850085837	-162.1824635778405	-88.76600895905361	-31.688913460079398	-4.799155433622164	-0.056996770850921606	0.	0.	0.	0.	0.	0.	0.	0.	0.	0.	0.	0.	0.	0.	0.	0.	0.	0.	0.	0.	0.	0.	0.	0.	0.	0.	0.	0.	0.	0.	0.	0.	0.	0.	0.	0.	0.	0.	0.	0.	0.	0.	0.	0.	0.	0.	0.	0.	0.	0.	0.	0.	0.	0.	0.	0.	0.	0.	0.	0.	0.	0.	0.	0.	0.	0.	0.	0.	0.	0.	0.	0.	0.	0.	-82806.6036535816	-161388.62675092393	-215695.37645462743	-260900.8801229841	-301385.13461829745	-338723.21720491705	-374043.7492930208	-408150.538158106	-440917.2276076921	-473085.5499262792	-504258.9361908707	-535087.0464525651	-565562.194621097	-595778.0542960671	-625673.5540930482	-655738.0373765316
-17.13427370220516	-132.82576765874012	-229.34108883284028	-292.738157593026	-314.2050764868786	-292.21672282415466	-234.0633456050179	-155.88734023326538	-79.78794485605947	-26.40590482586121	-3.608619374185364	-0.03514423639209604	0.	0.	0.	0.	0.	0.	0.	0.	0.	0.	0.	0.	0.	0.	0.	0.	0.	0.	0.	0.	0.	0.	0.	0.	0.	0.	0.	0.	0.	0.	0.	0.	0.	0.	0.	0.	0.	0.	0.	0.	0.	0.	0.	0.	0.	0.	0.	0.	0.	0.	0.	0.	0.	0.	0.	0.	0.	0.	0.	0.	0.	0.	0.	0.	0.	0.	0.	0.	0.	0.	0.	0.	0.	-65504.59959959174	-152950.79173531022	-209073.46713644214	-255126.8546659733	-296270.0893189597	-333886.7455421289	-369728.198639187	-403849.21581162966	-437018.95706100273	-468729.7425346411	-500399.2365380897	-531561.4491749634	-561749.9704469597	-592494.9799191107	-622310.4725047918	-651978.0633028313
-18.369772946907258	-143.08522925836962	-250.22714562131375	-326.60476647673386	-362.99494147691746	-355.8734256670111	-308.8198389627773	-233.13391097893222	-146.84030894136163	-70.92214018139225	-21.93119619836906	-2.7258739042904394	-0.02200801429317186	0.	0.	0.	0.	0.	0.	0.	0.	0.	0.	0.	0.	0.	0.	0.	0.	0.	0.	0.	0.	0.	0.	0.	0.	0.	0.	0.	0.	0.	0.	0.	0.	0.	0.	0.	0.	0.	0.	0.	0.	0.	0.	0.	0.	0.	0.	0.	0.	0.	0.	0.	0.	0.	0.	0.	0.	0.	0.	0.	0.	0.	0.	0.	0.	0.	0.	0.	0.	0.	0.	0.	0.	-39520.1789764568	-143351.5868728466	-201631.53674259267	-249028.30401954084	-290514.7768383197	-328990.01786748803	-364811.3117258789	-399158.40241798555	-432673.7666710227	-464846.6972505981	-496400.2122884417	-527239.5884399567	-558141.1104954394	-588168.9429158198	-618517.3180913482	-648338.6482099441
-19.565399081978686	-152.97733532960868	-270.232893409958	-358.9048809283145	-409.67705379732985	-417.7353727862423	-383.9863327393529	-315.84884897854914	-227.15233133231942	-136.40728147906142	-62.58759456633946	-18.19386659481484	-2.069813878764996	-0.013982347049144488	0.	0.	0.	0.	0.	0.	0.	0.	0.	0.	0.	0.	0.	0.	0.	0.	0.	0.	0.	0.	0.	0.	0.	0.	0.	0.	0.	0.	0.	0.	0.	0.	0.	0.	0.	0.	0.	0.	0.	0.	0.	0.	0.	0.	0.	0.	0.	0.	0.	0.	0.	0.	0.	0.	0.	0.	0.	0.	0.	0.	0.	0.	0.	0.	0.	0.	0.	0.	0.	0.	0.	0.	-132156.04005327213	-193322.76407540066	-242185.3348288534	-284446.3549794879	-323271.9403144348	-359674.7226466762	-394413.80334405875	-427773.3758569658	-460015.46843913425	-491675.6315239863	-523027.8799451983	-553575.4096378225	-584037.443901707	-614283.7984337495	-644337.2324249392
-20.718962333426813	-162.49372850827783	-289.3740476548255	-389.6810508571717	-454.20400646921263	-477.32306490861026	-458.03998550582907	-400.7747855690521	-315.66028839223503	-217.88918571104747	-125.49332145894806	-54.981106126541924	-15.097567601750802	-1.5803563391989377	-0.009003987589195763	0.	0.	0.	0.	0.	0.	0.	0.	0.	0.	0.	0.	0.	0.	0.	0.	0.	0.	0.	0.	0.	0.	0.	0.	0.	0.	0.	0.	0.	0.	0.	0.	0.	0.	0.	0.	0.	0.	0.	0.	0.	0.	0.	0.	0.	0.	0.	0.	0.	0.	0.	0.	0.	0.	0.	0.	0.	0.	0.	0.	0.	0.	0.	0.	0.	0.	0.	0.	0.	0.	0.	-119026.71821598863	-184248.79957142085	-234466.50403155776	-277753.549538922	-316988.8905890867	-353642.68808661686	-389033.3319850859	-422391.1837267534	-454922.6137872177	-486811.85878954985	-518482.7604611202	-549146.9263370559	-579566.197260166	-609628.2558273103	-639887.6159563257
-21.82843136050122	-171.62511916871355	-307.6584062528134	-418.9685860266218	-496.5738634729813	-534.3812940134447	-530.0496482132537	-485.72323679976967	-408.48094467541995	-310.23249421227194	-206.6553759082911	-114.67440734149608	-48.16826088810215	-12.543609078712947	-1.2134764160420715	-0.005871699139709045	0.	0.	0.	0.	0.	0.	0.	0.	0.	0.	0.	0.	0.	0.	0.	0.	0.	0.	0.	0.	0.	0.	0.	0.	0.	0.	0.	0.	0.	0.	0.	0.	0.	0.	0.	0.	0.	0.	0.	0.	0.	0.	0.	0.	0.	0.	0.	0.	0.	0.	0.	0.	0.	0.	0.	0.	0.	0.	0.	0.	0.	0.	0.	0.	0.	0.	0.	0.	0.	0.	-103401.08105963262	-174041.89529770613	-226245.552616828	-270507.9667517357	-310628.6397448708	-347859.5462529022	-383025.88420199376	-416900.54026628815	-449622.5740069039	-481911.76839606377	-513461.6570602488	-543990.0867566542	-574796.0757290531	-605103.9353224593	-635083.5722862397
-22.89194079200114	-180.36196302202097	-325.08839869742195	-446.79510059576614	-536.8045574770986	-588.7810928230653	-599.4503901870663	-569.2487175961273	-502.81021601466074	-409.13058360086586	-301.14931707078813	-194.39244661119636	-104.29922139191115	-42.140490693877624	-10.441211430840069	-0.9370505731367835	-0.003874533266485148	0.	0.	0.	0.	0.	0.	0.	0.	0.	0.	0.	0.	0.	0.	0.	0.	0.	0.	0.	0.	0.	0.	0.	0.	0.	0.	0.	0.	0.	0.	0.	0.	0.	0.	0.	0.	0.	0.	0.	0.	0.	0.	0.	0.	0.	0.	0.	0.	0.	0.	0.	0.	0.	0.	0.	0.	0.	0.	0.	0.	0.	0.	0.	0.	0.	0.	0.	0.	0.	-83649.7630111227	-162681.83056559716	-217099.62017213437	-262532.2890535246	-303512.1580038017	-341012.0038354	-376504.1995041771	-410899.9185626984	-443746.9550624667	-476436.69463234144	-507850.6953339665	-538886.6588384872	-569826.4560588787	-600274.288262154	-630406.3964043593
-23.90779732643432	-188.69493186492562	-341.66300914272875	-473.181543261451	-574.9214822198935	-640.4647457574129	-665.9038320406019	-650.4045938303832	-596.6777834158997	-511.26122758455926	-404.45080668007733	-289.63936086586534	-181.75872110762103	-94.56331000491068	-36.850034921325694	-8.711237644965406	-0.7276468285519836	-0.002585150294480961	0.	0.	0.	0.	0.	0.	0.	0.	0.	0.	0.	0.	0.	0.	0.	0.	0.	0.	0.	0.	0.	0.	0.	0.	0.	0.	0.	0.	0.	0.	0.	0.	0.	0.	0.	0.	0.	0.	0.	0.	0.	0.	0.	0.	0.	0.	0.	0.	0.	0.	0.	0.	0.	0.	0.	0.	0.	0.	0.	0.	0.	0.	0.	0.	0.	0.	0.	0.	-56232.34188582384	-149745.56122595203	-207222.6979643964	-253968.7592273198	-295664.46069792163	-333868.8100293749	-369954.8120530625	-404571.6737084689	-437800.8618059573	-470307.0323101484	-502132.8465840598	-533178.0222494557	-564008.5529515495	-594742.0474322443	-624642.7683203247
-24.874484544962268	-196.6152467661107	-357.37921969002025	-498.14366573835315	-610.9517435947218	-689.414797055917	-729.2124876929969	-728.575415529152	-688.7178110580609	-614.1603722277965	-512.8418287504533	-395.8614985237085	-276.6333787394907	-169.20165504190823	-85.56134710369732	-32.230895089692694	-7.286749582029879	-0.5681391579731604	-0.0017429127559804376	0.	0.	0.	0.	0.	0.	0.	0.	0.	0.	0.	0.	0.	0.	0.	0.	0.	0.	0.	0.	0.	0.	0.	0.	0.	0.	0.	0.	0.	0.	0.	0.	0.	0.	0.	0.	0.	0.	0.	0.	0.	0.	0.	0.	0.	0.	0.	0.	0.	0.	0.	0.	0.	0.	0.	0.	0.	0.	0.	0.	0.	0.	0.	0.	0.	0.	0.	0.	-135023.6541393787	-196229.7064653104	-244831.2321681381	-287271.3381662515	-326426.00354784646	-362969.9005564531	-397723.45752429025	-431292.9586946891	-464104.5651145432	-495748.07504767104	-527214.6775082925	-558235.7865803814	-588817.5955147141	-619436.2164529383
-25.790666538072674	-204.11491685378235	-372.2330937880008	-521.6934987942041	-644.9217793940296	-735.6365498453141	-789.2672174675248	-803.3655096689005	-777.9914596288961	-716.0371380966748	-623.4244747668089	-509.0749905865391	-384.5009308332855	-262.82249999075134	-157.0149425982163	-77.32318682075626	-28.211061272824445	-6.11213270765545	-0.445968014734385	-0.0011866623335334346	0.	0.	0.	0.	0.	0.	0.	0.	0.	0.	0.	0.	0.	0.	0.	0.	0.	0.	0.	0.	0.	0.	0.	0.	0.	0.	0.	0.	0.	0.	0.	0.	0.	0.	0.	0.	0.	0.	0.	0.	0.	0.	0.	0.	0.	0.	0.	0.	0.	0.	0.	0.	0.	0.	0.	0.	0.	0.	0.	0.	0.	0.	0.	0.	0.	0.	0.	-117685.00756026582	-184194.45362315341	-234493.15869727707	-278364.7128460296	-318163.75157969026	-355168.5992411023	-390476.02699627663	-424426.645727384	-457262.8582084229	-489288.568042055	-521189.0912469079	-552088.2899921219	-582967.3767232394	-613439.9011727591
-26.65519039892666	-211.18691127867015	-386.2205906727401	-543.8406733295353	-676.8566632468967	-779.1482249909906	-846.0148676080097	-874.5258107503679	-863.8587847337618	-815.6053041605378	-734.0024059740358	-626.0249251525896	-501.2373646319658	-371.26436846131827	-248.7101278586648	-145.38200974631334	-69.83834552344119	-24.719372736903082	-5.141678792239874	-0.3518836248013472	-0.0008154574859255367	0.	0.	0.	0.	0.	0.	0.	0.	0.	0.	0.	0.	0.	0.	0.	0.	0.	0.	0.	0.	0.	0.	0.	0.	0.	0.	0.	0.	0.	0.	0.	0.	0.	0.	0.	0.	0.	0.	0.	0.	0.	0.	0.	0.	0.	0.	0.	0.	0.	0.	0.	0.	0.	0.	0.	0.	0.	0.	0.	0.	0.	0.	0.	0.	0.	0.	-95990.20118866983	-170430.7427057022	-223792.64161379432	-268958.13690354396	-309450.76685494673	-347174.3814032863	-382972.6934668998	-417189.79869541904	-450338.5229784515	-482757.2214699047	-514467.54048121645	-545628.8453566442	-576430.7119107157	-607172.7340780275
-27.467087633338934	-217.8252823960381	-399.3381777770265	-564.5935398847308	-706.7802199645668	-819.9755037401159	-899.4382526199352	-941.9059051798038	-945.888986019561	-911.9494973438581	-842.9380716087633	-744.1474180399355	-623.3150829766402	-490.37741289543743	-356.8448879072869	-234.65530845905442	-134.40840270116158	-63.07240215479427	-21.689124607121602	-4.338063499153039	-0.2790413779131961	-0.0005653005808149164	0.	0.	0.	0.	0.	0.	0.	0.	0.	0.	0.	0.	0.	0.	0.	0.	0.	0.	0.	0.	0.	0.	0.	0.	0.	0.	0.	0.	0.	0.	0.	0.	0.	0.	0.	0.	0.	0.	0.	0.	0.	0.	0.	0.	0.	0.	0.	0.	0.	0.	0.	0.	0.	0.	0.	0.	0.	0.	0.	0.	0.	0.	0.	0.	0.	-67099.42002843099	-155184.34048661045	-211704.76223570036	-258603.12512623603	-300201.0817119987	-338556.7130367543	-374630.8935421893	-409328.62421819323	-442879.02338109224	-475580.57380958245	-507061.379596316	-538645.2170700207	-569878.7601269685	-600454.1511671297
-28.2255745229252	-224.02525225361708	-411.58328988936603	-583.9600881572164	-734.7154978798585	-858.1485890983957	-949.5437306087535	-1005.4225282350375	-1023.7982831970068	-1004.4248675302798	-949.0243268645779	-861.4659078042786	-747.8523115536733	-616.4461723632277	-477.3427574741298	-341.7713319022677	-220.9076430798643	-124.14553770495519	-56.97783251034639	-19.05973454250571	-3.670918871062046	-0.22235087819074106	-0.0003951489403971504	0.	0.	0.	0.	0.	0.	0.	0.	0.	0.	0.	0.	0.	0.	0.	0.	0.	0.	0.	0.	0.	0.	0.	0.	0.	0.	0.	0.	0.	0.	0.	0.	0.	0.	0.	0.	0.	0.	0.	0.	0.	0.	0.	0.	0.	0.	0.	0.	0.	0.	0.	0.	0.	0.	0.	0.	0.	0.	0.	0.	0.	0.	0.	0.	0.	-137659.41952962003	-198769.28465348057	-247538.78785011533	-289917.6404710857	-329060.93251884665	-366054.5634041867	-401225.98751761025	-435009.4274127303	-467749.1630597554	-499723.682304128	-531586.4944879365	-562629.7308398079	-593669.8056643391
-28.930051477968217	-229.78327067436953	-422.95467061663635	-601.9486861683429	-760.6853628585661	-893.7007108941614	-996.353480347417	-1065.0387808372725	-1097.40706412873	-1092.5838361475046	-1051.3804199867543	-976.4782905240914	-872.5579273263248	-746.3269002234802	-606.3810445365272	-462.8098363184428	-326.4413798844223	-207.63473421469462	-114.60791592256113	-51.50104860262089	-16.77728064537529	-3.1155791234391255	-0.17800671429292939	-0.0002783946809632414	0.	0.	0.	0.	0.	0.	0.	0.	0.	0.	0.	0.	0.	0.	0.	0.	0.	0.	0.	0.	0.	0.	0.	0.	0.	0.	0.	0.	0.	0.	0.	0.	0.	0.	0.	0.	0.	0.	0.	0.	0.	0.	0.	0.	0.	0.	0.	0.	0.	0.	0.	0.	0.	0.	0.	0.	0.	0.	0.	0.	0.	0.	0.	0.	-116586.21730892203	-184198.02719440855	-235074.91397135434	-279311.6065979856	-319471.7954537234	-356586.94423205097	-392332.1508300084	-426320.0740054128	-459716.0974632784	-492169.9793725485	-523971.45168850507	-555304.3037721536	-586153.6736981638
-29.58010141745609	-235.0970507578024	-433.45262221183043	-618.5686635751226	-784.7130947094855	-926.667448418567	-1039.9007055429743	-1120.7503493285324	-1166.6102948386088	-1176.1232448246801	-1149.3716426458936	-1088.056127345172	-995.6424765245076	-877.4466289974712	-740.611989032189	-593.9144747047793	-447.3123086768794	-311.1492825525065	-194.94341803311667	-105.7854816700846	-46.58687228904933	-14.7944072667942	-2.6520178607415046	-0.14314919471908577	-0.0001976103052229772	0.	0.	0.	0.	0.	0.	0.	0.	0.	0.	0.	0.	0.	0.	0.	0.	0.	0.	0.	0.	0.	0.	0.	0.	0.	0.	0.	0.	0.	0.	0.	0.	0.	0.	0.	0.	0.	0.	0.	0.	0.	0.	0.	0.	0.	0.	0.	0.	0.	0.	0.	0.	0.	0.	0.	0.	0.	0.	0.	0.	0.	0.	0.	-90155.52258879357	-167937.0403950366	-222176.78716626807	-267793.5442775257	-308841.000153178	-347180.5475950404	-383072.4260951297	-417884.9537769877	-451248.0854020575	-483945.51458496	-516164.1190105963	-547299.7818829285	-578560.0420709932
-30.175487216532975	-239.96558599793482	-443.079183048095	-633.8307629817562	-806.8229285481422	-957.086503316935	-1080.2266671304599	-1172.5763196311545	-1231.357013466375	-1254.8463815539264	-1242.5486999020648	-1195.3616535608282	-1115.7269461703925	-1007.7444462065689	-877.2184730404529	-731.5904249291348	-579.6954436688609	-431.2665764536704	-296.10855830195646	-182.89600118049833	-97.65241389422492	-42.18128836143957	-13.069899485364706	-2.263966812625409	-0.1156181055156465	-0.00014126985351884793	0.	0.	0.	0.	0.	0.	0.	0.	0.	0.	0.	0.	0.	0.	0.	0.	0.	0.	0.	0.	0.	0.	0.	0.	0.	0.	0.	0.	0.	0.	0.	0.	0.	0.	0.	0.	0.	0.	0.	0.	0.	0.	0.	0.	0.	0.	0.	0.	0.	0.	0.	0.	0.	0.	0.	0.	0.	0.	0.	0.	0.	0.	-50297.61804241162	-149231.9867944971	-207719.27397858564	-255467.44056221953	-297969.268620227	-336725.786296435	-373348.44602449675	-408653.24881517084	-442397.0749365371	-475588.33560860093	-507793.94948712236	-539301.6156516513	-570891.8066869171
-30.71614826528393	-244.3891521290363	-451.8382471743451	-647.7474155697496	-827.0405165628223	-984.9977065413251	-1117.3788566713456	-1220.5530189714239	-1291.6360459335476	-1328.635689533999	-1330.6024716895085	-1297.7821134387018	-1231.7615794327435	-1135.5952625964396	-1013.8899407089629	-872.8164578425022	-720.0027853913366	-564.2489075036767	-414.99385534075276	-281.4702594009596	-171.5225677115104	-90.17332042215398	-38.233054538358225	-11.56810556460354	-1.9381948577385422	-0.09377320353396412	-0.00010167985801410162	0.	0.	0.	0.	0.	0.	0.	0.	0.	0.	0.	0.	0.	0.	0.	0.	0.	0.	0.	0.	0.	0.	0.	0.	0.	0.	0.	0.	0.	0.	0.	0.	0.	0.	0.	0.	0.	0.	0.	0.	0.	0.	0.	0.	0.	0.	0.	0.	0.	0.	0.	0.	0.	0.	0.	0.	0.	0.	0.	0.	0.	0.	-127258.41059327139	-191966.7559118371	-242221.9023279405	-286019.72933741024	-325997.6485466209	-363072.02532063174	-399055.56703778426	-432870.0402655229	-466428.8421118584	-498766.2492508314	-530921.3597910046	-562517.3017107875
-31.202196186797604	-248.36929607442485	-459.7356369117711	-660.3333133454329	-845.3933029189403	-1010.4431324458957	-1151.4098782083436	-1264.7298600534955	-1347.4659921401146	-1397.433094630894	-1413.3304066081057	-1394.8788650907704	-1342.9581405542124	-1259.7345676398775	-1148.7655267182254	-1015.0580665957341	-865.0493809043476	-706.4646407496849	-547.9957969568025	-398.7387947697813	-267.33749860785724	-160.83023919802596	-83.30755340364679	-34.69456086936012	-10.258311735275626	-1.66392312699299	-0.07636274594149745	-0.00007365981186178805	0.	0.	0.	0.	0.	0.	0.	0.	0.	0.	0.	0.	0.	0.	0.	0.	0.	0.	0.	0.	0.	0.	0.	0.	0.	0.	0.	0.	0.	0.	0.	0.	0.	0.	0.	0.	0.	0.	0.	0.	0.	0.	0.	0.	0.	0.	0.	0.	0.	0.	0.	0.	0.	0.	0.	0.	0.	0.	0.	0.	0.	-100412.47080850058	-174478.66389761635	-227884.44668124162	-273359.2513064298	-314183.8067791813	-352564.50084747054	-388428.863038763	-423523.85695974494	-457172.1988237034	-489929.3304922435	-522146.914065137	-553566.847909821
-31.63390976653173	-251.90881386995764	-466.7791369439658	-671.604930507274	-861.9108134315703	-1033.4672463275263	-1182.3767644270913	-1305.1665126646526	-1398.8881524313829	-1461.2257549072604	-1490.6115621060328	-1486.3483396335257	-1448.7352610616776	-1379.1915771876477	-1280.368384763006	-1156.2332236465443	-1012.1046579641629	-854.6043939016677	-691.4836251145641	-531.2707169221072	-382.6849210726994	-253.77689956402762	-150.8100964261986	-77.0121733251828	-31.522204092206515	-9.114127709801497	-1.4323529406287312	-0.06242673348668008	-0.00005369213177518092	0.	0.	0.	0.	0.	0.	0.	0.	0.	0.	0.	0.	0.	0.	0.	0.	0.	0.	0.	0.	0.	0.	0.	0.	0.	0.	0.	0.	0.	0.	0.	0.	0.	0.	0.	0.	0.	0.	0.	0.	0.	0.	0.	0.	0.	0.	0.	0.	0.	0.	0.	0.	0.	0.	0.	0.	0.	0.	0.	0.	-61548.778211128694	-154250.29731027334	-212085.57365939478	-259739.42303820635	-302109.69904458657	-341030.2424115504	-377816.775429736	-413162.0483850894	-447305.2740456532	-480248.1661406146	-512707.0471805987	-544590.2064134878
-32.01172914889527	-255.0117190855434	-472.9784965341644	-681.5812775653671	-876.6248656952945	-1054.117043650795	-1210.34055277926	-1341.93095543311	-1445.9614849023326	-1520.0356708517716	-1562.3880192437512	-1571.9922219035723	-1548.6751292351628	-1493.232840901739	-1407.5424921547926	-1294.6593191395577	-1158.883042555666	-1005.7702822541681	-842.0607468122253	-675.4753666891946	-514.3372302130765	-366.96729052084083	-240.82755979253963	-141.4423195387862	-71.24394624211367	-28.676455653428796	-8.11291346963305	-1.2362859332094356	-0.05122534970580477	-0.000039369303059947345	0.	0.	0.	0.	0.	0.	0.	0.	0.	0.	0.	0.	0.	0.	0.	0.	0.	0.	0.	0.	0.	0.	0.	0.	0.	0.	0.	0.	0.	0.	0.	0.	0.	0.	0.	0.	0.	0.	0.	0.	0.	0.	0.	0.	0.	0.	0.	0.	0.	0.	0.	0.	0.	0.	0.	0.	0.	0.	0.	0.	-130872.90403727995	-194865.06348728915	-245253.26338662943	-288950.4928369659	-329043.20385603403	-366688.87627416645	-402369.61273877544	-437018.95706100273	-470330.1390764075	-503013.8737046498	-535128.9582026756
-32.33624936050672	-257.6832030244967	-478.3454051730338	-690.2836276052653	-889.5697075428511	-1072.442158509893	-1235.366010658169	-1375.0981097287963	-1488.758969304656	-1573.9120496461708	-1628.650980496618	-1651.6946842400428	-1642.4894879159272	-1601.3159951445707	-1529.3965293771746	-1428.9961123047435	-1303.50592066058	-1157.4926999383692	-996.6905817713701	-827.9034623618807	-658.7778302981089	-497.40083208330503	-351.6827628409153	-228.50802634119907	-132.69997847985502	-65.96065345921348	-26.121742890476472	-7.23526122724116	-1.0698187954380023	-0.0421857724082353	-0.000029031018537110137	0.	0.	0.	0.	0.	0.	0.	0.	0.	0.	0.	0.	0.	0.	0.	0.	0.	0.	0.	0.	0.	0.	0.	0.	0.	0.	0.	0.	0.	0.	0.	0.	0.	0.	0.	0.	0.	0.	0.	0.	0.	0.	0.	0.	0.	0.	0.	0.	0.	0.	0.	0.	0.	0.	0.	0.	0.	0.	0.	-101171.35813566699	-175544.42468086805	-229299.93409588977	-275140.31857702683	-316495.4403162452	-354677.3154989435	-391211.94351408165	-426197.8263967039	-459977.53837022395	-492995.0321776657	-525418.6651230421
-32.6082132226688	-259.9295878082698	-482.89344597990896	-697.7355860496061	-900.7820917081482	-1088.494930244992	-1257.5214393763572	-1404.7488563082354	-1527.3649471846925	-1622.92563892593	-1689.4303053608958	-1725.4049659995128	-1729.9930467798702	-1703.052425538415	-1645.2561003119624	-1558.1917907734014	-1444.4528838022668	-1307.7091131100804	-1152.7400120049076	-985.4074802903149	-812.536231185681	-641.6639252102218	-480.61982957089765	-336.89828484098587	-216.82169718239112	-124.55180558478943	-61.121915618465266	-23.826222596761568	-6.46453677058395	-0.9280980559048827	-0.03486244556760742	-0.000021523940792774465	0.	0.	0.	0.	0.	0.	0.	0.	0.	0.	0.	0.	0.	0.	0.	0.	0.	0.	0.	0.	0.	0.	0.	0.	0.	0.	0.	0.	0.	0.	0.	0.	0.	0.	0.	0.	0.	0.	0.	0.	0.	0.	0.	0.	0.	0.	0.	0.	0.	0.	0.	0.	0.	0.	0.	0.	0.	0.	-57192.788685415435	-153444.7657539646	-212069.32302662093	-260309.9030354122	-302973.6653410948	-342255.7413467354	-379260.2411832146	-414900.19412300194	-448943.18029623746	-482741.5411586467	-515386.87137978064
-32.82850371818919	-261.7582733302072	-486.6380304506111	-703.9630570369812	-910.3012947953875	-1102.3304245443571	-1276.8785129385458	-1430.969300958023	-1561.873140279267	-1667.1644727951514	-1744.7865718809749	-1793.1239867080617	-1811.0827020151619	-1798.1773722556263	-1754.624009077975	-1681.4350572733742	-1580.511710293855	-1454.7253821722857	-1307.9762551479541	-1145.2116143279281	-972.3803495576774	-796.2931680233906	-624.3524034770945	-464.11438070588736	-322.6575326077405	-205.76098353500703	-116.964203660411	-56.689676793641915	-21.76149886818858	-5.78647897244357	-0.8071230027593886	-0.02890726049979535	-0.00001604132499916418	0.	0.	0.	0.	0.	0.	0.	0.	0.	0.	0.	0.	0.	0.	0.	0.	0.	0.	0.	0.	0.	0.	0.	0.	0.	0.	0.	0.	0.	0.	0.	0.	0.	0.	0.	0.	0.	0.	0.	0.	0.	0.	0.	0.	0.	0.	0.	0.	0.	0.	0.	0.	0.	0.	0.	0.	0.	0.	-126745.9481627506	-192937.24664605016	-243956.61297277448	-288479.33297716617	-329019.5656389225	-366753.20212702494	-403142.89589151606	-437793.53287000034	-471632.11052783387	-504628.3027406566
-32.9981358796267	-263.1776789709528	-489.5963175956777	-708.994177525017	-918.1690879874963	-1114.0064088966938	-1293.5121246366896	-1453.8501994256883	-1592.3851401230847	-1706.730633241202	-1794.8049975862077	-1854.8939978739102	-1885.721261714785	-1886.5260803652952	-1857.1476789685855	-1798.1140136274298	-1710.7316570820126	-1597.1712052587582	-1460.5396838874353	-1304.9274801880533	-1135.4122869107043	-957.9966071834106	-779.4492869700778	-607.0171659917156	-447.973952290894	-308.9862129966709	-195.31050167611656	-109.90268206700466	-52.62845322347148	-19.902318657863816	-5.188853417319254	-0.7035871304363238	-0.02404706729525074	-0.000012015103132659044	0.	0.	0.	0.	0.	0.	0.	0.	0.	0.	0.	0.	0.	0.	0.	0.	0.	0.	0.	0.	0.	0.	0.	0.	0.	0.	0.	0.	0.	0.	0.	0.	0.	0.	0.	0.	0.	0.	0.	0.	0.	0.	0.	0.	0.	0.	0.	0.	0.	0.	0.	0.	0.	0.	0.	0.	0.	-92790.53966594818	-171208.21310687764	-226824.17957954554	-273318.66931718396	-314816.96069069917	-353642.68808661686	-390529.9891105504	-426169.0622534351	-460294.3220580597	-493769.4015054121
-33.11824826745218	-264.1971808992385	-491.7871200937328	-712.8592244477468	-924.429666389305	-1123.5832850931454	-1307.5002255880706	-1473.4864816599047	-1619.0092246234371	-1741.7377435018864	-1839.590732624573	-1910.7905243800067	-1953.92464951707	-1968.0147808943775	-1952.5926231271235	-1907.7815778292281	-1834.3819418821593	-1733.9558556801462	-1608.9060534692583	-1462.5395099341029	-1299.1031857456285	-1123.7742289190032	-942.5814642504168	-762.2296847003621	-589.7951363916188	-432.2634390551374	-295.89627798886227	-185.44950756955535	-103.33286657441435	-48.90542160741682	-18.22626603492193	-4.661154822071754	-0.6147503941937139	-0.020066634730084267	-9.042716198888806e-6	0.	0.	0.	0.	0.	0.	0.	0.	0.	0.	0.	0.	0.	0.	0.	0.	0.	0.	0.	0.	0.	0.	0.	0.	0.	0.	0.	0.	0.	0.	0.	0.	0.	0.	0.	0.	0.	0.	0.	0.	0.	0.	0.	0.	0.	0.	0.	0.	0.	0.	0.	0.	0.	0.	0.	0.	-32668.011272275206	-146049.43072983107	-207238.613799613	-256634.2419290092	-300217.54105623317	-340145.35966013384	-377764.13629500306	-413708.76619865035	-448317.0779053353	-482021.39888360735
-33.19009410731528	-264.8270457274669	-493.23079975965	-715.5904995418144	-929.1295432771202	-1131.1239825491357	-1318.9236465704425	-1489.976835575772	-1641.8594011103446	-1772.3089904017152	-1879.2651685293758	-1960.9160335129748	-2015.7517875053838	-2042.625495323747	-2040.820911277488	-2010.1267328255344	-1950.915871270367	-1864.2272177507755	-1751.8458037457879	-1616.3750644509034	-1461.291963521343	-1290.971925824729	-1110.6658900582556	-926.4066993679929	-744.8174952236982	-572.7928764858777	-417.0281620714429	-283.3892623722725	-176.15374269553607	-97.22119306480624	-45.490400385786536	-16.71346783171838	-4.194352556013869	-0.5383361038258737	-0.016795679169646714	-6.837144333303361e-6	0.	0.	0.	0.	0.	0.	0.	0.	0.	0.	0.	0.	0.	0.	0.	0.	0.	0.	0.	0.	0.	0.	0.	0.	0.	0.	0.	0.	0.	0.	0.	0.	0.	0.	0.	0.	0.	0.	0.	0.	0.	0.	0.	0.	0.	0.	0.	0.	0.	0.	0.	0.	0.	0.	0.	0.	-115438.75280272138	-185995.36757196055	-238633.4652792339	-284357.4695438229	-325624.96796622995	-364271.8050482595	-400665.9715989158	-435959.01675174973	-470268.52103303385
-33.21503215575379	-265.0783612465983	-493.949154369927	-717.2221958756019	-932.3174149337268	-1136.6938169288555	-1327.8658992116339	-1503.4233243396918	-1661.0546055143388	-1798.575529996807	-1913.9630012390433	-2005.3949106552823	-2071.296542426935	-2110.3938503775316	-2121.7736971671134	-2104.950773693376	-2059.9403663664675	-1987.335338592537	-1888.384545045972	-1765.068285615157	-1620.164197681851	-1457.294055526229	-1280.9382284263454	-1096.400141708553	-909.6984346263301	-727.3607184891783	-556.0921137943982	-402.29793645744866	-271.45891747738756	-167.39682337700776	-91.53536799950727	-42.355761888581505	-15.346317856172465	-3.7806737026113493	-0.47244753751450325	-0.014098946437824977	-5.192541429163941e-6	0.	0.	0.	0.	0.	0.	0.	0.	0.	0.	0.	0.	0.	0.	0.	0.	0.	0.	0.	0.	0.	0.	0.	0.	0.	0.	0.	0.	0.	0.	0.	0.	0.	0.	0.	0.	0.	0.	0.	0.	0.	0.	0.	0.	0.	0.	0.	0.	0.	0.	0.	0.	0.	0.	0.	-72663.4557608144	-161379.1471263327	-219263.7935594263	-267267.4818594394	-310120.4259701404	-349909.2242924718	-387042.6766378072	-422946.43527851236	-457860.2541169379
-33.19451736314374	-264.9629649256299	-493.9652976793864	-717.7902496390691	-934.0440011996043	-1140.360318792574	-1334.4129556259277	-1513.9310205993575	-1676.7180094604125	-1820.675171881959	-1943.8298564370114	-2044.369426305568	-2120.68126273179	-2171.3992570740616	-2195.4570158496626	-2192.147738039213	-2161.1903302689025	-2102.8007488444105	-2017.7667255525432	-1907.5228542336617	-1774.221376359293	-1620.7917863150158	-1450.979478133385	-1269.3500462370969	-1081.2416867662762	-892.6439478503794	-709.978041543047	-539.7543397339549	-388.09037090295783	-260.09328158971744	-159.15127718420248	-86.24465797143974	-39.47630202977646	-14.109223243512222	-3.413418505070132	-0.4155003577162521	-0.011868594826173057	-3.96044286349064e-6	0.	0.	0.	0.	0.	0.	0.	0.	0.	0.	0.	0.	0.	0.	0.	0.	0.	0.	0.	0.	0.	0.	0.	0.	0.	0.	0.	0.	0.	0.	0.	0.	0.	0.	0.	0.	0.	0.	0.	0.	0.	0.	0.	0.	0.	0.	0.	0.	0.	0.	0.	0.	0.	0.	0.	-132158.65477543153	-197698.95721712918	-249056.40325472245	-293863.2814551483	-334860.32865435845	-373244.1148595231	-409419.41863115464	-444555.6281117632
-33.13009140158358	-264.4933708249303	-493.30353429006465	-717.3321803556265	-934.36186637302	-1142.1930369899626	-1338.6530075170492	-1521.6076475464024	-1688.9764012791338	-1838.7512669833268	-1969.020336068288	-2077.996458080159	-2164.051544904367	-2225.7569457836894	-2261.9302000673424	-2271.688286257471	-2254.5072047774906	-2210.287317635435	-2139.423266344526	-2042.8764288373575	-1922.2466675149028	-1779.8384600078948	-1618.714284927528	-1442.7252768500493	-1256.50567555034	-1065.4136813884356	-875.3975883206656	-692.7637737557479	-523.8246208917395	-374.4135361758648	-249.2763008416713	-151.38930729955467	-81.32005507646464	-36.82908615556311	-12.988374208817044	-3.0868035559391735	-0.3661677089786122	-0.010018320347996086	-3.0331872331398733e-6	0.	0.	0.	0.	0.	0.	0.	0.	0.	0.	0.	0.	0.	0.	0.	0.	0.	0.	0.	0.	0.	0.	0.	0.	0.	0.	0.	0.	0.	0.	0.	0.	0.	0.	0.	0.	0.	0.	0.	0.	0.	0.	0.	0.	0.	0.	0.	0.	0.	0.	0.	0.	0.	0.	-94100.05179869701	-173371.20876199787	-229286.86676112594	-276508.3633833756	-318835.87978146074	-357988.17720335355	-395286.3669977161	-431292.9586946891
-33.023373123716844	-263.68269553806067	-491.98923088497054	-715.8869223418234	-933.3252246421172	-1142.263321381038	-1340.676206956291	-1526.5632211195452	-1697.9596183379485	-1852.9517449179373	-1989.6963821394381	-2106.444790378713	-2201.57195278046	-2273.611459804683	-2321.2963891902414	-2343.6064016981773	-2339.8210735667235	-2309.579189335261	-2252.9432845592555	-2170.468102141737	-2063.2707388822864	-1933.0990250000223	-1782.3930017322502	-1614.3321487498354	-1432.8582043952135	-1242.6600636550584	-1049.1035876917263	-858.0858789904887	-675.7920127110715	-508.3347484398737	-361.26811719572083	-238.9890922717042	-144.083347864274	-76.73435305743942	-34.393283861878274	-11.971537017806023	-2.79582864125827	-0.3233355119590478	-0.00847880687496263	-2.332293226017669e-6	0.	0.	0.	0.	0.	0.	0.	0.	0.	0.	0.	0.	0.	0.	0.	0.	0.	0.	0.	0.	0.	0.	0.	0.	0.	0.	0.	0.	0.	0.	0.	0.	0.	0.	0.	0.	0.	0.	0.	0.	0.	0.	0.	0.	0.	0.	0.	0.	0.	0.	0.	0.	0.	-14225.595763596682	-144521.6168953824	-207242.59275839993	-257628.5288561612	-301853.48517748946	-342322.81100590434	-380771.45512928587	-417253.53403764573
-32.876049016257156	-262.5445837423965	-490.04868520899544	-713.4946499514468	-930.9897338264495	-1140.644089240683	-1340.5743917379443	-1528.909690662632	-1703.8000153101564	-1863.428262386375	-2006.0258813090693	-2129.8928586780266	-2233.422478728552	-2315.1312976839636	-2373.6947091403376	-2407.9883840707116	-2417.1357271749644	-2400.5612792574225	-2358.0496828825244	-2289.809374907316	-2196.5395209055455	-2079.4977949331947	-1940.5653520424098	-1782.3036516370175	-1607.9955876869867	-1421.6606323689787	-1228.0304807350985	-1032.4683031704749	-840.8118934342708	-659.1201481969528	-493.30583375137866	-348.6491437134779	-229.2109226716783	-137.20645932115633	-72.46216028496534	-32.15000145080961	-11.04786913070646	-2.5361636850767146	-0.2860659714657711	-0.007194188093187154	-1.800262016628199e-6	0.	0.	0.	0.	0.	0.	0.	0.	0.	0.	0.	0.	0.	0.	0.	0.	0.	0.	0.	0.	0.	0.	0.	0.	0.	0.	0.	0.	0.	0.	0.	0.	0.	0.	0.	0.	0.	0.	0.	0.	0.	0.	0.	0.	0.	0.	0.	0.	0.	0.	0.	0.	0.	-108766.8326118835	-182679.1215967536	-237171.7101864723	-283982.6698522706	-326015.2472530916	-365307.3166464413	-402649.6985381612
-32.68986370926882	-261.0931339040347	-487.5089940613963	-710.1965988867282	-927.4122808376998	-1137.4095794304114	-1338.4407985749272	-1528.7605773738944	-1706.6319584646976	-1870.3354352268996	-2018.1814539868708	-2148.526838130937	-2259.795585342367	-2350.5044633338603	-2419.29378802649	-2464.963703219531	-2486.5161810482223	-2483.2028118746507	-2454.578228335965	-2400.558680511398	-2321.4848067022785	-2218.1869741072774	-2092.0506296659623	-1945.0778263351408	-1779.9393933465042	-1600.010035043155	-1409.3759595817828	-1212.8015676857983	-1015.6386266007612	-823.6589944876058	-642.7918008286042	-478.7504425100302	-336.54737798773476	-219.9199621821933	-130.73260181100395	-68.47986893743233	-30.082117741929892	-10.207754996489973	-2.3040527356634986	-0.25356771579961385	-0.006119285422568647	-1.3947624555822348e-6	0.	0.	0.	0.	0.	0.	0.	0.	0.	0.	0.	0.	0.	0.	0.	0.	0.	0.	0.	0.	0.	0.	0.	0.	0.	0.	0.	0.	0.	0.	0.	0.	0.	0.	0.	0.	0.	0.	0.	0.	0.	0.	0.	0.	0.	0.	0.	0.	0.	0.	0.	0.	-51577.24941104966	-154244.2404776511	-214855.82304555326	-264630.1981584735	-308756.7812737311	-349154.7206607825	-387049.3767133391
-32.466610599074684	-259.34282464681087	-484.3979214552326	-706.0348856323228	-922.6507619339288	-1132.6350981250544	-1334.3697675341798	-1526.2306112147594	-1706.5913398349312	-1873.8301348682412	-2026.3393866019424	-2162.539001748916	-2280.8937042678926	-2379.934736684632	-2458.286341964716	-2514.69736141062	-2548.078215578684	-2557.543428016426	-2542.459692820359	-2502.4992507940105	-2437.697996237465	-2348.517245720127	-2235.9074095372416	-2101.370852086489	-1947.0199364802047	-1775.6245489577404	-1590.6412386325733	-1396.2134978941542	-1197.129792553326	-998.7231259361577	-806.6940165428629	-626.8392803929643	-464.67434546205953	-324.9504238450501	-211.0938597568302	-124.63681612382939	-64.76559469741159	-28.174126862929114	-9.442660748663323	-2.0962323795149245	-0.22517130161522328	-0.005217443448152193	-1.0844836403172298e-6	0.	0.	0.	0.	0.	0.	0.	0.	0.	0.	0.	0.	0.	0.	0.	0.	0.	0.	0.	0.	0.	0.	0.	0.	0.	0.	0.	0.	0.	0.	0.	0.	0.	0.	0.	0.	0.	0.	0.	0.	0.	0.	0.	0.	0.	0.	0.	0.	0.	0.	0.	0.	-119019.62454144265	-189882.88230539908	-243402.60897696266	-289890.9935423254	-331862.8224867315	-371223.5578322858
-32.20812263910862	-257.3084422585021	-480.7437679963391	-701.052326861245	-916.7638605332629	-1126.3967595762379	-1328.4564410972862	-1521.435367793169	-1703.8151077818623	-1874.0708358078023	-2030.678676767416	-2172.126291164886	-2296.927097773253	-2403.638519496087	-2490.884621324463	-2557.3834801631465	-2601.9795790950598	-2623.681444712908	-2621.704633284553	-2595.5200028057543	-2544.9069602930726	-2470.0110159737255	-2371.4044678198406	-2250.1483299819865	-2107.8526458244914	-1946.731022063955	-1769.6435225552877	-1580.1199287299146	-1382.352843538749	-1181.1473600559455	-981.8114742172469	-789.9699665491713	-611.2856379961742	-451.07795155029413	-313.8436098398399	-202.71017809146448	-118.89533503388921	-61.299097487607035	-26.41199017445659	-8.74500598851269	-1.9098623604912643	-0.20030907015592941	-0.004458827279940982	-8.461609746000507e-7	0.	0.	0.	0.	0.	0.	0.	0.	0.	0.	0.	0.	0.	0.	0.	0.	0.	0.	0.	0.	0.	0.	0.	0.	0.	0.	0.	0.	0.	0.	0.	0.	0.	0.	0.	0.	0.	0.	0.	0.	0.	0.	0.	0.	0.	0.	0.	0.	0.	0.	0.	-67099.42002843099	-160929.53127207267	-220749.62712994116	-270076.123314495	-314098.2962890887	-354212.76503213414
-31.916263349129423	-255.0050097695026	-476.575242436058	-695.2922604715234	-909.8108250672362	-1118.7712250874908	-1320.7964611167754	-1514.4909072401529	-1698.4408123095504	-1871.217005010304	-2031.3801692697602	-2177.4890577934916	-2308.1120108058576	-2421.842142976185	-2517.3165519215486	-2593.2398835182926	-2648.412558086681	-2681.763910986275	-2692.3904222918673	-2679.5990904632804	-2642.955826989916	-2582.3384894608557	-2497.993798297275	-2390.5968573238465	-2261.3112704745013	-2111.8468574473527	-1944.5106571848248	-1762.245214510747	-1568.646048902947	-1367.9477586283012	-1164.9656240399283	-964.9773168754623	-773.528311028941	-596.1463758382905	-437.95747845792283	-303.2106895648153	-194.74671797256806	-113.4856426502376	-58.06169092157156	-24.782998462853495	-8.108050876078364	-1.7424665207335872	-0.17849854072314725	-0.0038190784060814953	-6.624327103175201e-7	0.	0.	0.	0.	0.	0.	0.	0.	0.	0.	0.	0.	0.	0.	0.	0.	0.	0.	0.	0.	0.	0.	0.	0.	0.	0.	0.	0.	0.	0.	0.	0.	0.	0.	0.	0.	0.	0.	0.	0.	0.	0.	0.	0.	0.	0.	0.	0.	0.	0.	0.	-125474.77305680445	-194876.35159792443	-248169.28341509614	-294424.3040463622	-336665.5974437725
-31.592918089032846	-252.44771800052524	-471.9213362569794	-688.7983697344366	-901.8512490873991	-1109.8354430725287	-1311.4856667568138	-1505.5134173596773	-1690.6061647424845	-1865.4285272001937	-2028.6257668865674	-2178.8299424158026	-2314.669058198228	-2434.779549817281	-2537.822440682337	-2622.5034950373256	-2687.597672908581	-2731.978159070992	-2754.6501839814723	-2754.789770585502	-2731.787414070038	-2685.2965144143054	-2615.2861103341515	-2522.097076844595	-2406.5004074851568	-2269.7554576133466	-2113.665021082588	-1940.622791388535	-1753.6470736546096	-1556.3925564842457	-1353.1295971096	-1148.6780539810738	-948.2807293925854	-757.4009086752486	-581.4308692143389	-425.3059064436558	-293.0343942005666	-187.18175587921013	-108.38649536960924	-55.03614601075143	-23.275644835361778	-7.525796842258797	-1.5918824714039148	-0.15932868643400813	-0.0032782498148809028	-5.202873779869474e-7	0.	0.	0.	0.	0.	0.	0.	0.	0.	0.	0.	0.	0.	0.	0.	0.	0.	0.	0.	0.	0.	0.	0.	0.	0.	0.	0.	0.	0.	0.	0.	0.	0.	0.	0.	0.	0.	0.	0.	0.	0.	0.	0.	0.	0.	0.	0.	0.	0.	0.	-75271.07332678049	-165491.53646252086	-224596.0298140639	-273932.2188668827	-317568.82523572235
-31.239985639045898	-249.65185893639728	-466.8112020586397	-681.6145118677027	-892.9448555886445	-1099.666392771962	-1300.6197962820713	-1494.6188634216967	-1680.4486121981258	-1856.8651622223815	-2022.5977045278921	-2176.3528693060985	-2316.8218046190864	-2442.69028175668	-2552.6521428961255	-2645.4264024248023	-2719.778302280854	-2774.5446006922402	-2808.663337091236	-2821.208258965744	-2811.4280057618316	-2778.7900118782654	-2723.0288937743867	-2644.198803522243	-2542.7288309936125	-2419.479980334651	-2275.801486234309	-2113.5832186848875	-1935.2995990845548	-1744.03877819504	-1543.508812438726	-1338.0103141048542	-1132.3628053063621	-931.7703189883891	-741.6116405921449	-567.1435471759655	-413.11375360918316	-283.29686585778353	-179.99421378125356	-103.57791487308337	-52.20659307510038	-21.879508283776435	-6.992899360220485	-1.4562186497506104	-0.14244856423598748	-0.002819959468326973	-4.0993381367843843e-7	0.	0.	0.	0.	0.	0.	0.	0.	0.	0.	0.	0.	0.	0.	0.	0.	0.	0.	0.	0.	0.	0.	0.	0.	0.	0.	0.	0.	0.	0.	0.	0.	0.	0.	0.	0.	0.	0.	0.	0.	0.	0.	0.	0.	0.	0.	0.	0.	0.	0.	-129433.73271257627	-198228.78354410245	-251522.98788344936	-297724.9264532865
-30.859370124020373	-246.63276174310857	-461.2740364202102	-673.7845521880712	-883.1512872768791	-1088.3408339161606	-1288.294195307042	-1481.9226469376156	-1668.1049277995724	-1845.6860321987556	-2013.4778785027154	-2170.2621370142815	-2314.795504758234	-2445.817719697881	-2562.062609883057	-2662.2724730236882	-2745.2160772045104	-2809.710561370708	-2854.6474912214285	-2879.023287169388	-2881.974178957566	-2862.815746535103	-2821.0869654417315	-2756.598469131092	-2669.4844464581984	-2560.2571791245605	-2429.8626527525726	-2279.734900966019	-2111.845713792179	-1928.7450145762957	-1733.5855520208038	-1530.1235879787528	-1322.6850990223188	-1116.0849404343699	-915.4850184380256	-726.1777833620289	-553.2848711686757	-401.3697051144123	-273.9799949172812	-173.16377616960443	-99.04116116422801	-49.55842461713975	-20.585147578059278	-6.504591353073283	-1.3338176297679003	-0.12755787251314848	-0.0024307151085024535	-3.2397493549094047e-7	0.	0.	0.	0.	0.	0.	0.	0.	0.	0.	0.	0.	0.	0.	0.	0.	0.	0.	0.	0.	0.	0.	0.	0.	0.	0.	0.	0.	0.	0.	0.	0.	0.	0.	0.	0.	0.	0.	0.	0.	0.	0.	0.	0.	0.	0.	0.	0.	0.	-78436.03135614628	-167937.0403950366	-226848.93009601926	-276492.9957751153
-30.452973313426526	-243.4057317046525	-455.33896782962387	-665.3522048466406	-872.5299042857641	-1075.9350643446594	-1274.6035338515846	-1467.5392756428269	-1653.7108178583303	-1832.0491372802953	-2001.4472251301627	-2160.7615924327497	-2308.815978795106	-2444.407534745793	-2566.3157529659134	-2673.314426876413	-2764.186914799589	-2837.744982406672	-2892.8514827348827	-2928.447107949509	-2943.5814049713117	-2937.4481807625275	-2909.425322390318	-2859.118908279512	-2786.411272030633	-2691.51237483614	-2575.0134162625372	-2437.941028291471	-2281.8096100927305	-2108.6683242575564	-1921.137947744162	-1722.4311330322773	-1516.3477191437426	-1307.2346721696338	-1099.89834373011	-899.4556146225551	-711.111163899911	-539.8521448152236	-390.0611163304234	-265.065680205602	-166.67096623760622	-94.75869174943287	-47.07820103882843	-19.38400496304939	-6.0566159563301	-1.2232247318563305	-0.1143990907367061	-0.0020993739713744833	-2.568009035339458e-7	0.	0.	0.	0.	0.	0.	0.	0.	0.	0.	0.	0.	0.	0.	0.	0.	0.	0.	0.	0.	0.	0.	0.	0.	0.	0.	0.	0.	0.	0.	0.	0.	0.	0.	0.	0.	0.	0.	0.	0.	0.	0.	0.	0.	0.	0.	0.	0.	0.	-130377.4483745857	-199780.72760533929	-253264.9951639753
-30.022687326476674	-239.9859923199401	-449.03495018341897	-656.3608810060964	-861.1395906362633	-1062.5246873260776	-1259.6415342754544	-1451.582046739059	-1637.400547378217	-1816.1108995106479	-1986.6851446649648	-2148.0538781567043	-2299.108603973974	-2438.706317704544	-2565.6765730288316	-2678.8312927268344	-2776.977588202688	-2858.9338508164597	-2923.549371836864	-2969.727732967973	-2996.4541815278108	-3002.8271599456766	-2988.0940873928785	-2951.691385813961	-2893.288586107587	-2812.8361261898403	-2710.6161364468126	-2587.295069484949	-2443.976433260447	-2282.2510874608784	-2104.241518948737	-1912.6351873683698	-1710.7004160705833	-1502.2764419037815	-1291.7272826697103	-1083.8473695120344	-883.7060492189056	-696.4191294821214	-526.8401827540755	-379.17443014820435	-256.5360272834947	-160.49719064792464	-90.71411159036855	-44.75356043124682	-18.26831902434283	-5.6451674911024075	-1.1231611270637227	-0.10275092066087209	-0.0018167090869451873	-2.0414147256983318e-7	0.	0.	0.	0.	0.	0.	0.	0.	0.	0.	0.	0.	0.	0.	0.	0.	0.	0.	0.	0.	0.	0.	0.	0.	0.	0.	0.	0.	0.	0.	0.	0.	0.	0.	0.	0.	0.	0.	0.	0.	0.	0.	0.	0.	0.	0.	0.	0.	-77539.16082994246	-167953.44068170962	-227862.7865958804
-29.57038776427769	-236.38863074969254	-442.390662278216	-646.8535451817829	-849.0385705349743	-1048.1843900678255	-1243.500711891154	-1434.1627452398127	-1619.3065852344932	-1798.0257347692648	-1969.3689677537816	-2132.3397456627886	-2285.8974075067545	-2428.9603616000486	-2560.411515452781	-2679.1061871928478	-2783.882747375376	-2873.5762428044573	-2947.03525260323	-3003.1422191556308	-3040.837479806412	-3059.1471952942247	-3057.2153221848616	-3034.339701338729	-2990.012222177549	-2923.962859114684	-2836.2071434001705	-2727.0963068536794	-2597.3688835456846	-2448.201945523923	-2281.259338893693	-2098.7332368693155	-1903.374006712683	-1698.5017960900059	-1487.9914400302773	-1276.2204428139364	-1067.968258140866	-868.254524149	-682.1053615037868	-514.2418619631953	-368.69549534398135	-248.3734972257481	-154.62476033965183	-86.89211731954937	-42.573133191639535	-17.231046038585603	-5.266839633289423	-1.0325007578617764	-0.09242280083801306	-0.0015750600684311044	-1.6273438484056953e-7	0.	0.	0.	0.	0.	0.	0.	0.	0.	0.	0.	0.	0.	0.	0.	0.	0.	0.	0.	0.	0.	0.	0.	0.	0.	0.	0.	0.	0.	0.	0.	0.	0.	0.	0.	0.	0.	0.	0.	0.	0.	0.	0.	0.	0.	0.	0.	0.	-129098.28680754435	-199314.87413622648
-29.097927288965888	-232.62854678347972	-435.43441364141836	-636.8725803367385	-836.284235403492	-1032.9877346624	-1226.2721297851922	-1415.391359029461	-1599.5592703020397	-1777.9456530197021	-1949.6734625076763	-2113.817428688339	-2269.404249363793	-2415.4145772211236	-2550.787018451274	-2674.4243691328033	-2785.20232270379	-2881.9808871294463	-2963.6187526640197	-3028.9908488615183	-3077.009320554247	-3106.648133878529	-3116.971490893401	-3107.1661791247334	-3076.5779025584025	-3024.7515224983495	-2951.4749660315742	-2856.8263179284895	-2741.223274780527	-2605.4736784808015	-2450.8252248679896	-2279.011624166706	-2092.291436169478	-1893.4744905370728	-1685.929238339676	-1473.562636611465	-1260.7624309666562	-1052.290351250919	-853.1144400492527	-668.1705572660093	-502.0485752048444	-358.6098316962204	-240.56101591298454	-149.0368932541248	-83.27843832954166	-40.52646187747638	-16.265789110815508	-4.918579883113431	-0.9502505036466845	-0.08325030832581222	-0.0013680510898886908	-1.3007871980339762e-7	0.	0.	0.	0.	0.	0.	0.	0.	0.	0.	0.	0.	0.	0.	0.	0.	0.	0.	0.	0.	0.	0.	0.	0.	0.	0.	0.	0.	0.	0.	0.	0.	0.	0.	0.	0.	0.	0.	0.	0.	0.	0.	0.	0.	0.	0.	0.	-72339.99847909725	-166096.8457491121
-28.607129662783134	-228.7204054383964	-428.1940569543246	-626.4596622060017	-822.9329824058975	-1017.0069624873654	-1208.0451691161684	-1395.3758120017244	-1578.2864996683925	-1756.0198872036976	-1927.7703808605293	-2092.6820725488287	-2249.8480860362756	-2398.3115258619227	-2537.0682292738084	-2665.071530579193	-2781.239255684758	-2884.4631716902977	-2973.621121346016	-3047.5920738351683	-3105.274320091567	-3145.6070304626983	-3167.5953718616765	-3170.3393462907834	-3153.066456822034	-3115.168222694627	-3056.240441253282	-2976.1269165894923	-2874.9661242230786	-2753.2399342222307	-2611.823042703535	-2452.031129968149	-2275.664935692166	-2085.0463862824886	-1883.041605076138	-1673.064102136009	-1459.04975811026	-1245.3935920073125	-1036.837133465273	-838.2951922067809	-654.6130004429907	-490.25060302393024	-348.9028354150064	-233.08205193968803	-143.71770360368197	-79.8597766671245	-38.60392646014826	-15.366734414188105	-4.5976495473970465	-0.8755331083991126	-0.07509129543900625	-0.00119036246182248	-1.0425070867575223e-7	0.	0.	0.	0.	0.	0.	0.	0.	0.	0.	0.	0.	0.	0.	0.	0.	0.	0.	0.	0.	0.	0.	0.	0.	0.	0.	0.	0.	0.	0.	0.	0.	0.	0.	0.	0.	0.	0.	0.	0.	0.	0.	0.	0.	0.	0.	0.	-125106.45722102476
-28.099784257807954	-224.67859328449657	-420.69690727485676	-615.6556431817828	-809.040064967697	-1000.3128128596005	-1188.907315906663	-1374.221716394188	-1555.6134398914364	-1732.3945511335482	-1903.8280432551655	-2069.1252161040975	-2227.4443082481926	-2377.8905566692865	-2519.5178677801114	-2651.332293016164	-2772.2975114785722	-2881.3425304586654	-2977.3718215198373	-3059.2781142751583	-3125.9580708744134	-3176.3310598117796	-3209.3612358238424	-3224.083109387113	-3219.6307521937692	-3195.2707243822488	-3150.4387211754556	-3084.779806382107	-2998.1919154054567	-2890.8720514574784	-2763.364242171393	-2616.6078411447074	-2451.9841175213173	-2271.358241818752	-2077.112719852271	-1872.1670333805353	-1659.9767437833314	-1444.5036975488827	-1230.1474612229226	-1021.6271245240189	-823.8028449531969	-641.429037736065	-478.8374180361475	-339.5599410707795	-225.92066968620694	-138.652181310141	-76.6237471410756	-36.79667496691959	-14.528593876259158	-4.30158854391913	-0.8075724629015006	-0.0678226368866868	-0.0010375450939167775	-8.37656661605335e-8	0.	0.	0.	0.	0.	0.	0.	0.	0.	0.	0.	0.	0.	0.	0.	0.	0.	0.	0.	0.	0.	0.	0.	0.	0.	0.	0.	0.	0.	0.	0.	0.	0.	0.	0.	0.	0.	0.	0.	0.	0.	0.	0.	0.	0.	0.	-61548.778211128694
-27.577641041675076	-220.51717853986273	-412.9696681821773	-604.5004460278836	-794.6594557659231	-982.9743565396592	-1168.9439651067114	-1352.0321451887235	-1531.6622620621156	-1707.2123266743852	-1878.0109609132778	-2043.3343237666086	-2202.4041470053266	-2354.387038465463	-2498.3952208151672	-2633.488883630647	-2758.6803363732015	-2872.9401590815387	-2975.205555773268	-3064.391122022211	-3139.4022420351475	-3199.151330539293	-3242.5771291522124	-3268.6672534218064	-3276.4841611879156	-3265.1946730796144	-3234.103111502894	-3182.6880318735552	-3110.642383835248	-3017.916748451867	-2904.765030228441	-2771.7916170974117	-2619.9985291903236	-2450.8304267530675	-2266.21450696352	-2068.5912628833917	-1860.9307982587172	-1646.7279226670123	-1429.9677009831144	-1215.0517346417716	-1006.6746426724357	-809.6407025549338	-628.613476533531	-467.79793297767736	-330.56674736098887	-219.0615628388046	-133.82616444724397	-73.55881865139335	-35.09655938011827	-13.746553694488059	-4.02818442344864	-0.7456808968825945	-0.06133748492335304	-0.0009058693766033826	-6.7474106527578e-8	0.	0.	0.	0.	0.	0.	0.	0.	0.	0.	0.	0.	0.	0.	0.	0.	0.	0.	0.	0.	0.	0.	0.	0.	0.	0.	0.	0.	0.	0.	0.	0.	0.	0.	0.	0.	0.	0.	0.	0.	0.	0.	0.	0.	0.	0.
-27.04240604108684	-216.24987496094136	-405.0383648937037	-593.0329675372965	-779.8437223883969	-965.0588445061497	-1148.2382424811694	-1328.9074252076377	-1506.551901221083	-1680.6121803968929	-1850.4794950438995	-2015.4923654084048	-2174.934143405715	-2328.031677796332	-2473.955253869733	-2611.819970787292	-2740.688729824314	-2859.5770165358526	-2967.4596689635014	-3063.2798318877267	-3145.9603031224624	-3214.4174810015056	-3267.5781212175975	-3304.3991042422276	-3323.890399183538	-3325.141382695364	-3307.3506277296615	-3269.859210147067	-3212.1874829044773	-3134.0751263943944	-3035.5240847771665	-2916.843723073088	-2778.697165209563	-2622.147271766424	-2448.7000575241304	-2260.3425033286603	-2059.5706621500526	-1849.4026942375065	-1633.3700327331117	-1415.4783990027224	-1200.1291060854842	-991.9904574036814	-795.8097920292461	-616.1599161035375	-457.12070208974745	-321.9091134761792	-212.49007261643584	-129.22630689210405	-70.65425744157972	-33.49607658310441	-13.01622810726434	-3.7754450813426264	-0.6892481893788394	-0.05554294825289755	-0.00079220176541317	-5.448329743289656e-8	0.	0.	0.	0.	0.	0.	0.	0.	0.	0.	0.	0.	0.	0.	0.	0.	0.	0.	0.	0.	0.	0.	0.	0.	0.	0.	0.	0.	0.	0.	0.	0.	0.	0.	0.	0.	0.	0.	0.	0.	0.	0.	0.	0.	0.
-26.4957372811898	-211.89000951472815	-396.92828436584773	-581.2909922003844	-764.6439158251976	-946.6315722057639	-1126.8708446607702	-1304.9449513057893	-1480.3978404632223	-1652.729109737743	-1821.389552360752	-1985.7774423223439	-2145.2356783874916	-2299.049916378865	-2446.447828880154	-2586.5996416186117	-2718.6201060187777	-2841.5720775339655	-2954.4718790481397	-3056.296637498379	-3145.9937893671577	-3222.4929561185336	-3284.720393023348	-3331.6162127848265	-3362.154577071429	-3375.36703191309	-3370.369133384609	-3346.3904632642016	-3302.8080639023206	-3239.1832186667707	-3155.301357591556	-3051.2146624398274	-2927.286662591453	-2784.2377300984035	-2623.1898721896205	-2445.7085534369176	-2253.8384302227896	-2050.128828715729	-1837.6435487198573	-1619.9481796404923	-1401.066702671467	-1185.397988737665	-977.5823472131875	-782.3092710924999	-604.0610228989651	-446.7940838219255	-313.57323162144587	-206.19219413116082	-124.8400428917633	-67.90007274291018	-31.98831409270059	-12.333617892424007	-3.541574697735887	-0.6377320501004015	-0.050358125175215526	-0.0006939037255886939	-4.409781433783037e-8	0.	0.	0.	0.	0.	0.	0.	0.	0.	0.	0.	0.	0.	0.	0.	0.	0.	0.	0.	0.	0.	0.	0.	0.	0.	0.	0.	0.	0.	0.	0.	0.	0.	0.	0.	0.	0.	0.	0.	0.	0.	0.	0.	0.
-25.939241195483145	-207.45049379449696	-388.6639223190286	-569.3111158204173	-749.1094717891519	-927.7557593919253	-1104.9198975160466	-1280.239021840102	-1453.3119198520756	-1623.6939185428516	-1790.892316236061	-1954.3624575703705	-2113.5045591240287	-2267.6614021914042	-2416.1170188522883	-2558.096507485637	-2692.7671241202197	-2819.2408062787276	-2936.5782960086176	-3043.7950382859026	-3139.8690395155013	-3223.7508778862075	-3294.376062128267	-3350.679936750973	-3391.615328707581	-3416.173120715241	-3423.4059174933655	-3412.45493934131	-3382.580227818753	-3333.1941741787377	-3263.8982738055615	-3174.5228576651816	-3065.1693398252783	-2936.254229813569	-2788.5537673770705	-2623.247519051563	-2441.9586031728177	-2246.787357383589	-2040.3342157108934	-1825.7063310675678	-1606.5011219328949	-1386.758581136673	-1170.8731367910088	-963.4555758918838	-769.1367724788382	-592.3087589003771	-436.8063715088354	-305.5456802553673	-200.1545736347673	-120.65554985583667	-65.28696510392442	-30.566900289381522	-11.695073110838445	-3.324952504231767	-0.5906498620350544	-0.04571243350565895	-0.0006087487744963708	-3.5774339431668245e-8	0.	0.	0.	0.	0.	0.	0.	0.	0.	0.	0.	0.	0.	0.	0.	0.	0.	0.	0.	0.	0.	0.	0.	0.	0.	0.	0.	0.	0.	0.	0.	0.	0.	0.	0.	0.	0.	0.	0.	0.	0.	0.	0.
-25.37446949780498	-202.9437991148365	-380.26893708283126	-557.1286789710387	-733.2881247405561	-908.4924454425478	-1082.4608327932992	-1254.880695412554	-1425.4021700596736	-1593.6330216979336	-1759.1340127370004	-1921.4148291401534	-2079.930659145928	-2234.0795292474377	-2383.2005114039275	-2526.5729253127997	-2663.4166697073356	-2792.8938269182513	-2914.111695137906	-3026.127412700222	-3127.954347913457	-3218.5704361333255	-3296.9286522749385	-3361.9698110654167	-3412.63788798271	-3447.8980495433766	-3466.7575705874674	-3468.2897948841546	-3451.6612622684097	-3416.162071630544	-3361.239472380473	-3286.534564610024	-3191.921830671128	-3077.5510025394906	-2943.8904717948076	-2791.771050043162	-2622.428361987165	-2437.541474153158	-2239.264508466923	-2030.2469474888867	-1813.6371267653276	-1593.0620926996362	-1372.5757361265682	-1156.5661807366678	-949.6132989821763	-756.2886942398128	-580.8945705233941	-427.1458975643162	-297.8134617895496	-194.36449885765407	-116.66171037389641	-62.80627756681222	-29.225958843707303	-11.097259656848943	-3.124114026498035	-0.5475715070617746	-0.04154418964793298	-0.0005348542112837798	-2.908717757084486e-8	0.	0.	0.	0.	0.	0.	0.	0.	0.	0.	0.	0.	0.	0.	0.	0.	0.	0.	0.	0.	0.	0.	0.	0.	0.	0.	0.	0.	0.	0.	0.	0.	0.	0.	0.	0.	0.	0.	0.	0.	0.	0.
-24.80291650511396	-198.3819351987247	-371.7661101110466	-544.7777100976853	-717.2258344263873	-888.9003999854825	-1059.5662828511233	-1228.9576686485962	-1396.7726704728618	-1562.6682783795382	-1726.2557106854658	-1887.0962443569865	-2044.697609516371	-2198.5110416811685	-2347.9290944010645	-2492.28432456252	-2630.848972581165	-2762.8357698730742	-2887.400016215893	-3003.643079672101	-3110.617481391305	-3207.3337365049047	-3292.7691300385636	-3365.8786127111207	-3425.6080048676827	-3470.909696520734	-3500.761026049319	-3514.185507477209	-3510.277053604671	-3488.2273057816305	-3447.3561256277967	-3387.1452226493116	-3307.2747754114416	-3207.6627409599655	-3088.5063226330976	-2950.3247618558466	-2794.0022130825064	-2620.8289282260275	-2432.5382928061254	-2231.336400234032	-2019.9198160699796	-1801.4759922466233	-1579.6595164173461	-1358.5361867232557	-1142.4860880878482	-936.0569104461485	-743.7604441901923	-569.8095444330357	-417.8011158096089	-290.36402781733295	-188.8098842033934	-112.84807420973209	-60.44994975490447	-27.960067035603686	-10.53712921924781	-2.937734497113374	-0.5081131229365378	-0.03779939727743504	-0.0004706247971928166	-2.3701863258349362e-8	0.	0.	0.	0.	0.	0.	0.	0.	0.	0.	0.	0.	0.	0.	0.	0.	0.	0.	0.	0.	0.	0.	0.	0.	0.	0.	0.	0.	0.	0.	0.	0.	0.	0.	0.	0.	0.	0.	0.	0.	0.
-24.226016897300624	-193.77643234890337	-363.17731297604246	-532.2908780092347	-700.9667246284779	-869.0360484795436	-1036.3059931524913	-1202.5541746892118	-1367.5234312746848	-1530.9168532912868	-1692.3931547639615	-1851.5624539806981	-2007.9825385430997	-2161.155698201699	-2310.5262176888546	-2455.4786309933734	-2595.3368482356836	-2729.364276282091	-2856.765064362568	-2976.6866160549653	-3088.22351886098	-3190.423051962453	-3282.2924412708453	-3362.808038118708	-3430.92660328525	-3485.598880676369	-3525.785643766267	-3550.4763913075703	-3558.710854712261	-3549.603455008022	-3522.3708084695104	-3476.362321652912	-3411.0938316366614	-3326.284126628234	-3221.8940139216725	-3098.167371577384	-2955.673308871748	-2795.348147046298	-2618.535392454165	-2427.0211854294494	-2223.0618520840903	-2009.39915948989	-1789.2577044214315	-1566.3176340161838	-1344.6547761506813	-1128.6395597675107	-922.786338129776	-731.5466454539707	-559.044535607551	-408.7606657781449	-283.18529438462525	-183.47925220407893	-109.2048208307741	-58.210474864299066	-26.76421766885681	-10.011892295681639	-2.7646141721731743	-0.47193166245618945	-0.03443071272848837	-0.0004147061846924489	-1.9354896737671094e-8	0.	0.	0.	0.	0.	0.	0.	0.	0.	0.	0.	0.	0.	0.	0.	0.	0.	0.	0.	0.	0.	0.	0.	0.	0.	0.	0.	0.	0.	0.	0.	0.	0.	0.	0.	0.	0.	0.	0.	0.
-23.645143898030817	-189.13832697783238	-354.5234806165714	-519.699453449757	-684.5530337464461	-848.9534123484191	-1012.746752023676	-1175.75090183005	-1337.7502989406316	-1498.4911051122315	-1657.6766305659128	-1814.9631043727318	-1969.9558576025006	-2122.2059932813545	-2271.207625546718	-2416.3957794232538	-2557.1450519688324	-2692.7691452846443	-2822.521391823802	-2945.596402452091	-3061.1329776387956	-3168.218431773481	-3265.8944896477997	-3353.1649222610686	-3429.005095841082	-3492.373612692956	-3542.22622434831	-3577.532195320919	-3597.2932879889304	-3600.5655235389604	-3586.483847559876	-3554.289787760752	-3503.3621300497675	-3433.250550756283	-3343.7120178493306	-3234.749600727304	-3106.653091637419	-2960.0405239211836	-2795.8992520098545	-2615.6247125279674	-2421.0542930625297	-2214.492879553168	-1998.72563535968	-1777.0124174827106	-1553.057047703498	-1330.9436108440457	-1115.031371019907	-909.8002954188471	-719.641309023373	-548.5902721501664	-400.0134221937449	-276.2656493584689	-178.36171235176855	-105.72272287876716	-56.08085950165559	-25.633784294066743	-9.51899393954381	-2.6036653192527432	-0.4387201445717127	-0.03139655964393082	-0.0003659463191054128	-1.5838138250617382e-8	0.	0.	0.	0.	0.	0.	0.	0.	0.	0.	0.	0.	0.	0.	0.	0.	0.	0.	0.	0.	0.	0.	0.	0.	0.	0.	0.	0.	0.	0.	0.	0.	0.	0.	0.	0.	0.	0.	0.
-23.061607858756375	-184.4781503550723	-345.824590582739	-507.0332793926083	-668.0250767722293	-828.7040631440426	-988.9523371248941	-1148.624931694555	-1307.5448843395488	-1465.4985011849378	-1622.2308603898298	-1777.4416060585156	-1930.7810906985624	-2081.8469316638543	-2230.1810549749416	-2375.267308561523	-2516.5297359491674	-2653.33161084423	-2784.9753427589926	-2910.7033736680787	-3029.70019555275	-3141.095628399708	-3243.969507560833	-3337.3579380756237	-3420.2612812504003	-3491.654044999582	-3550.4968535394223	-3595.7506731044596	-3626.3934672304977	-3641.439446172093	-3639.9610579579557	-3621.113840396313	-3584.1642099347746	-3528.520199200816	-3453.7650631088227	-3359.6935442736185	-3246.3504101953895	-3114.070632420309	-2963.5202537132504	-2795.736562582598	-2612.165643255912	-2414.6946729904525	-2205.675484309677	-1987.93490166494	-1764.7662382033463	-1539.895195708817	-1317.4124407592915	-1101.6646645080377	-897.0964954185755	-708.0379783566627	-538.4374406351823	-391.5485322804585	-269.5939535724812	-173.44693818714265	-102.39311086890602	-54.05458627462815	-24.564489467458653	-9.056091951569245	-2.453900673978908	-0.4082035032682732	-0.028660369955527544	-0.00032336337593407983	-1.2986753843583328e-8	0.	0.	0.	0.	0.	0.	0.	0.	0.	0.	0.	0.	0.	0.	0.	0.	0.	0.	0.	0.	0.	0.	0.	0.	0.	0.	0.	0.	0.	0.	0.	0.	0.	0.	0.	0.	0.	0.
-22.476655226434637	-179.80592041797019	-337.0996479962385	-494.3207496587872	-651.4212181556821	-808.337090150097	-964.9834779463514	-1121.249696136555	-1276.994512598213	-1432.0415574388758	-1586.1749284048851	-1739.1350369411746	-1890.6147453976448	-2040.2558529340245	-2187.6459952839855	-2332.3160316345984	-2473.738000619227	-2611.3237364210163	-2744.424245388035	-2872.3299531658063	-2994.271942065906	-3109.4243080658566	-3216.907776301969	-3315.7947229545866	-3405.1157597535994	-3483.868044582048	-3551.025487334099	-3605.5510236241644	-3646.41112923891	-3672.592744114977	-3683.1227646149637	-3677.090243791312	-3653.6714103870777	-3612.1575702812765	-3551.985888280949	-3472.772952239357	-3374.3508883421537	-3256.80561321924	-3120.5165606933956	-2966.1968907318105	-2794.9327553698477	-2608.219639904636	-2407.9930986197587	-2196.6503520745073	-1977.058215612946	-1752.541729678118	-1526.8467658830568	-1304.0689887259964	-1088.5412022160458	-884.6718330851405	-696.7298502849853	-528.5767551746133	-383.355443113231	-263.15953711858464	-168.72514333747287	-99.20783931215882	-52.12557901760675	-23.552375789030183	-8.62103725850142	-2.3144231882419533	-0.3801349536230548	-0.02618993199340702	-0.0002861190687547972	-1.0669877428528225e-8	0.	0.	0.	0.	0.	0.	0.	0.	0.	0.	0.	0.	0.	0.	0.	0.	0.	0.	0.	0.	0.	0.	0.	0.	0.	0.	0.	0.	0.	0.	0.	0.	0.	0.	0.	0.	0.
-21.891467874199826	-175.13113648091493	-328.3666759229963	-481.5887954283335	-634.7778550132097	-787.8990807710373	-940.8978335750701	-1093.6949520348471	-1246.182193692358	-1398.217802324853	-1549.6222338195666	-1700.1740783768328	-1849.6062227775094	-1997.6023030016618	-2143.793504736691	-2287.7557770497137	-2429.0075326693755	-2567.007917094825	-2701.1557377194554	-2830.789153489015	-2955.18623509754	-3073.566515270303	-3185.0936581450146	-3288.8793859647726	-3383.988810016125	-3469.4473206948473	-3544.249198380861	-3607.36811194336	-3657.7696744895243	-3694.426225478945	-3716.3340032739325	-3722.5328608447394	-3712.1286573393204	-3684.318426378636	-3638.4183739955856	-3573.894689462941	-3490.397053482274	-3387.7945908384295	-3266.213826676256	-3126.077952280347	-2968.1463701246444	-2793.553049512222	-2603.841662383808	-2400.9947685292964	-2187.453468817592	-1966.1229601945206	-1740.3583523200477	-1513.9240559853888	-1290.919235630627	-1075.661581869079	-872.5225399508303	-685.7098758554428	-518.9990128857148	-375.4239208441844	-256.95219189967537	-164.18705704362623	-96.1592543839946	-50.288170520505346	-22.593779480546356	-8.211856248490001	-2.1844169154907553	-0.35429280598307494	-0.02395682961361832	-0.0002534963804924903	-8.783356558567993e-9	0.	0.	0.	0.	0.	0.	0.	0.	0.	0.	0.	0.	0.	0.	0.	0.	0.	0.	0.	0.	0.	0.	0.	0.	0.	0.	0.	0.	0.	0.	0.	0.	0.	0.	0.	0.
-21.307162773220224	-170.46277667016213	-319.642710838848	-468.8628800723483	-618.1294100932732	-767.4341130003546	-916.7499849098604	-1066.026773024586	-1215.1866127092119	-1364.1197635385547	-1512.6804704812614	-1660.6829822027635	-1807.8977640428957	-1954.0479494298138	-2098.8060802103378	-2241.791193755255	-2382.5663225021217	-2520.6364797910533	-2655.4472146055796	-2786.3838267323254	-2912.7713430799226	-3033.8753652332516	-3148.903907675253	-3257.0103553384956	-3357.297678073391	-3448.824048011886	-3530.6100133689006	-3601.647388567138	-3660.910025169795	-3707.3666302498027	-3739.9957975481075	-3757.803410762827	-3759.8425657796265	-3745.2361371839534	-3713.202080737947	-3663.081513324409	-3594.3695394369774	-3506.748691177127	-3400.1247073480204	-3274.664184610751	-3130.833375117887	-2969.43706329593	-2791.6560105117346	-2599.080890283869	-2393.739934559698	-2178.1166645552307	-1955.153107072316	-1728.2328498856536	-1501.1372875141883	-1277.9676673259921	-1063.0254227973048	-860.6443154379958	-674.9708441906323	-509.6951380135716	-367.7440633272833	-250.96216134842135	-159.82389959321156	-93.24016320784636	-48.537072620068166	-21.685306281182324	-7.826734857474783	-2.0631388980357466	-0.3304776689999282	-0.02193595879963877	-0.0002248809461871758	-7.2441014030637615e-9	0.	0.	0.	0.	0.	0.	0.	0.	0.	0.	0.	0.	0.	0.	0.	0.	0.	0.	0.	0.	0.	0.	0.	0.	0.	0.	0.	0.	0.	0.	0.	0.	0.	0.	0.
-20.72479198324279	-165.80929790508623	-310.9438028565258	-456.16699563187206	-601.5083338833158	-746.9837592215547	-892.5914404496311	-1038.3075571592112	-1184.082138610424	-1329.8349761479137	-1475.4516313691768	-1620.7795668456124	-1765.6244313853404	-1909.746537622545	-2052.8575760181893	-2194.6176162897236	-2334.6324546646647	-2472.451373120939	-2607.56538512243	-2739.40605089166	-2867.3449541586497	-2990.693941394923	-3108.7062337127836	-3220.5785307617307	-3325.454234940079	-3422.4279328792613	-3510.551279217081	-3588.840434851095	-3656.285217750603	-3711.860128464848	-3754.5374139630585	-3783.3023313851895	-3797.170766317674	-3795.2093465040125	-3776.558168980363	-3740.456223173774	-3686.269540104456	-3613.5220226924175	-3521.9288067531425	-3411.4318569654874	-3282.237304899287	-3134.853772517444	-2970.130577424411	-2789.2942668994356	-2593.981358128411	-2386.2644578883364	-2168.6680931085425	-1944.1696234423357	-1716.1795873749577	-1488.4948790742694	-1265.2174883835658	-1050.6315254888852	-849.032438145667	-664.5054519799537	-500.6562166039658	-360.3063074040701	-245.18012804527768	-155.6273579785045	-90.44380477990053	-46.86734850983938	-20.82380945567253	-7.464004222904669	-1.9499119382214185	-0.30850999058984313	-0.020105110329437813	-0.0001997454567237892	-5.985670770121109e-9	0.	0.	0.	0.	0.	0.	0.	0.	0.	0.	0.	0.	0.	0.	0.	0.	0.	0.	0.	0.	0.	0.	0.	0.	0.	0.	0.	0.	0.	0.	0.	0.	0.	0.
-20.14534293882756	-161.17863824266763	-302.28502037388284	-443.5236790408384	-584.9451152216644	-726.5871005657692	-868.4706547410578	-1010.596049446138	-1152.9388502824715	-1295.4460107504458	-1438.0320362917416	-1580.5752405417227	-1722.9141207710697	-1864.8438848701471	-2006.1131681693726	-2146.4209847858347	-2285.413965186581	-2422.6839390559994	-2557.765930307346	-2690.136639380776	-2819.2134964174675	-2944.354377682695	-3064.8580865323097	-3179.9657092078614	-3288.862964682909	-3390.683676519634	-3484.5145030446456	-3569.4010698774823	-3644.355655631581	-3708.366587041007	-3760.409503288151	-3799.4606501644043	-3824.5123618628277	-3834.590880290656	-3828.776646919892	-3806.227177835867	-3766.202595411953	-3708.093835449114	-3631.4534707926637	-3536.028983774929	-3421.7981706716405	-3289.0061596973287	-3138.203255420783	-2970.2824701357404	-2786.51514860519	-2588.582519391581	-2378.600301162229	-2159.1326552905684	-1933.1908296403478	-1704.2108468228223	-1476.003684510622	-1252.670807125684	-1038.4780085001457	-837.6818600391107	-654.3063608228719	-491.87352331942054	-353.10143189648966	-239.59719982745983	-151.5895620188835	-87.76382253045665	-45.27438712521706	-20.006369726326895	-7.122127740937531	-1.8441181500612625	-0.28822789298377643	-0.018444608880425508	-0.00017763656727123455	-4.954815331211926e-9	0.	0.	0.	0.	0.	0.	0.	0.	0.	0.	0.	0.	0.	0.	0.	0.	0.	0.	0.	0.	0.	0.	0.	0.	0.	0.	0.	0.	0.	0.	0.	0.	0.
-19.569739008026676	-156.57822139984512	-293.6804587985436	-430.95401661215135	-568.4682997646081	-706.2807510302503	-844.4330585447971	-982.9473781652242	-1121.8225786192133	-1261.030520201583	-1400.5123811392532	-1540.1750496557204	-1679.8876042160548	-1819.4779094171117	-1958.729360491188	-2097.3778154248166	-2235.1087601442578	-2371.554759248093	-2506.293252151016	-2638.8447622124754	-2768.6715946592235	-2895.177107453295	-3017.705647911223	-3135.5432566424956	-3247.9192491774693	-3354.008794372848	-3452.936617166718	-3543.781961315031	-3625.5849551325036	-3697.354529661569	-3758.078043675777	-3806.7327729139433	-3842.299421161662	-3863.7778071757334	-3870.204872745389	-3860.6751406363624	-3834.3637264233485	-3790.5519679154386	-3728.65568016411	-3648.2559630426576	-3549.1323766721866	-3431.298147001717	-3295.0368578237244	-3140.939812038627	-2969.9428876399697	-2783.361255176834	-2582.9197470424056	-2370.775963940383	-2149.5323721709838	-1922.232713476423	-1692.3370862612653	-1463.6692003691385	-1240.3287957828422	-1026.562425849524	-826.5872860285327	-644.3662443086323	-483.3385417367559	-346.12055717226684	-234.2048948646151	-147.70306112449245	-85.1942384939154	-43.75387946288149	-19.230276955998544	-6.7996893809661625	-1.7451932007439932	-0.2694852640852612	-0.016937000432208325	-0.0001581638867802199	-4.108763539492739e-9	0.	0.	0.	0.	0.	0.	0.	0.	0.	0.	0.	0.	0.	0.	0.	0.	0.	0.	0.	0.	0.	0.	0.	0.	0.	0.	0.	0.	0.	0.	0.	0.
-18.998840300227286	-152.0149632679595	-285.1432530028514	-418.4776672649977	-552.1045156526119	-686.0988893665337	-820.5210997637001	-955.4131038579633	-1090.7949633558314	-1226.6613034422	-1362.9778069718977	-1499.677750133649	-1636.6585992300884	-1773.778691634249	-1910.8540290837484	-2047.6552170614857	-2183.9045900991077	-2319.273569307826	-2453.3803054692853	-2585.7876683643563	-2716.00165066426	-2843.4702628597342	-2967.5830039289717	-3087.671000960578	-3203.0079195438166	-3312.81175534783	-3416.247625808116	-3512.4316890697246	-3600.4363251083955	-3679.296721011214	-3748.0190084175856	-3805.590105658103	-3850.9894195923184	-3883.2025617363697	-3901.23722888573	-3904.1413888213337	-3891.0238939349415	-3861.0776195707526	-3813.605181686835	-3748.047230694124	-3664.0132346533987	-3561.314550162553	-3439.9994225795645	-3300.3893469386817	-3143.1159427709285	-2969.1571339050975	-2779.8709612887424	-2577.0247776270567	-2362.8168679358973	-2139.8867143228686	-1911.3092065741453	-1680.567166479714	-1451.4957466575263	-1228.1918291068582	-1014.8818676410914	-815.7432410705017	-634.6778264318741	-475.042979250126	-339.35514199794557	-228.99512608186234	-143.96080182767116	-82.72942904269448	-42.301796698561205	-18.493013423913794	-6.4953831271190845	-1.6526211625778702	-0.2521500725239246	-0.015566781072207167	-0.00014099070011036903	-3.4130853460007377e-9	0.	0.	0.	0.	0.	0.	0.	0.	0.	0.	0.	0.	0.	0.	0.	0.	0.	0.	0.	0.	0.	0.	0.	0.	0.	0.	0.	0.	0.	0.	0.
-18.433444700029618	-147.49528023468824	-276.6855931646893	-406.11288540314035	-535.8785057197437	-666.0733062245989	-796.774294171139	-928.0412798665938	-1059.9135233618854	-1192.40638493935	-1325.5079872303902	-1459.1759000798909	-1593.3338630327232	-1727.868564551261	-1862.626501780336	-1997.4109498507357	-2131.97907536956	-2266.0392347827237	-2399.248504902936	-2531.2104997175543	-2661.4735350265064	-2789.529209955979	-2914.811482470176	-3036.6963241002636	-3154.502047480438	-3267.4904087077075	-3374.868594957203	-3475.792216060615	-3569.369426735981	-3654.666313643653	-3730.713688177489	-3796.515431542767	-3851.0585427690453	-3893.3250422489714	-3922.305882360424	-3937.0170116088843	-3936.5177280201387	-3919.931439205414	-3886.4689179175357	-3835.4540994455133	-3766.3524061631992	-3678.8014988659584	-3572.6442364127556	-3447.9634648777183	-3305.118042966019	-3144.779227766367	-2967.9661781823347	-2776.0788662957793	-2570.926105195491	-2354.7456978491164	-2130.2128922831976	-1900.4324273606278	-1668.90854963383	-1439.4866243657007	-1216.2596043240183	-1003.4330462289455	-805.1441266161387	-625.2339127014126	-466.9787775230181	-332.7969782694664	-223.9601852329614	-140.35610616894402	-80.36410212861095	-40.91436997298024	-17.79223855012493	-6.208003430472603	-1.5659299056577525	-0.23610287821497983	-0.014320161353345635	-0.00012582613560029258	-2.840006602468195e-9	0.	0.	0.	0.	0.	0.	0.	0.	0.	0.	0.	0.	0.	0.	0.	0.	0.	0.	0.	0.	0.	0.	0.	0.	0.	0.	0.	0.	0.	0.