0.	0.	0.	0.	0.	0.	0.	0.	0.	0.	0.	0.	0.	0.	0.	0.	0.	0.	0.	0.	0.	0.	0.	0.	0.	0.	0.	0.	0.	0.	0.	0.	0.	0.	0.	0.	0.	0.	0.	0.	0.	0.	0.	0.	0.	0.	0.	0.	0.	0.	0.	0.	0.	0.	0.	0.	0.	0.	0.	0.	0.	0.	0.	0.	0.	0.	0.	0.	0.	0.	0.	0.	0.	0.	0.	0.	0.	0.	0.	0.	0.	0.	0.	0.	0.	-109967.38222717632	-178460.7524534775	-229333.95079756257	-273089.0184865595	-312853.4852371064	-349724.5520889023	-384816.4900463	-418304.82308230863	-451000.7431236229	-483040.2922593418	-514267.23582415626	-545055.0830474404	-575220.0495961847	-605159.1348995676	-635338.9052538724	-665200.7972429352
-1.181887493876141	0.	0.	0.	0.	0.	0.	0.	0.	0.	0.	0.	0.	0.	0.	0.	0.	0.	0.	0.	0.	0.	0.	0.	0.	0.	0.	0.	0.	0.	0.	0.	0.	0.	0.	0.	0.	0.	0.	0.	0.	0.	0.	0.	0.	0.	0.	0.	0.	0.	0.	0.	0.	0.	0.	0.	0.	0.	0.	0.	0.	0.	0.	0.	0.	0.	0.	0.	0.	0.	0.	0.	0.	0.	0.	0.	0.	0.	0.	0.	0.	0.	0.	0.	0.	-109470.62802458741	-177998.25662624763	-229295.12209344143	-273043.8248529407	-312802.8661074869	-349669.2158121052	-384525.9580848689	-418241.477611145	-450933.9050293282	-482570.73989765835	-514081.07667687285	-544562.6337117316	-575141.6781536464	-605078.35604086	-635255.800081891	-665115.5150766937
-2.3100858848446846	-4.779561272336402	0.	0.	0.	0.	0.	0.	0.	0.	0.	0.	0.	0.	0.	0.	0.	0.	0.	0.	0.	0.	0.	0.	0.	0.	0.	0.	0.	0.	0.	0.	0.	0.	0.	0.	0.	0.	0.	0.	0.	0.	0.	0.	0.	0.	0.	0.	0.	0.	0.	0.	0.	0.	0.	0.	0.	0.	0.	0.	0.	0.	0.	0.	0.	0.	0.	0.	0.	0.	0.	0.	0.	0.	0.	0.	0.	0.	0.	0.	0.	0.	0.	0.	0.	-107794.56925915182	-176924.65981975663	-228177.88150471836	-271965.4060193098	-312131.1388943952	-348852.4071776239	-383999.56793276867	-417669.2161472494	-450192.1479021979	-481876.5306200646	-513411.7809345698	-544112.1122381812	-574392.7342739621	-604871.9211795595	-634600.5230485013	-664237.5337736874
-3.4118128085206725	-15.81877976485345	-3.3470548274330567	0.	0.	0.	0.	0.	0.	0.	0.	0.	0.	0.	0.	0.	0.	0.	0.	0.	0.	0.	0.	0.	0.	0.	0.	0.	0.	0.	0.	0.	0.	0.	0.	0.	0.	0.	0.	0.	0.	0.	0.	0.	0.	0.	0.	0.	0.	0.	0.	0.	0.	0.	0.	0.	0.	0.	0.	0.	0.	0.	0.	0.	0.	0.	0.	0.	0.	0.	0.	0.	0.	0.	0.	0.	0.	0.	0.	0.	0.	0.	0.	0.	0.	-105099.57424316654	-175187.05139042047	-226869.14864034817	-270836.4241141004	-310939.1444118275	-347950.3990594077	-382726.12457981217	-416790.9240495388	-449325.9160704038	-481006.06342690747	-512494.3206587404	-543354.270086022	-573645.8862426939	-603838.4847920027	-633687.9172819424	-663887.2773538111
-4.499589479664358	-26.69093624648454	-19.163012446110862	-1.9164290931793417	0.	0.	0.	0.	0.	0.	0.	0.	0.	0.	0.	0.	0.	0.	0.	0.	0.	0.	0.	0.	0.	0.	0.	0.	0.	0.	0.	0.	0.	0.	0.	0.	0.	0.	0.	0.	0.	0.	0.	0.	0.	0.	0.	0.	0.	0.	0.	0.	0.	0.	0.	0.	0.	0.	0.	0.	0.	0.	0.	0.	0.	0.	0.	0.	0.	0.	0.	0.	0.	0.	0.	0.	0.	0.	0.	0.	0.	0.	0.	0.	0.	-101153.43577872928	-172563.9731779307	-224641.88662565796	-269270.1202245833	-309334.82789898745	-346384.7525303133	-381794.09203571157	-415382.05222873826	-447874.36839534936	-480006.1180402613	-511486.46766992606	-541972.9314815609	-572567.6206872603	-602916.2837715207	-632571.6521239347	-662370.8193078982
-5.574388950779413	-36.89328129096967	-39.60108746107073	-17.22848592571397	-1.0561739950608848	0.	0.	0.	0.	0.	0.	0.	0.	0.	0.	0.	0.	0.	0.	0.	0.	0.	0.	0.	0.	0.	0.	0.	0.	0.	0.	0.	0.	0.	0.	0.	0.	0.	0.	0.	0.	0.	0.	0.	0.	0.	0.	0.	0.	0.	0.	0.	0.	0.	0.	0.	0.	0.	0.	0.	0.	0.	0.	0.	0.	0.	0.	0.	0.	0.	0.	0.	0.	0.	0.	0.	0.	0.	0.	0.	0.	0.	0.	0.	0.	-95621.95493207882	-169491.48406646308	-222169.40938568578	-266934.0199631113	-307287.7345592376	-344649.6196240924	-379765.7507752423	-413791.5096619493	-446345.3389579268	-478406.3848054212	-509777.8952695769	-540820.5668592302	-570949.0910914054	-601342.2390535004	-631303.559195061	-661272.7479489478
-6.634988840087841	-46.56104870768394	-60.3801076546134	-42.99158542876918	-13.898185747649483	-0.5835377007226242	0.	0.	0.	0.	0.	0.	0.	0.	0.	0.	0.	0.	0.	0.	0.	0.	0.	0.	0.	0.	0.	0.	0.	0.	0.	0.	0.	0.	0.	0.	0.	0.	0.	0.	0.	0.	0.	0.	0.	0.	0.	0.	0.	0.	0.	0.	0.	0.	0.	0.	0.	0.	0.	0.	0.	0.	0.	0.	0.	0.	0.	0.	0.	0.	0.	0.	0.	0.	0.	0.	0.	0.	0.	0.	0.	0.	0.	0.	0.	-89003.67364089709	-165443.90198113958	-219107.2665993451	-264300.1575128193	-304715.1416399151	-342381.9159483628	-377449.95489469613	-411723.2059581335	-444302.31249590125	-476557.2734495592	-507773.7902778699	-538923.5250268125	-569645.4697068353	-599348.755422512	-629289.6438136632	-659217.2322246856
-7.679541986380824	-55.814964223217615	-80.4457241869525	-72.50364632363522	-41.03320806874578	-10.700104376304477	-0.3272783688444852	0.	0.	0.	0.	0.	0.	0.	0.	0.	0.	0.	0.	0.	0.	0.	0.	0.	0.	0.	0.	0.	0.	0.	0.	0.	0.	0.	0.	0.	0.	0.	0.	0.	0.	0.	0.	0.	0.	0.	0.	0.	0.	0.	0.	0.	0.	0.	0.	0.	0.	0.	0.	0.	0.	0.	0.	0.	0.	0.	0.	0.	0.	0.	0.	0.	0.	0.	0.	0.	0.	0.	0.	0.	0.	0.	0.	0.	0.	-80453.34916949125	-160675.29884181233	-215421.47029696568	-261056.62661255946	-301705.7533552857	-339370.98290796735	-375255.8407285688	-409072.68177493766	-441960.3710815396	-474517.6036985472	-505818.0233514298	-536752.08145414	-567581.2806838249	-597330.6167501821	-627594.8120639645	-657683.632558546
-8.706002567415874	-64.72808927418576	-99.61224704162773	-102.63996062111943	-76.08258978344135	-36.716677472611096	-8.068241773291916	-0.1870301479210819	0.	0.	0.	0.	0.	0.	0.	0.	0.	0.	0.	0.	0.	0.	0.	0.	0.	0.	0.	0.	0.	0.	0.	0.	0.	0.	0.	0.	0.	0.	0.	0.	0.	0.	0.	0.	0.	0.	0.	0.	0.	0.	0.	0.	0.	0.	0.	0.	0.	0.	0.	0.	0.	0.	0.	0.	0.	0.	0.	0.	0.	0.	0.	0.	0.	0.	0.	0.	0.	0.	0.	0.	0.	0.	0.	0.	0.	-69064.30186054343	-155141.43562542225	-211155.71555709306	-257169.0476579322	-298295.5318166894	-336201.4490267126	-372168.4170365311	-406499.89489468763	-439745.08402894204	-471606.27517571935	-503189.6947881331	-534052.5236582272	-564975.6747899405	-595217.7824246186	-625334.2170405192	-655339.7349598375
-9.71227958908734	-73.34110143739477	-117.90508022491353	-132.17885195198264	-114.33927988543896	-74.30069522037203	-31.712917332139106	-6.032891205805242	-0.10897457943969595	0.	0.	0.	0.	0.	0.	0.	0.	0.	0.	0.	0.	0.	0.	0.	0.	0.	0.	0.	0.	0.	0.	0.	0.	0.	0.	0.	0.	0.	0.	0.	0.	0.	0.	0.	0.	0.	0.	0.	0.	0.	0.	0.	0.	0.	0.	0.	0.	0.	0.	0.	0.	0.	0.	0.	0.	0.	0.	0.	0.	0.	0.	0.	0.	0.	0.	0.	0.	0.	0.	0.	0.	0.	0.	0.	0.	-53362.84871945319	-148731.3133938541	-206217.47066404123	-253329.54796932402	-294802.61008771014	-332677.56833380414	-368809.24079350947	-403436.34483335016	-436644.11200971866	-468557.8818041086	-500271.458786907	-531285.0946493356	-562351.8890590996	-592527.6029911796	-622919.7711598185	-652694.8800236606
-10.696304939265685	-81.67505876982608	-135.38825568849055	-160.67444685534508	-153.2977892312003	-118.18430773431923	-69.5571718926839	-26.84417439727087	-4.5023056955869265	-0.06470176527622251	0.	0.	0.	0.	0.	0.	0.	0.	0.	0.	0.	0.	0.	0.	0.	0.	0.	0.	0.	0.	0.	0.	0.	0.	0.	0.	0.	0.	0.	0.	0.	0.	0.	0.	0.	0.	0.	0.	0.	0.	0.	0.	0.	0.	0.	0.	0.	0.	0.	0.	0.	0.	0.	0.	0.	0.	0.	0.	0.	0.	0.	0.	0.	0.	0.	0.	0.	0.	0.	0.	0.	0.	0.	0.	0.	-27321.76471216984	-140997.84325489932	-200407.2460208098	-248202.1678384814	-290391.83793754195	-328835.8831512172	-364979.3058007909	-399587.68912371324	-433240.77890474437	-465417.5547657017	-497071.24502093357	-528646.1457716286	-559364.7330067477	-589498.3038904807	-619771.9093725228	-649677.472664859
-11.65606918974042	-89.73925028405394	-152.120341766646	-187.9857971405899	-191.71761355875876	-164.80662183498237	-116.70017424766229	-63.428956155669475	-22.461951816383134	-3.3654408409561536	-0.0391068925204942	0.	0.	0.	0.	0.	0.	0.	0.	0.	0.	0.	0.	0.	0.	0.	0.	0.	0.	0.	0.	0.	0.	0.	0.	0.	0.	0.	0.	0.	0.	0.	0.	0.	0.	0.	0.	0.	0.	0.	0.	0.	0.	0.	0.	0.	0.	0.	0.	0.	0.	0.	0.	0.	0.	0.	0.	0.	0.	0.	0.	0.	0.	0.	0.	0.	0.	0.	0.	0.	0.	0.	0.	0.	0.	0.	-132310.63964034888	-194063.71705932776	-242896.19197057752	-285473.0400136803	-324488.4248049806	-361097.68662490376	-395804.0663896151	-429334.17749820737	-462143.3468799206	-493699.24416859617	-525060.9111910096	-556031.0171373194	-586047.0073871535	-616305.1323035208	-646753.3783568325
-12.589643344104305	-97.53586088799327	-168.1455738527543	-214.08905713207622	-229.0006306422425	-212.05466162580618	-168.9780636508743	-111.87308751867766	-56.876555849465284	-18.675870506951195	-2.5246823527272486	-0.024035395627991618	0.	0.	0.	0.	0.	0.	0.	0.	0.	0.	0.	0.	0.	0.	0.	0.	0.	0.	0.	0.	0.	0.	0.	0.	0.	0.	0.	0.	0.	0.	0.	0.	0.	0.	0.	0.	0.	0.	0.	0.	0.	0.	0.	0.	0.	0.	0.	0.	0.	0.	0.	0.	0.	0.	0.	0.	0.	0.	0.	0.	0.	0.	0.	0.	0.	0.	0.	0.	0.	0.	0.	0.	0.	0.	-121836.08907158006	-186813.43865580898	-237012.00861620906	-280167.11811103043	-319611.39211611904	-356689.12055437616	-391283.81476065976	-425166.6456464294	-457786.2147012278	-489867.0858773778	-521149.0380468986	-552242.6252325426	-582714.9574230247	-612964.5284799926	-643014.5275373567
-13.495193648118121	-105.06278856333972	-183.4945162081354	-239.00206916582192	-264.8670656584453	-258.7227708462349	-223.52772366874905	-167.8852782317521	-105.13389177386264	-50.448646291099635	-15.47974913848724	-1.902883677875747	-0.015004699465002932	0.	0.	0.	0.	0.	0.	0.	0.	0.	0.	0.	0.	0.	0.	0.	0.	0.	0.	0.	0.	0.	0.	0.	0.	0.	0.	0.	0.	0.	0.	0.	0.	0.	0.	0.	0.	0.	0.	0.	0.	0.	0.	0.	0.	0.	0.	0.	0.	0.	0.	0.	0.	0.	0.	0.	0.	0.	0.	0.	0.	0.	0.	0.	0.	0.	0.	0.	0.	0.	0.	0.	0.	0.	-109468.4703122043	-178474.49514099193	-230353.67994463787	-274192.2683994454	-314126.31259705406	-351657.7433296128	-386567.23527758685	-420942.67069589056	-453709.1702103172	-485536.6024499274	-517122.4986839603	-548049.649288318	-579037.8476847477	-609195.7824363118	-639473.7079843357
-14.370992539597982	-112.3153957142216	-198.18685886210162	-262.754100054365	-299.1943089556968	-304.13280833859164	-278.51027017940646	-228.08180222073608	-163.2110146515391	-97.46037887726433	-44.434293774773586	-12.817738500034572	-1.4418541130553477	-0.009504403857052226	0.	0.	0.	0.	0.	0.	0.	0.	0.	0.	0.	0.	0.	0.	0.	0.	0.	0.	0.	0.	0.	0.	0.	0.	0.	0.	0.	0.	0.	0.	0.	0.	0.	0.	0.	0.	0.	0.	0.	0.	0.	0.	0.	0.	0.	0.	0.	0.	0.	0.	0.	0.	0.	0.	0.	0.	0.	0.	0.	0.	0.	0.	0.	0.	0.	0.	0.	0.	0.	0.	0.	0.	-94370.73126344994	-169259.06691838772	-222771.44380646272	-268101.1628778447	-308212.5919085201	-346011.6313032721	-381843.6593087644	-415674.22364918166	-448607.3577311662	-480959.49263367406	-512559.0950060793	-543796.0751909064	-574384.0346457907	-604988.6017533662	-635292.7357138866
-15.21542717577219	-119.28763249947194	-212.2342479843125	-285.374146882865	-331.93689934791365	-347.90753643906163	-332.77362240180264	-290.0615360421258	-227.46302374181738	-156.2396105814153	-89.49399048028793	-38.96522321032714	-10.61763446155401	-1.0986633313925964	-0.006102701848620323	0.	0.	0.	0.	0.	0.	0.	0.	0.	0.	0.	0.	0.	0.	0.	0.	0.	0.	0.	0.	0.	0.	0.	0.	0.	0.	0.	0.	0.	0.	0.	0.	0.	0.	0.	0.	0.	0.	0.	0.	0.	0.	0.	0.	0.	0.	0.	0.	0.	0.	0.	0.	0.	0.	0.	0.	0.	0.	0.	0.	0.	0.	0.	0.	0.	0.	0.	0.	0.	0.	0.	-75343.25829862003	-158912.9456358273	-214631.2588315695	-260808.19820202998	-302203.2960373608	-340331.08742914535	-375963.6403369767	-410544.95717658626	-443492.2636136101	-476204.120437507	-507757.696266234	-539023.8832755247	-569870.5816185517	-600361.328726307	-631073.5593047724
-16.027006253992724	-125.97277913891273	-225.64263779902248	-306.88698930887455	-363.08654149938616	-389.84112193411363	-385.6032753103638	-352.1901152980411	-295.0544540505647	-223.12167500349764	-147.91360658949895	-81.63857236708955	-34.08122757313256	-8.806790749201273	-0.8419604092387826	-0.003968564575907186	0.	0.	0.	0.	0.	0.	0.	0.	0.	0.	0.	0.	0.	0.	0.	0.	0.	0.	0.	0.	0.	0.	0.	0.	0.	0.	0.	0.	0.	0.	0.	0.	0.	0.	0.	0.	0.	0.	0.	0.	0.	0.	0.	0.	0.	0.	0.	0.	0.	0.	0.	0.	0.	0.	0.	0.	0.	0.	0.	0.	0.	0.	0.	0.	0.	0.	0.	0.	0.	0.	-47369.138805697155	-147136.70874438496	-205508.55209195593	-253338.96564277736	-294986.6055506604	-333685.64241086465	-370088.99812083394	-404962.7463058847	-438320.7244604213	-470913.04221593554	-502837.0823169551	-533994.3298597443	-565035.968286696	-595670.5492159076	-626222.6722043547
-16.80436549765243	-132.36394967541008	-238.41412266356502	-327.31244702283516	-392.6520811026878	-429.82575502499753	-436.55924153870086	-413.37472312150345	-363.91200827710253	-294.987507996726	-216.208793184094	-138.90447007505134	-74.13533813147545	-29.770796750362695	-7.3190286904643935	-0.6489354867196454	-0.002611607100923169	0.	0.	0.	0.	0.	0.	0.	0.	0.	0.	0.	0.	0.	0.	0.	0.	0.	0.	0.	0.	0.	0.	0.	0.	0.	0.	0.	0.	0.	0.	0.	0.	0.	0.	0.	0.	0.	0.	0.	0.	0.	0.	0.	0.	0.	0.	0.	0.	0.	0.	0.	0.	0.	0.	0.	0.	0.	0.	0.	0.	0.	0.	0.	0.	0.	0.	0.	0.	0.	0.	-133673.79134366763	-195886.6588113988	-244854.7467693689	-287583.26204806165	-327082.7367942076	-363642.30276709056	-398763.55252778006	-432488.83678739093	-465326.47492980585	-497490.5602903478	-528778.340428682	-559654.2297429903	-590441.824505647	-621009.4292319786
-17.546272017349295	-138.45444159049603	-250.54833017810486	-346.6658954587189	-420.64957578538537	-467.8099534033197	-485.3735514801704	-472.89107920406997	-432.5620669842225	-369.40093321057986	-291.1268588718411	-207.61054192673643	-129.6778653827307	-67.1168238119624	-25.995800521651997	-6.097020294390547	-0.502992886556658	-0.0017379064669662395	0.	0.	0.	0.	0.	0.	0.	0.	0.	0.	0.	0.	0.	0.	0.	0.	0.	0.	0.	0.	0.	0.	0.	0.	0.	0.	0.	0.	0.	0.	0.	0.	0.	0.	0.	0.	0.	0.	0.	0.	0.	0.	0.	0.	0.	0.	0.	0.	0.	0.	0.	0.	0.	0.	0.	0.	0.	0.	0.	0.	0.	0.	0.	0.	0.	0.	0.	0.	0.	-117710.21406038919	-184679.10093239456	-235586.2480212369	-279566.50384965265	-319512.24173255404	-356757.81442758517	-391936.8226905036	-426006.31596380635	-459241.5737482786	-491226.59060635924	-523099.2265390956	-554203.1337443101	-584945.9684831059	-615942.2582509292
-18.251627662284637	-144.23798262873353	-262.04347167777473	-364.95919937910327	-447.0975328227944	-503.7747502064384	-531.8865851288368	-530.2625635729931	-499.9720430482601	-444.5348716612629	-369.9608879973288	-284.50572562084386	-197.993635427427	-120.54747324298927	-60.644557135949526	-22.706155348866353	-5.092496536266628	-0.39203140098092565	-0.0011686895038092344	0.	0.	0.	0.	0.	0.	0.	0.	0.	0.	0.	0.	0.	0.	0.	0.	0.	0.	0.	0.	0.	0.	0.	0.	0.	0.	0.	0.	0.	0.	0.	0.	0.	0.	0.	0.	0.	0.	0.	0.	0.	0.	0.	0.	0.	0.	0.	0.	0.	0.	0.	0.	0.	0.	0.	0.	0.	0.	0.	0.	0.	0.	0.	0.	0.	0.	0.	0.	-98274.50098232862	-172547.3239582306	-225756.07141234598	-270836.4241141004	-311557.75453585375	-349278.39923391707	-385129.22180386283	-419484.7232696666	-452800.23756727	-485403.8054799736	-516925.34503502457	-548142.6135887541	-579256.468109453	-610109.3026825782
-18.919471438679697	-149.708906915651	-272.8971327019743	-382.2017075750742	-472.0148028889016	-537.7200527484631	-576.0075557455386	-585.1787839975626	-565.4247507428963	-519.0477342047229	-450.57766266642693	-366.7082098445445	-275.9470387952432	-187.84984094717754	-111.71693604357353	-54.734841747163216	-19.848297706295856	-4.265497153495193	-0.3071956607489542	-0.0007937102437085187	0.	0.	0.	0.	0.	0.	0.	0.	0.	0.	0.	0.	0.	0.	0.	0.	0.	0.	0.	0.	0.	0.	0.	0.	0.	0.	0.	0.	0.	0.	0.	0.	0.	0.	0.	0.	0.	0.	0.	0.	0.	0.	0.	0.	0.	0.	0.	0.	0.	0.	0.	0.	0.	0.	0.	0.	0.	0.	0.	0.	0.	0.	0.	0.	0.	0.	0.	-73130.64640922126	-158429.9283259663	-214810.63771778884	-261467.45927488132	-302909.4499735354	-341704.44222699135	-377778.06087332225	-412354.8765402668	-445815.4859733119	-478475.99374374794	-510734.6937377813	-541972.9314815609	-573183.8846736669	-604066.55292876
-19.5489810452446	-154.86228088965765	-283.10686753046963	-398.4011662177645	-495.4198290003777	-569.6568399881177	-617.6898974396397	-637.4414504259244	-628.4262509980691	-591.966669082837	-531.3441583833209	-451.8371737837651	-360.57271322061763	-266.09421600083397	-177.53488648688557	-103.3115027486399	-49.37614579694784	-17.369876824732593	-3.5832762018623505	-0.24197714692589692	-0.0005440939561589209	0.	0.	0.	0.	0.	0.	0.	0.	0.	0.	0.	0.	0.	0.	0.	0.	0.	0.	0.	0.	0.	0.	0.	0.	0.	0.	0.	0.	0.	0.	0.	0.	0.	0.	0.	0.	0.	0.	0.	0.	0.	0.	0.	0.	0.	0.	0.	0.	0.	0.	0.	0.	0.	0.	0.	0.	0.	0.	0.	0.	0.	0.	0.	0.	0.	0.	-28189.95907021301	-142879.03910686233	-202984.23732041894	-251379.659850569	-294276.17144354736	-333192.71719949343	-370037.6039188272	-405003.9954320502	-438925.3745661314	-471598.61623930436	-504060.93569735065	-535648.8392072298	-566828.1838251242	-597923.5961265705
-20.139473565271302	-159.6939925656282	-292.67064563632636	-413.5645032463676	-517.33056804735	-599.6027389563357	-656.915863862376	-686.9285126067333	-688.6404315724546	-662.5928946795706	-611.0315037098437	-537.9985283140113	-449.3051227427743	-352.31372711795046	-255.44255439131007	-167.3005574895691	-95.40141523450984	-44.540673822139	-15.222171213331254	-3.019161014046525	-0.1915689653945015	-0.0003762828145606091	0.	0.	0.	0.	0.	0.	0.	0.	0.	0.	0.	0.	0.	0.	0.	0.	0.	0.	0.	0.	0.	0.	0.	0.	0.	0.	0.	0.	0.	0.	0.	0.	0.	0.	0.	0.	0.	0.	0.	0.	0.	0.	0.	0.	0.	0.	0.	0.	0.	0.	0.	0.	0.	0.	0.	0.	0.	0.	0.	0.	0.	0.	0.	0.	0.	0.	-124468.59858410814	-189678.685413701	-240620.97841976656	-284061.535171019	-324219.1752582635	-361454.900588673	-397205.4966033526	-430979.8564060311	-464386.50926088914	-496912.55028425786	-528712.2431001747	-560248.8433581416	-591246.797030781
-20.690405349948477	-164.20081314911064	-301.58718529959987	-427.6984771296867	-537.7647243337948	-627.5795659070727	-693.6868497907997	-733.5703566410916	-745.8432044437558	-730.4296211055107	-688.7258957400009	-623.7187387909427	-540.0273767015739	-443.8204562032014	-342.54197776326987	-244.3678532374254	-157.32028897097408	-88.01894639968067	-40.191959442653896	-13.361159030615907	-2.551497754752487	-0.15240274056108052	-0.00026241047962301326	0.	0.	0.	0.	0.	0.	0.	0.	0.	0.	0.	0.	0.	0.	0.	0.	0.	0.	0.	0.	0.	0.	0.	0.	0.	0.	0.	0.	0.	0.	0.	0.	0.	0.	0.	0.	0.	0.	0.	0.	0.	0.	0.	0.	0.	0.	0.	0.	0.	0.	0.	0.	0.	0.	0.	0.	0.	0.	0.	0.	0.	0.	0.	0.	0.	-101849.32961593237	-175190.42852543158	-228703.4311265848	-273815.67248828354	-314594.53330979944	-352440.76579105994	-388684.0389269043	-423061.72083728475	-456626.6315340008	-489423.0837996847	-521173.5927650646	-553046.5103520326	-583857.8677117896
-21.20137112640076	-168.38043725886928	-309.8562002173573	-440.810199813191	-556.7401050292552	-653.6120092125814	-728.0172903108158	-777.3339402941042	-799.8905822750544	-795.1287525183566	-763.755006059874	-707.8684804354705	-631.0411612532225	-538.3168769508535	-436.0814169604474	-331.74248607023424	-233.15103120710467	-147.7091329263986	-81.1706790145711	-36.28976118880903	-11.747813075570866	-2.1627331633412203	-0.12181556383003363	-0.00018445408736429364	0.	0.	0.	0.	0.	0.	0.	0.	0.	0.	0.	0.	0.	0.	0.	0.	0.	0.	0.	0.	0.	0.	0.	0.	0.	0.	0.	0.	0.	0.	0.	0.	0.	0.	0.	0.	0.	0.	0.	0.	0.	0.	0.	0.	0.	0.	0.	0.	0.	0.	0.	0.	0.	0.	0.	0.	0.	0.	0.	0.	0.	0.	0.	0.	-71611.65744839176	-158891.3673280453	-215421.47029696568	-262565.6838802042	-304665.6041621459	-343052.22959097085	-379739.5437245544	-414614.5753402581	-448488.99155685655	-481635.6232529154	-513500.95297826204	-545231.9834279211	-576390.6100143963
-21.672102364956466	-172.23150615027703	-317.4785782796148	-452.90754911630785	-574.2749988045036	-677.7269701028465	-759.9308087031574	-818.2121636000726	-850.6964182427145	-856.4520049517291	-835.6302846067102	-789.5925642351789	-721.0089240553846	-633.9054160563954	-533.6257688342954	-426.66178812771795	-320.2960760337719	-221.99857566290063	-138.53910848872582	-74.84627280938744	-32.79314512089025	-10.347967712112562	-1.838641181651478	-0.09780970189927585	-0.00013063641168058115	0.	0.	0.	0.	0.	0.	0.	0.	0.	0.	0.	0.	0.	0.	0.	0.	0.	0.	0.	0.	0.	0.	0.	0.	0.	0.	0.	0.	0.	0.	0.	0.	0.	0.	0.	0.	0.	0.	0.	0.	0.	0.	0.	0.	0.	0.	0.	0.	0.	0.	0.	0.	0.	0.	0.	0.	0.	0.	0.	0.	0.	0.	0.	0.	-139694.97133642941	-201387.55997212228	-250301.589110792	-293669.9901408731	-333198.63506344013	-370133.9680475116	-405693.1518537382	-439847.24013384926	-472944.2407267715	-505745.7727616381	-537472.135975976	-568847.9198430502
-22.102464942272327	-175.7536171296108	-324.45650665008924	-463.9994864971481	-590.3885282690312	-699.9532745125167	-789.4577828190443	-856.2167046354664	-898.2168326514732	-914.2426870544659	-904.002885367524	-868.251174015742	-808.8918453073326	-729.0534473471032	-633.1069421179978	-526.594904108535	-416.0281272933574	-308.4984524875215	-211.05915270231398	-129.85087671979545	-69.02466795012295	-29.66235827408732	-9.131966639356524	-1.5676845908997716	-0.07887853611843629	-0.00009318598385401112	0.	0.	0.	0.	0.	0.	0.	0.	0.	0.	0.	0.	0.	0.	0.	0.	0.	0.	0.	0.	0.	0.	0.	0.	0.	0.	0.	0.	0.	0.	0.	0.	0.	0.	0.	0.	0.	0.	0.	0.	0.	0.	0.	0.	0.	0.	0.	0.	0.	0.	0.	0.	0.	0.	0.	0.	0.	0.	0.	0.	0.	0.	0.	-117186.4302661152	-185396.09839973654	-237590.39115805313	-281950.6907522962	-322368.12594551046	-360407.8076616732	-396158.4453455269	-430886.3729424699	-464394.0883658319	-497031.57133679115	-529364.1402521983	-561041.8175014419
-22.49245613962591	-178.94732153682108	-330.7935538960099	-474.0962948321492	-605.1009535149898	-720.321585426454	-816.6338068720792	-891.3731584838104	-942.4392618265169	-968.4052274693071	-968.6304239420489	-943.3727053090508	-893.8932618922566	-822.5430998941167	-732.8144776420999	-629.3332926581265	-517.7597685993613	-404.5562894353149	-296.57654572853835	-200.43689329208854	-121.66254646889172	-63.67843151648191	-26.8599034579584	-8.074215037190893	-1.3404946389439247	-0.06387991188593974	-0.00006692687742840846	0.	0.	0.	0.	0.	0.	0.	0.	0.	0.	0.	0.	0.	0.	0.	0.	0.	0.	0.	0.	0.	0.	0.	0.	0.	0.	0.	0.	0.	0.	0.	0.	0.	0.	0.	0.	0.	0.	0.	0.	0.	0.	0.	0.	0.	0.	0.	0.	0.	0.	0.	0.	0.	0.	0.	0.	0.	0.	0.	0.	0.	0.	-88013.65547166049	-167692.95457673547	-223171.18749296133	-269523.8971656475	-310969.6586176695	-349742.99751447025	-386467.6437495035	-421133.6227427374	-455302.7397556672	-488182.6013876487	-520952.6003013667	-552395.4952324028
-22.84220101850511	-181.814113123644	-336.49471731988695	-483.20974897779473	-618.4339184392298	-738.8644142972103	-841.4987165721717	-923.7177128585265	-983.374706989058	-1018.8902834419948	-1029.3520388347947	-1014.6167714386713	-975.4106407413593	-913.4198358300829	-831.3601642611321	-733.0084784014084	-623.171990150942	-507.56383160848077	-392.54641807985666	-284.7022001468795	-190.20190435610323	-113.97626991704458	-58.77676705443421	-24.351093116946583	-7.152707206325336	-1.1494501411274423	-0.0519435442063981	-0.00004838133986302493	0.	0.	0.	0.	0.	0.	0.	0.	0.	0.	0.	0.	0.	0.	0.	0.	0.	0.	0.	0.	0.	0.	0.	0.	0.	0.	0.	0.	0.	0.	0.	0.	0.	0.	0.	0.	0.	0.	0.	0.	0.	0.	0.	0.	0.	0.	0.	0.	0.	0.	0.	0.	0.	0.	0.	0.	0.	0.	0.	0.	0.	-40426.072832324586	-147628.20188599153	-207371.61273239576	-256297.088773467	-299482.8041979008	-338818.5556166093	-375924.6311261564	-411286.547959099	-445727.09619682166	-479113.95972607937	-511615.86586048204	-543787.6647119483
-23.1519482183997	-184.35640827546888	-341.56644182773925	-491.3532299636201	-630.4106389738779	-755.6161717144404	-864.095965497456	-953.2948517677158	-1021.0522045328066	-1065.6838580931956	-1086.0696984631295	-1081.74552390567	-1052.99629027968	-1000.9457279879836	-927.6343278309424	-836.0736290989198	-730.2594697220486	-615.1204969562306	-496.37151360641286	-380.2360925662418	-273.0034601695869	-180.39851598303156	-106.78315073535288	-54.28756683522307	-22.104269243802932	-6.348568887733543	-0.9883386402969311	-0.042402987318986146	-0.00003519296282988293	0.	0.	0.	0.	0.	0.	0.	0.	0.	0.	0.	0.	0.	0.	0.	0.	0.	0.	0.	0.	0.	0.	0.	0.	0.	0.	0.	0.	0.	0.	0.	0.	0.	0.	0.	0.	0.	0.	0.	0.	0.	0.	0.	0.	0.	0.	0.	0.	0.	0.	0.	0.	0.	0.	0.	0.	0.	0.	0.	0.	0.	-123196.66147466385	-190152.47187206362	-241821.5044499448	-286429.74458359886	-327100.230387072	-364922.1078738252	-401007.6863722391	-435525.14718237845	-469287.5713457607	-502427.4237022731	-534781.641782244
-23.42206522422155	-186.5775192620245	-346.0166153277246	-498.5417919369018	-641.0560363721261	-770.6132227529339	-884.4722166949196	-980.1557477624885	-1055.5148431819937	-1108.799296374964	-1138.7341602268496	-1144.601534485938	-1126.3258587729747	-1084.5593946494628	-1020.7624168435882	-937.2696492272102	-837.3305075253007	-725.1056895561898	-605.5968246138912	-484.48014476509843	-367.8116013188194	-261.57377094856844	-171.05171018501028	-100.06687265663824	-50.17878236252009	-20.090814586131476	-5.645634206907901	-0.8520843436089923	-0.03474540141763399	-0.000025752313069181395	0.	0.	0.	0.	0.	0.	0.	0.	0.	0.	0.	0.	0.	0.	0.	0.	0.	0.	0.	0.	0.	0.	0.	0.	0.	0.	0.	0.	0.	0.	0.	0.	0.	0.	0.	0.	0.	0.	0.	0.	0.	0.	0.	0.	0.	0.	0.	0.	0.	0.	0.	0.	0.	0.	0.	0.	0.	0.	0.	0.	-92555.80728372112	-171120.0089844124	-226248.151636938	-272561.8946816363	-314507.85419696884	-353436.2170215411	-389898.0106290655	-425166.6456464294	-459264.1368569783	-492687.1439528146	-525102.0376267426
-23.653033152958756	-188.48162151618388	-349.85454466934044	-504.7921895070964	-650.396820224694	-783.8939276575277	-902.6770622087257	-1004.3571150135153	-1086.8168615592037	-1148.2713512805215	-1187.3343789392998	-1203.0907564206993	-1195.1733440601995	-1163.8427007452751	-1110.065645769648	-1035.5868416213632	-942.9845461205041	-835.6978224383447	-718.007751955266	-594.9499168304162	-472.1306388728516	-355.41745742084055	-250.47941630908522	-162.1721047171843	-93.80636270944127	-46.41931228587911	-18.28503845540151	-5.030065798244605	-0.7365299326031796	-0.028574274459747407	-0.000018951728114662982	0.	0.	0.	0.	0.	0.	0.	0.	0.	0.	0.	0.	0.	0.	0.	0.	0.	0.	0.	0.	0.	0.	0.	0.	0.	0.	0.	0.	0.	0.	0.	0.	0.	0.	0.	0.	0.	0.	0.	0.	0.	0.	0.	0.	0.	0.	0.	0.	0.	0.	0.	0.	0.	0.	0.	0.	0.	0.	0.	-42040.62966628174	-148771.9081619861	-208967.64526546779	-258220.06200759322	-301257.13511124003	-341055.8760696137	-378671.62349229906	-414186.4664578625	-448570.36830171937	-482454.04716859834	-515167.5090163956
-23.845441110960127	-190.0737158069977	-353.09091540365904	-510.12287192017686	-658.4615267387519	-795.4986581157976	-918.7628146705079	-1025.9603697654136	-1115.0215023080366	-1184.1517424059111	-1231.8894692147687	-1257.169375511569	-1259.391366156762	-1238.493563633983	-1195.0269584362686	-1130.2276466909882	-1046.080405586859	-945.3644369560394	-831.6683827722155	-709.3572707645602	-583.4693329865752	-459.5168136588495	-343.1643395455182	-239.76549275603216	-153.75979767070842	-87.97772930770853	-42.97955118446361	-16.663992042491834	-4.490020106236965	-0.6382616031884674	-0.02358162002988774	-0.000014023304706331325	0.	0.	0.	0.	0.	0.	0.	0.	0.	0.	0.	0.	0.	0.	0.	0.	0.	0.	0.	0.	0.	0.	0.	0.	0.	0.	0.	0.	0.	0.	0.	0.	0.	0.	0.	0.	0.	0.	0.	0.	0.	0.	0.	0.	0.	0.	0.	0.	0.	0.	0.	0.	0.	0.	0.	0.	0.	0.	0.	-122271.16999989266	-190137.90179078843	-242369.93753385672	-287206.38241907425	-328316.29286712577	-366270.78406973986	-402732.17998848076	-437558.7896861273	-471583.298366472	-504904.5987062077
-23.99998017455711	-191.35958607560994	-355.7377380980479	-514.5539495001533	-665.2805177880024	-805.4697847611379	-932.7843355168502	-1045.0309945101308	-1140.199397054974	-1216.5057932922202	-1272.4425597588693	-1306.8336240663934	-1318.8956124669105	-1308.303955403084	-1275.2623617469158	-1220.572907270218	-1145.7023665378651	-1052.8382291006633	-944.9249751701055	-825.6676102335908	-699.4853255849448	-571.3940050960265	-446.79340392269756	-331.13566264973167	-229.46068267938747	-145.8073190739532	-82.5556577369759	-39.831702249087016	-15.207248953613783	-4.015356253409986	-0.5544686850504651	-0.01952714038225639	-0.00001043095893393609	0.	0.	0.	0.	0.	0.	0.	0.	0.	0.	0.	0.	0.	0.	0.	0.	0.	0.	0.	0.	0.	0.	0.	0.	0.	0.	0.	0.	0.	0.	0.	0.	0.	0.	0.	0.	0.	0.	0.	0.	0.	0.	0.	0.	0.	0.	0.	0.	0.	0.	0.	0.	0.	0.	0.	0.	0.	0.	-87255.42389700495	-168726.56018555336	-225172.05346865053	-271960.40222081146	-314485.2601808457	-353498.21806027176	-390693.52325213136	-425999.184471718	-460556.68491063156	-493817.73965485656
-24.117437047589167	-192.34575362946154	-357.80828352349425	-518.1071369904641	-670.8859460489525	-813.851635206091	-944.7988777520039	-1061.6380358203146	-1162.42732435789	-1245.4098509522648	-1309.0560515142606	-1352.1118464153953	-1373.65255492937	-1373.1421889730448	-1350.4971476467483	-1306.1524828953995	-1241.1277169634075	-1157.0875624886557	-1056.390721250036	-942.1171394431512	-818.0606863127434	-688.6704155947597	-558.91999176317	-434.082873127615	-319.3929794252114	-219.58105104974564	-138.3018856523235	-77.51440118806141	-36.94992761604261	-13.896673762395405	-3.597385040710081	-0.4828308759695837	-0.016222534113008717	-7.797936761263193e-6	0.	0.	0.	0.	0.	0.	0.	0.	0.	0.	0.	0.	0.	0.	0.	0.	0.	0.	0.	0.	0.	0.	0.	0.	0.	0.	0.	0.	0.	0.	0.	0.	0.	0.	0.	0.	0.	0.	0.	0.	0.	0.	0.	0.	0.	0.	0.	0.	0.	0.	0.	0.	0.	0.	0.	0.	0.	-13713.65431140233	-143908.9326954661	-205980.58542863946	-256044.99142043665	-300050.09044630127	-340331.08742914535	-378072.813622041	-413910.24081474636	-449214.8066841921	-483040.2922593418
-24.198687449743797	-193.03942833322304	-359.31700871257516	-520.8056777759393	-675.3116911781664	-820.6904238061313	-954.8659299330975	-1075.85368860302	-1181.7872299668988	-1270.9492743456767	-1341.8079201470268	-1393.0582751134068	-1423.669717378078	-1432.938670025797	-1420.5463363806239	-1386.6202211442944	-1331.7973878238624	-1257.2861936106258	-1164.9216062154894	-1057.2070552208402	-937.3330507158734	-809.159567705534	-677.1457207428716	-546.2072413966026	-421.481154463871	-307.98039767625403	-210.1330558185871	-131.2271137873054	-72.82847156514397	-34.31038895609096	-12.716192721395316	-3.228653878680957	-0.421427517651309	-0.013519622197167645	-5.857759851530424e-6	0.	0.	0.	0.	0.	0.	0.	0.	0.	0.	0.	0.	0.	0.	0.	0.	0.	0.	0.	0.	0.	0.	0.	0.	0.	0.	0.	0.	0.	0.	0.	0.	0.	0.	0.	0.	0.	0.	0.	0.	0.	0.	0.	0.	0.	0.	0.	0.	0.	0.	0.	0.	0.	0.	0.	0.	0.	-113082.45040678956	-184693.2853269701	-238669.92651288974	-284591.83541143767	-325816.07260684954	-364842.5800102141	-401550.2671792764	-436760.27178154123	-471200.8988164257
-24.2446892895078	-193.4484573887568	-360.2794756349673	-522.6742524352447	-678.5932715799693	-826.0341555329582	-963.0470538081252	-1087.7529351183052	-1198.3654316987108	-1293.216838120082	-1370.7887978897406	-1429.7481084759472	-1468.9879249610476	-1487.6744221176407	-1485.298657106901	-1461.7329200151748	-1417.2902167789862	-1352.7846338819863	-1269.5891096562905	-1169.6855000725077	-1055.6997054262254	-930.9119934161392	-799.2296056703592	-665.1055998494517	-533.3854260209157	-409.06245800278987	-296.9281777074722	-201.11591985575512	-124.56431253568884	-68.4731085011778	-31.89121566679418	-11.651575021758164	-2.902763288996235	-0.36866446939722436	-0.011301321603002502	-4.420787180927677e-6	0.	0.	0.	0.	0.	0.	0.	0.	0.	0.	0.	0.	0.	0.	0.	0.	0.	0.	0.	0.	0.	0.	0.	0.	0.	0.	0.	0.	0.	0.	0.	0.	0.	0.	0.	0.	0.	0.	0.	0.	0.	0.	0.	0.	0.	0.	0.	0.	0.	0.	0.	0.	0.	0.	0.	0.	-69944.97620318789	-160669.06946951876	-219460.3435592451	-267571.35393649654	-310961.5319134491	-350935.74756516254	-388062.4778202437	-424414.47347908176	-459203.9685670955
-24.256475674921266	-193.58127225727517	-360.7122640362375	-523.7388746381451	-680.7677359052	-829.9325069341519	-969.4057118077357	-1097.413217797745	-1212.2519543930352	-1312.3114406876025	-1396.0996391894103	-1462.273580337797	-1509.6750930266903	-1537.3718168477521	-1544.7034402771433	-1531.332776607163	-1497.3008174252925	-1443.0842419340427	-1369.6529475775637	-1278.5239317911773	-1171.8062230316523	-1052.2294759351382	-923.1463115417389	-788.4956290497	-652.7113225511675	-520.5589311984311	-396.88327513661005	-286.2556515032908	-192.52350267253368	-118.29345209662219	-64.42458547060872	-29.672427030293534	-10.690229200826359	-2.6142107911061636	-0.32321504400317497	-0.00947475251448409	-3.351261352422344e-6	0.	0.	0.	0.	0.	0.	0.	0.	0.	0.	0.	0.	0.	0.	0.	0.	0.	0.	0.	0.	0.	0.	0.	0.	0.	0.	0.	0.	0.	0.	0.	0.	0.	0.	0.	0.	0.	0.	0.	0.	0.	0.	0.	0.	0.	0.	0.	0.	0.	0.	0.	0.	0.	0.	0.	0.	-131804.6077597238	-198028.13045271597	-249703.0672316715	-294938.38396043045	-336106.09956152324	-374449.5996529941	-411203.12258771097	-446337.9667032562
-24.235147814263176	-193.44683424208267	-360.63287982069625	-524.026777040406	-681.8735380309888	-832.4366874206622	-974.0070830462786	-1104.914132252948	-1223.5399567716322	-1328.337036257705	-1417.8498256341068	-1490.7407887828529	-1545.821212824568	-1582.087051869343	-1598.7598809201384	-1595.3327979166534	-1571.620765605587	-1527.8143967740289	-1464.5355077966078	-1382.891837606987	-1284.5270863260425	-1171.6608067026839	-1047.110643041448	-914.2869827582587	-777.1474313566479	-640.0960713132068	-507.8110964142207	-384.9857005265144	-275.9735841166795	-184.34576263778231	-112.39388216038425	-60.660397119219404	-27.63582680054456	-9.821016838690658	-2.358258331645779	-0.28397219529807605	-0.007965951591352266	-2.551445970913336e-6	0.	0.	0.	0.	0.	0.	0.	0.	0.	0.	0.	0.	0.	0.	0.	0.	0.	0.	0.	0.	0.	0.	0.	0.	0.	0.	0.	0.	0.	0.	0.	0.	0.	0.	0.	0.	0.	0.	0.	0.	0.	0.	0.	0.	0.	0.	0.	0.	0.	0.	0.	0.	0.	0.	0.	-94698.10752144516	-174152.00800590747	-230379.6720452274	-277882.2230960033	-320418.27450949315	-359831.4338883938	-397293.6019622684	-433291.31613752834
-24.181867857333874	-193.0545792181044	-360.0596602204269	-523.5662895250025	-681.9503989082169	-833.5992841798803	-976.9178680627159	-1110.3371319297053	-1232.3252236072183	-1341.4017329990822	-1436.1556031923276	-1515.2671077953157	-1577.5342696574432	-1621.904013081682	-1647.5082203563265	-1653.7046861610158	-1640.1227101794955	-1606.7127083941634	-1553.7987202880179	-1482.1319951515734	-1392.9429003684493	-1287.987148088761	-1169.580731096377	-1040.615971022733	-904.5487632431913	-765.3446532642276	-627.3692707397493	-495.2078000913401	-373.4001784495078	-266.086078296371	-176.56989938662915	-106.84485808159329	-57.15936078798899	-25.76488301801638	-9.034084122449956	-2.13081982614868	-0.2500097231877806	-0.006715799614356228	-1.950592522173196e-6	0.	0.	0.	0.	0.	0.	0.	0.	0.	0.	0.	0.	0.	0.	0.	0.	0.	0.	0.	0.	0.	0.	0.	0.	0.	0.	0.	0.	0.	0.	0.	0.	0.	0.	0.	0.	0.	0.	0.	0.	0.	0.	0.	0.	0.	0.	0.	0.	0.	0.	0.	0.	0.	0.	-20613.35740839095	-146101.7868153488	-208955.7366094833	-259441.13904578146	-303996.92783254845	-344702.2647456789	-382726.12457981217	-419484.7232696666
-24.097851726100195	-192.41436196354394	-359.0116768729166	-522.386711878503	-681.0391583295207	-833.4740939410834	-978.2060835166236	-1113.7652393463252	-1238.7057048424986	-1351.6170151502663	-1451.1387725088646	-1535.9790489300312	-1604.9368898788282	-1656.9292338433845	-1691.0224752400504	-1706.4687699711828	-1702.746997709678	-1679.6080305974328	-1637.1235855753748	-1575.7374200567	-1496.3169227949818	-1400.2022014150507	-1289.2485214600847	-1165.856366200057	-1032.9814550091223	-894.1148554235957	-753.2210826734167	-614.620310771207	-482.8004780829445	-362.1477666805509	-256.5921063637071	-169.18124040912002	-101.62591989312496	-53.90165681301577	-24.04460179634217	-8.320710895880008	-1.9283658066875946	-0.22055071924564648	-0.005676871431207304	-1.4972186437463195e-6	0.	0.	0.	0.	0.	0.	0.	0.	0.	0.	0.	0.	0.	0.	0.	0.	0.	0.	0.	0.	0.	0.	0.	0.	0.	0.	0.	0.	0.	0.	0.	0.	0.	0.	0.	0.	0.	0.	0.	0.	0.	0.	0.	0.	0.	0.	0.	0.	0.	0.	0.	0.	0.	0.	-111394.39183639153	-184924.130637505	-239512.69590854694	-286393.14603195904	-328380.63092080195	-367710.88226792926	-405065.8691212187
-23.984361981253116	-191.53640051873407	-357.5086378238241	-520.5181827658862	-679.1816193653858	-832.1159446729473	-977.9408486409218	-1115.282761236944	-1242.781089158366	-1359.0970589511583	-1462.9255734932403	-1553.010472338745	-1628.1635600249933	-1687.287725455007	-1729.4044133745842	-1753.6856167565693	-1759.4904242597877	-1746.405963201377	-1714.2923035725375	-1663.3305038546368	-1594.0724486509691	-1507.490408010665	-1405.0232902090484	-1288.6153162288865	-1160.7412827487105	-1024.4107100422652	-883.1410891699057	-740.8884119588919	-601.9217324855986	-470.628656668337	-351.2419978997895	-247.48673873863456	-162.1639252648146	-96.71715907428138	-50.86882586627952	-22.461400936144056	-7.673176251017838	-1.7478425742215475	-0.19494183801628814	-0.0048109893934869825	-1.1536715916703794e-6	0.	0.	0.	0.	0.	0.	0.	0.	0.	0.	0.	0.	0.	0.	0.	0.	0.	0.	0.	0.	0.	0.	0.	0.	0.	0.	0.	0.	0.	0.	0.	0.	0.	0.	0.	0.	0.	0.	0.	0.	0.	0.	0.	0.	0.	0.	0.	0.	0.	0.	0.	0.	0.	-57818.305378484685	-157330.20514285727	-217595.10939843353	-267507.20090391923	-311507.3078685351	-351756.5584904265	-390176.60011535126
-23.842700768660876	-190.43122096701234	-355.57078937560635	-517.9915466679679	-676.4203879363752	-829.5805101016797	-976.1921655702014	-1114.9750065327853	-1244.6524036579174	-1363.9581206139007	-1471.6457206269065	-1566.5010713768886	-1647.3582974579963	-1713.119501876826	-1762.7785348346408	-1795.4490222205316	-1810.3967695559281	-1807.076515296345	-1785.17280567073	-1744.6444778149626	-1685.7718414845178	-1609.2051066047782	-1516.0118730805902	-1407.7205355211056	-1286.3552185110598	-1154.4563242150723	-1015.0789693653493	-871.7596309367165	-728.439500607996	-589.3319430491614	-458.72207220466566	-340.6904066070504	-238.7621261594983	-155.50142983733915	-92.09940010767066	-48.04373685345578	-21.002987171990522	-7.0846394199804665	-1.5866036251787499	-0.17263226593095377	-0.004087315644272372	-8.922785559685643e-7	0.	0.	0.	0.	0.	0.	0.	0.	0.	0.	0.	0.	0.	0.	0.	0.	0.	0.	0.	0.	0.	0.	0.	0.	0.	0.	0.	0.	0.	0.	0.	0.	0.	0.	0.	0.	0.	0.	0.	0.	0.	0.	0.	0.	0.	0.	0.	0.	0.	0.	0.	0.	0.	-123191.82396157015	-193476.63210793355	-247092.92727788255	-293072.62389849656	-334918.30228301877	-374498.48408474703
-23.674202886877264	-189.10960300207816	-353.2188186142794	-514.8382202671593	-672.7987097329159	-825.9241197234484	-973.0306957985924	-1112.928007185267	-1244.4216342893576	-1366.3179808198427	-1477.4315566979278	-1576.5950729438546	-1662.6726796280104	-1734.5766600993313	-1791.287865392141	-1831.8801268896668	-1855.5488160241218	-1861.6436175419371	-1849.7054349039702	-1819.5071358083928	-1771.0975506100492	-1704.847728673359	-1621.4979033854027	-1522.2028764289723	-1408.572564994447	-1282.7032272847591	-1147.1933798002028	-1005.1366839399471	-860.0822493906538	-715.9511944330039	-576.897521806953	-447.10244067739	-330.4957788704176	-230.40828230843078	-149.17696443808114	-87.75431772398063	-45.410535319795706	-19.658239414585953	-6.5490345973495545	-1.4423514519247342	-0.15315648684022273	-0.0034808588408455727	-6.926055063582487e-7	0.	0.	0.	0.	0.	0.	0.	0.	0.	0.	0.	0.	0.	0.	0.	0.	0.	0.	0.	0.	0.	0.	0.	0.	0.	0.	0.	0.	0.	0.	0.	0.	0.	0.	0.	0.	0.	0.	0.	0.	0.	0.	0.	0.	0.	0.	0.	0.	0.	0.	0.	0.	-74865.28035694888	-165427.8952229135	-224603.7662727246	-273710.6524435027	-317548.53389177576	-358039.21165855415
-23.480229013805058	-187.5825266155776	-350.4737573637012	-511.0900596051271	-668.360306457299	-821.2035667588092	-968.5275350333084	-1109.2282425236615	-1242.1913637153782	-1366.2954347577736	-1480.4173010639718	-1583.440110085377	-1674.2641603641425	-1751.8209074606896	-1815.0904084560611	-1863.122455613758	-1895.0616012022997	-1910.176202271363	-1907.891506672294	-1887.8266469073017	-1849.8351895047515	-1794.0485826858016	-1720.9214267409698	-1631.2769269054284	-1526.3501406286066	-1407.8256629599075	-1277.865177196693	-1139.1188308644255	-994.7127336131741	-848.2031734764836	-703.4867519908221	-564.6551737672722	-435.7849318987969	-320.6571729647698	-222.41370498135404	-143.1737726675036	-83.66450596212637	-42.95457964209478	-18.417099342095998	-6.060978302989849	-1.3130881053766847	-0.1361201231985338	-0.0029713008974497986	-5.394949090482807e-7	0.	0.	0.	0.	0.	0.	0.	0.	0.	0.	0.	0.	0.	0.	0.	0.	0.	0.	0.	0.	0.	0.	0.	0.	0.	0.	0.	0.	0.	0.	0.	0.	0.	0.	0.	0.	0.	0.	0.	0.	0.	0.	0.	0.	0.	0.	0.	0.	0.	0.	0.	0.	-131303.62580186708	-199837.74555742604	-252465.6074278599	-298855.3544159675	-340427.3895902674
-23.262159127366786	-185.86112020774158	-347.3568882381788	-506.77922918678286	-663.1492131430946	-815.4759162678307	-962.7539886398043	-1103.9623682586755	-1238.0644247908351	-1364.009820019445	-1480.7383747908887	-1587.1862337258758	-1682.2946179654275	-1765.0214512122818	-1834.356133194225	-1889.3377145097031	-1929.0766937279611	-1952.7806058306148	-1959.7834942386817	-1949.5792452393005	-1921.8586026117177	-1876.5494529660168	-1813.8596580575463	-1734.321281988536	-1638.834487239256	-1528.7086192534662	-1405.6970318590536	-1272.0210035170523	-1130.3766650613527	-983.917271479963	-836.2015819092104	-691.0979262261593	-552.6333806520313	-424.7793953419185	-311.1707510018255	-214.76586687130464	-137.4753524217114	-79.81351146458414	-40.66237028420231	-17.27046999908405	-5.6156879401778275	-1.1970731571557605	-0.12118827481660334	-0.00254207180455985	-4.21653745431214e-7	0.	0.	0.	0.	0.	0.	0.	0.	0.	0.	0.	0.	0.	0.	0.	0.	0.	0.	0.	0.	0.	0.	0.	0.	0.	0.	0.	0.	0.	0.	0.	0.	0.	0.	0.	0.	0.	0.	0.	0.	0.	0.	0.	0.	0.	0.	0.	0.	0.	0.	0.	-85477.76152650875	-171129.92162341194	-229342.57939842038	-278509.3314674111	-322310.5034691353
-23.021386151612745	-183.95661039278616	-343.88965338912516	-501.9380740665681	-657.2096181028733	-808.7983154175575	-955.7813497499552	-1097.2169514705984	-1232.143568807423	-1359.580577060917	-1478.5307896615739	-1587.9850384474432	-1686.9290924364586	-1774.353183450149	-1849.2644015939193	-1910.7022116055664	-1957.757319434762	-1989.5940830095483	-2005.4766064216242	-2004.798575236865	-1987.1167723360293	-1952.1880454896914	-1900.0092628075638	-1830.859468870391	-1745.343016637449	-1644.4318679433763	-1529.5044960753908	-1402.377859467804	-1265.327729462709	-1121.0912665516742	-972.8442291034336	-824.1437633117723	-678.8267456170604	-540.8537936237083	-414.0913776589661	-302.030454897904	-207.45160122862399	-132.0656160228557	-76.18584054923687	-38.5214758995388	-16.21012259001931	-5.208910286426322	-1.0927879117878505	-0.1080758906665902	-0.0021796174839813936	-3.3063243458322324e-7	0.	0.	0.	0.	0.	0.	0.	0.	0.	0.	0.	0.	0.	0.	0.	0.	0.	0.	0.	0.	0.	0.	0.	0.	0.	0.	0.	0.	0.	0.	0.	0.	0.	0.	0.	0.	0.	0.	0.	0.	0.	0.	0.	0.	0.	0.	0.	0.	0.	0.	0.	-136945.96770877176	-203851.7020158467	-256731.30592158056	-302838.2529794122
-22.75930985650299	-181.88027373966062	-340.0935664694023	-496.59899582354905	-650.5857068641756	-801.2278076715719	-947.6806819451717	-1089.0782130129128	-1224.5311483284734	-1353.1268386597364	-1473.930591501828	-1585.988883272156	-1688.3346788753088	-1779.9951093372745	-1860.0017571521332	-1927.4037930679274	-1981.2841949645647	-2020.7792561266665	-2045.1015523638516	-2053.5664793848623	-2045.622385968839	-2020.884204701942	-1979.1703071763134	-1920.542067683428	-1845.3452874772702	-1754.2521852533275	-1648.3020697617164	-1528.9380477736865	-1398.0361602191238	-1257.9221725526024	-1111.3698993586825	-961.5735130079621	-812.0849847234078	-666.7070348645229	-529.3324061234862	-403.72296584144055	-293.22855433212095	-200.4574029111867	-126.92900293559713	-72.7669473661003	-36.52045895159407	-15.228611342331583	-4.836858756034184	-0.9989049005971197	-0.09653979964974896	-0.0018728184056313341	-2.600828769250545e-7	0.	0.	0.	0.	0.	0.	0.	0.	0.	0.	0.	0.	0.	0.	0.	0.	0.	0.	0.	0.	0.	0.	0.	0.	0.	0.	0.	0.	0.	0.	0.	0.	0.	0.	0.	0.	0.	0.	0.	0.	0.	0.	0.	0.	0.	0.	0.	0.	0.	0.	-90806.58528461073	-174619.96025077853	-232878.52860636532	-281924.8936792174
-22.477331035193835	-179.64339065751224	-335.99012826970545	-490.79433321021367	-643.3215112748288	-792.8211524566989	-938.5226082456503	-1079.6317787597516	-1215.3288148595166	-1344.7670460224595	-1467.0733508253122	-1581.3501929799388	-1686.6795514490093	-1782.128977501478	-1866.760013683837	-1939.6392082759678	-1999.8519521098124	-2046.5193502679	-2078.8183160028534	-2096.005033562	-2097.4418755195106	-2082.6277694348923	-2051.231879815871	-2003.1302897150724	-1938.4451159142272	-1857.585151473529	-1761.286674924654	-1650.652469214586	-1527.1863285616535	-1392.819377109065	-1249.9233774185732	-1101.3049058376912	-950.1729233996517	-800.0711037150531	-654.7657108268388	-518.0805400522993	-393.67348469627046	-284.75608957676917	-193.76966146056455	-122.05055573025571	-69.54320871653829	-34.64880269802739	-14.319196115072119	-4.496158382326233	-0.9142618421717865	-0.0863720983694541	-0.0016125263731141357	-2.0521680399113782e-7	0.	0.	0.	0.	0.	0.	0.	0.	0.	0.	0.	0.	0.	0.	0.	0.	0.	0.	0.	0.	0.	0.	0.	0.	0.	0.	0.	0.	0.	0.	0.	0.	0.	0.	0.	0.	0.	0.	0.	0.	0.	0.	0.	0.	0.	0.	0.	0.	0.	0.	-139694.97133642941	-206575.11395871147	-259426.71997943477
-22.17684598061892	-177.257201606839	-331.6007464141414	-484.5562481453033	-635.4607647909202	-783.6346516557386	-928.3771079446851	-1068.9624410574504	-1204.637231847093	-1334.6185900528149	-1458.0936956809871	-1574.2208289506314	-1682.132098098863	-1780.9380802808137	-1869.7345952345995	-1947.611833301303	-2013.666057435666	-2067.014091191322	-2106.810788857295	-2132.269656650464	-2142.6867506874282	-2137.4679124354416	-2116.159307621251	-2078.481099884055	-2024.3639025677735	-1953.987394299914	-1867.8201360509509	-1766.6591654511676	-1651.6673424598152	-1524.4056545523576	-1386.8567430520716	-1241.4347892026178	-1090.9756445588966	-938.6998252057394	-788.1399563548898	-643.0238851907812	-507.1056738383954	-383.94007277366075	-276.60322810130276	-187.37483968152128	-117.41596772302573	-66.50188977246918	-32.896840774574	-13.475772309793479	-4.183797576349555	-0.8378393834865323	-0.07739465160993948	-0.0013911942556948528	-1.6240857322586744e-7	0.	0.	0.	0.	0.	0.	0.	0.	0.	0.	0.	0.	0.	0.	0.	0.	0.	0.	0.	0.	0.	0.	0.	0.	0.	0.	0.	0.	0.	0.	0.	0.	0.	0.	0.	0.	0.	0.	0.	0.	0.	0.	0.	0.	0.	0.	0.	0.	0.	-92553.97514844024	-176395.56207680906	-234574.8566392772
-21.859241277936746	-174.73286578084827	-326.94665944227626	-477.9166176130293	-627.046764803336	-773.723984078342	-917.3133226300026	-1057.1539316278856	-1192.5558036181417	-1322.79747687316	-1447.1248829600404	-1564.7515211224058	-1674.8601504993892	-1776.6061982751812	-1869.1230879587838	-1951.529696342917	-2022.940149230822	-2082.476163344603	-2129.2821330545075	-2162.5431431635006	-2181.506059548388	-2185.503803453479	-2173.9828466172453	-2146.5338652348196	-2102.9253506824466	-2043.1397807423325	-1967.4116902783921	-1876.266625012405	-1770.5594933633681	-1651.5102250292086	-1520.7338792884982	-1380.261408714683	-1232.5461855261892	-1080.4501925016295	-927.2025998179018	-776.3225500902503	-631.4978014199128	-496.41213682785934	-374.5181570105064	-268.75955054186204	-181.25960863305934	-113.01160894936453	-63.63110389656491	-31.25569016777825	-12.692807576100666	-3.897085822990739	-0.7687420444590627	-0.0694545074050432	-0.0012025790770859857	-1.289026153548731e-7	0.	0.	0.	0.	0.	0.	0.	0.	0.	0.	0.	0.	0.	0.	0.	0.	0.	0.	0.	0.	0.	0.	0.	0.	0.	0.	0.	0.	0.	0.	0.	0.	0.	0.	0.	0.	0.	0.	0.	0.	0.	0.	0.	0.	0.	0.	0.	0.	0.	-140098.8542563533	-207351.90233345615
-21.52588892754756	-172.08142238365573	-322.04886553174316	-470.9069319285512	-618.122242711229	-763.1440488754265	-905.3993725375376	-1044.288707029848	-1179.182420901205	-1309.4180170716852	-1434.2984054103258	-1553.091354611527	-1665.0302971531728	-1769.3166689531681	-1865.1239726193778	-1951.6037592844996	-2027.8937281101219	-2093.128143544041	-2146.4507668705232	-2187.030488562325	-2214.07982882374	-2226.876442024778	-2224.7877118300853	-2207.298451587691	-2174.0416209254836	-2124.831824124066	-2059.701155520203	-1978.9366856537836	-1883.1185196583021	-1773.15688462808	-1650.326092518728	-1516.292461167837	-1373.1323489836755	-1223.3353868937493	-1069.7868359343126	-915.721903757072	-764.6440874553962	-620.1996299473501	-486.0016908170402	-365.40184306818315	-261.21427888378435	-175.4109478518283	-108.82453571602964	-60.919768964007936	-29.71718804007404	-11.965284778049382	-3.6336165725762757	-0.7061818800169795	-0.06242006565531953	-0.001041503192433517	-1.0259704955766722e-7	0.	0.	0.	0.	0.	0.	0.	0.	0.	0.	0.	0.	0.	0.	0.	0.	0.	0.	0.	0.	0.	0.	0.	0.	0.	0.	0.	0.	0.	0.	0.	0.	0.	0.	0.	0.	0.	0.	0.	0.	0.	0.	0.	0.	0.	0.	0.	0.	-90413.46450644743	-175933.76379213165
-21.178141808566107	-169.31375459121077	-316.928056077716	-463.5581997394816	-608.7292423127956	-751.948818686308	-892.7021841905164	-1030.447747625877	-1164.6132235354391	-1294.5925383784074	-1419.7436323091902	-1539.3873059942491	-1652.8072700723915	-1759.2515631779181	-1857.935512512863	-1948.0464182763385	-2028.7501491886956	-2099.1998400369393	-2158.5468824917507	-2205.954395909641	-2240.6133534303576	-2261.761517818557	-2268.7053072614062	-2260.8446599493036	-2237.700889840359	-2198.9474184367214	-2144.443116596708	-2074.2677842135395	-1988.7590175844964	-1888.549345624902	-1774.6020357631185	-1648.243357483733	-1511.188329655465	-1365.55606319199	-1213.8697659255781	-1059.0353731345292	-904.2917581063617	-753.1248435022807	-609.138142317359	-475.8740164249262	-356.58423556809163	-253.95645743320685	-169.81621793418466	-104.8424878563403	-58.357561969340956	-28.27383263632896	-11.288650686732074	-3.391234674808796	-0.6494644503680327	-0.056177869079314484	-0.0009036616116630643	-8.188297943723303e-8	0.	0.	0.	0.	0.	0.	0.	0.	0.	0.	0.	0.	0.	0.	0.	0.	0.	0.	0.	0.	0.	0.	0.	0.	0.	0.	0.	0.	0.	0.	0.	0.	0.	0.	0.	0.	0.	0.	0.	0.	0.	0.	0.	0.	0.	0.	0.	0.	-137872.42769039128
-20.817329490645935	-166.44055626554095	-311.60455427051875	-455.90086002717476	-598.9090069541717	-740.1912031422816	-879.2873300907987	-1015.7103708342157	-1148.9423808941299	-1278.431121594329	-1403.5874822318851	-1523.7838253281022	-1638.3533974557017	-1746.590956711903	-1847.754776466303	-1941.0701931585165	-2025.734873140802	-2100.9259791887066	-2165.809420463399	-2219.5513692453565	-2261.332222131072	-2290.3631705399907	-2305.9055225817533	-2307.292881946931	-2293.9562346990174	-2265.451915357081	-2221.492311294728	-2161.9790088130326	-2087.0378722407786	-1997.0552632599565	-1892.7142329620387	-1775.029033934668	-1645.3756847652435	-1505.5155610507131	-1357.608085679737	-1204.2075754606606	-1048.2382504911384	-892.9404901524964	-741.7809170530869	-598.3192821310191	-466.0271193123166	-348.05770009117566	-246.97509527704506	-164.46321122855997	-101.05387692315409	-55.93487322739075	-26.918728334572382	-10.65876988012506	-3.16800778199201	-0.5979767544344552	-0.05062990933620808	-0.0007854660978318392	-6.552466732680622e-8	0.	0.	0.	0.	0.	0.	0.	0.	0.	0.	0.	0.	0.	0.	0.	0.	0.	0.	0.	0.	0.	0.	0.	0.	0.	0.	0.	0.	0.	0.	0.	0.	0.	0.	0.	0.	0.	0.	0.	0.	0.	0.	0.	0.	0.	0.	0.	-84471.89364228706
-20.44475439824432	-163.47230145692424	-306.0982587706304	-447.96470131651057	-588.701875764401	-727.9229231948675	-865.2188810522547	-1000.1540592752634	-1132.2618904411243	-1261.041359640712	-1385.954126677114	-1506.4224607767924	-1621.8281162551548	-1731.5122862384853	-1834.7767803666707	-1930.8865810629457	-2019.0739410485985	-2098.544191775748	-2168.4834376643544	-2228.068313560822	-2276.4779814939543	-2312.9085360077606	-2336.589972994198	-2346.8058522320684	-2342.9157450510434	-2324.3805007952624	-2290.7902826810023	-2241.8952070035402	-2177.6382590196818	-2098.18994128313	-2003.9838202014253	-1895.7517563021229	-1774.5571142000715	-1641.8236320897904	-1499.3568768160474	-1349.3543236822127	-1194.3991146550945	-1037.431551711416	-881.6915463415168	-730.6248733229886	-587.746648120296	-456.45766894947104	-339.81407684469644	-240.2592773817015	-159.34018527529523	-97.4477678477166	-53.642761113326316	-25.645534787828	-10.071883357298066	-2.962201220041846	-0.5511768353169251	-0.04569136059509256	-0.0006839186621820895	-5.256984411730003e-8	0.	0.	0.	0.	0.	0.	0.	0.	0.	0.	0.	0.	0.	0.	0.	0.	0.	0.	0.	0.	0.	0.	0.	0.	0.	0.	0.	0.	0.	0.	0.	0.	0.	0.	0.	0.	0.	0.	0.	0.	0.	0.	0.	0.	0.	0.	0.
-20.061688328776246	-160.41921671340404	-300.42859253613517	-439.7787881935855	-578.1471891739869	-715.19439660185	-850.5592715987609	-983.8543042537156	-1114.6613947126827	-1242.5281395821542	-1366.964723515321	-1487.4415232699612	-1603.3875396496373	-1714.1897813550167	-1819.1937336805115	-1917.705053930658	-2008.9926440720524	-2092.29325906127	-2166.8178159567783	-2231.759573629644	-2286.304354708633	-2329.6429791066025	-2360.9860704526964	-2379.581380841353	-2384.733752642407	-2375.8277949164235	-2352.353291286199	-2313.9332694840336	-2260.354541959518	-2191.6003614777474	-2107.8846127504316	-2009.6866655839333	-1897.7856295853435	-1773.2922572615432	-1637.6761256805048	-1492.7849785584094	-1340.8522392549262	-1184.4877509548414	-1026.6458579980379	-870.5641934552193	-719.666293168461	-577.421902490158	-447.1612806668677	-331.84485425416557	-233.79825020373704	-154.43588272791578	-94.01385603251148	-51.472908008846	-24.448420025640782	-9.524571406016664	-2.7722558892095575	-0.5085848118770123	-0.04128866857171338	-0.0005965086281805972	-4.2282324399535097e-8	0.	0.	0.	0.	0.	0.	0.	0.	0.	0.	0.	0.	0.	0.	0.	0.	0.	0.	0.	0.	0.	0.	0.	0.	0.	0.	0.	0.	0.	0.	0.	0.	0.	0.	0.	0.	0.	0.	0.	0.	0.	0.	0.	0.	0.	0.
-19.669369323354633	-157.2912561896165	-294.6144567997485	-431.37139518864933	-567.2832038476926	-702.0546347476586	-835.369178692086	-966.8844648550677	-1096.228016882266	-1222.9934474256804	-1346.7371793411814	-1466.9757890295396	-1583.1840752822452	-1694.7939654711258	-1801.1943797766157	-1901.7321831824984	-1995.7143639080878	-2082.4115854669067	-2161.063267205514	-2230.8843544336432	-2291.07394338464	-2340.8259272932555	-2379.341826589622	-2405.84595691045	-2419.603071190266	-2419.938583244457	-2406.261437079396	-2378.089621999421	-2335.078243883991	-2277.04993784805	-2204.027237419967	-2116.2662873469462	-2014.2909863232887	-1898.9262558056573	-1771.3286345263107	-1633.0117822703521	-1485.863734035503	-1332.1518912241504	-1174.51081440381	-1015.9069952155485	-859.5741228855933	-708.9122421851478	-567.3451157407022	-438.13275005037184	-324.14130936146717	-227.58148663347785	-149.73954075820458	-90.7424414026585	-49.41757790998891	-23.32201733313848	-9.01372029755479	-2.596768812356767	-0.4697751284849667	-0.03735793583712023	-0.0005211286471899294	-3.409119574884766e-8	0.	0.	0.	0.	0.	0.	0.	0.	0.	0.	0.	0.	0.	0.	0.	0.	0.	0.	0.	0.	0.	0.	0.	0.	0.	0.	0.	0.	0.	0.	0.	0.	0.	0.	0.	0.	0.	0.	0.	0.	0.	0.	0.	0.	0.
-19.26899888631941	-154.09807952809328	-288.6741901657121	-422.76994799020906	-556.1470170310038	-688.5511508962901	-819.7074139195545	-949.3156427794079	-1077.0462149281832	-1202.5361954216835	-1325.3859398637753	-1445.156238069737	-1561.3660907445449	-1673.4912196832136	-1780.9634207112963	-1883.17087756723	-1979.4595639822167	-2069.135870066639	-2151.4705974227168	-2225.7044747333757	-2291.0553513595605	-2346.7272299714705	-2391.9212994675718	-2425.8491251100304	-2447.7481422193237	-2456.8995806658227	-2452.6489167917434	-2434.4289033822483	-2401.7851617873675	-2354.404226720193	-2292.1438053010934	-2215.0648372340324	-2123.4647100646303	-2017.9106777043771	-1899.2721359235697	-1768.749909398243	-1627.9000896790667	-1478.649228301374	-1323.2968521458968	-1164.5003792685181	-1005.2366823198621	-848.7339710403824	-698.3676710604086	-557.5150575572368	-429.3662473222415	-316.694620759361	-221.59873422606879	-145.2408923550588	-87.62440058948144	-47.469575992125094	-22.261385694884144	-8.53649241811304	-2.4344759977019335	-0.43436984686069313	-0.033843554605230745	-0.0004560059962644575	-2.7552370271537997e-8	0.	0.	0.	0.	0.	0.	0.	0.	0.	0.	0.	0.	0.	0.	0.	0.	0.	0.	0.	0.	0.	0.	0.	0.	0.	0.	0.	0.	0.	0.	0.	0.	0.	0.	0.	0.	0.	0.	0.	0.	0.	0.	0.	0.
-18.8617395474722	-150.84903246721385	-282.6255327509376	-414.00097191922714	-544.7745002608483	-674.729879817822	-803.6308291122523	-931.216572901407	-1057.197654288636	-1181.2520715014923	-1303.0218074752188	-1422.1098269600648	-1538.077623251213	-1650.443404568045	-1758.6810185828729	-1862.2197224263448	-1960.4449145149665	-2052.6999535358896	-2138.2891986115146	-2216.482412702846	-2286.5206782482337	-2347.6239792916035	-2399.0006071711496	-2439.858546214765	-2469.4189905004932	-2486.932130841569	-2491.695330438511	-2483.0737750688586	-2460.5236352865686	-2423.6177087267665	-2372.0734136543974	-2305.782872024159	-2224.8446412379326	-2129.5964161383245	-2020.6477123559503	-1898.9111436604799	-1765.6304049136004	-1622.4024582712016	-1471.1906934973358	-1314.3250141303065	-1154.4839464916206	-994.6530936920204	-838.0537672560253	-688.0357570453291	-547.92944192768	-420.8554781469612	-309.4959588316617	-215.84004996130463	-140.93016144766747	-84.65115814270524	-45.62221030762453	-21.26197357473211	-8.090299481238372	-2.284237325897108	-0.4020328307349946	-0.030697046690488828	-0.0003996462331820427	-2.2319390848320505e-8	0.	0.	0.	0.	0.	0.	0.	0.	0.	0.	0.	0.	0.	0.	0.	0.	0.	0.	0.	0.	0.	0.	0.	0.	0.	0.	0.	0.	0.	0.	0.	0.	0.	0.	0.	0.	0.	0.	0.	0.	0.	0.	0.
-18.44871275887498	-147.55313011308266	-276.48559526423185	-405.09004752655994	-533.2002422851693	-660.6351086743443	-787.194235291414	-912.653529381409	-1036.7610987575408	-1159.2334103882663	-1279.7517851155017	-1397.959294254911	-1513.458130784205	-1625.8075355045946	-1734.5223666946172	-1839.0724103760072	-1938.8825371796001	-2033.333820773028	-2121.7657416686006	-2203.479608691075	-2277.743338095074	-2343.7977368228376	-2400.864441088889	-2448.155663588914	-2484.8859011295567	-2510.2857480092703	-2523.617947260388	-2524.1957895336777	-2511.403934877888	-2484.721681908684	-2443.7486366679564	-2388.232633203395	-2318.0996212118744	-2233.485052757381	-2134.7660579216636	-2022.5933844488284	-1897.9216744189882	-1762.0361483466372	-1616.5731553516825	-1463.531329972611	-1305.2692961823939	-1144.4850390751606	-984.1713465214052	-827.5413191187782	-677.9181950016648	-538.5851334372285	-412.593816284197	-302.53655726667006	-210.2958241867897	-136.79805339572692	-81.8146574491795	-43.869255702426976	-20.319585797293033	-7.672778499187691	-2.1450232087675727	-0.37246469660703796	-0.02787607726194014	-0.0003507868705914322	-1.8121190487573147e-8	0.	0.	0.	0.	0.	0.	0.	0.	0.	0.	0.	0.	0.	0.	0.	0.	0.	0.	0.	0.	0.	0.	0.	0.	0.	0.	0.	0.	0.	0.	0.	0.	0.	0.	0.	0.	0.	0.	0.	0.	0.	0.
-18.03099711623164	-144.21904279760255	-270.2708328872782	-396.06177313429714	-521.4575009950182	-646.3094189247287	-770.450334681235	-893.6902470851866	-1015.8123192638759	-1136.5690858170128	-1255.6789455091005	-1372.8229970585169	-1487.6422822271943	-1599.7355076408967	-1708.6573246517232	-1813.9172548073195	-1914.9793571397297	-2011.2627423259662	-2102.1430476394366	-2186.9549952809684	-2264.996164866774	-2335.5321181952936	-2397.803020446411	-2451.031906074669	-2494.43473904274	-2527.2324146505302	-2548.6648426622073	-2558.0072368906467	-2554.588712464422	-2537.8132555328375	-2507.183077075528	-2462.324287518649	-2403.014725344022	-2329.2136324779076	-2241.092681806683	-2139.0676157126554	-2023.8294356284296	-1896.3736773950898	-1758.02580346297	-1610.4601340226232	-1455.7090304815767	-1296.1582645212725	-1134.5237211684444	-973.8039230278797	-817.2025437899637	-668.0154453076289	-529.4783206510103	-404.57441265263776	-295.807769142908	-204.95679591634646	-132.8357420758703	-79.10733186417302	-42.20491997217784	-19.430353298252367	-7.281770222746743	-2.01590279969157	-0.3453984228668878	-0.0253436147016621	-0.00030835919493117176	-1.4745093783301095e-8	0.	0.	0.	0.	0.	0.	0.	0.	0.	0.	0.	0.	0.	0.	0.	0.	0.	0.	0.	0.	0.	0.	0.	0.	0.	0.	0.	0.	0.	0.	0.	0.	0.	0.	0.	0.	0.	0.	0.	0.	0.
-17.609626893279756	-140.85508443185952	-263.9970237950203	-386.9397340999824	-509.57816409945804	-631.7936389629665	-753.4496654781805	-874.3878579017966	-994.424020033797	-1113.344423215237	-1230.902324794204	-1346.8147772256373	-1460.759784182913	-1572.3738670089942	-1681.250112211794	-1786.9367787213334	-1888.9365519249243	-1986.7065401292193	-2079.6591178517406	-2167.16372905637	-2248.5497718882393	-2323.1106943445766	-2390.1094372683892	-2448.7853665912858	-2498.362840254473	-2538.0615558830696	-2567.1088220004576	-2584.753886918962	-2590.2844436503847	-2583.0454034096792	-2562.45999237683	-2528.0531703913275	-2479.4772930486765	-2416.5398317382264	-2339.2328222194046	-2247.7635209229725	-2142.585497607915	-2024.4290702827893	-1894.329580259056	-1753.651500810876	-1604.1057673263736	-1447.7570182193722	-1287.0166761845792	-1124.6170504104666	-963.5610360952248	-807.041752783728	-658.3269448667093	-520.6046616085741	-396.79028464418377	-289.3011103290426	-199.81406125873042	-129.03485454018767	-76.52207642644193	-40.62381223124566	-18.59070551741162	-6.915299788329501	-1.896033563995976	-0.32059552556795085	-0.023067213540389635	-0.0002714567234178598	-1.202378390000553e-8	0.	0.	0.	0.	0.	0.	0.	0.	0.	0.	0.	0.	0.	0.	0.	0.	0.	0.	0.	0.	0.	0.	0.	0.	0.	0.	0.	0.	0.	0.	0.	0.	0.	0.	0.	0.	0.	0.	0.	0.
-17.185590876221188	-137.46920325263028	-257.6792521307028	-377.74647854734314	-497.5927182283797	-617.1268071191483	-736.2405589430174	-854.8048415077229	-972.6657815906411	-1089.6411320698537	-1205.5168395213416	-1320.0438557071084	-1432.9352422872532	-1543.8636245851978	-1652.45905725291	-1758.3073723050761	-1860.9490879501739	-1959.8789649900875	-2054.5463061099476	-2144.3561020067477	-2228.6711368248834	-2306.815173548059	-2378.0773475454134	-2441.717903005699	-2496.975412025408	-2543.0756190033535	-2579.242052895472	-2604.708545695482	-2618.733785779106	-2620.6180175766913	-2609.721971929653	-2585.4880711975234	-2547.4638955298997	-2495.327816357899	-2428.9165933690138	-2348.254583708922	-2253.584016931146	-2145.395534745862	-2024.4578683936236	-1891.8451157355587	-1748.9595759756926	-1597.5474977105064	-1439.704408471557	-1277.865955134865	-1114.7794719589522	-953.450945803589	-797.0618966409523	-648.8512865740909	-511.95940569782533	-389.2343889173986	-283.00829247564917	-194.85907642548685	-125.3874540182587	-74.05222042291737	-39.12091343451325	-17.797345218194728	-6.5715593381233	-1.7846520424264314	-0.2978427226562735	-0.02101840128170146	-0.0002393090846740247	-9.825279271891782e-9	0.	0.	0.	0.	0.	0.	0.	0.	0.	0.	0.	0.	0.	0.	0.	0.	0.	0.	0.	0.	0.	0.	0.	0.	0.	0.	0.	0.	0.	0.	0.	0.	0.	0.	0.	0.	0.	0.	0.
-16.759831484078408	-134.06897485032275	-251.33189523196583	-368.50349927731855	-485.5302261048867	-602.3461446017604	-718.869108344743	-834.9969899947873	-950.6040198978482	-1065.537257186489	-1179.6132259021158	-1292.614753543196	-1404.288054919079	-1514.3401103179742	-1622.4363936524328	-1728.1990133674785	-1831.2053365759564	-1930.9871748413996	-2027.030618320297	-2118.7766134188983	-2205.622387584586	-2286.923833151689	-2361.9989700610477	-2430.132614470687	-2490.5823863835813	-2542.586193933877	-2585.3713342382603	-2618.165349873596	-2640.2087749562347	-2650.7698939901716	-2649.161618177956	-2634.7605552152663	-2607.0283064280566	-2565.534965229853	-2509.9847078956186	-2440.243254828441	-2356.366829566567	-2258.632043874858	-2147.5658790810758	-2023.9746042724091	-1888.9700591248682	-1743.9912250996736	-1590.8184110240945	-1431.5767026974588	-1268.7246090720296	-1105.0231616279236	-943.4802333877917	-787.2647750664216	-639.5863718231487	-503.5374955319888	-381.89968038478446	-276.92124748980467	-190.08365649867926	-121.88602186925768	-71.69150098685085	-37.6915489690273	-17.047225529245807	-6.24889240361895	-1.681065662189796	-0.2769490198947214	-0.019172153091464347	-0.00021126034157241326	-8.045201913502617e-9	0.	0.	0.	0.	0.	0.	0.	0.	0.	0.	0.	0.	0.	0.	0.	0.	0.	0.	0.	0.	0.	0.	0.	0.	0.	0.	0.	0.	0.	0.	0.	0.	0.	0.	0.	0.	0.	0.
-16.333244159902456	-130.66159735888206	-244.96861488890949	-359.2312215485208	-473.4183113935338	-587.4870379116516	-701.3791492060575	-815.0173857492965	-928.3019609297771	-1041.1071479064112	-1153.2780002039572	-1264.627238009075	-1374.932337263407	-1483.9328643198633	-1591.3281052106006	-1696.7750453280307	-1799.886762492746	-1900.2313040715424	-1997.3311267203642	-2090.6631855314326	-2179.6597676706683	-2263.7101738701167	-2342.163359200516	-2414.331652151367	-2479.49567788226	-2536.9106171826224	-2585.813936671509	-2625.4347274115285	-2655.0047875205823	-2673.7715783864965	-2681.0131722096758	-2676.0552888381017	-2658.2904896407417	-2627.1995521563576	-2582.374987181255	-2523.546574408262	-2450.6086769515955	-2363.6489408549205	-2262.9777832328614	-2149.15781098938	-2023.0319794015977	-1885.7488853608606	-1738.7830862990468	-1583.9477434280795	-1423.396222960494	-1259.608594226705	-1095.3583246497558	-933.6540383010629	-777.6512173328933	-630.5295399878412	-495.3336519052671	-374.77915967530924	-271.0321450614941	-185.47997091899072	-118.5234389579256	-69.43403784979802	-36.3313632178076	-16.337529016721252	-5.945779865139255	-1.5846454686836067	-0.2577431613962003	-0.017506440944990233	-0.00018675096114066273	-6.600796027032018e-9	0.	0.	0.	0.	0.	0.	0.	0.	0.	0.	0.	0.	0.	0.	0.	0.	0.	0.	0.	0.	0.	0.	0.	0.	0.	0.	0.	0.	0.	0.	0.	0.	0.	0.	0.	0.	0.
-15.90667701702713	-127.25388868209617	-238.6023524028167	-349.94899639666835	-461.28315080221176	-572.5830302194904	-683.812250257985	-794.9163918885982	-905.8196298441834	-1016.4214443477881	-1126.5934390645716	-1236.1762923638767	-1344.976873744376	-1452.7655625569732	-1559.2738120267989	-1664.1920079169433	-1767.1676779391164	-1867.8041153066802	-1965.6594873799288	-2060.246508247868	-2151.032762164791	-2237.4417729107554	-2318.854922220124	-2394.614328229957	-2464.0268021951597	-2526.3690081856553	-2580.893955715291	-2626.8389587249317	-2663.4351953635883	-2689.919000680326	-2705.545017475427	-2709.6013176177844	-2701.426585101407	-2680.42942037019	-2646.109779610761	-2598.0824984849082	-2536.102761703384	-2460.0932611789535	-2370.1726280489543	-2266.6845180013256	-2150.226464283109	-2021.6772772948166	-1882.2213536605016	-1733.3677549037482	-1576.961328800448	-1415.1824937734216	-1250.5316345655174	-1085.7934557701537	-923.9762633196895	-768.2212371016059	-621.6776782275491	-487.34244443703506	-367.8659109890259	-265.3334045427324	-181.0405364738437	-115.29296682146023	-67.27430931901547	-35.0362959893682	-15.66564860930099	-5.660827320077946	-1.4948196671904832	-0.24007139588173257	-0.01600184599050299	-0.0001653027856725499	-5.4262875283185795e-9	0.	0.	0.	0.	0.	0.	0.	0.	0.	0.	0.	0.	0.	0.	0.	0.	0.	0.	0.	0.	0.	0.	0.	0.	0.	0.	0.	0.	0.	0.	0.	0.	0.	0.	0.	0.
-15.480930724012357	-123.85228562619615	-232.24532720503052	-340.6750991475569	-449.1494729934874	-557.665821168448	-666.207714471665	-774.741654523025	-883.2138539190076	-991.5470796338585	-1099.6375785304017	-1207.35210771109	-1314.5250968373728	-1420.955974478967	-1526.4066959600477	-1630.5995161280493	-1733.2150568606883	-1833.8907259009168	-1932.2195508812738	-2027.7494998914424	-2119.98336774238	-2208.379315020593	-2292.3521550037285	-2371.2754913684444	-2444.48481716782	-2511.281692538228	-2570.939124692809	-2622.708278554014	-2665.826649330222	-2699.5278287458923	-2723.0529935689797	-2735.664237329571	-2736.6598521993005	-2725.391645473948	-2701.2843423227914	-2663.857078258569	-2612.746918906183	-2547.734253876683	-2468.7697901376378	-2376.002709711242	-2269.8093473775953	-2150.821475858324	-2019.9529478718375	-1878.4230272285106	-1727.7742397433835	-1569.8819934551984	-1406.95257764795	-1241.505501078233	-1076.3355656682688	-914.4497519724893	-758.9741652133545	-613.0273144977699	-479.558350118622	-361.1531319538132	-259.8177022571213	-176.758208416736	-112.18822890869174	-65.2071295146612	-33.80256070223963	-15.029170211352252	-5.3927537106272405	-1.411067877850772	-0.2237955167405995	-0.014641224685026568	-0.0001465064791778646	-4.4692739109090786e-9	0.	0.	0.	0.	0.	0.	0.	0.	0.	0.	0.	0.	0.	0.	0.	0.	0.	0.	0.	0.	0.	0.	0.	0.	0.	0.	0.	0.	0.	0.	0.	0.	0.	0.	0.
-15.056758611548421	-120.46284480559423	-225.9090387891604	-331.42673276759837	-437.0405638452776	-542.7652745415193	-648.6025895062176	-754.538116074862	-860.5382783538654	-966.5472970779643	-1072.484230533458	-1178.2400953946255	-1283.6750903745385	-1388.615950139885	-1492.8534619899528	-1596.1401832842964	-1698.1884036151655	-1798.668402124846	-1897.2070571246188	-1993.3868723999499	-2086.7454919961942	-2176.775782966753	-2262.9265733585044	-2344.604140503578	-2421.1745523236723	-2491.966971633485	-2556.278040097805	-2613.3774642227277	-2662.51493011951	-2702.9284762157827	-2733.8544528816583	-2754.5391941454563	-2764.2525180548046	-2762.303157289792	-2748.056197819571	-2720.9525692224033	-2680.53058019938	-2626.4494249484706	-2558.5144928281197	-2476.704189604227	-2381.1978149635806	-2272.403828718553	-2150.987566879978	-2017.8971283568576	-1874.3857348726115	-1722.0283670223143	-1562.7299042820437	-1398.72136992803	-1232.5402561352553	-1066.9903780614786	-905.0764420101311	-749.9087635466701	-604.5746962198324	-471.9758016406407	-354.6341568361004	-254.47797513181231	-172.6261702272351	-109.20319210432325	-63.227626873133254	-32.62662421281734	-14.425856852757851	-5.140381077962834	-1.3329160194161256	-0.2087911398868453	-0.013409420753460593	-0.0001300110199755004	-3.687908093342473e-9	0.	0.	0.	0.	0.	0.	0.	0.	0.	0.	0.	0.	0.	0.	0.	0.	0.	0.	0.	0.	0.	0.	0.	0.	0.	0.	0.	0.	0.	0.	0.	0.	0.	0.
-14.634866984408797	-117.09124518691921	-219.6042717061258	-322.22003568943546	-424.97827759040115	-527.9094332178491	-631.0316868914008	-734.3480388610435	-837.8433940168434	-941.4816812420603	-1045.2030155525997	-1148.9209184210304	-1252.51961540646	-1355.8514344024131	-1458.7343324690266	-1560.949584343215	-1662.2396712486764	-1762.3064146614008	-1860.8094060781352	-1957.3647905523658	-2051.544468927613	-2142.875791010039	-2230.8418194861206	-2314.8822520278923	-2394.3950966327347	-2468.739202655324	-2537.2377570020235	-2599.1828613113876	-2653.8413113010943	-2700.4617033858626	-2738.28299559581	-2766.5446490125505	-2784.4984714286265	-2791.422275469573	-2786.6354473635556	-2769.5164977830655	-2739.5226299862798	-2696.211309361187	-2639.263748003368	-2568.510122649014	-2483.956217360171	-2385.811015878429	-2274.514553234538	-2150.765062149862	-2015.5441071867888	-1870.137980781102	-1716.153137680213	-1555.5228757562154	-1390.5018578434654	-1223.6444672963974	-1057.7625012973206	-895.8574981335568	-741.0233225739815	-596.3158567109912	-464.5892270934791	-348.30247424027533	-249.30742138927096	-168.6379224212626	-106.33214869622067	-61.331223902038865	-31.50518817627513	-13.853634236459373	-4.902625324332428	-1.2599317478780165	-0.194946188442771	-0.01229301626692817	-0.00011551488831779391	-3.0486958392898374e-9	0.	0.	0.	0.	0.	0.	0.	0.	0.	0.	0.	0.	0.	0.	0.	0.	0.	0.	0.	0.	0.	0.	0.	0.	0.	0.	0.	0.	0.	0.	0.	0.	0.
-14.215915621487857	-113.74279213608386	-213.3411033702983	-313.0700937473745	-412.9830533593447	-513.1245408340151	-613.5276092516887	-714.2110381308919	-815.1765761988223	-916.4062017785186	-1017.8594101663191	-1119.4705403454245	-1221.146156789252	-1322.762505955027	-1424.163071353685	-1525.1562558188514	-1625.5132247280062	-1724.9659495442984	-1823.2054970339013	-1919.8806158320872	-2014.5966788113137	-2106.9150466759334	-2196.3529254761424	-2282.3837981472993	-2364.438517658131	-2441.9071567628216	-2514.1417165346797	-2580.459802604515	-2640.149384067469	-2692.474755012912	-2736.6838221270245	-2772.0168432372698	-2797.7167402580785	-2813.0411047752773	-2817.276004193634	-2809.751679305484	-2789.8601981680563	-2757.0750935375822	-2710.9729582730306	-2651.256900646629	-2577.7816638615736	-2490.580084562908	-2389.890395784968	-2276.1836615606767	-2150.190353747493	-2012.9247368847996	-1865.7053081311144	-1710.1690435295113	-1548.2766406663306	-1382.3053481424517	-1214.8253944126648	-1048.655577746028	-886.7934267695649	-732.3157449006632	-588.2466711705677	-457.3930823913665	-342.1517402487754	-244.2994989076392	-164.78727073954224	-103.5696989001505	-59.51361815709053	-30.435171833374348	-13.31057755663721	-4.678487877415132	-1.1917203852711893	-0.18215955757297958	-0.011280116176099175	-0.00010275866115703873	-2.524768638054812e-9	0.	0.	0.	0.	0.	0.	0.	0.	0.	0.	0.	0.	0.	0.	0.	0.	0.	0.	0.	0.	0.	0.	0.	0.	0.	0.	0.	0.	0.	0.	0.	0.
-13.800518447061677	-110.4224228338526	-207.12891442598803	-303.99095585796573	-401.073936650051	-498.43506956381765	-596.1207848737938	-694.1641237435572	-792.5821334300238	-891.3732689579566	-990.5148082147573	-1089.9602901206429	-1189.636988638291	-1289.4434389052822	-1389.2470357067243	-1488.881728855098	-1588.1458448237381	-1686.8000691282218	-1784.5656295674805	-1881.1227263984429	-1976.1092617902143	-2069.1199276216603	-2159.705717566341	-2247.3739365654837	-2331.58878806592	-2411.7726267128733	-2487.307971404988	-2557.540380574274	-2621.782298033651	-2679.3179834659604	-2729.40964625759	-2771.3049044511454	-2804.2456915123935	-2827.478731606736	-2840.2676981575833	-2841.9071593097237	-2831.7383958553096	-2809.167150016013	-2773.6833244132945	-2724.8825960404556	-2662.489835603757	-2586.3841226950262	-2496.6250151986715	-2393.4795592465057	-2277.4493050334927	-2149.2963146106786	-2010.0668013304496	-1861.110621642237	-1704.0943469016775	-1541.0050888622422	-1374.1416671444001	-1206.0891533857905	-1039.6724138786863	-877.8841753070853	-723.7836167462772	-580.3629037569156	-450.38187756494364	-336.175787801219	-239.44792175151076	-161.06831397521896	-100.910734021792	-57.77076440043434	-29.413696120237457	-12.794899471576201	-4.467048162834043	-1.1279212819597875	-0.17033993645696072	-0.010360161504775218	-0.00009151877747778403	-2.0945260107631635e-9	0.	0.	0.	0.	0.	0.	0.	0.	0.	0.	0.	0.	0.	0.	0.	0.	0.	0.	0.	0.	0.	0.	0.	0.	0.	0.	0.	0.	0.	0.	0.
-13.38924435665081	-107.1347129271221	-200.97640142648532	-294.9956530847019	-389.26860525216665	-483.86375343319514	-578.8395089217207	-674.2417496710763	-770.1013654149206	-866.4317997895339	-963.2265942969567	-1060.4569414021998	-1158.069256884918	-1255.9827847748004	-1354.0872517978637	-1452.2405922535397	-1550.2667686310472	-1647.9537180742184	-1745.0514599507378	-1841.2704053863324	-1936.279915548937	-2029.707161684105	-2121.1363465502172	-2210.1083536851233	-2296.1208979773137	-2378.6292581511534	-2457.0476789237055	-2530.75153761458	-2599.080376720037	-2661.3419101802856	-2716.817116494441	-2764.7665361104932	-2804.437893171005	-2835.075162124038	-2855.929197126729	-2866.2700355538987	-2865.400974949529	-2852.6745037071564	-2827.5101374235996	-2789.4141724071415	-2738.0013116465693	-2673.0180421661244	-2594.367540566052	-2502.1357490082833	-2396.6180891572435	-2278.346057924251	-2148.112667247953	-2006.9953423532875	-1856.3744736722545	-1697.945328021536	-1533.7204778322732	-1366.0193365934863	-1197.4408595296115	-1030.8150935414685	-869.1292178827917	-715.4242690546515	-572.6602470669505	-443.5501978928767	-330.3686329816708	-234.74665528599138	-157.4754316469979	-98.3504203086202	-56.09885789256791	-28.438069003130998	-12.304939125614696	-4.267456800957429	-1.0682045626828138	-0.15940476752056176	-0.009523767137766698	-0.00008160227936194595	-1.7405656072531398e-9	0.	0.	0.	0.	0.	0.	0.	0.	0.	0.	0.	0.	0.	0.	0.	0.	0.	0.	0.	0.	0.	0.	0.	0.	0.	0.	0.	0.	0.	0.