0.	0.	0.	0.	0.	0.	0.	0.	0.	0.	0.	0.	0.	0.	0.	0.	0.	0.	0.	0.	0.	0.	0.	0.	0.	0.	0.	0.	0.	0.	0.	0.	0.	0.	0.	0.	0.	0.	0.	0.	0.	0.	0.	0.	0.	0.	0.	0.	0.	0.	0.	0.	0.	0.	0.	0.	0.	0.	0.	0.	0.	0.	0.	0.	0.	0.	0.	0.	0.	0.	0.	0.	0.	0.	0.	0.	0.	0.	0.	0.	0.	0.	0.	0.	0.	-65454.266388224634	-154289.59247883837	-211007.97855688847	-257637.9064056719	-298855.73252544104	-336973.620776486	-372959.03528373636	-407446.9160515654	-440386.5437399672	-472986.2665962699	-504314.9205897346	-535715.6628586963	-566110.7430711312	-596859.0971612275	-627042.447532236	-656865.3819229008
-0.7871508317937369	0.	0.	0.	0.	0.	0.	0.	0.	0.	0.	0.	0.	0.	0.	0.	0.	0.	0.	0.	0.	0.	0.	0.	0.	0.	0.	0.	0.	0.	0.	0.	0.	0.	0.	0.	0.	0.	0.	0.	0.	0.	0.	0.	0.	0.	0.	0.	0.	0.	0.	0.	0.	0.	0.	0.	0.	0.	0.	0.	0.	0.	0.	0.	0.	0.	0.	0.	0.	0.	0.	0.	0.	0.	0.	0.	0.	0.	0.	0.	0.	0.	0.	0.	0.	-64470.42435800902	-153904.05443179235	-210453.73888056254	-257083.7892294073	-298449.2119336422	-336554.0536056706	-372730.6089005609	-406826.25009244535	-440321.2786583958	-472917.65150909894	-504243.29055201955	-535384.1345439317	-566033.6127319486	-596341.9928588421	-626517.3823024629	-656781.1683974777
-1.5398038330040926	-3.1256032785422527	0.	0.	0.	0.	0.	0.	0.	0.	0.	0.	0.	0.	0.	0.	0.	0.	0.	0.	0.	0.	0.	0.	0.	0.	0.	0.	0.	0.	0.	0.	0.	0.	0.	0.	0.	0.	0.	0.	0.	0.	0.	0.	0.	0.	0.	0.	0.	0.	0.	0.	0.	0.	0.	0.	0.	0.	0.	0.	0.	0.	0.	0.	0.	0.	0.	0.	0.	0.	0.	0.	0.	0.	0.	0.	0.	0.	0.	0.	0.	0.	0.	0.	0.	-61439.27666683071	-152375.65682903273	-209421.47765831684	-256444.78527820055	-297863.81545573665	-335945.5414089038	-371978.00433314627	-406668.7855328127	-439763.6022929625	-472137.34966728627	-503729.80994424556	-534956.4478783142	-565836.5018649597	-596138.5385789799	-626307.9238554984	-656110.6593993087
-2.2744959403396634	-10.447567968624254	-2.1658815974455488	0.	0.	0.	0.	0.	0.	0.	0.	0.	0.	0.	0.	0.	0.	0.	0.	0.	0.	0.	0.	0.	0.	0.	0.	0.	0.	0.	0.	0.	0.	0.	0.	0.	0.	0.	0.	0.	0.	0.	0.	0.	0.	0.	0.	0.	0.	0.	0.	0.	0.	0.	0.	0.	0.	0.	0.	0.	0.	0.	0.	0.	0.	0.	0.	0.	0.	0.	0.	0.	0.	0.	0.	0.	0.	0.	0.	0.	0.	0.	0.	0.	0.	-56508.12577105847	-150507.84142936385	-208014.17612512375	-254958.15397061603	-296600.97525530215	-335192.4930584411	-371258.5461921816	-405539.875362414	-438835.4618352601	-471272.6937983508	-502644.3771282762	-534024.8093796885	-564971.056631928	-595251.5290887657	-625496.0904612582	-655560.0549466923
-2.9997196946742286	-17.697294175597808	-12.545399853363783	-1.2319921575649917	0.	0.	0.	0.	0.	0.	0.	0.	0.	0.	0.	0.	0.	0.	0.	0.	0.	0.	0.	0.	0.	0.	0.	0.	0.	0.	0.	0.	0.	0.	0.	0.	0.	0.	0.	0.	0.	0.	0.	0.	0.	0.	0.	0.	0.	0.	0.	0.	0.	0.	0.	0.	0.	0.	0.	0.	0.	0.	0.	0.	0.	0.	0.	0.	0.	0.	0.	0.	0.	0.	0.	0.	0.	0.	0.	0.	0.	0.	0.	0.	0.	-48980.04922011306	-147550.98773161613	-205858.38963968187	-253327.89841652327	-294987.89440637565	-333332.2478506051	-369820.5588563531	-404164.10003025626	-437572.53378270235	-469971.5391776301	-501580.8276752666	-533066.7521801293	-563654.2341990896	-594100.0006641088	-624316.7970890658	-654399.6218180256
-3.7161406604057445	-24.50799821691348	-26.08258381733055	-11.208097610354947	-0.6755411974042459	0.	0.	0.	0.	0.	0.	0.	0.	0.	0.	0.	0.	0.	0.	0.	0.	0.	0.	0.	0.	0.	0.	0.	0.	0.	0.	0.	0.	0.	0.	0.	0.	0.	0.	0.	0.	0.	0.	0.	0.	0.	0.	0.	0.	0.	0.	0.	0.	0.	0.	0.	0.	0.	0.	0.	0.	0.	0.	0.	0.	0.	0.	0.	0.	0.	0.	0.	0.	0.	0.	0.	0.	0.	0.	0.	0.	0.	0.	0.	0.	-37326.597347196475	-143889.53127750225	-202968.74032685967	-251025.64314143767	-292699.9450579538	-331603.3720523302	-367775.8352637388	-402671.5301471554	-435943.08068147645	-468406.7747190825	-500221.95610846044	-531293.9015032096	-562412.6860240365	-592628.6837987674	-623033.2358232703	-653134.0597983283
-4.422934231425755	-30.961665928169676	-39.90759144329356	-28.15757048737167	-8.999647809391202	-0.3716189045758958	0.	0.	0.	0.	0.	0.	0.	0.	0.	0.	0.	0.	0.	0.	0.	0.	0.	0.	0.	0.	0.	0.	0.	0.	0.	0.	0.	0.	0.	0.	0.	0.	0.	0.	0.	0.	0.	0.	0.	0.	0.	0.	0.	0.	0.	0.	0.	0.	0.	0.	0.	0.	0.	0.	0.	0.	0.	0.	0.	0.	0.	0.	0.	0.	0.	0.	0.	0.	0.	0.	0.	0.	0.	0.	0.	0.	0.	0.	0.	-11461.292582295755	-139584.83169878426	-199516.5913526625	-247886.97186638767	-290405.42906712857	-329053.36562637007	-365476.3805517152	-400509.11542096833	-433913.6274168534	-466714.08334520285	-498478.5551600512	-529501.7132646844	-560572.5688794696	-590742.5600364206	-621124.9084293954	-651365.5609546592
-5.118852323372337	-37.136891705103544	-53.28477365680763	-47.69389518375926	-26.75538670637565	-6.903434464550417	-0.20760679004111895	0.	0.	0.	0.	0.	0.	0.	0.	0.	0.	0.	0.	0.	0.	0.	0.	0.	0.	0.	0.	0.	0.	0.	0.	0.	0.	0.	0.	0.	0.	0.	0.	0.	0.	0.	0.	0.	0.	0.	0.	0.	0.	0.	0.	0.	0.	0.	0.	0.	0.	0.	0.	0.	0.	0.	0.	0.	0.	0.	0.	0.	0.	0.	0.	0.	0.	0.	0.	0.	0.	0.	0.	0.	0.	0.	0.	0.	0.	0.	-133636.98330299743	-195525.20908881223	-244771.1181469266	-287441.91226519214	-326230.3801880688	-362929.3237920559	-397984.98456084	-431698.8197035442	-464316.8884510316	-496012.8974397616	-527208.5603258389	-558521.2045904959	-588639.3510602001	-619069.4786316539	-649289.6044652746
-5.802513083805242	-43.082021137443114	-66.07254444606517	-67.71679151537892	-49.8452337139092	-23.85508858316709	-5.189485964457733	-0.11821085111258041	0.	0.	0.	0.	0.	0.	0.	0.	0.	0.	0.	0.	0.	0.	0.	0.	0.	0.	0.	0.	0.	0.	0.	0.	0.	0.	0.	0.	0.	0.	0.	0.	0.	0.	0.	0.	0.	0.	0.	0.	0.	0.	0.	0.	0.	0.	0.	0.	0.	0.	0.	0.	0.	0.	0.	0.	0.	0.	0.	0.	0.	0.	0.	0.	0.	0.	0.	0.	0.	0.	0.	0.	0.	0.	0.	0.	0.	0.	-127172.71173104168	-191000.11383690435	-240568.54822379973	-283620.20167631883	-323168.92853415274	-360236.2127367429	-395089.4487934192	-428711.18591708667	-461536.6267036671	-493675.95409898204	-525193.7820708852	-555930.3540355241	-586446.5604496885	-616917.9681258209	-647059.4140095485
-6.472505360818974	-48.8241778967543	-78.27936330072225	-87.38383184338657	-75.16448927546105	-48.51166208182779	-20.543024289582295	-3.869932401966924	-0.06864181201146405	0.	0.	0.	0.	0.	0.	0.	0.	0.	0.	0.	0.	0.	0.	0.	0.	0.	0.	0.	0.	0.	0.	0.	0.	0.	0.	0.	0.	0.	0.	0.	0.	0.	0.	0.	0.	0.	0.	0.	0.	0.	0.	0.	0.	0.	0.	0.	0.	0.	0.	0.	0.	0.	0.	0.	0.	0.	0.	0.	0.	0.	0.	0.	0.	0.	0.	0.	0.	0.	0.	0.	0.	0.	0.	0.	0.	0.	-119031.31809321028	-185492.37415444036	-236319.2364230205	-279720.7673177407	-319424.5875423134	-356531.3540196568	-391837.8938647651	-425921.5233515465	-458363.2829291679	-490411.0253261028	-522030.1135463174	-553323.2542483612	-583939.1819907118	-614177.7427411759	-644602.6886001664
-7.127435079446185	-54.37747798996943	-89.9439400033312	-106.37746105474166	-101.02711635778748	-77.44720147268454	-45.283351339279136	-17.345144321205098	-2.8810835441810543	-0.04062335229604291	0.	0.	0.	0.	0.	0.	0.	0.	0.	0.	0.	0.	0.	0.	0.	0.	0.	0.	0.	0.	0.	0.	0.	0.	0.	0.	0.	0.	0.	0.	0.	0.	0.	0.	0.	0.	0.	0.	0.	0.	0.	0.	0.	0.	0.	0.	0.	0.	0.	0.	0.	0.	0.	0.	0.	0.	0.	0.	0.	0.	0.	0.	0.	0.	0.	0.	0.	0.	0.	0.	0.	0.	0.	0.	0.	0.	-109489.31717603875	-179225.52244175333	-230997.73832639528	-275248.9599542077	-315314.60140513786	-352730.21319866914	-388309.04503935203	-422290.8122208181	-455389.77036350564	-487347.35515179543	-519176.76910118206	-549966.5902856385	-580854.0795475148	-611091.8876240586	-641571.7877436103
-7.765949663625293	-59.74819135944592	-101.103453934215	-124.59101163565339	-126.5823264647324	-108.30149097200201	-76.26470226217805	-41.19129641813891	-14.481376223408317	-2.1487440530082713	-0.024477952151567034	0.	0.	0.	0.	0.	0.	0.	0.	0.	0.	0.	0.	0.	0.	0.	0.	0.	0.	0.	0.	0.	0.	0.	0.	0.	0.	0.	0.	0.	0.	0.	0.	0.	0.	0.	0.	0.	0.	0.	0.	0.	0.	0.	0.	0.	0.	0.	0.	0.	0.	0.	0.	0.	0.	0.	0.	0.	0.	0.	0.	0.	0.	0.	0.	0.	0.	0.	0.	0.	0.	0.	0.	0.	0.	0.	-97999.1090558044	-171997.54903363044	-225161.1561689677	-270211.4851260143	-311191.2873042678	-348710.4501232969	-384300.0448740404	-418635.88243489986	-451633.3620740683	-483883.4165555935	-515727.55661555374	-546618.5629247918	-577422.0920260969	-608140.2950652736	-638521.1462398949
-8.38675287114559	-64.93784018653245	-111.78653957474272	-142.00097557113986	-151.41138661472232	-139.65123214071943	-110.75915949507365	-72.93479881246301	-36.85607133699707	-12.01643906103783	-1.6085356554881765	-0.01500003590975845	0.	0.	0.	0.	0.	0.	0.	0.	0.	0.	0.	0.	0.	0.	0.	0.	0.	0.	0.	0.	0.	0.	0.	0.	0.	0.	0.	0.	0.	0.	0.	0.	0.	0.	0.	0.	0.	0.	0.	0.	0.	0.	0.	0.	0.	0.	0.	0.	0.	0.	0.	0.	0.	0.	0.	0.	0.	0.	0.	0.	0.	0.	0.	0.	0.	0.	0.	0.	0.	0.	0.	0.	0.	0.	-83644.75251321547	-163782.9813715499	-218618.81035246703	-264596.758491659	-305861.37554170616	-343779.8984788712	-379689.0108316675	-413962.2066120711	-447697.1260178427	-480104.28592347953	-511769.6907247174	-542856.8717978555	-573837.5874421125	-604181.7718987303	-634674.2996304854
-8.98861487836414	-69.94508099416868	-122.01321739798217	-158.61475557455358	-175.3132796182521	-170.67185407595244	-146.86204308672254	-109.79258827057113	-68.39634898274551	-32.627825266062075	-9.941791936519326	-1.209941085153599	-0.009337654018936143	0.	0.	0.	0.	0.	0.	0.	0.	0.	0.	0.	0.	0.	0.	0.	0.	0.	0.	0.	0.	0.	0.	0.	0.	0.	0.	0.	0.	0.	0.	0.	0.	0.	0.	0.	0.	0.	0.	0.	0.	0.	0.	0.	0.	0.	0.	0.	0.	0.	0.	0.	0.	0.	0.	0.	0.	0.	0.	0.	0.	0.	0.	0.	0.	0.	0.	0.	0.	0.	0.	0.	0.	0.	-64469.153548430906	-154636.0182552457	-211579.62316841236	-258592.13329561424	-300067.17671034316	-338788.5254970754	-375071.4224373826	-409685.3786360831	-442974.8899427684	-475619.0319616152	-507502.8483942802	-539107.0642970828	-569906.7529004938	-600435.9633739506	-630632.8802446828
-9.570379706682381	-74.76687904127779	-131.79651744973432	-174.4492465205612	-198.19632095989488	-200.89235440928388	-183.33334841501969	-149.53581067877596	-106.51894741041566	-63.28484109428823	-28.68805825397399	-8.218150803349284	-0.9150392153434366	-0.005898607460320008	0.	0.	0.	0.	0.	0.	0.	0.	0.	0.	0.	0.	0.	0.	0.	0.	0.	0.	0.	0.	0.	0.	0.	0.	0.	0.	0.	0.	0.	0.	0.	0.	0.	0.	0.	0.	0.	0.	0.	0.	0.	0.	0.	0.	0.	0.	0.	0.	0.	0.	0.	0.	0.	0.	0.	0.	0.	0.	0.	0.	0.	0.	0.	0.	0.	0.	0.	0.	0.	0.	0.	0.	-33354.313747507884	-143791.56447078884	-203513.1161880563	-251596.66859340074	-294251.3275225224	-333267.6484249728	-369839.67798067915	-404662.0195911631	-438300.2540031774	-471227.0653820126	-503233.9566014904	-534622.9671980642	-565827.9318272583	-596253.5344763227	-626962.5057391406
-10.1309709677931	-79.399263345409	-141.14425013823944	-189.5223003400671	-220.02356797575553	-230.04624369069197	-219.3862493938853	-190.5622135372947	-148.84333537897334	-101.7830498658949	-58.01336209801937	-25.117024085967525	-6.79667643565046	-0.6959561107846098	-0.0037774702865959885	0.	0.	0.	0.	0.	0.	0.	0.	0.	0.	0.	0.	0.	0.	0.	0.	0.	0.	0.	0.	0.	0.	0.	0.	0.	0.	0.	0.	0.	0.	0.	0.	0.	0.	0.	0.	0.	0.	0.	0.	0.	0.	0.	0.	0.	0.	0.	0.	0.	0.	0.	0.	0.	0.	0.	0.	0.	0.	0.	0.	0.	0.	0.	0.	0.	0.	0.	0.	0.	0.	0.	0.	-131593.25840543126	-194950.97504103908	-244231.26304863166	-287478.3185090392	-327185.60260175774	-364002.0633070757	-399187.1677041173	-433040.7204308018	-465990.6714915791	-498462.75576207053	-529600.3169905763	-560794.0953816349	-591726.5214444901	-622283.4767428003
-10.669396416516957	-83.83782621861971	-150.06051729814328	-203.84966022376545	-240.78515272879628	-257.98510859197347	-254.5266259380822	-231.7683543244082	-193.49351247294655	-145.74777299068904	-96.19994517279909	-52.83940425359538	-21.93639396163022	-5.628961693035328	-0.5323972729891602	-0.0024502083259259444	0.	0.	0.	0.	0.	0.	0.	0.	0.	0.	0.	0.	0.	0.	0.	0.	0.	0.	0.	0.	0.	0.	0.	0.	0.	0.	0.	0.	0.	0.	0.	0.	0.	0.	0.	0.	0.	0.	0.	0.	0.	0.	0.	0.	0.	0.	0.	0.	0.	0.	0.	0.	0.	0.	0.	0.	0.	0.	0.	0.	0.	0.	0.	0.	0.	0.	0.	0.	0.	0.	0.	-117411.03043163095	-184902.743527676	-236328.02173585148	-280259.5917765245	-320674.14350026246	-357801.7265793195	-393267.67946685245	-427558.80460559373	-460695.399750117	-492988.60966701055	-524509.8942240903	-555989.6822297421	-586896.5764160933	-617605.9290087568
-11.184751565576493	-88.07806233050528	-158.54690531209803	-217.44420937787373	-260.4842095722748	-284.62900746348566	-288.4462501021696	-272.40827765899036	-239.08215618711327	-193.1305427801358	-141.00757584566847	-90.20454692289506	-47.914815202943466	-19.135532987242108	-4.671273849860226	-0.4096353279429905	-0.0016084264531909505	0.	0.	0.	0.	0.	0.	0.	0.	0.	0.	0.	0.	0.	0.	0.	0.	0.	0.	0.	0.	0.	0.	0.	0.	0.	0.	0.	0.	0.	0.	0.	0.	0.	0.	0.	0.	0.	0.	0.	0.	0.	0.	0.	0.	0.	0.	0.	0.	0.	0.	0.	0.	0.	0.	0.	0.	0.	0.	0.	0.	0.	0.	0.	0.	0.	0.	0.	0.	0.	0.	-100017.49272969154	-173804.03251144354	-227413.5833991269	-272462.99964739656	-313354.9909792727	-351404.7278328911	-387179.0874402061	-421530.26537037076	-454723.9568472144	-487362.91418209847	-519420.86116705363	-550640.0744698694	-581865.096445511	-612620.8812715578
-11.676222505291275	-92.11560378436383	-166.60339951555974	-230.31616151684116	-279.12976308783306	-309.9379505420927	-320.95472693702845	-311.98232152694453	-284.6129854115806	-242.31331601937026	-190.31426928384758	-135.2026942220878	-84.09620835388155	-43.3213674476902	-16.68734097439266	-3.8859361688998053	-0.31697986041193604	-0.0010677607763488444	0.	0.	0.	0.	0.	0.	0.	0.	0.	0.	0.	0.	0.	0.	0.	0.	0.	0.	0.	0.	0.	0.	0.	0.	0.	0.	0.	0.	0.	0.	0.	0.	0.	0.	0.	0.	0.	0.	0.	0.	0.	0.	0.	0.	0.	0.	0.	0.	0.	0.	0.	0.	0.	0.	0.	0.	0.	0.	0.	0.	0.	0.	0.	0.	0.	0.	0.	0.	0.	-77743.4930408537	-161515.6166014489	-217547.1234621014	-264060.84274546267	-305844.9454667154	-344383.4829404216	-380401.1262139181	-415290.9574317618	-448681.77136341337	-481540.7300462534	-513550.21250948386	-545223.0398586082	-576400.9784030403	-607218.0192399262
-12.143088011484556	-95.9463856777521	-174.22907691047388	-242.47358975858384	-296.7332222975649	-333.895420634871	-351.93672415736506	-350.15817254484386	-329.3811147904378	-292.0703517487518	-242.33378732632207	-185.72635492069287	-128.76672864414357	-78.07489951664091	-39.09538699252922	-14.557590896016887	-3.241352847782226	-0.24665207023007985	-0.0007163560005518904	0.	0.	0.	0.	0.	0.	0.	0.	0.	0.	0.	0.	0.	0.	0.	0.	0.	0.	0.	0.	0.	0.	0.	0.	0.	0.	0.	0.	0.	0.	0.	0.	0.	0.	0.	0.	0.	0.	0.	0.	0.	0.	0.	0.	0.	0.	0.	0.	0.	0.	0.	0.	0.	0.	0.	0.	0.	0.	0.	0.	0.	0.	0.	0.	0.	0.	0.	0.	-43357.421968787974	-147536.75173751343	-206964.4288595268	-254958.15397061603	-297454.9279042367	-336530.38215066335	-373286.3105361986	-408321.9509337072	-442571.73920025927	-475242.088749343	-507478.86997792963	-539198.5116937361	-570548.5104808309	-601486.6504151348
-12.584720995072551	-99.5667637323214	-181.4226286526072	-253.9230313214266	-313.3067542333973	-356.49881364512896	-381.325142776946	-386.71699873993265	-372.89241236436897	-341.49326635686896	-295.64434938310774	-239.88497947741035	-179.90654207129447	-122.0175479620011	-72.26909501019973	-35.24449518223029	-12.710274148764283	-2.7114492909569496	-0.19297075275949194	-0.00048540008325245217	0.	0.	0.	0.	0.	0.	0.	0.	0.	0.	0.	0.	0.	0.	0.	0.	0.	0.	0.	0.	0.	0.	0.	0.	0.	0.	0.	0.	0.	0.	0.	0.	0.	0.	0.	0.	0.	0.	0.	0.	0.	0.	0.	0.	0.	0.	0.	0.	0.	0.	0.	0.	0.	0.	0.	0.	0.	0.	0.	0.	0.	0.	0.	0.	0.	0.	0.	0.	-131216.73335223322	-194973.13756090432	-245279.082498261	-288715.01156936993	-328443.6027923788	-365670.54870886146	-401217.670449955	-435236.94154350273	-468474.92870277056	-500922.0170645743	-533066.7521801293	-564349.323223053	-595295.716730632
-13.00058933128225	-102.97359785026373	-188.18275322975532	-264.67005871324307	-328.86263267724206	-377.75389114677296	-409.0842355324132	-421.51724989765296	-414.80344048358967	-389.9176275389647	-349.147664010349	-296.1008618561882	-235.58087038060899	-173.27456476985282	-115.18362436131864	-66.75663886367373	-31.758829337634356	-11.11052386310421	-2.2749139796251963	-0.151768011363897	-0.00033200446787774317	0.	0.	0.	0.	0.	0.	0.	0.	0.	0.	0.	0.	0.	0.	0.	0.	0.	0.	0.	0.	0.	0.	0.	0.	0.	0.	0.	0.	0.	0.	0.	0.	0.	0.	0.	0.	0.	0.	0.	0.	0.	0.	0.	0.	0.	0.	0.	0.	0.	0.	0.	0.	0.	0.	0.	0.	0.	0.	0.	0.	0.	0.	0.	0.	0.	0.	0.	-111722.18262050011	-182040.8385456511	-234126.10505236135	-279101.57647951506	-319999.5969559342	-357679.90437758924	-393687.123358862	-428116.9674350908	-461529.1312987812	-494293.11809277296	-526248.2279288527	-557771.4173405465	-588674.4586126149
-13.390256098942206	-106.16431071296614	-194.50845133715347	-274.7197772880433	-343.41308236524765	-397.6715778391081	-435.19893432304787	-454.470432276241	-454.878296180675	-436.8622283865801	-402.0103184974615	-353.10749013807936	-294.09841063379446	-229.9203118222134	-166.1518634915994	-108.42551732835169	-61.58006046897417	-28.61846530802687	-9.726089581316197	-1.9144266827441847	-0.11997099447461111	-0.0002291073418889212	0.	0.	0.	0.	0.	0.	0.	0.	0.	0.	0.	0.	0.	0.	0.	0.	0.	0.	0.	0.	0.	0.	0.	0.	0.	0.	0.	0.	0.	0.	0.	0.	0.	0.	0.	0.	0.	0.	0.	0.	0.	0.	0.	0.	0.	0.	0.	0.	0.	0.	0.	0.	0.	0.	0.	0.	0.	0.	0.	0.	0.	0.	0.	0.	0.	0.	-87223.6287023774	-167086.17460953456	-222697.44491673697	-268970.50754330435	-310555.0496882489	-348916.24114622135	-385633.6679176271	-420294.88510769623	-453859.17137565586	-487191.76484860113	-519355.93352031976	-550690.6174350975	-582039.4433352018
-13.75337925721932	-109.13692756516153	-200.39924549091901	-284.0772397794802	-356.97036213453697	-416.2661367276276	-459.6680703323752	-485.524877256099	-492.9580725771628	-481.9821760284692	-453.6076993916439	-409.9114168733967	-354.0509141735572	-290.1913032166692	-223.3026577297167	-158.78105986258348	-101.85286093426632	-56.75766883087268	-25.79825725925406	-8.52796164627921	-1.6159538212279692	-0.09530238215053018	-0.0001594341570909522	0.	0.	0.	0.	0.	0.	0.	0.	0.	0.	0.	0.	0.	0.	0.	0.	0.	0.	0.	0.	0.	0.	0.	0.	0.	0.	0.	0.	0.	0.	0.	0.	0.	0.	0.	0.	0.	0.	0.	0.	0.	0.	0.	0.	0.	0.	0.	0.	0.	0.	0.	0.	0.	0.	0.	0.	0.	0.	0.	0.	0.	0.	0.	0.	0.	-50649.90203763144	-150510.74282764134	-209886.6435579598	-258165.76358047366	-300594.57730827207	-340118.4062860082	-376626.4833804797	-412258.1244547503	-446228.28822988755	-479325.62694664835	-511793.80352234095	-543534.633080002	-575342.5266727746
-14.089710786563204	-111.89010142797292	-205.85534147358706	-292.74778140901464	-369.54694977202365	-433.5541543922101	-482.50004867589604	-514.6548233980326	-528.9393695131392	-525.0337908472973	-503.47678890237944	-465.74541860930844	-414.29927104869995	-352.566209329714	-284.8388394114033	-216.04365742834162	-151.34252010633355	-95.53753032961909	-52.29150650817918	-23.270936296928266	-7.490510511548559	-1.3681394369248265	-0.07606543464993672	-0.00011183654004531538	0.	0.	0.	0.	0.	0.	0.	0.	0.	0.	0.	0.	0.	0.	0.	0.	0.	0.	0.	0.	0.	0.	0.	0.	0.	0.	0.	0.	0.	0.	0.	0.	0.	0.	0.	0.	0.	0.	0.	0.	0.	0.	0.	0.	0.	0.	0.	0.	0.	0.	0.	0.	0.	0.	0.	0.	0.	0.	0.	0.	0.	0.	0.	0.	0.	-131219.27912451734	-195525.20908881223	-246132.46135200222	-290057.0638096181	-330330.70336055	-367750.4556140082	-403487.463688911	-437680.82785086235	-471318.3222146598	-504147.78383497987	-536274.02105859	-567917.6847531074
-14.399095321358807	-114.4231267481132	-210.877744263198	-300.7372839886545	-381.1557559072914	-449.5539997446083	-503.71007908919034	-541.8530329752281	-562.7591742045463	-565.8487347569499	-551.2786380537793	-520.02431345959	-473.9395352196994	-415.7781048996676	-349.1548843833449	-278.41691708417557	-208.39014320791705	-143.96800026644664	-89.52370525732148	-48.173000930799354	-21.009044315622134	-6.591361961222206	-1.1617949434599426	-0.06098920606048136	-0.00007904482178897198	0.	0.	0.	0.	0.	0.	0.	0.	0.	0.	0.	0.	0.	0.	0.	0.	0.	0.	0.	0.	0.	0.	0.	0.	0.	0.	0.	0.	0.	0.	0.	0.	0.	0.	0.	0.	0.	0.	0.	0.	0.	0.	0.	0.	0.	0.	0.	0.	0.	0.	0.	0.	0.	0.	0.	0.	0.	0.	0.	0.	0.	0.	0.	0.	-107922.64332720946	-179780.46560967658	-233291.35261408373	-278739.03141011193	-320005.2804974526	-358216.24326153967	-394288.12379816687	-429311.6913801788	-462865.4344889982	-495942.04740050866	-528149.3042718933	-559777.5012222878
-14.681468303217606	-116.73594367311486	-215.46833794953267	-308.05237858476846	-391.81032956730684	-464.28555508052864	-523.3183969296338	-567.1257669840904	-594.3841919986514	-604.3150587264097	-596.7693672702142	-572.3072512960515	-532.2646814750839	-478.7959609153384	-414.8757752460263	-344.2388937742009	-271.2300140790205	-200.53291551502744	-136.75165706863407	-83.83548952733746	-44.386943682543674	-18.986095018734055	-5.81114033152068	-0.9894796185028595	-0.0491166223208757	-0.00005627181938005264	0.	0.	0.	0.	0.	0.	0.	0.	0.	0.	0.	0.	0.	0.	0.	0.	0.	0.	0.	0.	0.	0.	0.	0.	0.	0.	0.	0.	0.	0.	0.	0.	0.	0.	0.	0.	0.	0.	0.	0.	0.	0.	0.	0.	0.	0.	0.	0.	0.	0.	0.	0.	0.	0.	0.	0.	0.	0.	0.	0.	0.	0.	0.	-76517.09377176405	-162260.6527256614	-219192.7111577116	-266424.5737591847	-308898.60810523323	-347719.8224830976	-384904.96641745843	-420096.73837791616	-453866.5786679287	-487308.4575760248	-519591.2962395368	-551713.2360515535
-14.936853685557175	-118.82913459390085	-219.6299368140477	-314.7005958943965	-401.52503735979076	-477.7700985918286	-541.3491154184048	-590.489340099002	-623.8032796728277	-640.3633330969748	-639.7780721919762	-622.2670373425702	-588.728860875238	-540.7947354503094	-480.8555910071756	-412.04684270915664	-338.16956662603343	-263.52249606434543	-192.6176926519316	-129.75880770064646	-78.48263100913331	-40.91426425955848	-17.17722726005009	-5.133157238777763	-0.8451597138419544	-0.0397231817578284	-0.000040335605411751045	0.	0.	0.	0.	0.	0.	0.	0.	0.	0.	0.	0.	0.	0.	0.	0.	0.	0.	0.	0.	0.	0.	0.	0.	0.	0.	0.	0.	0.	0.	0.	0.	0.	0.	0.	0.	0.	0.	0.	0.	0.	0.	0.	0.	0.	0.	0.	0.	0.	0.	0.	0.	0.	0.	0.	0.	0.	0.	0.	0.	0.	0.	0.	-142038.28059488733	-203984.2030053314	-253379.25142746803	-297228.5582613303	-336991.39368762734	-374427.25677585066	-410254.7059055711	-444770.78039463004	-478402.7411636086	-510955.8362729766	-543426.0196736383
-15.165361221888773	-120.70391422266488	-223.36631308343385	-320.6904724954299	-410.3152087864725	-490.03026573983266	-557.8294795324804	-611.9677380544725	-651.022043733544	-673.9564751162778	-680.1900960797049	-669.6657955620069	-642.9165459180035	-601.1235179217049	-546.1577617677091	-480.59368609631446	-407.6784307139595	-331.2368879958171	-255.48876746689922	-184.75422267540085	-123.03282781496844	-73.4647888952258	-37.73393963713688	-15.559529294726085	-4.543089973365168	-0.7239334522041511	-0.03225761232287029	-0.000029102423804362264	0.	0.	0.	0.	0.	0.	0.	0.	0.	0.	0.	0.	0.	0.	0.	0.	0.	0.	0.	0.	0.	0.	0.	0.	0.	0.	0.	0.	0.	0.	0.	0.	0.	0.	0.	0.	0.	0.	0.	0.	0.	0.	0.	0.	0.	0.	0.	0.	0.	0.	0.	0.	0.	0.	0.	0.	0.	0.	0.	0.	0.	0.	-117417.89232797897	-187054.00031133584	-239393.144105495	-284721.28421439324	-325543.1137356142	-363964.29519758315	-400073.9736536557	-435150.6491171585	-468994.59766686196	-501959.0359968553	-534614.6985921307
-15.367183371874228	-122.36211421640786	-226.68220564823056	-326.0316200149162	-418.1972459517096	-501.09004614034376	-572.7893738578019	-631.5909516466153	-676.0589530728431	-705.0822548596957	-717.9343844132948	-714.3359130690118	-694.5169558524275	-659.2759341765421	-610.0287297820566	-548.8397132855146	-478.4228476062709	-402.0973080959978	-323.67838159488025	-247.28210412397627	-177.02375662217534	-116.60054161360377	-68.77469631164749	-34.82428757480119	-14.112153678300968	-4.028673510667591	-0.6218101365674854	-0.026298338546710362	-0.000021129301906768422	0.	0.	0.	0.	0.	0.	0.	0.	0.	0.	0.	0.	0.	0.	0.	0.	0.	0.	0.	0.	0.	0.	0.	0.	0.	0.	0.	0.	0.	0.	0.	0.	0.	0.	0.	0.	0.	0.	0.	0.	0.	0.	0.	0.	0.	0.	0.	0.	0.	0.	0.	0.	0.	0.	0.	0.	0.	0.	0.	0.	0.	-85795.21492509321	-167630.69348618356	-224329.36433537657	-271320.23837360437	-313594.5981951578	-352674.9348830548	-389637.68211024266	-425129.4629711768	-459053.172040283	-492719.57657188096	-525316.4145626337
-15.542591860660345	-123.8061631761403	-229.5833131454711	-330.7347632057885	-425.1886988309284	-510.974790428052	-586.2609890057468	-649.3937950258103	-698.9425140571088	-733.7477398779083	-752.9739097369809	-756.1652110386433	-743.3033217106516	-714.8643608027753	-671.8709214027446	-615.9330637276439	-549.2695989387796	-474.69791903731567	-395.57725532304295	-315.68721884848935	-239.02218044794333	-169.48511387239742	-110.4764077072352	-64.40048881947935	-32.163822837926624	-12.816302656141177	-3.5794179931756402	-0.5355331414491196	-0.021521384305529818	-0.000015432549214665538	0.	0.	0.	0.	0.	0.	0.	0.	0.	0.	0.	0.	0.	0.	0.	0.	0.	0.	0.	0.	0.	0.	0.	0.	0.	0.	0.	0.	0.	0.	0.	0.	0.	0.	0.	0.	0.	0.	0.	0.	0.	0.	0.	0.	0.	0.	0.	0.	0.	0.	0.	0.	0.	0.	0.	0.	0.	0.	0.	0.	-27266.766385149735	-145790.39568470285	-207510.45989213715	-257055.42123601495	-300578.38230256597	-340803.8534442597	-378232.5749909997	-413962.2066120711	-448703.8156579905	-482567.485333568	-515767.95200020325
-15.691933928143698	-125.03906272343914	-232.07627414489178	-334.81175199999484	-431.3083087976305	-519.711212619607	-598.2785848930152	-665.4150514096041	-719.7091933257294	-759.9751446785692	-785.2983929628339	-795.085424925472	-789.1162748900164	-767.598218557387	-731.2177396442447	-681.1864003193486	-619.2742963104471	-547.8223391941774	-469.72175139258036	-388.34617518989756	-307.41940292720375	-230.80139111549275	-162.17956642512678	-104.66575270804954	-60.32740601865835	-29.731805343089544	-11.655136898171694	-3.186356434842487	-0.46243820587755297	-0.01767658723719925	-0.000011336415083113924	0.	0.	0.	0.	0.	0.	0.	0.	0.	0.	0.	0.	0.	0.	0.	0.	0.	0.	0.	0.	0.	0.	0.	0.	0.	0.	0.	0.	0.	0.	0.	0.	0.	0.	0.	0.	0.	0.	0.	0.	0.	0.	0.	0.	0.	0.	0.	0.	0.	0.	0.	0.	0.	0.	0.	0.	0.	0.	0.	0.	-119275.19568857607	-188669.92365291834	-241453.3893184088	-286833.77644570754	-327986.39454941935	-366720.78022244544	-402814.25659787084	-438264.1144310479	-472198.2628077598	-505484.69482489664
-15.815628305667842	-126.06436026296706	-234.16863668625194	-338.2755518283775	-436.5760237041822	-527.327380139733	-608.8783110136462	-679.6968398597605	-738.4018683795454	-783.7987003897127	-814.9187387696102	-831.0632445028139	-831.8506165693623	-817.2660504599248	-787.7116054544504	-744.0535908317624	-687.6627000524489	-620.4404245183672	-544.8229586318724	-463.7511762037332	-380.5926622269431	-299.00000515651385	-222.69010432298649	-155.1347481762018	-99.16725714224164	-56.53902389841085	-27.50857282157746	-10.613642218991252	-2.841823355521853	-0.4003399853740384	-0.014569883772362303	-8.373278756744398e-6	0.	0.	0.	0.	0.	0.	0.	0.	0.	0.	0.	0.	0.	0.	0.	0.	0.	0.	0.	0.	0.	0.	0.	0.	0.	0.	0.	0.	0.	0.	0.	0.	0.	0.	0.	0.	0.	0.	0.	0.	0.	0.	0.	0.	0.	0.	0.	0.	0.	0.	0.	0.	0.	0.	0.	0.	0.	0.	0.	-83980.8723179426	-167617.84905766672	-224371.30550562844	-272090.2570149052	-314634.99021074903	-353842.02628265985	-391117.5060010475	-426761.6348057606	-461514.1404890076	-495042.34324483655
-15.914160958150696	-126.88611897037252	-235.86881904393644	-341.1402158541291	-441.0129879943058	-533.8526879064447	-618.0980582252164	-692.2841308182711	-755.068651739653	-805.262267372456	-841.8627505218608	-864.0933211671532	-871.4447993414334	-863.7208833512599	-841.0852320854356	-804.1081928775889	-753.8098968849488	-691.6949843016971	-619.7723844354862	-540.5513816606641	-457.00279680777106	-372.4719020546083	-290.5285012770424	-214.74099263299271	-148.3677683945909	-93.97485743374193	-53.0181372589177	-25.475724264815657	-9.678476663843117	-2.5392628691003023	-0.3474411607528717	-0.012050049916339562	-6.2172718566300275e-6	0.	0.	0.	0.	0.	0.	0.	0.	0.	0.	0.	0.	0.	0.	0.	0.	0.	0.	0.	0.	0.	0.	0.	0.	0.	0.	0.	0.	0.	0.	0.	0.	0.	0.	0.	0.	0.	0.	0.	0.	0.	0.	0.	0.	0.	0.	0.	0.	0.	0.	0.	0.	0.	0.	0.	0.	0.	0.	0.	-142989.46550440032	-205870.03395869955	-256440.06703525587	-300556.78896158846	-340863.6384831454	-378995.92933002993	-415284.0053176134	-450168.6747592775	-483999.5560992693
-15.98808062979807	-127.50888549202803	-237.18606331082668	-343.42084223835514	-444.6415112564328	-539.3178153582585	-625.977325862824	-703.2243612029085	-769.7619801812707	-824.4174906584633	-866.1718017407883	-894.1927826591309	-907.8725574827318	-906.8683360742028	-891.1459251875881	-861.0244379837934	-817.2198765244628	-760.8841470666786	-693.6346353953007	-617.5676985039145	-535.2473667954545	-449.6583824308357	-364.11086646637943	-282.0832894386915	-206.99258156236868	-141.88768096229023	-89.07919373653901	-49.74738218923922	-23.616201420669867	-8.837812120885784	-2.273063679794805	-0.30225952711016085	-0.00999872864222789	-4.639780409460848e-6	0.	0.	0.	0.	0.	0.	0.	0.	0.	0.	0.	0.	0.	0.	0.	0.	0.	0.	0.	0.	0.	0.	0.	0.	0.	0.	0.	0.	0.	0.	0.	0.	0.	0.	0.	0.	0.	0.	0.	0.	0.	0.	0.	0.	0.	0.	0.	0.	0.	0.	0.	0.	0.	0.	0.	0.	0.	0.	-113051.86974348477	-185256.6715755312	-239357.60455555585	-285399.30406016874	-327185.60260175774	-366096.7570762985	-402787.07060729945	-438336.39357528253	-472986.2665962699
-16.037994231379024	-127.93765580101761	-238.13038317243192	-345.133519123153	-447.4850184400101	-543.7546668351056	-632.5570942917974	-712.5671156377316	-782.5378925213779	-841.3223534442892	-887.8982244682708	-921.3969021158828	-941.1362274236164	-946.6569768299968	-937.7625463544831	-914.5608382094765	-877.5067242714973	-827.4426135840552	-765.633545066493	-693.7918257668739	-614.0845359941497	-529.1152968149986	-441.86976081915805	-355.6128245486766	-273.725485030563	-199.4721430831304	-135.69743524116805	-84.46870575216812	-46.7096662682784	-21.914301931433435	-8.081179138475607	-2.0384180271705237	-0.2635694100283038	-0.008322893392730204	-3.4793853765440687e-6	0.	0.	0.	0.	0.	0.	0.	0.	0.	0.	0.	0.	0.	0.	0.	0.	0.	0.	0.	0.	0.	0.	0.	0.	0.	0.	0.	0.	0.	0.	0.	0.	0.	0.	0.	0.	0.	0.	0.	0.	0.	0.	0.	0.	0.	0.	0.	0.	0.	0.	0.	0.	0.	0.	0.	0.	0.	-70639.02872846699	-161680.94288656095	-220605.7670890506	-268985.2546012089	-312422.3220201893	-352313.43665625923	-390258.7523654464	-426034.8306220217	-460800.2037273076
-16.064562106512575	-128.1778396190383	-238.71250706718635	-346.2952596610329	-449.5679847174698	-547.1962966042576	-637.8796970673222	-720.3638512210421	-793.4554419080191	-856.0400236886252	-907.1032366859885	-945.7556519551651	-971.2613931358038	-983.0704993319695	-980.8547422262193	-964.5462615727214	-934.3779063824503	-890.9235272063872	-835.1356168083854	-768.3766027490867	-692.4387306808644	-609.5458544903472	-522.3286633459028	-433.7631745308236	-347.06121936516047	-265.502088551816	-192.19804554399326	-129.7954117694673	-80.13045651220321	-43.88845725334042	-20.35564786922502	-7.399319998755049	-1.8312015790744702	-0.23035450299561688	-0.006949125999883933	-2.62140743859191e-6	0.	0.	0.	0.	0.	0.	0.	0.	0.	0.	0.	0.	0.	0.	0.	0.	0.	0.	0.	0.	0.	0.	0.	0.	0.	0.	0.	0.	0.	0.	0.	0.	0.	0.	0.	0.	0.	0.	0.	0.	0.	0.	0.	0.	0.	0.	0.	0.	0.	0.	0.	0.	0.	0.	0.	0.	0.	-133631.802172743	-199967.46827629002	-251578.10904692294	-296622.33042247145	-337788.4168634655	-376555.4106870783	-413130.51353050105	-448645.030872433
-16.06849321359193	-128.2352237839298	-238.9438177871354	-346.92392912381194	-450.9158577194975	-549.6768203038404	-641.9886895889149	-726.6676506960134	-802.5762044240716	-868.6379175732388	-923.8552767111768	-967.3309375239251	-998.2925689635597	-1016.1213589878539	-1020.3840617698183	-1010.8682062256555	-987.6197279241766	-950.9818012995174	-901.6330017738311	-840.6220808388609	-769.3955589071046	-689.8130157946985	-604.1434162447546	-515.034163919307	-425.44310776443945	-338.5229732276103	-257.44861730038957	-185.18165561117152	-124.1766266504452	-76.05074652420419	-41.26796825925327	-18.92712636327871	-6.784052724954066	-1.6478714306475506	-0.20176981842884958	-0.005819252401153407	-1.9838892831485085e-6	0.	0.	0.	0.	0.	0.	0.	0.	0.	0.	0.	0.	0.	0.	0.	0.	0.	0.	0.	0.	0.	0.	0.	0.	0.	0.	0.	0.	0.	0.	0.	0.	0.	0.	0.	0.	0.	0.	0.	0.	0.	0.	0.	0.	0.	0.	0.	0.	0.	0.	0.	0.	0.	0.	0.	0.	-97568.94932821394	-176694.51514682022	-232662.62996007747	-280213.77759600105	-322687.62277023087	-362373.2287788241	-399801.2614793682	-435935.88023943355
-16.050540258838232	-128.11593491564835	-238.83628945599042	-347.03816587628	-451.5549696192205	-551.2313148062555	-644.9287129109217	-731.5329940474629	-809.9638570682114	-879.1869243650574	-938.2286463676609	-986.1943546747555	-1022.2896953371171	-1045.8455766600787	-1056.3466278590913	-1053.4629713487313	-1037.0848435328123	-1007.3592330735257	-964.7272132759006	-909.9599941456424	-844.1908770692678	-768.9392350780815	-686.1213600580508	-598.0415589342858	-507.3553805615907	-416.99561434005204	-330.0512885979564	-249.59128306403284	-178.42887292569384	-118.833672335561	-72.21556682706601	-38.83326781616837	-17.61681395270023	-6.228147171068689	-1.4853796233804655	-0.17711092112719154	-0.004886999173288188	-1.5079244638454675e-6	0.	0.	0.	0.	0.	0.	0.	0.	0.	0.	0.	0.	0.	0.	0.	0.	0.	0.	0.	0.	0.	0.	0.	0.	0.	0.	0.	0.	0.	0.	0.	0.	0.	0.	0.	0.	0.	0.	0.	0.	0.	0.	0.	0.	0.	0.	0.	0.	0.	0.	0.	0.	0.	0.	0.	-33830.42734447661	-149554.49620931334	-212045.42583524226	-262041.36409526638	-306543.3917363664	-347395.2565682202	-385719.2065074519	-422415.23210852634
-16.011494814587977	-127.82640170853531	-238.40242272208695	-346.65729778954864	-451.51244130123854	-551.895708576069	-646.7453525191063	-735.0155421170755	-815.6838061819774	-887.7607522997571	-950.3023897607987	-1002.4253528687119	-1043.3252727117238	-1072.2984748572583	-1088.7670789806655	-1092.3074329367198	-1082.6816136503749	-1059.8714519049263	-1024.1141647563422	-975.9381808665037	-916.1970908044606	-846.0988177927522	-767.2260653917015	-681.5428631582535	-591.3806577157335	-499.39604071603844	-408.4911896010461	-321.68801014259935	-241.94878826547617	-171.94136484655294	-113.75744919557731	-68.6109286416008	-36.570335961398385	-16.413892679129482	-5.725213381276926	-1.3410998899798272	-0.15578899088820514	-0.004115421031001627	-1.1509417145863496e-6	0.	0.	0.	0.	0.	0.	0.	0.	0.	0.	0.	0.	0.	0.	0.	0.	0.	0.	0.	0.	0.	0.	0.	0.	0.	0.	0.	0.	0.	0.	0.	0.	0.	0.	0.	0.	0.	0.	0.	0.	0.	0.	0.	0.	0.	0.	0.	0.	0.	0.	0.	0.	0.	0.	0.	-116150.54340036442	-188515.97226078546	-243011.51940382647	-289294.8763388665	-331626.7677074605	-371258.5461921816	-408321.9509337072
-15.952182455270641	-127.37331715385147	-237.6551789174867	-345.80125548798355	-450.8160806275215	-551.7066645714021	-647.4849926096033	-737.1719282947499	-819.8028531043565	-894.4353660907699	-960.1593531939316	-1016.1097138029506	-1061.4819982060217	-1095.5511589064913	-1117.6935447867306	-1127.4121614238447	-1124.36507176978	-1108.39660500833	-1079.5707590523928	-1038.2058020420748	-984.9085747337238	-920.6063417713051	-846.5732112908206	-764.4471267377735	-676.2322480060694	-584.280253121806	-491.2428801140353	-399.9872338671549	-313.46560898471733	-234.5338032738002	-165.71755682810362	-108.93773142268219	-65.2230988182367	-34.46608208631112	-15.308563353336933	-5.269601823839346	-1.212765624070171	-0.13731056010137166	-0.0034749131807730433	-8.820124228579342e-7	0.	0.	0.	0.	0.	0.	0.	0.	0.	0.	0.	0.	0.	0.	0.	0.	0.	0.	0.	0.	0.	0.	0.	0.	0.	0.	0.	0.	0.	0.	0.	0.	0.	0.	0.	0.	0.	0.	0.	0.	0.	0.	0.	0.	0.	0.	0.	0.	0.	0.	0.	0.	0.	0.	-67523.36528504023	-161684.04715980968	-221650.96230596962	-270830.3788979693	-315195.9092548132	-355438.51353671803	-393747.2681439218
-15.873457941700899	-126.76360097336331	-236.6079138578868	-344.49048366552665	-449.49427660500095	-550.701457652618	-647.1946668463238	-738.0595560385191	-822.3888879122213	-899.2884946874311	-967.8853854675915	-1027.3382770909993	-1076.8507999042142	-1115.6875944719704	-1143.1934619125198	-1158.815653223537	-1162.1292727452555	-1152.8656165917723	-1130.9430541604183	-1096.49977196602	-1049.9273128408884	-991.9033360839094	-923.4213710001535	-845.8145176777341	-760.7690588038153	-670.3228104876365	-576.8418433648363	-482.9681375000182	-391.5301554795353	-305.40884428100696	-227.35417846065764	-159.7534260494095	-104.36360202515179	-62.03876367289869	-32.50833618055399	-14.291959597341398	-4.856314772133718	-1.0984173500045602	-0.12126100859778761	-0.0029416692724918503	-6.785520664447947e-7	0.	0.	0.	0.	0.	0.	0.	0.	0.	0.	0.	0.	0.	0.	0.	0.	0.	0.	0.	0.	0.	0.	0.	0.	0.	0.	0.	0.	0.	0.	0.	0.	0.	0.	0.	0.	0.	0.	0.	0.	0.	0.	0.	0.	0.	0.	0.	0.	0.	0.	0.	0.	0.	0.	-129398.41737753154	-197957.59792555077	-251067.32733261833	-297244.60390468675	-339419.4832586657	-378509.76488639973
-15.77620048226266	-126.00436252185709	-235.274311888659	-342.7458515672463	-447.57589106844193	-548.9178483415461	-645.9219068181611	-737.7364011292117	-823.5106050568407	-902.3991937733105	-973.5686482057052	-1036.2058608473933	-1089.529187355407	-1132.8021639339888	-1165.3500729534287	-1186.5794833841255	-1196.0008117272134	-1193.2538344625104	-1178.1359234077406	-1150.632556690481	-1110.9493630201184	-1059.5445653457434	-997.160179531157	-924.8496727202381	-843.9989790328397	-756.3368078219956	-663.9290965936384	-569.1513543195082	-474.6317158568318	-383.1571593052271	-297.5361508956307	-220.4139363416739	-154.043130850671	-100.02378460624115	-59.04513866035728	-30.68582205781271	-13.356064969386825	-4.480927937021121	-0.9963582184874283	-0.1072910849538565	-0.002496480286588195	-5.239881067618695e-7	0.	0.	0.	0.	0.	0.	0.	0.	0.	0.	0.	0.	0.	0.	0.	0.	0.	0.	0.	0.	0.	0.	0.	0.	0.	0.	0.	0.	0.	0.	0.	0.	0.	0.	0.	0.	0.	0.	0.	0.	0.	0.	0.	0.	0.	0.	0.	0.	0.	0.	0.	0.	0.	-85312.74273338559	-170916.38319238994	-229534.4727160171	-278423.0356920963	-321946.15069587645	-362379.50180520944
-15.661309097407388	-125.10286439378793	-233.6683207185835	-340.58856360636275	-445.0901493156857	-546.3939546341529	-643.7145895305587	-736.2608183382337	-823.237236654919	-903.8474517930123	-977.2990134872896	-1042.8103374140787	-1099.619855215975	-1146.9976089166555	-1184.2594818675234	-1210.784218769712	-1226.0333285679385	-1229.5738796157966	-1221.1040772343104	-1200.4813490753959	-1167.752439221387	-1123.184711246362	-1067.2974641513476	-1000.8915526209705	-925.0749555492131	-841.2811429687783	-751.276158442296	-657.1493051917654	-561.2813088586161	-466.28304600967806	-374.89776299747473	-289.86079567069396	-213.71408189882897	-148.57951517373792	-95.90689394920457	-56.23003734059214	-28.98811885724131	-12.493634571669777	-4.139521391246211	-0.9051162752078645	-0.0951058712709165	-0.0021237953535048117	-4.0610198035846667e-7	0.	0.	0.	0.	0.	0.	0.	0.	0.	0.	0.	0.	0.	0.	0.	0.	0.	0.	0.	0.	0.	0.	0.	0.	0.	0.	0.	0.	0.	0.	0.	0.	0.	0.	0.	0.	0.	0.	0.	0.	0.	0.	0.	0.	0.	0.	0.	0.	0.	0.	0.	0.	0.	-139238.54047231434	-205382.79917924653	-257690.0178647325	-303512.78298573993	-345200.46170559095
-15.52969811158448	-124.06648694671378	-231.8040875234032	-338.0400709729931	-442.06653096916335	-543.1681234195134	-640.620785289844	-733.6913526965099	-821.6383009214333	-903.7138314425588	-979.1675318175342	-1047.2518338718621	-1107.2294909557784	-1158.3832858448332	-1200.028163969503	-1231.5259593427727	-1252.3028387158352	-1261.8695278779498	-1259.8442958048358	-1245.9785488057546	-1220.1847168973532	-1182.5658847630846	-1133.4463136775269	-1073.4016004354883	-1003.2867057995018	-924.2594421702769	-837.7962310716498	-745.6960388767347	-650.0674260866143	-553.292721423301	-457.9626875754273	-366.77507914373757	-282.39183893146605	-207.2532629197233	-143.35450457388276	-92.00162289634231	-53.58190999491429	-27.405615402283605	-11.698121910778454	-3.8286188285754355	-0.8234124423405628	-0.0844557254685198	-0.0018109846179977657	-3.1584400148195556e-7	0.	0.	0.	0.	0.	0.	0.	0.	0.	0.	0.	0.	0.	0.	0.	0.	0.	0.	0.	0.	0.	0.	0.	0.	0.	0.	0.	0.	0.	0.	0.	0.	0.	0.	0.	0.	0.	0.	0.	0.	0.	0.	0.	0.	0.	0.	0.	0.	0.	0.	0.	0.	-97073.32994290709	-178152.7187584038	-235747.4253127858	-284159.6801613863	-327502.88018909044
-15.382292794332722	-122.90269393177056	-229.6958967454169	-335.1219849864076	-438.5346621863516	-539.2788029045211	-636.6886073026012	-730.0865558047994	-818.7833639429632	-902.0791408590768	-979.2659577615196	-1049.632034129133	-1112.4677485946795	-1167.0736768491413	-1212.7708487852333	-1248.913399064692	-1274.903756224806	-1290.2104712468615	-1294.388721875371	-1287.1034370493576	-1268.1548578658815	-1237.5061766449255	-1195.312660633134	-1141.9513561105455	-1078.050064977022	-1004.513772195612	-922.5460655661427	-833.662326187598	-739.6905981658293	-642.7551297209661	-545.2367451824476	-449.703700080713	-358.80689708464126	-275.1349325523803	-201.02830684797354	-138.3594192261582	-88.29687939183196	-51.089859846237395	-25.929460720521462	-10.963611349492592	-3.545134241527286	-0.7501333184060569	-0.07512882787794564	-0.0015477585632048935	-2.4648189245947705e-7	0.	0.	0.	0.	0.	0.	0.	0.	0.	0.	0.	0.	0.	0.	0.	0.	0.	0.	0.	0.	0.	0.	0.	0.	0.	0.	0.	0.	0.	0.	0.	0.	0.	0.	0.	0.	0.	0.	0.	0.	0.	0.	0.	0.	0.	0.	0.	0.	0.	0.	0.	0.	-145798.84106902138	-211015.9176603349	-262941.950103691	-308539.06723214505
-15.220025169985202	-121.61899939928648	-227.35810996239923	-331.8559928460913	-434.52421020134784	-534.7644172911824	-631.9660642367595	-725.5048080072099	-814.7418139614833	-899.0241304213762	-977.6863237705486	-1050.0535648168652	-1115.4463588078102	-1173.18711047536	-1222.608710394023	-1263.0653179074322	-1293.9454964791896	-1314.6878263878061	-1324.799072982644	-1323.8749211113363	-1311.6231905536372	-1287.8893151517257	-1252.6836886717165	-1206.2102405583885	-1148.8952896447151	-1081.4153174878527	-1004.7217900594026	-920.0605265091677	-828.9823679824331	-733.341063161505	-635.2734284114052	-537.1560988807018	-441.53281429468404	-351.00659400606526	-268.09298120135406	-195.03465612265484	-133.58521874229518	-84.78188467537322	-48.74364297692133	-24.55151307657325	-10.284756198920105	-3.2863251644341647	-0.6843080432064788	-0.06694503255307238	-0.0013257089559650707	-1.9298595356851014e-7	0.	0.	0.	0.	0.	0.	0.	0.	0.	0.	0.	0.	0.	0.	0.	0.	0.	0.	0.	0.	0.	0.	0.	0.	0.	0.	0.	0.	0.	0.	0.	0.	0.	0.	0.	0.	0.	0.	0.	0.	0.	0.	0.	0.	0.	0.	0.	0.	0.	0.	0.	-104296.55584873301	-183130.48268122273	-239976.75587780803	-288127.00691187376
-15.043830012528742	-120.22293602563086	-224.8051081488935	-328.2637763473566	-430.06478104902936	-529.6632448041812	-626.5009168901366	-720.0041469176238	-809.582647691971	-894.6292122862995	-974.5205551243506	-1048.6194513543019	-1116.2783522731215	-1176.844656183845	-1229.667812723932	-1274.1084329371517	-1309.5495652721863	-1335.4102767938243	-1351.1616459508143	-1356.345224062485	-1350.5939518654368	-1333.6554181294991	-1305.417210893032	-1265.933927710364	-1215.455166877129	-1154.4535026415892	-1083.6510389686043	-1004.0426250477618	-916.9131936988326	-823.8459565395722	-726.717388091753	-627.6741304368659	-529.0862991765763	-433.47143079313	-343.38390098055714	-261.2666892703277	-189.26672019243148	-129.02269241791578	-81.44624131958214	-46.533656597106095	-23.2642891637515	-9.656722310831407	-3.04975170184912	-0.6250885942509872	-0.05975078227330893	-0.0011379446830486891	-1.515829559950331e-7	0.	0.	0.	0.	0.	0.	0.	0.	0.	0.	0.	0.	0.	0.	0.	0.	0.	0.	0.	0.	0.	0.	0.	0.	0.	0.	0.	0.	0.	0.	0.	0.	0.	0.	0.	0.	0.	0.	0.	0.	0.	0.	0.	0.	0.	0.	0.	0.	0.	0.	-20817.825388073143	-150126.2951167672	-214521.18422783667	-266400.1972340345
-14.854641040507374	-118.72202498715775	-222.05123660479472	-324.3669340437719	-425.1858212015075	-524.0133000224569	-620.3405399960488	-713.6421033168256	-803.3742685469214	-888.9742006557755	-969.8601206938663	-1045.4326336939798	-1115.077378167411	-1178.1691640994536	-1234.0777677704718	-1282.1755498920515	-1321.847056960703	-1352.500752450522	-1373.5830019603447	-1384.5944014163445	-1385.1084856694165	-1374.7927808924821	-1353.4320612123606	-1320.9535294640768	-1277.4534534541835	-1223.2245404773914	-1158.7830104767927	-1084.8939183694326	-1002.592767050946	-913.2008394799052	-818.3309704409052	-719.8797124463928	-620.0011083522515	-521.05672239319	-425.5364697402019	-335.9455460973805	-254.65501245324512	-183.71815922226426	-124.66260573870244	-78.27997798007156	-44.45091920244827	-22.060914578070154	-9.075136911827084	-2.8332406387353086	-0.5717329821065535	-0.05341489287415962	-0.000978801890285511	-1.1943094094764265e-7	0.	0.	0.	0.	0.	0.	0.	0.	0.	0.	0.	0.	0.	0.	0.	0.	0.	0.	0.	0.	0.	0.	0.	0.	0.	0.	0.	0.	0.	0.	0.	0.	0.	0.	0.	0.	0.	0.	0.	0.	0.	0.	0.	0.	0.	0.	0.	0.	0.	0.	-107922.64332720946	-185961.07256960325	-242549.47815215867
-14.65338732354744	-117.12374748276429	-219.1107527829567	-320.1869072607742	-419.9165237331513	-517.8522213308827	-613.531790071272	-706.4755449928027	-796.1842968266146	-882.1380713846464	-963.7957155496606	-1040.595533642842	-1111.9571036062014	-1177.2844273326457	-1235.9705729103669	-1287.403967617159	-1330.9764980312445	-1366.0935660927664	-1392.18623537149	-1408.7255775981685	-1415.2392923728682	-1411.3306185983736	-1396.6994791565608	-1371.1656938065867	-1334.6939507857312	-1287.4200349696246	-1229.6775579165444	-1162.0241098372232	-1085.265342797311	-1000.4749886587406	-909.0082118628117	-812.5050098619712	-712.8796441708803	-612.2914020963146	-513.091517450331	-417.741092951145	-328.69579365166	-248.25552989766524	-178.38211187506985	-120.49581190193064	-75.27357627797826	-42.48704529948774	-20.935076314268414	-8.536042352318143	-2.634854003975554	-0.5235908971132054	-0.047825049798917385	-0.0008436125080802176	-9.438108245047193e-8	0.	0.	0.	0.	0.	0.	0.	0.	0.	0.	0.	0.	0.	0.	0.	0.	0.	0.	0.	0.	0.	0.	0.	0.	0.	0.	0.	0.	0.	0.	0.	0.	0.	0.	0.	0.	0.	0.	0.	0.	0.	0.	0.	0.	0.	0.	0.	0.	0.	-26846.418450611553	-151834.09492669677	-216517.89986319336
-14.44098991053471	-115.43551799249262	-215.99777719781252	-315.7449102917107	-414.28573952491087	-511.21716417753345	-606.1208800843106	-698.560529238339	-788.0793920356346	-874.1987399651731	-956.4169724134595	-1034.2096674663087	-1107.0306828254672	-1174.3144487845468	-1235.4796000740853	-1289.934096573913	-1337.0819834766344	-1376.3319382683887	-1407.1077433148946	-1428.8608068800645	-1441.0848294738582	-1443.332673047617	-1435.2354337229187	-1416.523638474909	-1387.0503763085985	-1346.8160260958716	-1295.9940467418248	-1234.9570392543092	-1164.3019624994313	-1084.872973488081	-997.7798609941307	-904.4094486417911	-806.4266774857493	-705.7613853248803	-604.5761761579132	-505.21038951582875	-410.095316634462	-321.63689558641664	-242.06475027567953	-173.25137736470543	-116.51333542758219	-72.41798408402111	-40.63421671279114	-19.880977743151114	-8.03585440887046	-2.452861529886729	-0.48009143128087456	-0.042884889578909284	-0.0007285188134072657	-7.480254018963318e-8	0.	0.	0.	0.	0.	0.	0.	0.	0.	0.	0.	0.	0.	0.	0.	0.	0.	0.	0.	0.	0.	0.	0.	0.	0.	0.	0.	0.	0.	0.	0.	0.	0.	0.	0.	0.	0.	0.	0.	0.	0.	0.	0.	0.	0.	0.	0.	0.	0.	-107933.18295530716	-186523.05363620273
-14.218358686450605	-113.66465933348117	-212.72624756761786	-311.061865042792	-408.3218939205636	-504.14470069892036	-598.1532615950429	-689.9521645766259	-779.1250875245004	-865.2328572097732	-947.8121996600777	-1026.3752988502047	-1100.4102872192445	-1169.3827979455862	-1232.7387147611962	-1289.9082597891916	-1340.3115627107402	-1383.365854561418	-1418.4944253969184	-1445.1374753657549	-1462.7649713283704	-1470.8915934188215	-1469.0938144566983	-1457.0290955519074	-1434.4570981454794	-1401.262699321529	-1357.4804452786925	-1303.3198776665402	-1239.1909081620765	-1165.7280868070886	-1083.8121989989306	-994.5871284966016	-899.4693425373658	-800.1467110638389	-698.5627168420567	-596.8815484981398	-497.42927173069836	-402.6065307433669	-314.7694689624405	-236.07836293660063	-168.31856016779034	-112.70643356904094	-69.70461856005252	-38.88515197643584	-18.893296326647366	-7.571324767288139	-2.2857165162069424	-0.4407325590417764	-0.038511562859821914	-0.000630324411669338	-5.9453093677419877e-8	0.	0.	0.	0.	0.	0.	0.	0.	0.	0.	0.	0.	0.	0.	0.	0.	0.	0.	0.	0.	0.	0.	0.	0.	0.	0.	0.	0.	0.	0.	0.	0.	0.	0.	0.	0.	0.	0.	0.	0.	0.	0.	0.	0.	0.	0.	0.	0.	-19395.7673848321	-151319.65025132117
-13.986389463297966	-111.81837956228352	-209.30987629352998	-306.1583403212527	-402.0529091539179	-496.6707261603078	-589.6735148931465	-680.7044821964888	-769.3856376488922	-855.3156221357588	-938.0681440887249	-1017.1911283250594	-1092.2066891311563	-1162.6120460131283	-1227.8815070286423	-1287.4696503646962	-1340.8158392541536	-1387.3502076795614	-1426.501253628118	-1457.7051716853557	-1480.4170458702083	-1494.124004734047	-1498.3604111876707	-1492.725115851824	-1476.9007405966972	-1450.674872889798	-1413.962934884455	-1366.8323357507893	-1309.52731213659	-1242.4935993952536	-1166.401744719038	-1082.1674635263535	-990.966948067932	-894.2444680465018	-793.7089816377803	-691.3158580885012	-589.229307257557	-489.7609002998133	-395.27993869623816	-308.0928111422847	-230.29144346392795	-163.57618428782197	-109.06664012790826	-67.12536158985748	-37.23307491908261	-17.967144181911898	-7.139507318052977	-2.132034666821752	-0.40507211068910143	-0.03463369481037061	-0.0005463741241896042	-4.73831977703723e-8	0.	0.	0.	0.	0.	0.	0.	0.	0.	0.	0.	0.	0.	0.	0.	0.	0.	0.	0.	0.	0.	0.	0.	0.	0.	0.	0.	0.	0.	0.	0.	0.	0.	0.	0.	0.	0.	0.	0.	0.	0.	0.	0.	0.	0.	0.	0.	0.	-105233.65535164895
-13.745961308096836	-109.90375074973966	-205.7621113485197	-301.05449591848367	-395.5061328035651	-488.8303725502474	-580.7252475439968	-670.8703174762568	-758.9238776020691	-844.5206116624704	-927.2697770453358	-1006.7540160279501	-1082.5288936695133	-1154.1232698564459	-1221.0406198714961	-1282.7614242973123	-1338.7467546133353	-1388.4431849065193	-1431.2891619255035	-1466.7229642762004	-1494.192375609019	-1513.1661845377516	-1523.1476036515028	-1523.689668566015	-1514.4126321909996	-1495.0233046517276	-1465.3362004477685	-1425.296234545639	-1375.0025503629613	-1314.7328557855449	-1244.967378499583	-1166.4112191814957	-1080.013472640231	-986.9810003630324	-888.7841814840921	-787.1513710688369	-684.0482157468753	-581.6375296115435	-482.21530633784045	-388.11892930031996	-301.6051625814674	-224.69862141309954	-159.0167827327458	-105.58579538222537	-64.67254965696901	-35.671683250271336	-17.098031503744302	-6.737727909846529	-1.990575521191263	-0.3727200143480484	-0.031189674232826443	-0.0004744568900190572	-3.7864541241593475e-8	0.	0.	0.	0.	0.	0.	0.	0.	0.	0.	0.	0.	0.	0.	0.	0.	0.	0.	0.	0.	0.	0.	0.	0.	0.	0.	0.	0.	0.	0.	0.	0.	0.	0.	0.	0.	0.	0.	0.	0.	0.	0.	0.	0.	0.	0.	0.	0.
-13.497934109100965	-107.92768964280015	-202.0961006178248	-295.7700315683151	-388.70827238120404	-480.6579295739032	-571.3510016383524	-660.5012018711542	-747.8010960189729	-832.9196267830886	-915.5001027286233	-995.15873524985	-1071.4838138676805	-1144.0356170794958	-1212.3471630245667	-1275.9259110812254	-1334.256531805714	-1386.8048678841578	-1433.0232123907042	-1472.3570318445593	-1504.2532593283863	-1528.1702759715347	-1543.5896857387006	-1550.029966575955	-1547.0620476927381	-1534.32681492103	-1511.554478780571	-1478.5856483030393	-1435.3938306949183	-1382.1089150388248	-1319.0409884415772	-1246.7035658834402	-1165.8349813891364	-1077.4162815952097	-982.6834823360928	-883.1315058478095	-780.5065418192108	-676.7830352791502	-574.1211155370572	-474.80023613574446	-381.12539101326405	-295.3039255875268	-219.29421671059185	-154.63296685185236	-102.25606511275518	-62.33895977266419	-34.195117725009446	-16.281832784445932	-6.363557226954259	-1.8602261502170805	-0.34333161752179914	-0.028126215197497844	-0.0004127270479142012	-3.0336644689249054e-8	0.	0.	0.	0.	0.	0.	0.	0.	0.	0.	0.	0.	0.	0.	0.	0.	0.	0.	0.	0.	0.	0.	0.	0.	0.	0.	0.	0.	0.	0.	0.	0.	0.	0.	0.	0.	0.	0.	0.	0.	0.	0.	0.	0.	0.	0.	0.
-13.243146379537622	-105.89694020994084	-198.32465969522082	-290.3241408273621	-381.6853362329019	-472.1867731844508	-561.59216993627	-649.6472653364955	-736.0769203812031	-820.5825548866131	-902.8399876805155	-982.4977546384501	-1059.1759853160183	-1132.4659257771264	-1201.9302022815605	-1267.1039275501785	-1327.4967580772166	-1382.59601703005	-1431.8710021843638	-1474.7786014667736	-1510.7703392195174	-1539.3009732356218	-1559.8387546157392	-1571.87744787099	-1574.9501852637557	-1568.6451943686332	-1552.6233877433954	-1526.6377340401714	-1490.5542354550003	-1444.3742105822294	-1388.2574168544147	-1322.5453342122655	-1247.7836624701356	-1164.742750768804	-1074.434273149814	-978.1219907482003	-877.3239118555778	-773.8026110267375	-669.5399669274165	-566.6922477584415	-467.5215099746438	-374.29997722171123	-289.18584610276463	-214.07235011060894	-150.4174793420906	-99.06995112569135	-60.11779269759079	-32.79793228818737	-15.514755723598247	-6.0147864796661406	-1.739986828511622	-0.31660192874884613	-0.02539714514232973	-0.0003596403415278985	-2.436679277819744e-8	0.	0.	0.	0.	0.	0.	0.	0.	0.	0.	0.	0.	0.	0.	0.	0.	0.	0.	0.	0.	0.	0.	0.	0.	0.	0.	0.	0.	0.	0.	0.	0.	0.	0.	0.	0.	0.	0.	0.	0.	0.	0.	0.	0.	0.	0.
-12.982413296493737	-103.81805805380279	-194.46024311873873	-284.73546986526986	-374.46258069134893	-463.4493017329754	-551.488921003479	-638.3571493594924	-723.8092151762705	-807.5772478919147	-889.3680105684432	-968.8610472339611	-1045.7073170051117	-1119.52839363009	-1189.916316068201	-1256.4341828170925	-1318.6175896864524	-1375.9770172962862	-1428.0012803645538	-1474.1621553503082	-1513.920305601408	-1546.7326230066867	-1572.0611012245417	-1589.3833465083796	-1598.2048162500735	-1598.072850412809	-1588.5925242273722	-1569.4442983576362	-1540.4033708149107	-1501.3605378402945	-1452.3442423335318	-1393.5433206995904	-1325.329743918198	-1248.280377732144	-1163.196452650364	-1071.1190328023047	-973.33830643535	-871.3940059493723	-767.0637399192624	-662.3355569540247	-559.3607877677249	-460.3833282350337	-367.6423299386312	-283.2471644586748	-209.02703219968578	-146.36323404630414	-96.02029519602836	-58.002654416169335	-31.4750654673913	-14.793312690837528	-5.689405621483732	-1.628958432153485	-0.29226064463679857	-0.02296238158766595	-0.00031390175294566545	-1.9619861603186808e-8	0.	0.	0.	0.	0.	0.	0.	0.	0.	0.	0.	0.	0.	0.	0.	0.	0.	0.	0.	0.	0.	0.	0.	0.	0.	0.	0.	0.	0.	0.	0.	0.	0.	0.	0.	0.	0.	0.	0.	0.	0.	0.	0.	0.	0.
-12.716524971033714	-101.69739666192342	-190.5149189996031	-279.02208112397165	-367.06446350319464	-454.47687971481196	-541.0801333338296	-626.6779305854515	-711.0539926868278	-793.9694158247333	-875.160331429414	-954.3359247366398	-1031.1768755860282	-1105.334291802986	-1176.4292123058547	-1244.0527640946787	-1307.7670643335916	-1367.1069655954095	-1421.5827486888184	-1470.6838729434717	-1513.8838978836936	-1550.6466922313812	-1580.4340453136858	-1602.7147911452923	-1616.9755453417108	-1622.7331378499825	-1619.5487980285566	-1607.0441100484825	-1584.918702385206	-1552.96956093915	-1511.1117557215607	-1459.4002397126928	-1398.0522081322201	-1327.4692889786384	-1248.2585633271326	-1161.2510798884446	-1067.5161297721304	-968.3690888923577	-865.3701353434066	-760.3106485922339	-655.1836736325828	-552.1346165732489	-453.38853236747934	-361.15126822994426	-277.48374011167107	-204.1522346834929	-142.4633451005571	-93.10027797253338	-55.98753659847215	-30.221813182614692	-14.114294587811607	-5.385583831764848	-1.5263313435207932	-0.2700678482864003	-0.020787066290835956	-0.00027442286597300486	-1.5835516959810624e-8	0.	0.	0.	0.	0.	0.	0.	0.	0.	0.	0.	0.	0.	0.	0.	0.	0.	0.	0.	0.	0.	0.	0.	0.	0.	0.	0.	0.	0.	0.	0.	0.	0.	0.	0.	0.	0.	0.	0.	0.	0.	0.	0.	0.
-12.44624494425741	-99.54109545503671	-186.5003469769453	-273.2014217619591	-359.514603424863	-445.2997890472117	-530.4033383974361	-614.6550549197578	-697.8653362080933	-779.8225354267388	-860.2905795767623	-939.0068955615255	-1015.6807006063053	-1089.991719747583	-1161.5893996336013	-1230.0926947287062	-1295.0905090090562	-1356.1428831944854	-1412.7830242364369	-1464.5202798629794	-1510.8441660692063	-1551.2295590214908	-1585.143164258817	-1612.051374478012	-1631.4296214977733	-1642.7733168182583	-1645.610456775768	-1639.515940294091	-1624.1276070534109	-1599.1639475647394	-1564.4433602771348	-1519.9047287338012	-1465.628957910225	-1401.860935996542	-1329.0311683921836	-1247.776057117836	-1158.955465398175	-1063.6658120889065	-963.2464902698817	-859.2769193977634	-753.5610651683467	-648.0958763986345	-545.0199277188955	-446.53882721976004	-354.8249467415783	-271.89115457628026	-199.4419470597712	-138.711147523043	-90.3034140755685	-54.06679660747251	-29.033803066683387	-13.474746947581213	-5.101652026567557	-1.4313756731772016	-0.2498102825441176	-0.018840831104747987	-0.00024028692859617444	-1.2810923532526977e-8	0.	0.	0.	0.	0.	0.	0.	0.	0.	0.	0.	0.	0.	0.	0.	0.	0.	0.	0.	0.	0.	0.	0.	0.	0.	0.	0.	0.	0.	0.	0.	0.	0.	0.	0.	0.	0.	0.	0.	0.	0.	0.	0.
-12.172308902769524	-97.35506958232436	-182.42775941047523	-267.2902967698872	-351.8357458662022	-435.9471877317314	-519.4946724519544	-602.3322819396147	-684.2953354249486	-765.197773337701	-844.8297593798507	-922.955545344947	-999.3116485469722	-1073.6053975118953	-1145.5139078759848	-1214.6835570209416	-1280.7300328239257	-1343.2390388233134	-1401.7677449142352	-1455.8470791426225	-1504.9849619443762	-1548.6705888694048	-1586.3798709150253	-1617.582142398175	-1641.748243959625	-1658.3600817130105	-1666.9217513168576	-1666.9722960635875	-1658.1001386709772	-1639.959184468493	-1612.2865355338677	-1574.9216766855748	-1527.8268898159886	-1471.1085166985365	-1405.0385151859134	-1330.07553231062	-1246.8844432916521	-1156.3529728416179	-1059.6036239241073	-957.9986972954471	-853.1357157745194	-746.8301173997614	-641.0817355618024	-538.0214791291876	-439.8349703134271	-348.66098889420726	-266.46479610206575	-194.89022125609273	-135.1002109552974	-87.62354436891188	-52.23513747048606	-27.906970335060294	-12.871948108172528	-4.836087183385742	-1.3434326335111264	-0.2312981161694239	-0.017097174247722478	-0.00021072015252552223	-1.0387589171883932e-8	0.	0.	0.	0.	0.	0.	0.	0.	0.	0.	0.	0.	0.	0.	0.	0.	0.	0.	0.	0.	0.	0.	0.	0.	0.	0.	0.	0.	0.	0.	0.	0.	0.	0.	0.	0.	0.	0.	0.	0.	0.	0.
-11.895423605963554	-95.1450014041537	-178.30794570566445	-261.3048466154984	-344.0497344110347	-426.44707571996906	-508.38883691692723	-589.751639343865	-670.3940335934884	-750.1539233501508	-828.8461731222717	-906.2604386418867	-982.1592636871941	-1056.2764925444694	-1128.3160532957295	-1197.9511734225787	-1264.8240958388171	-1328.546370253143	-1388.6998015736597	-1444.8381436999734	-1496.4896332534684	-1543.1604632472354	-1584.3393009774993	-1619.5029569943515	-1648.123312196426	-1669.6756070149736	-1683.6481891861386	-1689.5538033256817	-1686.9424846003371	-1675.4160879388596	-1654.644440566369	-1624.3830456121586	-1584.4921837790166	-1534.9571533623246	-1475.9092502182066	-1407.6469118653351	-1330.6562267893999	-1245.6297347749528	-1153.482112679484	-1055.3609529067762	-952.6504089765937	-846.9650290186341	-740.1306738779782	-634.149109071758	-531.1428094647514	-433.2769328664716	-342.6565986261155	-261.19992907560453	-190.4912063737531	-131.62434795285543	-85.05482618489135	-50.487588124571005	-26.83753520355315	-12.303389299805922	-4.587498286906677	-1.2619069203327749	-0.21436213333011203	-0.015532929329076338	-0.00018506807873129818	-8.44132275828833e-9	0.	0.	0.	0.	0.	0.	0.	0.	0.	0.	0.	0.	0.	0.	0.	0.	0.	0.	0.	0.	0.	0.	0.	0.	0.	0.	0.	0.	0.	0.	0.	0.	0.	0.	0.	0.	0.	0.	0.	0.	0.
-11.616266044949025	-92.91633359523549	-174.15123965083265	-255.26052925175992	-336.17748801200617	-416.8262677452824	-497.11906703245376	-576.953387138014	-656.2093861429893	-734.7473571672707	-812.4053601300658	-888.997040603351	-964.3096739753662	-1038.102478288369	-1110.1052446914268	-1180.0173404902728	-1247.5071460953461	-1312.2119937574753	-1373.738682680961	-1431.6646517690576	-1485.5398976854328	-1534.8897318486067	-1579.2184750833894	-1618.0141925088296	-1650.7545733013692	-1676.9140595372173	-1695.9723244968134	-1707.4241924672895	-1710.7910777555298	-1705.6339984863457	-1691.5681884919427	-1668.2792853085373	-1635.5410104140951	-1593.2341750311898	-1541.366735925806	-1480.0944847185617	-1409.7417747598965	-1330.8214649615893	-1244.0529842927665	-1150.3770905813326	-1050.9655146705186	-947.2232572679302	-840.7808684238817	-733.4736411926013	-627.3043820162336	-524.3864239083995	-426.8640366721645	-336.8086539789767	-256.0917506528428	-186.23917531499688	-128.27761796500403	-82.59172211937835	-48.81948416038391	-25.82198182378811	-11.766756491096519	-4.35461372272246	-1.186259977313642	-0.19885128722543716	-0.014127812459234576	-0.00016277606836932333	-6.874544463653349e-9	0.	0.	0.	0.	0.	0.	0.	0.	0.	0.	0.	0.	0.	0.	0.	0.	0.	0.	0.	0.	0.	0.	0.	0.	0.	0.	0.	0.	0.	0.	0.	0.	0.	0.	0.	0.	0.	0.	0.	0.
-11.335482625327755	-90.67426379473986	-169.96750963275792	-249.17210630173375	-328.2389836275216	-407.1103728479008	-485.71710849436386	-563.9759911700913	-641.787230223537	-719.0319880875477	-795.5700513513611	-871.2376574551295	-945.8455102015126	-1019.1770221000398	-1090.986826818077	-1160.9996106552096	-1228.9093180260732	-1294.3787922321744	-1357.0399193244004	-1416.49434944119	-1472.3148765038318	-1524.0475633540152	-1571.2147050656802	-1613.3187279153015	-1649.847124917955	-1680.2785303754602	-1704.0900348268565	-1720.7658372325884	-1729.8073220040576	-1730.7446331490135	-1723.1497944404146	-1706.6513909097234	-1680.9507800151828	-1645.8397372057302	-1601.2193557808648	-1547.1199099517685	-1483.721246977593	-1411.3730928755338	-1330.6144301882925	-1242.1908303553287	-1147.0682948378076	-1046.4417813328275	-941.7361772129589	-834.5970613090726	-726.8682226309156	-620.5526738054562	-517.7539536335319	-420.59507036124296	-331.11378532255446	-251.1354367263652	-182.12854476780328	-125.05432793191034	-80.22898788206652	-47.22644922258799	-24.857038686403857	-11.259913847167608	-4.136269964051307	-1.1160040343671016	-0.1846305673991956	-0.01286403522702097	-0.00014337316157826945	-5.61037919152739e-9	0.	0.	0.	0.	0.	0.	0.	0.	0.	0.	0.	0.	0.	0.	0.	0.	0.	0.	0.	0.	0.	0.	0.	0.	0.	0.	0.	0.	0.	0.	0.	0.	0.	0.	0.	0.	0.	0.	0.
-11.053688959354634	-88.42374072465817	-165.7661515869217	-243.05363321689796	-320.25324404430734	-397.32378028794386	-474.2132017068239	-550.8561056095598	-627.1712647097097	-703.0592469594562	-778.4001385293751	-853.0513946296117	-926.8458468555275	-999.5899002199517	-1071.0619579460292	-1141.0111173926541	-1209.1561862175768	-1275.1850738822861	-1338.7546198776527	-1399.490926468045	-1456.9902701978872	-1510.8206727149905	-1560.52421743009	-1605.6202038825234	-1645.6092360722778	-1679.9783440062272	-1708.207238724765	-1729.775799400725	-1744.1728858123479	-1750.906559409689	-1749.5157798516493	-1739.5836193169755	-1720.7520019882188	-1692.7379275168264	-1655.3510719606563	-1608.512572910776	-1552.2746925113531	-1486.840907034259	-1412.585788520541	-1330.073816801548	-1240.0759842323755	-1143.5827289921638	-1041.8113600429149	-936.2057324252218	-828.4255271496305	-720.3221433348194	-613.8980173573607	-511.2462926291351	-414.46838805445077	-325.5684405900869	-246.32617899487227	-178.1538897703903	-121.94903025395408	-77.9616595819433	-45.70437717344442	-23.939660428647226	-10.7808886613703	-3.9314014129962027	-1.050696825134803	-0.1715791377065818	-0.011725973348903747	-0.00012645869247020607	-4.588106065224849e-9	0.	0.	0.	0.	0.	0.	0.	0.	0.	0.	0.	0.	0.	0.	0.	0.	0.	0.	0.	0.	0.	0.	0.	0.	0.	0.	0.	0.	0.	0.	0.	0.	0.	0.	0.	0.	0.	0.
-10.771469264578998	-86.16946169357148	-161.55608453016103	-236.9184531921652	-312.23833060956855	-387.4896515144843	-462.63607326407356	-537.6285639102342	-612.4030401040178	-686.878069752469	-760.9526571311393	-834.5041313948565	-907.3861631257554	-979.4269376767718	-1050.427518649394	-1120.1604398205525	-1188.3685691611488	-1254.764294321967	-1319.0290849218447	-1380.8134931742977	-1439.7376606949067	-1495.392405624273	-1547.3409703135032	-1595.1215155366754	-1638.250452242628	-1676.226705883782	-1708.5370109110065	-1734.662333523723	-1754.0855184768263	-1766.3002497328514	-1770.821403817732	-1767.1968573850463	-1755.020784821278	-1733.9484453673717	-1703.7124092653523	-1664.1401052993594	-1615.1724835248178	-1556.883472002857	-1489.499759406856	-1413.4202505888932	-1329.2343139488075	-1237.7376636584934	-1139.9443954424758	-1037.093327173779	-930.646401163394	-822.2765173874686	-713.8418462273539	-607.3435140345873	-504.8637150370217	-408.4819929889838	-320.16893953553455	-241.65921461846438	-174.3099538679379	-118.95651874580993	-75.78504074307338	-44.24941508658181	-23.06701097477259	-10.327857631601058	-3.7390312727556423	-0.9899369009442389	-0.15958870815947757	-0.010699882464885827	-0.00011169116512766993	-3.759642379183795e-9	0.	0.	0.	0.	0.	0.	0.	0.	0.	0.	0.	0.	0.	0.	0.	0.	0.	0.	0.	0.	0.	0.	0.	0.	0.	0.	0.	0.	0.	0.	0.	0.	0.	0.	0.	0.	0.
-10.489376350616793	-83.91587139988805	-157.3457482807048	-230.77919461054276	-304.2113405815077	-377.6299178380702	-451.0129342462445	-524.3263777722675	-597.521957774658	-670.5348960319517	-743.2817821394917	-815.6585108791634	-887.5383225582774	-958.7699711331467	-1029.1760491424773	-1098.5515031213279	-1166.6623781745664	-1233.2448357180874	-1298.0044941053657	-1360.6161477556932	-1420.7239265113014	-1477.9419631300686	-1531.8556429485427	-1582.023515655692	-1627.9799545822693	-1669.2386536528736	-1705.297055807522	-1735.6418088163562	-1759.7553443969414	-1777.1236736494477	-1787.2454850980134	-1789.642619859363	-1783.8719801282384	-1769.5389003609644	-1746.3119728734187	-1713.9392681165357	-1672.2658210942436	-1621.2521650141482	-1560.993576410787	-1491.7395472421545	-1413.9128131249352	-1328.1270378274482	-1235.2019786377866	-1136.1746352867856	-1032.3045231934673	-925.0708276881803	-816.1588251783569	-707.432662483345	-600.8914675901606	-498.60597574124785	-402.633608320774	-314.9115187176548	-237.12984970479826	-170.59165569968715	-116.07182307116204	-73.69468927780575	-42.85794710762993	-22.236447933100063	-9.899134361656387	-3.5582633405993804	-0.9333594691841515	-0.1485621091779062	-0.0097736539376833	-0.00009877898871963192	-3.086819102894583e-9	0.	0.	0.	0.	0.	0.	0.	0.	0.	0.	0.	0.	0.	0.	0.	0.	0.	0.	0.	0.	0.	0.	0.	0.	0.	0.	0.	0.	0.	0.	0.	0.	0.	0.	0.	0.
-10.207931587508922	-81.66716194649695	-153.14310485815236	-224.64777178299397	-296.1884087958421	-367.7652834386686	-439.36948489435946	-510.9807435943468	-582.565277924785	-654.0736776309597	-725.438835842479	-796.5739443563957	-867.3705699239674	-937.6968327968889	-1007.3957126724032	-1076.2835114872971	-1144.1485071385603	-1210.7498372669809	-1275.8166575280495	-1339.047624447731	-1400.1107587832419	-1458.6437513170006	-1514.2547790550989	-1566.5239057579631	-1615.0051464251421	-1659.2292805648037	-1698.7075035142866	-1732.9360083734882	-1761.4015927983223	-1783.5883843784975	-1798.9857748305315	-1807.0976458063155	-1807.4529565262105	-1799.617744152784	-1783.2085598987226	-1757.9073249169355	-1723.4775371163744	-1679.781689635743	-1626.7996695913348	-1564.6477870750407	-1493.597933914435	-1414.0961840203597	-1326.7799173049248	-1232.4922743125292	-1132.2924292090374	-1027.4598127391348	-919.4900430683186	-810.0799688288037	-701.0989598425209	-594.5434999467228	-492.47239654831424	-396.9207369867431	-309.7923686559452	-232.73347767063382	-166.99409270959364	-113.29020205833179	-71.68640459006625	-41.52657919546883	-21.44550817179054	-9.493157977387728	-3.388274623437764	-0.8806326932239089	-0.13841204127351536	-0.008936604657867617	-0.00008747274476905282	-2.5392638697650925e-9	0.	0.	0.	0.	0.	0.	0.	0.	0.	0.	0.	0.	0.	0.	0.	0.	0.	0.	0.	0.	0.	0.	0.	0.	0.	0.	0.	0.	0.	0.	0.	0.	0.	0.	0.
-9.927625042949531	-79.42727397757362	-148.95563843132527	-218.53538874437726	-288.18471333855933	-357.9152333303358	-427.7299252156803	-497.6210558907335	-567.5681356779028	-637.5358967828215	-707.4723067191409	-777.3066287113028	-846.9475439255076	-916.2813535891082	-985.1702826479125	-1053.4509105500094	-1120.9327590812911	-1187.3970718516262	-1252.5958250058002	-1316.2510140783165	-1378.054267453141	-1437.6668426637484	-1494.7200676543553	-1548.8162950251965	-1599.5304430647263	-1646.4122028520248	-1688.9889956647135	-1726.7697690580792	-1759.2497229147984	-1785.9160580233315	-1806.2548387173426	-1819.759057024338	-1825.9379776480218	-1824.3278297067484	-1814.5038909131583	-1796.0939808642986	-1768.793339912752	-1732.3808157681037	-1686.7362079979503	-1631.8585267984704	-1567.8848020439702	-1495.1089265461387	-1413.999828484196	-1325.218037585527	-1229.6294354484573	-1128.3146637461239	-1022.5723139409248	-913.9136591293	-804.0463522209445	-694.8442716434173	-588.3006512573296	-486.46193998308576	-391.3407122365412	-304.8076643829635	-228.46559335473316	-163.51254255321834	-110.6071362188052	-69.7562149379357	-40.25212474068986	-20.691894495604547	-9.108482756431068	-3.2283086885611385	-0.8314543989677575	-0.12905997701170344	-0.008179295809977406	-0.00007755871992079616	-2.092751539529878e-9	0.	0.	0.	0.	0.	0.	0.	0.	0.	0.	0.	0.	0.	0.	0.	0.	0.	0.	0.	0.	0.	0.	0.	0.	0.	0.	0.	0.	0.	0.	0.	0.	0.	0.
-9.648915748784084	-77.19989884790049	-144.79036192487592	-212.452545864143	-280.21448491118963	-348.09804589773495	-416.1169710620193	-484.27492713746756	-552.5635646529286	-620.9605929761567	-689.4278785460826	-757.9095759858103	-826.3303043744037	-894.5933838875347	-962.5791512988819	-1030.143376476333	-1097.115805977615	-1163.2988642027808	-1228.4665472283766	-1292.3635493963836	-1354.7046680324513	-1415.1745371398572	-1473.4277465984558	-1529.089409165453	-1581.7562433302278	-1630.9982456769835	-1676.3610316747527	-1717.368928510489	-1753.528907408194	-1784.3354454527525	-1809.2764077741472	-1827.8400394261594	-1839.523151627314	-1843.8405782243085	-1840.335964050662	-1828.5939256464965	-1808.2535948010589	-1779.023513849644	-1740.6977960361326	-1693.173390705287	-1636.4681976740249	-1570.7396531199054	-1496.3032557223307	-1413.6503116530102	-1323.4639462304779	-1226.6321566831518	-1124.2563668433859	-1017.6536006038666	-908.3500388104796	-798.0634051202488	-688.6714090869999	-582.1634663677725	-480.5732724384794	-385.89074020869657	-299.9535904304786	-224.32180361641744	-160.14246267335818	-108.0183197265848	-67.90036515010088	-39.03159104526419	-19.97346334754534	-8.743768678866733	-3.0776696717189456	-0.7855491400492088	-0.12043519534909741	-0.007493376347565808	-0.00006885348623912019	-1.7279156648028039e-9	0.	0.	0.	0.	0.	0.	0.	0.	0.	0.	0.	0.	0.	0.	0.	0.	0.	0.	0.	0.	0.	0.	0.	0.	0.	0.	0.	0.	0.	0.	0.	0.	0.
-9.372232085584985	-74.98848173543881	-140.65382184098428	-206.4090490305076	-272.29101957400866	-338.33080961743684	-404.551875220005	-470.96821350746876	-537.5825273982067	-604.3843977919424	-671.3484688405459	-738.4326539547724	-805.5763725484658	-872.6988301907818	-939.6973578344504	-1006.4458291183755	-1072.793178417602	-1138.5620462980985	-1203.5475833878493	-1267.5164483239762	-1330.2060403465186	-1391.3240123587836	-1450.548115669209	-1507.5264332161064	-1561.8780637226807	-1613.1943248365208	-1661.0405487301616	-1704.958548690978	-1744.4698396710178	-1779.0796992944452	-1808.28215804243	-1831.5660077563662	-1848.4219155899937	-1858.3507253013463	-1860.8730182953984	-1855.539991865363	-1841.9456899324935	-1819.740590589327	-1788.6465119409356	-1748.4727408444148	-1699.1332140559005	-1640.664484353289	-1573.2440805801173	-1497.2087155315346	-1413.071604406882	-1321.5379254798702	-1223.5171822929074	-1120.1309162018954	-1012.7138804552726	-902.8064458119604	-792.1357059029987	-682.5825589149295	-576.1320695153117	-474.80481817474845	-380.5679357255467	-295.2263611282921	-220.29783503503032	-156.87948843371163	-105.51965206391336	-66.11530476334933	-37.86216663835483	-19.28821346191187	-8.397772814242254	-2.935716873256141	-0.7426655796763479	-0.11247393121164583	-0.0068714475867233315	-0.00006119935044959875	-1.429239296484719e-9	0.	0.	0.	0.	0.	0.	0.	0.	0.	0.	0.	0.	0.	0.	0.	0.	0.	0.	0.	0.	0.	0.	0.	0.	0.	0.	0.	0.	0.	0.	0.	0.
-9.097972274254925	-72.79622560894947	-136.55210609821285	-200.414021168883	-264.42669455451585	-328.62944357835767	-393.0544530531327	-457.7250459548389	-522.6539520552349	-587.841576986705	-653.2742757717189	-718.9226366860961	-784.7397834501132	-850.6597061636094	-916.5956341295768	-982.4384667520308	-1048.0552820615605	-1113.2879460894912	-1177.9518503450292	-1241.8348089332749	-1304.6961515201397	-1366.266053192135	-1426.2451474569427	-1484.3044739436673	-1540.0858178484748	-1593.2025036940313	-1643.240711428792	-1689.7613881357877	-1732.3028334599137	-1770.384041053648	-1803.5088815719037	-1831.171214620049	-1852.8610170702239	-1868.0716126694351	-1876.3080820587854	-1877.0969221850664	-1869.9970083317048	-1854.6118890255277	-1830.603411900747	-1797.7066348160815	-1755.7459181186452	-1704.6520175575652	-1644.4798987981742	-1575.426869401149	-1497.8504677339683	-1412.2853561427512	-1319.4582344736202	-1220.299518863657	-1115.950223548104	-1007.7621523020929	-897.2891760692098	-786.2670889243227	-676.5793684038757	-570.2062288513004	-469.15480545184494	-375.3693523099163	-290.62223696007436	-216.38953922553796	-153.71943013071683	-103.10722949615828	-64.3976766265819	-36.74120939691932	-18.63427539856555	-8.069341467927968	-2.8018598806321413	-0.7025741523580677	-0.10511862554044629	-0.006306945880644195	-0.000054460525482200156	-1.1842625793030097e-9	0.	0.	0.	0.	0.	0.	0.	0.	0.	0.	0.	0.	0.	0.	0.	0.	0.	0.	0.	0.	0.	0.	0.	0.	0.	0.	0.	0.	0.	0.	0.
-8.826504963816102	-70.62609596412676	-132.4908530705165	-194.47591585918676	-256.63298681293105	-319.0087214203466	-381.6431122401952	-444.567866113907	-507.80477462942963	-571.3640790956944	-635.2428326872534	-699.4232640724242	-763.8711487556957	-828.5341965565107	-893.340466122107	-958.1968201413182	-1022.987437996247	-1087.5724059736383	-1151.7864088298782	-1215.437550520423	-1278.3063362053226	-1340.144852197936	-1400.6761854162196	-1459.5941289503598	-1516.5632256305244	-1571.219206852401	-1623.169889318495	-1671.9965976619249	-1717.2561859857437	-1758.4837359799849	-1795.1960132213433	-1826.8957661989787	-1853.0769541394825	-1873.2309893113134	-1886.854076523443	-1893.4557261731654	-1892.5685064099519	-1883.7590834701564	-1866.6405753873103	-1840.8862111007677	-1806.2442420341317	-1762.553993558043	-1709.762865920851	-1647.9439942401625	-1577.314150598556	-1498.2513136231626	-1411.3111379424054	-1317.2413246314663	-1216.992623906381	-1111.7248976154438	-1002.8063446155129	-891.8036732876968	-780.4607384689128	-670.6630193295612	-564.385412160715	-463.6213059066456	-370.2920072800876	-286.13753760654964	-212.59289620143815	-150.65826914630682	-100.77733650377336	-62.74430599985683	-35.66623543559633	-18.00990189190122	-7.757403016760671	-2.675554162411547	-0.665064973280475	-0.09831726305015684	-0.005794040800985862	-0.000048519903637840486	-9.829590370413577e-10	0.	0.	0.	0.	0.	0.	0.	0.	0.	0.	0.	0.	0.	0.	0.	0.	0.	0.	0.	0.	0.	0.	0.	0.	0.	0.	0.	0.	0.	0.