0.	0.	0.	0.	0.	0.	0.	0.	0.	0.	0.	0.	0.	0.	0.	0.	0.	0.	0.	0.	0.	0.	0.	0.	0.	0.	0.	0.	0.	0.	0.	0.	0.	0.	0.	0.	0.	0.	0.	0.	0.	0.	0.	0.	0.	0.	0.	0.	0.	0.	0.	0.	0.	0.	0.	0.	0.	0.	0.	0.	0.	0.	0.	0.	0.	0.	0.	0.	0.	0.	0.	0.	0.	0.	0.	0.	0.	0.	0.	0.	0.	0.	0.	0.	0.	0.	-122821.74235173922	-188498.21043973093	-239142.0598798319	-282693.81447778095	-322743.94486959686	-359671.42435831856	-394979.9282642712	-428900.58781539206	-461651.8927008844	-493794.43983110087	-525672.1708302408	-556452.5087134566	-587123.7884766308	-617554.190171407	-647768.1086355513
-0.3556009295602332	0.	0.	0.	0.	0.	0.	0.	0.	0.	0.	0.	0.	0.	0.	0.	0.	0.	0.	0.	0.	0.	0.	0.	0.	0.	0.	0.	0.	0.	0.	0.	0.	0.	0.	0.	0.	0.	0.	0.	0.	0.	0.	0.	0.	0.	0.	0.	0.	0.	0.	0.	0.	0.	0.	0.	0.	0.	0.	0.	0.	0.	0.	0.	0.	0.	0.	0.	0.	0.	0.	0.	0.	0.	0.	0.	0.	0.	0.	0.	0.	0.	0.	0.	0.	0.	-122368.88656407743	-187966.35685308612	-238849.39075417188	-282648.0750880684	-322220.28519828245	-359511.9532563313	-394534.53900394303	-428837.0249395725	-461584.9218603358	-493724.3040576887	-525061.4433056948	-556376.6942664718	-587045.4170357627	-617473.4113142006	-647685.0614247984
-0.696249566548083	-1.3841311294306404	0.	0.	0.	0.	0.	0.	0.	0.	0.	0.	0.	0.	0.	0.	0.	0.	0.	0.	0.	0.	0.	0.	0.	0.	0.	0.	0.	0.	0.	0.	0.	0.	0.	0.	0.	0.	0.	0.	0.	0.	0.	0.	0.	0.	0.	0.	0.	0.	0.	0.	0.	0.	0.	0.	0.	0.	0.	0.	0.	0.	0.	0.	0.	0.	0.	0.	0.	0.	0.	0.	0.	0.	0.	0.	0.	0.	0.	0.	0.	0.	0.	0.	0.	0.	-120649.80803472215	-187101.4251330886	-237706.83550930902	-282008.24784404616	-321498.0316456372	-358926.813244663	-393888.2238002656	-428103.6378151624	-461014.44351161463	-493107.51756216696	-524874.7763239775	-555757.7461670075	-586285.1135238106	-616824.0793074464	-646889.7404341941
-1.0286188216624308	-4.676436870785806	-0.948369722429445	0.	0.	0.	0.	0.	0.	0.	0.	0.	0.	0.	0.	0.	0.	0.	0.	0.	0.	0.	0.	0.	0.	0.	0.	0.	0.	0.	0.	0.	0.	0.	0.	0.	0.	0.	0.	0.	0.	0.	0.	0.	0.	0.	0.	0.	0.	0.	0.	0.	0.	0.	0.	0.	0.	0.	0.	0.	0.	0.	0.	0.	0.	0.	0.	0.	0.	0.	0.	0.	0.	0.	0.	0.	0.	0.	0.	0.	0.	0.	0.	0.	0.	0.	-118316.64039973063	-185610.3985655316	-236582.74775822883	-280755.96027693746	-320530.4274607941	-357585.34097253275	-393024.7447252844	-426947.9435885729	-460224.38426301687	-492411.81187999534	-523966.49434942106	-554990.409520793	-585529.4620387371	-616118.2542016489	-646548.6315890801
-1.3566217862958745	-7.955569190244259	-5.562110383641673	-0.5356669114624172	0.	0.	0.	0.	0.	0.	0.	0.	0.	0.	0.	0.	0.	0.	0.	0.	0.	0.	0.	0.	0.	0.	0.	0.	0.	0.	0.	0.	0.	0.	0.	0.	0.	0.	0.	0.	0.	0.	0.	0.	0.	0.	0.	0.	0.	0.	0.	0.	0.	0.	0.	0.	0.	0.	0.	0.	0.	0.	0.	0.	0.	0.	0.	0.	0.	0.	0.	0.	0.	0.	0.	0.	0.	0.	0.	0.	0.	0.	0.	0.	0.	0.	-114627.03600386326	-183068.15699676835	-234620.2865816325	-278718.11041734606	-318683.34452335833	-356184.8926817878	-391895.34932438104	-425764.59620531567	-458659.08857018396	-490894.5803127745	-522889.77967367053	-553874.894748933	-584621.1242505275	-614845.0877760599	-645419.2443177
-1.6805679782779332	-11.040105641418721	-11.639783542002194	-4.935698072770637	-0.292132577462387	0.	0.	0.	0.	0.	0.	0.	0.	0.	0.	0.	0.	0.	0.	0.	0.	0.	0.	0.	0.	0.	0.	0.	0.	0.	0.	0.	0.	0.	0.	0.	0.	0.	0.	0.	0.	0.	0.	0.	0.	0.	0.	0.	0.	0.	0.	0.	0.	0.	0.	0.	0.	0.	0.	0.	0.	0.	0.	0.	0.	0.	0.	0.	0.	0.	0.	0.	0.	0.	0.	0.	0.	0.	0.	0.	0.	0.	0.	0.	0.	0.	-110017.92449818496	-180039.0279631041	-231991.3992079782	-276706.87106116314	-316948.84747132583	-354530.49845585687	-389838.2089461535	-424010.1596882419	-457081.7641326079	-489292.1733686558	-521253.63801475667	-552161.873061098	-583389.9736531384	-613693.0039038996	-644137.5417309231
-2.0000796984229954	-13.962950436634781	-17.877462910602333	-12.489834355628783	-3.943518505033919	-0.15995462145051959	0.	0.	0.	0.	0.	0.	0.	0.	0.	0.	0.	0.	0.	0.	0.	0.	0.	0.	0.	0.	0.	0.	0.	0.	0.	0.	0.	0.	0.	0.	0.	0.	0.	0.	0.	0.	0.	0.	0.	0.	0.	0.	0.	0.	0.	0.	0.	0.	0.	0.	0.	0.	0.	0.	0.	0.	0.	0.	0.	0.	0.	0.	0.	0.	0.	0.	0.	0.	0.	0.	0.	0.	0.	0.	0.	0.	0.	0.	0.	0.	-103951.28382399172	-176123.53486772103	-229229.00390700312	-274205.5150198453	-314523.5005577769	-351912.56085943565	-387889.1100705855	-422298.2302583529	-455030.10411417147	-487636.97110027156	-519084.2070749222	-550238.9042845921	-581481.1488078533	-611673.0567734467	-642171.7250843947
-2.3145842515948067	-16.75864890342332	-23.926682282128787	-21.255477480561893	-11.81109867732539	-3.013166377740732	-0.08898272155917751	0.	0.	0.	0.	0.	0.	0.	0.	0.	0.	0.	0.	0.	0.	0.	0.	0.	0.	0.	0.	0.	0.	0.	0.	0.	0.	0.	0.	0.	0.	0.	0.	0.	0.	0.	0.	0.	0.	0.	0.	0.	0.	0.	0.	0.	0.	0.	0.	0.	0.	0.	0.	0.	0.	0.	0.	0.	0.	0.	0.	0.	0.	0.	0.	0.	0.	0.	0.	0.	0.	0.	0.	0.	0.	0.	0.	0.	0.	0.	-96318.11533664753	-171734.52049182873	-225401.23068309616	-270863.8398569173	-311545.74980629736	-349493.7010065198	-385209.5661119137	-419712.4930638244	-452650.4986855283	-485303.3004133414	-517195.06291580165	-548492.0602157091	-579390.7645657549	-609630.4517123598	-640107.9944150886
-2.623447794364667	-19.448859314050114	-29.714567643888692	-30.275712878623498	-22.11680778815071	-10.49035613313806	-2.257650734573759	-0.050468594212543565	0.	0.	0.	0.	0.	0.	0.	0.	0.	0.	0.	0.	0.	0.	0.	0.	0.	0.	0.	0.	0.	0.	0.	0.	0.	0.	0.	0.	0.	0.	0.	0.	0.	0.	0.	0.	0.	0.	0.	0.	0.	0.	0.	0.	0.	0.	0.	0.	0.	0.	0.	0.	0.	0.	0.	0.	0.	0.	0.	0.	0.	0.	0.	0.	0.	0.	0.	0.	0.	0.	0.	0.	0.	0.	0.	0.	0.	0.	-86713.21558222704	-166063.36301991605	-220946.28413216965	-266863.7474411183	-308441.4449641867	-346347.7669696181	-382321.1233034461	-416746.10310867423	-450178.41529731825	-482682.13345701934	-514570.2080081436	-545917.5432342053	-576750.1206988122	-607493.6965485064	-638098.7457341581
-2.9260236571956697	-22.045839757245837	-35.24065133630593	-39.15626276612992	-33.47434180835129	-21.445972838085357	-9.00521076903312	-1.678743429745966	-0.02919816278478672	0.	0.	0.	0.	0.	0.	0.	0.	0.	0.	0.	0.	0.	0.	0.	0.	0.	0.	0.	0.	0.	0.	0.	0.	0.	0.	0.	0.	0.	0.	0.	0.	0.	0.	0.	0.	0.	0.	0.	0.	0.	0.	0.	0.	0.	0.	0.	0.	0.	0.	0.	0.	0.	0.	0.	0.	0.	0.	0.	0.	0.	0.	0.	0.	0.	0.	0.	0.	0.	0.	0.	0.	0.	0.	0.	0.	0.	-74645.0863898638	-160118.36480562112	-216234.9432397691	-262968.21072081476	-304427.8871643967	-343042.7518639965	-379091.21518084314	-413480.673171741	-447339.5728094903	-479740.1818073386	-511544.60357975133	-543040.0068454752	-574093.3131564229	-604770.1571110828	-635002.7319102774
-3.221673823827756	-24.556007925030794	-40.52039426567715	-47.743565826881934	-45.11457883073127	-34.37332402442961	-19.956721138182257	-7.582816467484569	-1.2465288292992478	-0.017219856079337376	0.	0.	0.	0.	0.	0.	0.	0.	0.	0.	0.	0.	0.	0.	0.	0.	0.	0.	0.	0.	0.	0.	0.	0.	0.	0.	0.	0.	0.	0.	0.	0.	0.	0.	0.	0.	0.	0.	0.	0.	0.	0.	0.	0.	0.	0.	0.	0.	0.	0.	0.	0.	0.	0.	0.	0.	0.	0.	0.	0.	0.	0.	0.	0.	0.	0.	0.	0.	0.	0.	0.	0.	0.	0.	0.	0.	-58526.44376923181	-152911.8424237914	-210616.70498683274	-258081.23792369475	-300373.49183353496	-338838.77304830943	-375298.40904652607	-410339.4951416623	-443853.73235944565	-476398.2779957886	-508639.6000748172	-540067.8724893142	-571101.2471565786	-601702.9185463291	-632317.4689323463
-3.5097802534121065	-26.982236148582313	-45.56963735407681	-55.98304714731878	-56.64154541022558	-48.21302638700509	-33.74835386551915	-18.105072090494467	-6.315814726949078	-0.9274279906429642	-0.01034157863748668	0.	0.	0.	0.	0.	0.	0.	0.	0.	0.	0.	0.	0.	0.	0.	0.	0.	0.	0.	0.	0.	0.	0.	0.	0.	0.	0.	0.	0.	0.	0.	0.	0.	0.	0.	0.	0.	0.	0.	0.	0.	0.	0.	0.	0.	0.	0.	0.	0.	0.	0.	0.	0.	0.	0.	0.	0.	0.	0.	0.	0.	0.	0.	0.	0.	0.	0.	0.	0.	0.	0.	0.	0.	0.	0.	-32301.56568818198	-144287.8232508448	-204527.21509472985	-252874.49427677796	-295470.15042365	-334548.9841837889	-371171.83170539816	-406253.77775591845	-439882.3419404052	-472741.5092878397	-504877.3931195701	-536802.9044869646	-567691.0449636541	-598771.8731449381	-628960.3532665846
-3.789751756838974	-29.32524530221719	-50.40087661495696	-63.86023015180489	-67.85616739854248	-62.315122147340325	-49.17090493987471	-32.191607801247045	-16.16200891892711	-5.229576839253939	-0.6926888450047559	-0.006317183847051933	0.	0.	0.	0.	0.	0.	0.	0.	0.	0.	0.	0.	0.	0.	0.	0.	0.	0.	0.	0.	0.	0.	0.	0.	0.	0.	0.	0.	0.	0.	0.	0.	0.	0.	0.	0.	0.	0.	0.	0.	0.	0.	0.	0.	0.	0.	0.	0.	0.	0.	0.	0.	0.	0.	0.	0.	0.	0.	0.	0.	0.	0.	0.	0.	0.	0.	0.	0.	0.	0.	0.	0.	0.	0.	0.	-134522.14622895262	-197474.07977773243	-246821.86645143025	-289933.0803062349	-329658.73121834936	-366747.5140655451	-402175.3606628141	-435850.7668455247	-468808.3162465556	-501240.048385326	-532763.5536002683	-563852.2394808827	-594835.8277406903	-625581.4253672272
-4.061028661148336	-31.58445727273865	-55.0229724980777	-71.37616920671044	-78.66037059872714	-76.29694359297385	-65.36609997442025	-48.622216893912466	-30.119979746952826	-14.27836985514796	-4.318215624196351	-0.5199163332559441	-0.003920509576259009	0.	0.	0.	0.	0.	0.	0.	0.	0.	0.	0.	0.	0.	0.	0.	0.	0.	0.	0.	0.	0.	0.	0.	0.	0.	0.	0.	0.	0.	0.	0.	0.	0.	0.	0.	0.	0.	0.	0.	0.	0.	0.	0.	0.	0.	0.	0.	0.	0.	0.	0.	0.	0.	0.	0.	0.	0.	0.	0.	0.	0.	0.	0.	0.	0.	0.	0.	0.	0.	0.	0.	0.	0.	0.	-123319.85143548754	-189581.01000580736	-240356.09584208828	-284354.5139520093	-324175.50984638394	-361621.47199288267	-397373.6030680229	-431292.14520175493	-464692.8846078626	-497213.02952305996	-528921.8241374573	-560225.4173238988	-591114.4275829621	-621767.9399026515
-4.323086228379403	-33.75852913385501	-59.44176023445637	-78.53715642111989	-89.00771563153961	-89.93635042521888	-81.7670159556011	-66.40315551694272	-47.06934360654084	-27.812760478817214	-12.530917612678941	-3.563051760781148	-0.39238422338812656	-0.0024693115873200278	0.	0.	0.	0.	0.	0.	0.	0.	0.	0.	0.	0.	0.	0.	0.	0.	0.	0.	0.	0.	0.	0.	0.	0.	0.	0.	0.	0.	0.	0.	0.	0.	0.	0.	0.	0.	0.	0.	0.	0.	0.	0.	0.	0.	0.	0.	0.	0.	0.	0.	0.	0.	0.	0.	0.	0.	0.	0.	0.	0.	0.	0.	0.	0.	0.	0.	0.	0.	0.	0.	0.	0.	0.	-109583.57759925128	-180578.20950615668	-232902.5019768762	-278131.53917352535	-318621.5840187057	-356433.8497896061	-392007.67450778093	-426566.2721937963	-460069.1934769586	-492474.0480003163	-524144.8384320802	-555749.3287795354	-586958.3376569753	-617509.3130285187
-4.575437280878457	-35.84569747151766	-63.660790286932986	-85.35049500804934	-98.87814296201533	-103.10545647172482	-98.00901566907923	-84.81003879731992	-65.9584300349686	-44.888435861474655	-25.44969509807006	-10.952398075605656	-2.9417095452517232	-0.2978453927734867	-0.0015768572435423955	0.	0.	0.	0.	0.	0.	0.	0.	0.	0.	0.	0.	0.	0.	0.	0.	0.	0.	0.	0.	0.	0.	0.	0.	0.	0.	0.	0.	0.	0.	0.	0.	0.	0.	0.	0.	0.	0.	0.	0.	0.	0.	0.	0.	0.	0.	0.	0.	0.	0.	0.	0.	0.	0.	0.	0.	0.	0.	0.	0.	0.	0.	0.	0.	0.	0.	0.	0.	0.	0.	0.	0.	-93458.62449459944	-170412.1139057307	-225080.74901734912	-270898.14640842035	-312205.96574676887	-350558.3036729283	-386576.5471249892	-421197.29520535335	-454912.2510829874	-487542.49443309085	-519595.940830903	-551075.4761046295	-582459.594201189	-612824.178465498
-4.817634258746795	-37.84400650668357	-67.68198176605128	-91.8228948417492	-108.26497983199147	-115.73157760911815	-113.86007118552371	-103.33769925501637	-85.94682675391049	-64.46522684563024	-42.35099271380004	-23.141594984752984	-9.550358810098745	-2.432340927976209	-0.22741132721012342	-0.0010199959362548433	0.	0.	0.	0.	0.	0.	0.	0.	0.	0.	0.	0.	0.	0.	0.	0.	0.	0.	0.	0.	0.	0.	0.	0.	0.	0.	0.	0.	0.	0.	0.	0.	0.	0.	0.	0.	0.	0.	0.	0.	0.	0.	0.	0.	0.	0.	0.	0.	0.	0.	0.	0.	0.	0.	0.	0.	0.	0.	0.	0.	0.	0.	0.	0.	0.	0.	0.	0.	0.	0.	0.	-71825.02566598495	-159380.20743689366	-216242.98191704118	-263562.5416771029	-305433.49140017014	-343896.59969838825	-380593.6220197754	-415519.0773159614	-449452.1901883945	-481998.45938924374	-514514.1371212844	-545975.8028768977	-577295.4252689737	-608277.2084034338
-5.0492708285943815	-39.75146296023987	-71.50614688915684	-97.96000277324504	-117.16822490135984	-127.77451012849971	-129.17349173517897	-121.64060936083511	-106.40544580692777	-85.63272088032086	-62.261899140612805	-39.64745210836909	-20.95287059475142	-8.318635373112365	-2.015374214705186	-0.17464954721297313	-0.0006677847142441231	0.	0.	0.	0.	0.	0.	0.	0.	0.	0.	0.	0.	0.	0.	0.	0.	0.	0.	0.	0.	0.	0.	0.	0.	0.	0.	0.	0.	0.	0.	0.	0.	0.	0.	0.	0.	0.	0.	0.	0.	0.	0.	0.	0.	0.	0.	0.	0.	0.	0.	0.	0.	0.	0.	0.	0.	0.	0.	0.	0.	0.	0.	0.	0.	0.	0.	0.	0.	0.	0.	-37725.259598733974	-146377.86088410267	-206613.48321190118	-255421.85571945086	-298107.57283071516	-337420.7124862181	-374490.8204721146	-409537.12448123225	-443523.31499535387	-476413.4874676195	-508766.791858088	-540753.3530176986	-572032.6325389592	-603223.9139713729
-5.269983110326679	-41.566143297563876	-75.1333966851354	-103.76641035568625	-125.59108872988371	-139.21330044569206	-143.85735196066986	-139.4847104761718	-126.87748937586372	-107.66305051003312	-84.24612476968511	-59.60527342019431	-36.90781743101298	-18.91739907310634	-7.244218593487755	-1.6740431944048604	-0.1349022951019052	-0.000442162411441994	0.	0.	0.	0.	0.	0.	0.	0.	0.	0.	0.	0.	0.	0.	0.	0.	0.	0.	0.	0.	0.	0.	0.	0.	0.	0.	0.	0.	0.	0.	0.	0.	0.	0.	0.	0.	0.	0.	0.	0.	0.	0.	0.	0.	0.	0.	0.	0.	0.	0.	0.	0.	0.	0.	0.	0.	0.	0.	0.	0.	0.	0.	0.	0.	0.	0.	0.	0.	0.	0.	-131813.06474676	-195931.2026980849	-246212.5615872091	-289917.50585049944	-330196.94751213567	-367280.7686132298	-402934.50219451514	-437133.0229559537	-470819.58668093657	-503007.17497788504	-535089.2507049055	-566604.8992993782	-597855.1133349258
-5.479450562000384	-43.28626905117981	-78.5634500068974	-109.24584482599441	-133.53824309905505	-150.03850460117033	-157.85503381482718	-156.71259519625718	-147.036408697576	-129.99883368700523	-107.50573257205536	-82.09156180199598	-56.68606458071899	-34.21812840784122	-17.049415757787337	-6.3112680993479655	-1.3943464108308334	-0.10478802461226344	-0.0002958962943481912	0.	0.	0.	0.	0.	0.	0.	0.	0.	0.	0.	0.	0.	0.	0.	0.	0.	0.	0.	0.	0.	0.	0.	0.	0.	0.	0.	0.	0.	0.	0.	0.	0.	0.	0.	0.	0.	0.	0.	0.	0.	0.	0.	0.	0.	0.	0.	0.	0.	0.	0.	0.	0.	0.	0.	0.	0.	0.	0.	0.	0.	0.	0.	0.	0.	0.	0.	0.	0.	-114334.04438915793	-183996.6248194742	-236582.74775822883	-281420.3137022808	-322197.6218985016	-360247.5418252137	-396019.4836294787	-430567.11269920255	-463981.2755975275	-497189.5372767683	-529011.5438424244	-560436.934982972	-591891.0438833778
-5.677396549034237	-44.910260078637684	-81.79586725145069	-114.40141221463182	-141.0149734648946	-160.24763899207733	-171.13287908946174	-173.21941263997806	-166.65102485325133	-152.22288228001887	-131.398725682381	-106.26710465990713	-79.40863054968023	-53.64315239332279	-31.633014094012328	-15.350863755331835	-5.503386020846904	-1.1647672587265765	-0.08184221668277254	-0.00020000514042704538	0.	0.	0.	0.	0.	0.	0.	0.	0.	0.	0.	0.	0.	0.	0.	0.	0.	0.	0.	0.	0.	0.	0.	0.	0.	0.	0.	0.	0.	0.	0.	0.	0.	0.	0.	0.	0.	0.	0.	0.	0.	0.	0.	0.	0.	0.	0.	0.	0.	0.	0.	0.	0.	0.	0.	0.	0.	0.	0.	0.	0.	0.	0.	0.	0.	0.	0.	0.	-92683.85247602777	-170771.42149777574	-225691.29799875984	-272400.84603177564	-313838.05752754014	-352417.9308971351	-388480.1407552295	-423877.09608218673	-457339.59223407926	-490060.5027308188	-522889.77967367053	-554534.9102689219	-585973.0697596903
-5.863588617090198	-46.43677210219083	-84.83022634247143	-119.23583592983884	-148.0268079535268	-169.842501197891	-183.6723344156096	-188.93647963413315	-185.55910682833812	-174.0272053525804	-155.42432005148487	-131.4238974043537	-104.22173137912831	-76.3825715173907	-50.575658999251274	-29.18500305082702	-13.816287125124944	-4.804842685183901	-0.9759186818876853	-0.06426039393704465	-0.00013647146829835362	0.	0.	0.	0.	0.	0.	0.	0.	0.	0.	0.	0.	0.	0.	0.	0.	0.	0.	0.	0.	0.	0.	0.	0.	0.	0.	0.	0.	0.	0.	0.	0.	0.	0.	0.	0.	0.	0.	0.	0.	0.	0.	0.	0.	0.	0.	0.	0.	0.	0.	0.	0.	0.	0.	0.	0.	0.	0.	0.	0.	0.	0.	0.	0.	0.	0.	0.	-62578.046577796784	-155929.20014167053	-214318.1510266197	-262061.11614752442	-304471.1490963253	-343819.23572195804	-380632.3889424229	-416045.00601092074	-450171.1043502725	-483481.257630162	-515962.238873178	-547837.95993378	-579425.3205167059
-6.037838484609334	-47.86472271695763	-87.66625451791563	-123.75166842016232	-154.5793939725116	-178.82759533349395	-195.464930776151	-203.82019291965068	-203.64812495336582	-195.186770230934	-179.19907371622344	-156.988036360586	-130.3706303927975	-101.5914705549901	-73.15444881399424	-47.55268882030461	-26.89130902594016	-12.43604684686517	-4.201179960288679	-0.8201896372462687	-0.050714665766797354	-0.00009395453430349339	0.	0.	0.	0.	0.	0.	0.	0.	0.	0.	0.	0.	0.	0.	0.	0.	0.	0.	0.	0.	0.	0.	0.	0.	0.	0.	0.	0.	0.	0.	0.	0.	0.	0.	0.	0.	0.	0.	0.	0.	0.	0.	0.	0.	0.	0.	0.	0.	0.	0.	0.	0.	0.	0.	0.	0.	0.	0.	0.	0.	0.	0.	0.	0.	0.	0.	0.	-138805.56110449418	-201610.09335425324	-251183.36790941516	-295110.16922529077	-335124.40692303557	-372472.2146231144	-408395.71773235913	-442678.7963387032	-476246.18327730556	-508703.1959664742	-540898.957503733	-572637.2684845289
-6.200001769664167	-49.193308698535006	-90.30392611781433	-127.95146914417882	-160.6784984834186	-187.20921347566804	-206.5090576916139	-217.84452379427202	-220.84147264970034	-215.53889922406745	-202.43318026131035	-182.5053357484912	-157.2207153144824	-128.486985021826	-98.55303297207085	-69.83013086319966	-44.62096299102304	-24.75871622451554	-11.198403420221606	-3.6794523442084097	-0.6914261715096731	-0.04022268020277092	-0.00006523242412959999	0.	0.	0.	0.	0.	0.	0.	0.	0.	0.	0.	0.	0.	0.	0.	0.	0.	0.	0.	0.	0.	0.	0.	0.	0.	0.	0.	0.	0.	0.	0.	0.	0.	0.	0.	0.	0.	0.	0.	0.	0.	0.	0.	0.	0.	0.	0.	0.	0.	0.	0.	0.	0.	0.	0.	0.	0.	0.	0.	0.	0.	0.	0.	0.	0.	0.	-118318.92125809871	-187464.7196737849	-239761.60107673047	-284774.4051126279	-325412.7245328344	-363451.9212299829	-399926.4912565042	-434699.5880256332	-468372.76021983643	-501263.66506472434	-533694.9500777475	-565530.5885647718
-6.349977465559039	-50.42201657305262	-92.7435339896509	-131.83794896476456	-166.33006464789727	-194.99490753009664	-216.80787963554334	-230.99591931292255	-237.08866837841984	-234.9676488071573	-224.91007982967565	-207.62213352990273	-184.2540815886072	-156.38697590424619	-125.97752288970644	-95.24546149108241	-66.487841396432	-41.81069490385885	-22.787062411451092	-10.090839719962535	-3.2282636350795997	-0.5846578566081381	-0.03205378386026675	-0.00004565522461915342	0.	0.	0.	0.	0.	0.	0.	0.	0.	0.	0.	0.	0.	0.	0.	0.	0.	0.	0.	0.	0.	0.	0.	0.	0.	0.	0.	0.	0.	0.	0.	0.	0.	0.	0.	0.	0.	0.	0.	0.	0.	0.	0.	0.	0.	0.	0.	0.	0.	0.	0.	0.	0.	0.	0.	0.	0.	0.	0.	0.	0.	0.	0.	0.	0.	-92685.65069866496	-171734.52049182873	-227118.52744291618	-273673.31172021513	-315710.44732538	-354506.0328410394	-391118.45074382646	-426110.8080840369	-460268.9429910377	-493444.8088970314	-525842.7804080498	-558154.6209075379
-6.487707179961117	-51.55062784707829	-94.98574021108199	-135.41408386996727	-171.54028856354225	-202.19319260290325	-226.36798323259393	-243.2698196892828	-252.3583940272142	-253.39216377178982	-246.46999201600676	-232.0665857067877	-211.05637124138977	-184.7182724555505	-154.71136328288048	-123.0089238694401	-91.77693064113527	-63.18432655082882	-39.1400555472666	-20.97170063111135	-9.100878349805264	-2.837694106498028	-0.4958698248025599	-0.02566158643404042	-0.000032197691706877686	0.	0.	0.	0.	0.	0.	0.	0.	0.	0.	0.	0.	0.	0.	0.	0.	0.	0.	0.	0.	0.	0.	0.	0.	0.	0.	0.	0.	0.	0.	0.	0.	0.	0.	0.	0.	0.	0.	0.	0.	0.	0.	0.	0.	0.	0.	0.	0.	0.	0.	0.	0.	0.	0.	0.	0.	0.	0.	0.	0.	0.	0.	0.	0.	-54968.76387728056	-153457.75305050972	-213258.6967313844	-261780.67113072783	-305054.80151992454	-344450.7298917482	-381689.12081508327	-417409.9331305432	-451696.49946276244	-485233.9801178557	-518065.8966303355	-550088.3669152205
-6.613174152978342	-52.57921992015371	-97.03161042437137	-138.68320180487157	-176.31569693686924	-208.81338600676003	-235.19849394892748	-254.66826377927077	-266.6335359518117	-270.75805761632927	-266.99702506662896	-255.6323725778543	-237.30101534326042	-213.01059505409023	-184.13528255853475	-152.3820166748475	-119.7156348778385	-88.2306449842509	-59.959797194928214	-36.61853580335644	-19.305223392195167	-8.216565434833658	-2.49917453359355	-0.4218161098625907	-0.020635293370462958	-0.0000228720776440894	0.	0.	0.	0.	0.	0.	0.	0.	0.	0.	0.	0.	0.	0.	0.	0.	0.	0.	0.	0.	0.	0.	0.	0.	0.	0.	0.	0.	0.	0.	0.	0.	0.	0.	0.	0.	0.	0.	0.	0.	0.	0.	0.	0.	0.	0.	0.	0.	0.	0.	0.	0.	0.	0.	0.	0.	0.	0.	0.	0.	0.	0.	0.	0.	-132828.93233341753	-198060.93323261777	-248985.27771275167	-293246.6447130195	-333870.2289290176	-371690.63611155696	-407809.2036015872	-442875.5153408963	-476360.2543161976	-509535.9470707406	-542031.9289957216
-6.7264020703241485	-53.508163450722826	-98.88263505214557	-141.64904643249503	-180.6632160574531	-214.8655237672726	-243.31049509777398	-265.1982297188557	-279.90763556392403	-287.03104392180137	-286.4092433793818	-278.1652389481716	-262.7340694722274	-240.88475887858877	-213.72891797852176	-182.70870407296593	-149.55498372275636	-116.20511751547761	-84.66980933058633	-56.84183839325052	-34.24945952100097	-17.778657721439913	-7.426736600241437	-2.2053398436036766	-0.3598684671190582	-0.016664418206567222	-0.00001636003931802742	0.	0.	0.	0.	0.	0.	0.	0.	0.	0.	0.	0.	0.	0.	0.	0.	0.	0.	0.	0.	0.	0.	0.	0.	0.	0.	0.	0.	0.	0.	0.	0.	0.	0.	0.	0.	0.	0.	0.	0.	0.	0.	0.	0.	0.	0.	0.	0.	0.	0.	0.	0.	0.	0.	0.	0.	0.	0.	0.	0.	0.	0.	0.	-107270.99970998637	-181122.46686705152	-235118.86730248388	-280836.8176445363	-322760.96727405884	-361297.0651054666	-397937.345379114	-433228.4247282213	-467233.376099147	-500641.2227282806	-533329.9074851641
-6.827453688426697	-54.33811677413074	-100.5407399165111	-144.31582132969018	-184.59022772196528	-220.3603193271983	-250.71664144358112	-274.87047412675525	-292.18233219292796	-302.1922227758534	-304.65107065789715	-299.55217913921393	-287.1608676666334	-268.0394773074143	-243.06373189439438	-213.4249895146729	-180.6112960489739	-146.35859695926146	-112.56250789061842	-81.14173715841363	-53.84847282276121	-32.03184969599602	-16.38228263595097	-6.721142735995655	-1.9498808415527376	-0.30789474686870927	-0.013513069455942668	-0.000011779391040465276	0.	0.	0.	0.	0.	0.	0.	0.	0.	0.	0.	0.	0.	0.	0.	0.	0.	0.	0.	0.	0.	0.	0.	0.	0.	0.	0.	0.	0.	0.	0.	0.	0.	0.	0.	0.	0.	0.	0.	0.	0.	0.	0.	0.	0.	0.	0.	0.	0.	0.	0.	0.	0.	0.	0.	0.	0.	0.	0.	0.	0.	0.	-72312.11759998639	-161664.06364264383	-219860.4543348272	-267985.1120249748	-310962.34450298676	-350149.56402790494	-387601.6400791738	-423202.68900670635	-457780.7202851387	-491613.836119071	-524136.73188287497
-6.916429288963625	-55.07001785204993	-102.00828823604499	-146.68821770220362	-188.1046106664122	-225.30914310243932	-257.43089758774033	-283.6987105535039	-303.4655058349858	-316.23457775316496	-321.6874925964688	-319.7128738630362	-310.4347932707494	-294.23877245214123	-271.7924779778172	-244.05704809932988	-212.283645658938	-177.9883947908014	-142.89760055360838	-108.85463841842362	-77.68120160830327	-50.99054404363792	-29.96180555718221	-15.10617854591299	-6.090487337026658	-1.7274038327770993	-0.26416143125921826	-0.011001118877057044	-8.534787054335916e-6	0.	0.	0.	0.	0.	0.	0.	0.	0.	0.	0.	0.	0.	0.	0.	0.	0.	0.	0.	0.	0.	0.	0.	0.	0.	0.	0.	0.	0.	0.	0.	0.	0.	0.	0.	0.	0.	0.	0.	0.	0.	0.	0.	0.	0.	0.	0.	0.	0.	0.	0.	0.	0.	0.	0.	0.	0.	0.	0.	0.	0.	0.	-139325.87468507575	-203128.14720353522	-253735.1007360712	-298123.5167365802	-338785.671723402	-376698.9623692951	-412695.2320030844	-447982.81258201937	-481845.15186639637	-514658.25561850326
-6.993464980811447	-55.70507414858397	-103.28807557158991	-148.77142827737373	-191.2147676333684	-229.72401012752476	-263.4683556894317	-291.69901936235465	-313.76991495728464	-329.16035694181727	-337.49962799808463	-338.59295880517107	-332.4480595246253	-319.30080130009463	-299.63794190977205	-274.2138990107288	-244.05749272021706	-210.46334658365294	-174.961383282102	-139.2568789845932	-105.13344321053816	-74.31314239718205	-48.27355987936046	-28.03351191221149	-13.940587373105389	-5.526409786313792	-1.5333028357832952	-0.22725569535668277	-0.008990338669723779	-6.221200954861271e-6	0.	0.	0.	0.	0.	0.	0.	0.	0.	0.	0.	0.	0.	0.	0.	0.	0.	0.	0.	0.	0.	0.	0.	0.	0.	0.	0.	0.	0.	0.	0.	0.	0.	0.	0.	0.	0.	0.	0.	0.	0.	0.	0.	0.	0.	0.	0.	0.	0.	0.	0.	0.	0.	0.	0.	0.	0.	0.	0.	0.	0.	-112229.78900326218	-184537.46153086895	-238470.25258260395	-284759.06243607	-326316.44345135643	-364900.4048549393	-402175.3606628141	-437381.6354401862	-471768.3358970385	-504916.938646401
-7.0587308677479275	-56.24475076787305	-104.38331899175971	-150.57114964654423	-193.92963901011979	-233.61756836359413	-268.8451028879763	-298.88941573882755	-323.1121855990862	-340.9790999681135	-352.0813335586587	-356.1587464752014	-353.124241429765	-343.0883107311283	-326.3822672423942	-303.5779650067093	-275.5009591262277	-243.23303787622342	-208.09893954070634	-171.63099454369504	-135.5047349336614	-101.4388030047816	-71.05483661804458	-45.69911102637049	-26.23997321449968	-12.876139878913571	-5.0214372106681395	-1.3636460960391463	-0.19602312853362067	-0.007374144154630522	-4.56095454212291e-6	0.	0.	0.	0.	0.	0.	0.	0.	0.	0.	0.	0.	0.	0.	0.	0.	0.	0.	0.	0.	0.	0.	0.	0.	0.	0.	0.	0.	0.	0.	0.	0.	0.	0.	0.	0.	0.	0.	0.	0.	0.	0.	0.	0.	0.	0.	0.	0.	0.	0.	0.	0.	0.	0.	0.	0.	0.	0.	0.	0.	-74977.29755404961	-163625.3427281661	-222061.86719893382	-270179.3147945219	-313217.14294621744	-353120.9942728666	-390554.6073045671	-426442.0866042405	-461073.9216279322	-494813.18950579513
-7.112429100433356	-56.69075714363376	-105.29764150369772	-152.09357499538632	-196.25870435453032	-237.00308354047948	-273.5781191136581	-305.28952578928636	-331.5120505902089	-351.7061379900114	-365.4365872266897	-372.39308503289845	-372.4122677440873	-365.50065826443245	-351.85741506182745	-331.8953004477523	-306.25760488804656	-275.82794491148945	-241.72890252881623	-205.30446574466768	-168.08033431747057	-131.69571748034443	-97.80089869139029	-67.91762973287149	-43.26595760946612	-24.573542353759752	-11.90399059278465	-4.5689196482957986	-1.215076935964462	-0.16951796030156122	-0.006069965632549896	-3.362271309283379e-6	0.	0.	0.	0.	0.	0.	0.	0.	0.	0.	0.	0.	0.	0.	0.	0.	0.	0.	0.	0.	0.	0.	0.	0.	0.	0.	0.	0.	0.	0.	0.	0.	0.	0.	0.	0.	0.	0.	0.	0.	0.	0.	0.	0.	0.	0.	0.	0.	0.	0.	0.	0.	0.	0.	0.	0.	0.	0.	0.	0.	-139315.19900543234	-203510.64452788248	-254817.26125914612	-299153.4283530495	-340110.6786625901	-378396.15174852626	-414937.6153618582	-450111.28719082894	-484402.89929831855
-7.154791831219834	-57.04503253754565	-106.03505262321589	-153.34537887888231	-198.2119732668862	-239.89441846337496	-277.68519278781673	-310.9203364838352	-338.9917674513258	-361.3614409519895	-377.57745776098983	-387.29209983399954	-390.28160044637974	-386.467222861554	-375.93691114592764	-358.9663700448074	-336.0379092516816	-307.85473677065374	-275.34760576455085	-239.669837752242	-202.17584811663045	-164.3775758740635	-127.87302999712989	-94.24214402342213	-64.90830944282317	-40.97085741416026	-23.026296932951514	-11.015889138023612	-4.1629579778086825	-1.0847280907187702	-0.1469632454228912	-0.005013547087205209	-2.491766816726962e-6	0.	0.	0.	0.	0.	0.	0.	0.	0.	0.	0.	0.	0.	0.	0.	0.	0.	0.	0.	0.	0.	0.	0.	0.	0.	0.	0.	0.	0.	0.	0.	0.	0.	0.	0.	0.	0.	0.	0.	0.	0.	0.	0.	0.	0.	0.	0.	0.	0.	0.	0.	0.	0.	0.	0.	0.	0.	0.	0.	-108562.40595927865	-183144.9359041521	-237702.46201565495	-284380.05287979596	-326600.1897735477	-365911.42962097726	-402927.75693069753	-438585.3808222239	-473374.43491757516
-7.186079090189208	-57.30973057726487	-106.5999258261444	-154.3336954630345	-199.79996707641362	-242.30600598149215	-281.18484640051287	-315.8039959563612	-345.5756643892068	-369.968720688358	-388.5225161868798	-400.8626177408387	-406.71836608959626	-405.94199880745975	-398.5288414747319	-384.63775923653344	-364.61065703260505	-338.9893049629785	-308.52713620026964	-274.1929248260989	-237.16243833539892	-198.79337268732704	-160.57831957423727	-124.07056020836563	-90.7787637249599	-62.03019172098645	-38.809193919384576	-21.590302671014378	-10.204208418848404	-3.7983305271755596	-0.9701482637043456	-0.1277189720623329	-0.004154664060698413	-1.8560422647141742e-6	0.	0.	0.	0.	0.	0.	0.	0.	0.	0.	0.	0.	0.	0.	0.	0.	0.	0.	0.	0.	0.	0.	0.	0.	0.	0.	0.	0.	0.	0.	0.	0.	0.	0.	0.	0.	0.	0.	0.	0.	0.	0.	0.	0.	0.	0.	0.	0.	0.	0.	0.	0.	0.	0.	0.	0.	0.	0.	-64669.228508115164	-159770.6839791635	-219480.8280671568	-268620.81674431177	-312205.96574676887	-352466.63357481675	-390528.2487151282	-426601.4442574476	-461651.8927008844
-7.206576600514992	-57.48720304371312	-106.99697351886276	-155.06609146043718	-201.0336927526688	-244.25281558868963	-284.09626694803745	-319.9636480975869	-351.2897784744214	-377.55472328899555	-398.2955811784946	-413.12011893771125	-421.7222438998372	-423.89917225739043	-419.56997281032955	-408.7949275774388	-391.7948390538426	-368.969013892845	-340.91015204090877	-308.4137642233129	-272.47904211699694	-234.29736203972408	-195.22392433566156	-156.72763219899673	-120.31457907375618	-87.42207619191645	-59.28397612953669	-36.7754496684914	-20.257793635956222	-9.461944153046794	-3.4704219376454457	-0.8692394933491953	-0.11125647208041531	-0.0034538919549716982	-1.3892739359709085e-6	0.	0.	0.	0.	0.	0.	0.	0.	0.	0.	0.	0.	0.	0.	0.	0.	0.	0.	0.	0.	0.	0.	0.	0.	0.	0.	0.	0.	0.	0.	0.	0.	0.	0.	0.	0.	0.	0.	0.	0.	0.	0.	0.	0.	0.	0.	0.	0.	0.	0.	0.	0.	0.	0.	0.	0.	0.	0.	-131823.18883527548	-199097.15359360198	-251683.73879913837	-296961.1693603232	-338178.3571048769	-377233.2691652204	-414090.5945630414	-449798.97514341655
-7.216593550784625	-57.579983099520554	-107.23122008290083	-155.55053482423622	-201.9246103596595	-245.75031408419255	-286.43923819868485	-323.4232904639999	-356.16156046297414	-384.14866213119154	-406.9247176302291	-424.08709658037526	-435.3039528996956	-440.3295022113981	-439.02084750691483	-431.3559792141092	-417.4523360490495	-397.58500192814324	-372.20321907759217	-341.94340889590774	-307.6363101311982	-270.30518766940776	-231.1513907717951	-191.5229669339104	-152.86179255835307	-116.6251544002362	-84.17953214412073	-56.66841698700853	-34.86356049831582	-19.021291520101546	-8.782695949311115	-3.1751563156782954	-0.7802039334560015	-0.09713784703097286	-0.0028801556129699167	-1.0447835572304435e-6	0.	0.	0.	0.	0.	0.	0.	0.	0.	0.	0.	0.	0.	0.	0.	0.	0.	0.	0.	0.	0.	0.	0.	0.	0.	0.	0.	0.	0.	0.	0.	0.	0.	0.	0.	0.	0.	0.	0.	0.	0.	0.	0.	0.	0.	0.	0.	0.	0.	0.	0.	0.	0.	0.	0.	0.	0.	-96109.44998261945	-176133.52439711758	-232885.32142706856	-280776.17461891164	-323466.5456397682	-363383.33467663673	-400789.57206779276	-437097.2281349531
-7.216460341324294	-57.590768134987165	-107.30797348056139	-155.79536012874863	-202.4845952644094	-246.81442097986968	-288.23407307586666	-326.20764807250725	-360.2196280886399	-389.78175604328413	-414.44142802133484	-433.7917324154253	-447.48321243227315	-455.2373543991894	-456.86170232343414	-452.2663611102238	-441.4814669198343	-424.67496216177483	-402.16970278133476	-374.45853606017585	-342.2155118249504	-306.3008329824275	-267.75653801572946	-227.78930222619735	-187.7362752967843	-149.00977473934117	-113.01732175344132	-81.05555290974559	-54.180848042500834	-33.06717824150404	-17.87368053269428	-8.1606370617034	-2.9089357037493593	-0.7014987404021958	-0.08499939043013774	-0.0024088627762580816	-7.892720881017935e-7	0.	0.	0.	0.	0.	0.	0.	0.	0.	0.	0.	0.	0.	0.	0.	0.	0.	0.	0.	0.	0.	0.	0.	0.	0.	0.	0.	0.	0.	0.	0.	0.	0.	0.	0.	0.	0.	0.	0.	0.	0.	0.	0.	0.	0.	0.	0.	0.	0.	0.	0.	0.	0.	0.	0.	0.	-31415.02906630701	-149635.289343621	-212671.20681857815	-263001.6552229391	-307885.2899105741	-348799.1271577117	-387349.357777097	-424003.1563405645
-7.206526320841482	-57.52240239389799	-107.23279585188754	-155.8092314495598	-202.7258962022771	-247.4614594718235	-289.50154531991325	-328.34205810532	-363.4935549024448	-394.4868465747084	-420.879991348525	-442.26681799142204	-458.28707692423296	-468.63826263635787	-473.0890742354734	-471.4943764453834	-463.81138270754246	-450.1165960840909	-430.622801946405	-405.69509849726046	-375.8645682723677	-341.8377325459974	-304.49939946720707	-264.9059468000369	-224.2655422559835	-183.90143587098066	-145.19450124444262	-109.50205076132653	-78.05220498279127	-51.81759093235808	-31.37986331861581	-16.80825025230185	-7.590477763088325	-2.6685842612260133	-0.6317978883778891	-0.07453819884137533	-0.002020475938899239	-5.98848605990038e-7	0.	0.	0.	0.	0.	0.	0.	0.	0.	0.	0.	0.	0.	0.	0.	0.	0.	0.	0.	0.	0.	0.	0.	0.	0.	0.	0.	0.	0.	0.	0.	0.	0.	0.	0.	0.	0.	0.	0.	0.	0.	0.	0.	0.	0.	0.	0.	0.	0.	0.	0.	0.	0.	0.	0.	0.	-116944.1671371317	-189602.4015676532	-244266.25118835949	-291133.5378624726	-333218.494370243	-373041.96863350354	-410387.36096794053
-7.187157528872015	-57.37785952848938	-107.01147348481355	-155.6011034571385	-202.66109019452625	-247.70810384476184	-290.2628201594597	-329.8523622584948	-366.01368548979843	-398.29807528885453	-426.2769157174638	-449.5488675724216	-467.74856703496323	-480.55691548310386	-487.7129741280079	-489.0273983334162	-484.39723942048283	-473.821798784875	-457.41903144604635	-435.4417541839022	-408.2926080012079	-376.53634901686786	-340.90759556662755	-302.3116547268685	-261.81552504877214	-220.62570148983178	-180.0491376997623	-141.43389694486893	-106.08704009959594	-75.16974148629487	-49.57427165615174	-29.795223796435003	-15.818715607064805	-7.067425718248276	-2.451298149160359	-0.5699598734415242	-0.06550133203901343	-0.0016994148748483806	-4.5627760669425145e-7	0.	0.	0.	0.	0.	0.	0.	0.	0.	0.	0.	0.	0.	0.	0.	0.	0.	0.	0.	0.	0.	0.	0.	0.	0.	0.	0.	0.	0.	0.	0.	0.	0.	0.	0.	0.	0.	0.	0.	0.	0.	0.	0.	0.	0.	0.	0.	0.	0.	0.	0.	0.	0.	0.	0.	-69727.67744955856	-163616.01799178784	-223431.1563932928	-273053.9440415207	-316971.2092114611	-357585.34097253275	-396019.4836294787
-7.158734458584219	-57.16022522043797	-106.64998649815567	-155.18018135231762	-202.30303521207637	-247.57132417760363	-290.5393840873849	-330.76480465389375	-367.81097058675874	-401.2506070765425	-430.67047913284716	-455.6773815063588	-475.9055362550179	-491.0254858398119	-500.7545276478943	-504.8686768830615	-503.21606369145513	-495.73156096536286	-482.45229414215527	-463.5334952064967	-439.2639213339345	-410.0797562943031	-376.5755450434399	-339.5102811836709	-299.80628947441096	-258.53806269471545	-216.90780738098726	-176.20427673360967	-137.74177227804756	-102.77736978003877	-72.40703423151862	-47.4460644122607	-28.307013721186305	-14.899220772624549	-6.587145628471985	-2.2546008763547953	-0.5150004043900682	-0.05767701496171148	-0.0014332097025491664	-3.4905891912064685e-7	0.	0.	0.	0.	0.	0.	0.	0.	0.	0.	0.	0.	0.	0.	0.	0.	0.	0.	0.	0.	0.	0.	0.	0.	0.	0.	0.	0.	0.	0.	0.	0.	0.	0.	0.	0.	0.	0.	0.	0.	0.	0.	0.	0.	0.	0.	0.	0.	0.	0.	0.	0.	0.	0.	0.	-132258.54112239933	-200495.82145124435	-253702.6797003878	-299740.17228278134	-341791.19929729507	-381180.15877407306
-7.121649853490985	-56.87267999282404	-106.15447853954161	-154.55588019689472	-201.6648213841917	-247.06832918730143	-290.3529740604183	-331.1059340543676	-368.91681754827306	-403.3803892162732	-434.1003393438695	-460.69422839515846	-482.7997253279544	-500.08223750571807	-512.2439995372	-519.03464471802	-520.2632217440431	-515.8115361312848	-505.6485840682727	-489.84569939083696	-468.5918441752178	-442.2082323063314	-411.1611766973681	-376.07169170382053	-337.7199677051038	-297.04238479146255	-255.11829303866887	-213.1434468807754	-172.3868962565272	-134.1285611333559	-99.57603506249383	-69.76192116207807	-45.42787818826078	-26.909200608723697	-14.044331997572376	-6.145719635168287	-2.076303733327884	-0.4660693059707857	-0.050887478680695215	-0.0012118446000446716	-2.6808030972134973e-7	0.	0.	0.	0.	0.	0.	0.	0.	0.	0.	0.	0.	0.	0.	0.	0.	0.	0.	0.	0.	0.	0.	0.	0.	0.	0.	0.	0.	0.	0.	0.	0.	0.	0.	0.	0.	0.	0.	0.	0.	0.	0.	0.	0.	0.	0.	0.	0.	0.	0.	0.	0.	0.	0.	-90325.90081248053	-174301.8727454733	-232379.0214518307	-281374.7467745919	-324802.36140571325	-365429.0760940846
-7.076306550542214	-56.51848232632654	-105.53122676645789	-153.73778412587333	-200.75972146229878	-246.21650799740118	-289.72550657024584	-330.90250968386874	-369.3629530070283	-404.72393864791513	-436.6071983323065	-464.64312182680453	-488.47596728694714	-507.77035605479193	-522.2191327057153	-531.5526392234976	-535.549406777648	-534.0482056230608	-526.9613082046983	-514.2887067846269	-496.1328781438952	-472.71349696417735	-444.3812594026135	-411.6296838381588	-375.1034057471731	-335.601085787759	-294.07062789170294	-251.5940078775184	-209.3587365915376	-168.61298487224948	-130.60193577134118	-96.48438247969567	-67.23147897764241	-43.514498337487325	-25.59600970401236	-13.249023035384178	-5.739609418755168	-1.914470878615996	-0.42243097452481004	-0.04498312007810636	-0.0010272472166024148	-2.0666647068723104e-7	0.	0.	0.	0.	0.	0.	0.	0.	0.	0.	0.	0.	0.	0.	0.	0.	0.	0.	0.	0.	0.	0.	0.	0.	0.	0.	0.	0.	0.	0.	0.	0.	0.	0.	0.	0.	0.	0.	0.	0.	0.	0.	0.	0.	0.	0.	0.	0.	0.	0.	0.	0.	0.	0.	-143545.90671164033	-209168.25104141995	-261329.3602679995	-306985.39039205015	-348805.1652049076
-7.0231153809505225	-56.100952181540244	-104.78661234746218	-152.7356058679971	-199.60114116702056	-245.0333715565327	-288.67900709761886	-330.181410333493	-369.181295553764	-405.31815194287555	-438.23251057784626	-467.56917300311267	-492.9815140235854	-514.1369621322992	-530.7237459790987	-542.4589724026933	-549.0980681643036	-550.4455703715954	-546.3671856633506	-536.8029507244174	-521.7812109865268	-501.4329841277957	-476.00608358333466	-445.8781386591274	-411.5673578760977	-373.7395418223937	-333.2094709939938	-290.93439979284176	-247.9970343618654	-205.57515745345526	-164.89515162961123	-127.16731814179575	-93.5024651254071	-64.81224164046027	-41.7006928443715	-24.361950863951133	-12.508655867951811	-5.365620544675224	-1.7673886231532787	-0.3834478268075188	-0.039837725047164214	-0.0008728898886328782	-1.599040231930638e-7	0.	0.	0.	0.	0.	0.	0.	0.	0.	0.	0.	0.	0.	0.	0.	0.	0.	0.	0.	0.	0.	0.	0.	0.	0.	0.	0.	0.	0.	0.	0.	0.	0.	0.	0.	0.	0.	0.	0.	0.	0.	0.	0.	0.	0.	0.	0.	0.	0.	0.	0.	0.	0.	-103608.44002585566	-182526.48023390566	-239389.26101502302	-287770.4850466306	-331208.64541158866
-6.962493139005072	-55.62345501814328	-103.9270916918374	-151.55914694701337	-198.20256997044893	-243.5364943650862	-287.2355404805447	-328.969546684204	-368.403836976963	-405.20013393744154	-439.01822689845795	-469.51850491034116	-496.3654616331347	-519.2322738006551	-537.8065450045547	-551.7972905939915	-560.9432153704643	-565.0223009002066	-563.862670321583	-557.354631752395	-545.4637118834273	-528.2443738676153	-505.853962114097	-478.5662250631471	-446.7835302014732	-411.0466007124506	-372.0402728089474	-330.59340953625093	-287.67074054611203	-244.35408619643204	-201.8102703459954	-161.2431958050836	-123.82830421795038	-90.62933149129906	-62.500371675017995	-39.981290964993306	-23.201832556751636	-11.818958664806066	-5.020869343345896	-1.6335384665234594	-0.3485662698357303	-0.03534455149438449	-0.0007434769984512659	-1.241598400413924e-7	0.	0.	0.	0.	0.	0.	0.	0.	0.	0.	0.	0.	0.	0.	0.	0.	0.	0.	0.	0.	0.	0.	0.	0.	0.	0.	0.	0.	0.	0.	0.	0.	0.	0.	0.	0.	0.	0.	0.	0.	0.	0.	0.	0.	0.	0.	0.	0.	0.	0.	0.	0.	-29289.234421387053	-151575.6468453577	-215727.71337023482	-267369.0774842943	-312658.55510943715
-6.894860627792246	-55.08938639065164	-102.95916858908785	-150.21825888660538	-196.57753279525386	-241.7434570992467	-285.4171427175729	-327.2937769347969	-367.0625310996983	-404.4070420862346	-439.0065676642326	-470.5379169533194	-498.6782567018505	-523.1088914291277	-543.5201094523902	-559.6171761649329	-571.1275389640908	-577.8092828482789	-579.460839302918	-575.9319004765293	-567.1354219509205	-553.0605060855033	-533.7858387888645	-509.49320005745597	-480.4803772422721	-447.1725753737356	-410.1311394657246	-370.05808383118017	-327.7945779693621	-284.3112003673372	-240.68750219849684	-198.0783278257592	-157.66458678276138	-120.58701550041046	-87.8632597069913	-60.291794679818814	-38.35124032475256	-22.11076641866457	-11.176002370746366	-4.702752430929376	-1.5115734625488066	-0.31730479419372803	-0.0314131091623905	-0.0006346989654265046	-9.673552981318837e-8	0.	0.	0.	0.	0.	0.	0.	0.	0.	0.	0.	0.	0.	0.	0.	0.	0.	0.	0.	0.	0.	0.	0.	0.	0.	0.	0.	0.	0.	0.	0.	0.	0.	0.	0.	0.	0.	0.	0.	0.	0.	0.	0.	0.	0.	0.	0.	0.	0.	0.	0.	0.	-112236.290355434	-188505.30263556633	-245083.89674642534	-293029.99994277937
-6.820640789858091	-54.50215719031279	-101.88936741449547	-148.7228056965197	-194.7395430469916	-239.67179065256948	-283.24575469761805	-325.1808259162717	-365.1891896003184	-402.9759443916255	-438.2398206859901	-470.6745914826677	-499.97126952823913	-525.8211839771939	-547.920026694972	-565.9729517057028	-579.7007997991475	-588.8475022772649	-593.1886911417821	-592.5415051079601	-586.77552851795	-575.8247297409232	-559.7001725821591	-538.5031536402324	-512.4382652427057	-481.82569265111556	-447.1118221186141	-408.8769627986419	-367.83867642356904	-324.8488812233594	-280.88258635502126	-237.01588491837182	-194.3907958321103	-154.16486748792127	-117.4443896777329	-85.20194699167081	-58.18230415031387	-36.80564727982408	-21.084164995511795	-10.576176905407836	-4.408918858341439	-1.4002975236751205	-0.2892438566075025	-0.027966505590589164	-0.0005430379754105209	-7.561834494689604e-8	0.	0.	0.	0.	0.	0.	0.	0.	0.	0.	0.	0.	0.	0.	0.	0.	0.	0.	0.	0.	0.	0.	0.	0.	0.	0.	0.	0.	0.	0.	0.	0.	0.	0.	0.	0.	0.	0.	0.	0.	0.	0.	0.	0.	0.	0.	0.	0.	0.	0.	0.	-47864.26816770298	-157269.18399506353	-220361.40610254233	-271816.675883024
-6.740256929400558	-53.86517959103243	-100.72420753319643	-147.08262787555446	-192.70205733558194	-237.3389220478507	-280.7431583057192	-322.6572079203551	-362.8153844424997	-400.9436893475586	-436.7601602080161	-469.9758355631467	-500.2964232447465	-527.424759813352	-551.0641478408706	-570.9226541998011	-586.7184452174762	-598.1862221798523	-605.0848015234022	-607.2058560978144	-604.3837943917634	-596.5067007417512	-583.5281872779381	-565.4799137115673	-542.4844091884794	-514.7676765433416	-482.67086908421754	-446.6601007211014	-407.33318288710177	-365.42178368927745	-321.78719550412785	-277.4076149299724	-233.35465129523178	-190.7567977222735	-150.74799301082788	-114.4004205509621	-82.64266241436127	-56.16764251549143	-35.33980433657818	-20.117734668429932	-10.016167655685864	-4.137244799178884	-1.2986473092143196	-0.26401727116147333	-0.024939253186179317	-0.0004656140333779567	-5.9300731296127397e-8	0.	0.	0.	0.	0.	0.	0.	0.	0.	0.	0.	0.	0.	0.	0.	0.	0.	0.	0.	0.	0.	0.	0.	0.	0.	0.	0.	0.	0.	0.	0.	0.	0.	0.	0.	0.	0.	0.	0.	0.	0.	0.	0.	0.	0.	0.	0.	0.	0.	0.	0.	-117734.00709453496	-192492.37111843427	-248745.4172908355
-6.654131031583077	-53.18185374949512	-99.4701790137874	-145.3075081284307	-190.4784321860087	-234.76212260714297	-277.93091530463596	-319.74915348430306	-359.9723566988387	-398.3467867579738	-434.60948427949256	-468.48885279851277	-499.70587011878035	-527.9760085787748	-553.0119465900597	-574.527152512762	-592.2404178089406	-605.8814083796113	-615.1972896897653	-619.9604610277416	-619.9774049423899	-615.098617003738	-605.2295254761286	-590.342236675055	-570.4878455985994	-545.8089284327574	-516.5516792829579	-483.07696422434844	-445.8693396279303	-405.5428207612518	-362.84190007814715	-318.6360236977816	-273.9054800089032	-229.71650636749277	-187.18349156432515	-147.41661441470958	-111.4543557153682	-80.18236963514212	-54.24356315599905	-33.94920761990705	-19.207465278665623	-9.492932719155883	-3.885810640464482	-1.205676378749465	-0.2413048736287861	-0.02227545279707417	-0.0004000625568071677	-4.664898924361664e-8	0.	0.	0.	0.	0.	0.	0.	0.	0.	0.	0.	0.	0.	0.	0.	0.	0.	0.	0.	0.	0.	0.	0.	0.	0.	0.	0.	0.	0.	0.	0.	0.	0.	0.	0.	0.	0.	0.	0.	0.	0.	0.	0.	0.	0.	0.	0.	0.	0.	0.	-54968.76387728056	-160582.71940681175	-223379.1196614163
-6.562682183495139	-52.45555529784816	-98.13371973923385	-143.40713895768096	-188.08188298662992	-231.95845870599305	-274.83030933874596	-316.48254036627367	-356.69093165252775	-395.22129859205137	-431.8292684105959	-466.2605411499614	-498.2517081096136	-527.5317032695184	-553.8239650613305	-576.8493862516644	-596.3301279686345	-611.9943691766866	-623.5820540963867	-630.8516858133008	-633.5881929321803	-631.6118655299019	-624.7883143188524	-613.0393498402192	-596.354603156822	-574.8036119645707	-548.5479720931886	-517.8529999624006	-483.0981635132161	-444.7853164044035	-403.54351604735115	-360.1289310742548	-315.41807133367996	-270.3923464529322	-226.11185000787034	-183.6763902493584	-144.17231627106867	-108.6048591170547	-77.81782511766106	-52.405877251503235	-32.62956674456621	-18.349617592832704	-9.003681193575662	-3.65288031413705	-1.1205413270889828	-0.22082626125150964	-0.019927285464451255	-0.0003444367273556383	-3.680724530866958e-8	0.	0.	0.	0.	0.	0.	0.	0.	0.	0.	0.	0.	0.	0.	0.	0.	0.	0.	0.	0.	0.	0.	0.	0.	0.	0.	0.	0.	0.	0.	0.	0.	0.	0.	0.	0.	0.	0.	0.	0.	0.	0.	0.	0.	0.	0.	0.	0.	0.	0.	-120133.71857381443	-194837.84373884567
-6.466325100052766	-51.68962365934547	-96.72119398741928	-141.39109225979908	-185.52544537579428	-228.94474537973394	-271.4622913518134	-312.8828289228294	-353.0014401199415	-391.60273925153723	-428.46043388892065	-463.3373135418707	-495.9857321550703	-526.1486538130235	-553.5613336978373	-577.9537079687742	-599.0535662789355	-616.5905784204996	-630.3012412218536	-639.9348022111063	-645.260201343665	-646.0740495762976	-642.2096311880449	-633.5468730037292	-620.0231651133302	-601.644840891547	-578.4990253258004	-550.7654359155408	-518.7275660402281	-482.78249409010675	-443.4483425824285	-401.3681642578318	-357.3087689693728	-312.15275112858006	-266.8817776622211	-222.5491255912168	-180.23963274045894	-141.01581519612887	-105.8501444365901	-75.54565632544312	-50.65048855960644	-31.37680893903189	-17.540709462646483	-8.545852689146907	-3.4368826954966547	-1.042489650050143	-0.20233544204241305	-0.017853757050947106	-0.00029712934372633817	-2.912693186311538e-8	0.	0.	0.	0.	0.	0.	0.	0.	0.	0.	0.	0.	0.	0.	0.	0.	0.	0.	0.	0.	0.	0.	0.	0.	0.	0.	0.	0.	0.	0.	0.	0.	0.	0.	0.	0.	0.	0.	0.	0.	0.	0.	0.	0.	0.	0.	0.	0.	0.	-55881.302890194645	-161648.69760183425
-6.365468757292703	-50.887351208987766	-95.23887253087808	-139.2687910211815	-182.82193922340159	-225.73750299517877	-267.8474286556601	-308.97500206778307	-348.9336459651118	-387.5259847724303	-424.5432294791902	-459.76493870169	-492.9592157478407	-523.883405073242	-552.2853547229467	-577.9053138483006	-600.4785357367128	-619.7386564399529	-635.4219163326134	-647.2722858944135	-655.0475465855004	-658.5263614899726	-657.5163468038585	-651.8631220442942	-641.4602718373865	-626.2600921123842	-606.2849154284855	-581.6387102324849	-552.5185234592152	-519.2251817473966	-482.1724815995941	-441.89388363381624	-399.0454860560883	-354.40380125409115	-308.8566238177673	-263.38510542176107	-219.03511847857231	-176.87621364905766	-137.9471255624331	-103.1880842686909	-73.36242360722642	-48.973418625370996	-30.187078871752533	-16.777501312361544	-8.117098155090613	-3.236394892672915	-0.9708491205348492	-0.18561625424749958	-0.016019650870190822	-0.0002568100863523179	-2.3114778355098914e-8	0.	0.	0.	0.	0.	0.	0.	0.	0.	0.	0.	0.	0.	0.	0.	0.	0.	0.	0.	0.	0.	0.	0.	0.	0.	0.	0.	0.	0.	0.	0.	0.	0.	0.	0.	0.	0.	0.	0.	0.	0.	0.	0.	0.	0.	0.	0.	0.	0.	-119579.96267436435
-6.260515134440255	-50.051973291914415	-93.69291429239331	-137.04948318714304	-179.98393532513043	-222.3529171502266	-264.0058578337906	-304.783509953543	-344.5166797840323	-383.0251905815561	-420.11712548404086	-455.58840017774514	-489.2227192049069	-520.791973527388	-550.0571405123743	-576.7697505953946	-600.67398715559	-621.5094871651481	-639.014909387054	-652.9323335835907	-663.0125474722112	-669.0212669153761	-670.7463176828039	-668.0057823937485	-660.6570818933814	-648.6069139096393	-631.8219105409081	-610.3397967394105	-584.2807310351537	-553.8583838556058	-519.3901550934688	-481.30574942739594	-440.15311690398397	-396.6005336117271	-351.43335816011194	-305.5437824942444	-259.9117493074484	-215.57521124234887	-173.5881773324415	-134.96569761320086	-100.61629924059233	-71.26466881118607	-47.37082443257798	-29.05673531338392	-16.05698141789666	-7.715262051739145	-3.050127255299573	-0.905018481638828	-0.17047843883617858	-0.014394651818370642	-0.00022237500179131785	-1.839429626931335e-8	0.	0.	0.	0.	0.	0.	0.	0.	0.	0.	0.	0.	0.	0.	0.	0.	0.	0.	0.	0.	0.	0.	0.	0.	0.	0.	0.	0.	0.	0.	0.	0.	0.	0.	0.	0.	0.	0.	0.	0.	0.	0.	0.	0.	0.	0.	0.	0.	-50425.84453976091
-6.151858065270069	-49.18665910604098	-92.08934957407983	-134.74221774539038	-177.0237248862711	-218.80680191897682	-259.9572416135214	-300.33221947519417	-339.7789787291114	-378.13371749109047	-415.22071932871205	-450.8517718557331	-484.8259216886606	-516.9296178900198	-546.9372997638947	-574.6124883399866	-599.7094438058427	-621.9754531691228	-641.1538131026451	-656.9875716748787	-669.2240887804516	-677.6204676616691	-681.9498978373559	-682.0089316538182	-677.625690865073	-668.6689641124941	-655.0581085119529	-636.7736059997878	-613.8680445446113	-586.4771925251639	-554.8307083440052	-519.2618741838878	-480.21556178117004	-438.2534313108955	-394.0551394436436	-348.4141056615542	-302.22618710388275	-256.46949217876914	-212.1736016819647	-170.37678182344285	-132.07053239700716	-98.13223051899266	-69.24895312017134	-45.83901011344357	-27.982345518430904	-15.37635131226434	-7.338365857356814	-2.8769099386092387	-0.8444592879149654	-0.1567542664791392	-0.012952612249261345	-0.00019290570665167546	-1.4677142570651761e-8	0.	0.	0.	0.	0.	0.	0.	0.	0.	0.	0.	0.	0.	0.	0.	0.	0.	0.	0.	0.	0.	0.	0.	0.	0.	0.	0.	0.	0.	0.	0.	0.	0.	0.	0.	0.	0.	0.	0.	0.	0.	0.	0.	0.	0.	0.	0.	0.
-6.039882198431967	-48.29450344767937	-90.43406486610705	-132.3558230475928	-173.95329184570133	-215.1145665119694	-255.72072979244612	-295.64436865582155	-334.7482324268481	-372.8840656507143	-409.89165196514875	-445.598108579792	-479.817474546704	-512.3506397753304	-542.9856655585877	-571.4985510659841	-597.6545036047916	-621.2097731690843	-641.9141135289613	-659.5139324015826	-673.7561915146917	-684.3931128976146	-691.1877396100217	-693.9203862246125	-692.3959953398848	-686.4523895405069	-675.9693715409908	-660.8785763853417	-641.173915828697	-616.9223734144791	-588.2748061811524	-555.476282488733	-518.8753330235755	-478.93131323287605	-436.2188731360989	-391.42831315477196	-345.360389878997	-298.9139551364885	-253.06471754059572	-208.83348888405607	-167.24263714079692	-129.2602772499212	-95.73319857595698	-67.31188614963352	-44.37443401484239	-26.960678012009613	-14.733011553389781	-6.9845928704654465	-2.7156808694711265	-0.7886887475220589	-0.14429563602926146	-0.011670935272189773	-0.00016763634633299064	-1.1741745201029603e-8	0.	0.	0.	0.	0.	0.	0.	0.	0.	0.	0.	0.	0.	0.	0.	0.	0.	0.	0.	0.	0.	0.	0.	0.	0.	0.	0.	0.	0.	0.	0.	0.	0.	0.	0.	0.	0.	0.	0.	0.	0.	0.	0.	0.	0.	0.	0.
-5.924962065652771	-47.37851931276481	-88.73278922657747	-129.8988873669701	-170.78428805262303	-211.2911853914713	-251.31492426296202	-290.7425259302557	-329.451334918629	-367.3078161952576	-404.16653448454	-439.86935069882827	-474.24487393174724	-507.10821113230156	-538.2610603785155	-567.4921974532105	-594.578409020677	-619.2859288869587	-641.3724363108523	-660.5896767516203	-676.686765329148	-689.4142310486677	-698.5288547736004	-703.7993451073226	-705.0128826300243	-701.9825430137008	-694.5555815829762	-682.6225241955726	-666.1269592320965	-645.0758606552477	-619.5501894955876	-589.7154178791078	-555.8314931843114	-518.2616083659084	-477.4789680633168	-434.07054244451433	-388.7365912890808	-342.28453838951214	-295.6156139452019	-249.70261386643136	-205.5572318852442	-164.18582186154117	-126.53330496572698	-93.41645060023316	-65.45014797973963	-42.97371216171756	-25.98869431135654	-14.12454801569429	-6.652274249963046	-2.565474972353059	-0.7372734370273604	-0.13297157453992445	-0.01053005554979929	-0.00014592675966490216	-9.417288834405628e-9	0.	0.	0.	0.	0.	0.	0.	0.	0.	0.	0.	0.	0.	0.	0.	0.	0.	0.	0.	0.	0.	0.	0.	0.	0.	0.	0.	0.	0.	0.	0.	0.	0.	0.	0.	0.	0.	0.	0.	0.	0.	0.	0.	0.	0.	0.
-5.807461256022611	-46.441631340501566	-86.99108221292461	-127.37974167472393	-167.52801128835128	-207.3511718366052	-246.757848132483	-285.64855430745905	-323.91434252816276	-361.43558033102545	-398.08088439190294	-433.70624152002165	-468.1543509689442	-501.25422569626573	-532.8210939238763	-562.6566461364347	-590.5496763728406	-616.2771701361004	-639.6058942424113	-660.294546158057	-678.096521460845	-692.7633575411206	-704.048908934711	-711.7143040180924	-715.533723278335	-715.3010248691672	-710.8372223048979	-701.9987902702076	-688.6867356735414	-670.8563199685326	-648.5272528499327	-621.7940939438541	-590.8364953094916	-555.9287910818501	-517.4482900560272	-475.881453133641	-431.82694466650446	-385.9943452565306	-339.19712347163164	-292.3383195418551	-246.38735034581688	-202.3464848657483	-161.20598126427473	-123.88777929790956	-91.1791985368104	-63.660505489136845	-41.63361895058136	-25.063539988613975	-13.548718810493353	-6.339876224081053	-2.4254145250283106	-0.6898237773223617	-0.12266607975825976	-0.009513001236653055	-0.0001272406244877387	-7.571672708098014e-9	0.	0.	0.	0.	0.	0.	0.	0.	0.	0.	0.	0.	0.	0.	0.	0.	0.	0.	0.	0.	0.	0.	0.	0.	0.	0.	0.	0.	0.	0.	0.	0.	0.	0.	0.	0.	0.	0.	0.	0.	0.	0.	0.	0.	0.
-5.687731693950726	-45.48667008105889	-85.2143233346666	-124.80644459911687	-164.19538609579445	-203.3085549307121	-242.06691891048334	-280.3835803480559	-318.16243753118783	-355.2969556007881	-391.6690710397003	-427.14825677201804	-461.59077797540675	-494.8391721032276	-526.7219901971863	-557.0538402928213	-585.6357774596486	-612.2560886383908	-636.6915237577563	-658.7090273996439	-678.0680272367073	-694.5233362120073	-707.8287244903632	-717.7412139870967	-724.026142027303	-726.4630304860902	-724.8522814769382	-719.0226989188102	-708.8398054774756	-694.2148845037007	-675.1146244474289	-651.5711763247508	-623.6923505172354	-591.671574912243	-555.7971100926765	-516.4598678481543	-474.1590081540939	-429.5043017320177	-383.21405192340376	-336.1071918346131	-289.08804616704964	-243.1222279515306	-199.2023122620278	-158.30240985919716	-121.32170901692882	-89.0186494012722	-61.93982410824453	-40.3510857383468	-24.182535384519753	-13.003441898107575	-6.045988393207	-2.2947005255609865	-0.645989173693428	-0.1132762551694271	-0.008605023595275431	-0.00011112761244997575	-6.1024231021677904e-9	0.	0.	0.	0.	0.	0.	0.	0.	0.	0.	0.	0.	0.	0.	0.	0.	0.	0.	0.	0.	0.	0.	0.	0.	0.	0.	0.	0.	0.	0.	0.	0.	0.	0.	0.	0.	0.	0.	0.	0.	0.	0.	0.	0.
-5.56611301782047	-44.51636706658348	-83.4077029881216	-122.18676951696571	-160.79694736259628	-199.17685990820655	-237.25892568974098	-274.9679678716964	-312.2198974781936	-348.9204890588112	-384.9642697456763	-420.233545270308	-454.59758942113274	-487.91202663281206	-520.0184408242808	-550.744247206745	-579.9028674719607	-607.2942524379787	-632.7057997308416	-655.9137172314223	-676.68488557903	-694.779274694638	-709.9529696829032	-721.9618601104232	-730.566042933638	-735.5349825124995	-736.6534602692361	-733.7283305030021	-726.596076281276	-715.1311285638575	-699.2548708609261	-678.9451985949826	-654.2464345147492	-625.2793164786993	-592.2506692993475	-555.4622462765359	-515.3180779494421	-472.32949720191783	-427.11682691446197	-380.40653108719016	-333.02246491505474	-285.86975042792284	-239.90980921634252	-196.12528670989312	-155.4741206986493	-118.83299239164606	-86.93202923553905	-60.28507590512603	-39.1231978565045	-23.3431662064618	-12.486783423331518	-5.769313049301973	-2.172604963364922	-0.6054537357939348	-0.10471069533469364	-0.0077932831840413185	-0.00009720877987247074	-4.929811806544097e-9	0.	0.	0.	0.	0.	0.	0.	0.	0.	0.	0.	0.	0.	0.	0.	0.	0.	0.	0.	0.	0.	0.	0.	0.	0.	0.	0.	0.	0.	0.	0.	0.	0.	0.	0.	0.	0.	0.	0.	0.	0.	0.	0.
-5.44293205589083	-43.53335064309027	-81.57621482566117	-119.52819371433203	-157.3428265828119	-194.9690917800814	-232.35001022991582	-269.4212962666555	-306.11006998774735	-342.33364707541296	-377.99842413760575	-412.99888004443784	-447.2167164643589	-480.5201637999844	-512.763481986967	-543.7866890621416	-573.4155539949294	-601.4618939110579	-627.7242194108937	-651.988775049592	-674.0310250138133	-693.6176363577791	-710.5090135417618	-724.4624380591472	-735.2358651547504	-742.5924254165121	-746.3056716101694	-746.1655995743068	-741.9854552456361	-733.6093163683862	-720.9204058995189	-703.8500522291048	-682.3871573146854	-656.5879651363003	-626.5858371944968	-592.6006368735287	-554.9471988015911	-514.0422126337578	-470.40868521293896	-424.676967258626	-377.5811536698518	-329.94951338232954	-282.68751333665546	-236.7520296609959	-193.11557231639048	-152.71990350107538	-116.41945366479833	-84.91660183867174	-58.69334474896786	-37.94719047165677	-22.543074184650408	-11.996946783023951	-5.508655434937382	-2.0584638977443603	-0.5679325043120339	-0.09688808570487104	-0.007066583435643579	-0.00008516457773000361	-3.991627556192431e-9	0.	0.	0.	0.	0.	0.	0.	0.	0.	0.	0.	0.	0.	0.	0.	0.	0.	0.	0.	0.	0.	0.	0.	0.	0.	0.	0.	0.	0.	0.	0.	0.	0.	0.	0.	0.	0.	0.	0.	0.	0.	0.
-5.318502395574049	-42.54014257935886	-79.72464950519387	-116.83788954215473	-153.8427407070554	-190.69772213279396	-227.3556518185377	-263.76234325348116	-299.8553528167268	-335.56279148015483	-370.80221627762177	-405.4796192370064	-439.488534007021	-472.70928321893877	-505.00839267007376	-536.2382017040819	-566.2367025979294	-594.8276453148114	-621.8209475447062	-647.0134534183567	-670.1900874963482	-691.1254534096174	-709.5859286144622	-725.3323078105183	-738.1230472589192	-747.7181600347348	-753.8838075361984	-756.3976245924393	-755.0548033157149	-749.6749433518931	-740.1096518938716	-726.2508443739973	-708.0396539893947	-685.4758032898773	-658.6272215745157	-627.6396055755328	-592.7455158208969	-554.2724758479452	-512.6493962342753	-468.4104829750049	-422.1956171587106	-374.7460240860052	-326.89390908399054	-279.5446631689422	-233.65029342281346	-190.17299540439765	-150.03837331358727	-114.07887284064557	-82.96968321270951	-57.16182915839058	-36.82044362562541	-21.780047913479617	-11.532262418101274	-5.26291486704696	-1.9516712571846069	-0.5331681207201031	-0.08973598650437661	-0.006415144018965159	-0.00007472498704217294	-3.23919039611867e-9	0.	0.	0.	0.	0.	0.	0.	0.	0.	0.	0.	0.	0.	0.	0.	0.	0.	0.	0.	0.	0.	0.	0.	0.	0.	0.	0.	0.	0.	0.	0.	0.	0.	0.	0.	0.	0.	0.	0.	0.	0.
-5.193124041873608	-41.53915534211313	-77.85758975978123	-114.12271748326324	-150.30598347752	-186.37467897877224	-222.29065576942736	-258.0090719321924	-293.47717897859883	-328.633161732806	-363.4050441272738	-397.70967612207505	-431.451819304993	-464.5233513260755	-496.8026121924124	-528.153918514672	-558.4272750891419	-587.458316605974	-615.0685157686388	-641.0656975853199	-665.244902936466	-687.3896475805504	-707.2736253353969	-724.6629060137716	-739.3186794808073	-751.0005965363217	-759.4707547060599	-764.4983718301404	-765.8651817975733	-763.3715739555587	-756.8434794873936	-746.1399830486165	-731.1616045849403	-711.8591526958297	-688.2429951107114	-660.3925216328712	-628.4654881250887	-592.7068249186268	-553.4563683726312	-511.15483070546054	-466.3471639147989	-419.6823063374319	-371.9081398829116	-323.8603572863617	-276.4438816922254	-230.60555528374445	-187.2971045617545	-147.42801117626107	-111.80900989107778	-81.0886525024956	-55.68784332883274	-35.74047671769133	-21.0520139687853	-11.09117831061876	-5.0310766537155365	-1.8516732817213224	-0.500927884811594	-0.08318977483864957	-0.005830407667675652	-0.00006566138349125201	-2.6343038418325322e-9	0.	0.	0.	0.	0.	0.	0.	0.	0.	0.	0.	0.	0.	0.	0.	0.	0.	0.	0.	0.	0.	0.	0.	0.	0.	0.	0.	0.	0.	0.	0.	0.	0.	0.	0.	0.	0.	0.	0.	0.
-5.067083160483235	-40.532690079388324	-75.97940672255292	-111.38922103955632	-146.7414191331853	-182.01133952184747	-217.16914539679973	-252.17862191719553	-286.99600667446225	-321.56886281221136	-355.83500590925877	-389.72149762316855	-423.1437212389642	-456.00455668164784	-488.19367520959645	-519.5869768811087	-550.0461969902433	-579.4187109180709	-607.5375702232914	-634.2218062188374	-659.2770406602112	-682.4964463859225	-703.6621036441368	-722.5468002115111	-738.9163250042665	-752.5323053741281	-763.1556372665225	-770.5505543885437	-774.4893768620226	-774.7579707512042	-771.1619364151799	-763.5335247093321	-751.7392542996231	-735.6881691818464	-715.3406311131453	-690.7174850724575	-661.9093649729929	-629.0858196233388	-592.5038337141198	-552.5151946047896	-509.5720137737023	-464.229555713122	-417.14536516741157	-369.07353141289406	-320.8528117247546	-273.3872959858598	-227.61839100476533	-184.48722156614463	-144.8871980284465	-109.60762430833267	-79.27096007463108	-54.26881674064937	-34.70494263472284	-20.357028363508377	-10.672251158729226	-4.8122047362686375	-1.7579635389755002	-0.4710011519422134	-0.07719172301921642	-0.005304875219207634	-0.00005777981248347269	-2.146916959554476e-9	0.	0.	0.	0.	0.	0.	0.	0.	0.	0.	0.	0.	0.	0.	0.	0.	0.	0.	0.	0.	0.	0.	0.	0.	0.	0.	0.	0.	0.	0.	0.	0.	0.	0.	0.	0.	0.	0.	0.
-4.940651900823317	-39.52293522816657	-74.09425743832611	-108.64362334201167	-143.15747836158948	-177.61852568893414	-212.00455728986225	-246.2873043539732	-280.43131377637644	-314.39285848919627	-348.11889093825266	-381.54605072508673	-414.5997394092587	-447.1932776784743	-479.22716255693734	-510.588445009807	-541.1502511862118	-570.7714736391647	-599.2966620792839	-626.5561465444569	-652.3664292126881	-676.5308843599984	-698.8408090453565	-719.0768698303975	-737.0109930080484	-752.4087471606961	-765.0322670664794	-774.643766609982	-781.009684918742	-783.9055038069191	-783.1212649864818	-778.4678014625612	-769.7836779316108	-756.9428085080305	-739.8626851571954	-718.5131050393567	-692.9252276290379	-663.2007209553149	-629.5206686832253	-592.1538046429164	-551.4635180268712	-507.9129324935916	-462.06720952175294	-414.5920699795666	-366.2473839888237	-317.8745746714808	-270.3765577862672	-224.68905760247125	-181.74248452670216	-142.41424290803295	-107.47249078275817	-77.51413326951571	-52.90229267369576	-33.711621689348014	-19.69326838251781	-10.27413819720922	-4.605434993260151	-1.6700784519204008	-0.44319702814052797	-0.0716901943431648	-0.004831964480893278	-0.00005091541746974907	-1.7533255992236918e-9	0.	0.	0.	0.	0.	0.	0.	0.	0.	0.	0.	0.	0.	0.	0.	0.	0.	0.	0.	0.	0.	0.	0.	0.	0.	0.	0.	0.	0.	0.	0.	0.	0.	0.	0.	0.	0.	0.
-4.8140882941276715	-38.51196572297375	-72.2060836834078	-105.89182538151135	-139.56215636661292	-173.2065022698808	-206.80963970087416	-240.35060059480247	-273.8015965981795	-307.1269696535607	-340.282176479093	-373.2128162097444	-405.853712269016	-438.128061576137	-469.9466664508566	-501.207267071286	-531.7939950405292	-561.5769714978642	-590.4120762860646	-618.1409178634943	-644.5910369137665	-669.5763798665855	-692.8980817083129	-714.3456004027748	-733.6982477984835	-750.7271638587258	-765.1977821508997	-776.872834437435	-785.515940505726	-790.8958255412376	-792.7912007505818	-790.9963327819414	-785.3273129092357	-775.6290165901879	-761.7827169371033	-743.714279839432	-721.4028226027248	-694.8896599075393	-664.2872887961322	-629.7880764657763	-591.6722095913451	-550.314341444653	-506.18823480955706	-459.86854929713047	-412.0287707247318	-363.4341446907304	-314.9283839563716	-267.41291203612104	-221.817544982217	-179.06188438902004	-140.00740633390427	-105.40141165827049	-75.81578026808222	-51.58592589203074	-32.7584154897691	-19.059024820689604	-9.895589628231846	-4.409969147452017	-1.587593283185928	-0.41734232666592697	-0.06663894030432611	-0.004405889260562947	-0.000044927813502456694	-1.4347843791868682e-9	0.	0.	0.	0.	0.	0.	0.	0.	0.	0.	0.	0.	0.	0.	0.	0.	0.	0.	0.	0.	0.	0.	0.	0.	0.	0.	0.	0.	0.	0.	0.	0.	0.	0.	0.	0.	0.
-4.687636221582105	-37.50174276348242	-70.31861066986174	-103.13940575511542	-135.9630129166445	-168.7849775003981	-201.59645385083013	-234.38316430225868	-267.12437267516714	-299.7918773500112	-332.34903020680196	-364.7497891453455	-396.93781354196403	-428.8456138588717	-460.3937686938505	-491.4902248550134	-522.0296985491377	-551.8931984600517	-580.9476943861672	-609.0459581265532	-636.0266064469956	-661.7143791504147	-685.9206884483508	-708.4444788820559	-729.0734398434746	-747.5856151311125	-763.7514557304984	-777.336362864169	-788.1037679734605	-795.8187942519099	-800.2525401252713	-801.1870180252369	-798.4207711367164	-791.775175628184	-781.1014149119801	-766.2880846874156	-747.2693510292412	-724.0335371759203	-696.6319559502025	-665.1877321214735	-629.9042708275748	-591.0729233007535	-549.0792795726295	-504.40738150139174	-457.6410035187519	-409.4610030969364	-360.6376157361571	-312.01648863169453	-264.4972560941485	-219.00362014371316	-176.4442957828801	-137.66491962547315	-103.39222671250799	-74.17359243812962	-50.31747971151399	-31.843340835577894	-18.45269463568566	-9.535441625606234	-4.225069221375501	-1.5101185267557447	-0.39327975428143713	-0.06199648553305931	-0.004021555494756809	-0.000039697237344208905	-1.1764325602046518e-9	0.	0.	0.	0.	0.	0.	0.	0.	0.	0.	0.	0.	0.	0.	0.	0.	0.	0.	0.	0.	0.	0.	0.	0.	0.	0.	0.	0.	0.	0.	0.	0.	0.	0.	0.	0.
-4.5615254474533655	-36.49411410084137	-68.43534961058481	-100.39162182028431	-132.36717423411332	-164.3631059181517	-196.3763779507638	-228.39882674216452	-260.4161872693517	-292.40713018228854	-324.3423178353745	-356.18348558986924	-387.88255622290956	-419.38079697096475	-450.6080306357196	-481.4819142789845	-511.907301347402	-541.775705575097	-570.9648876907423	-599.3385888270315	-626.7464375127397	-653.0240602163353	-677.9934285313091	-701.4634791736329	-723.2310458984731	-743.0821451038748	-760.7936591030935	-776.1354625976895	-788.8730384965755	-798.7706285588661	-805.5949619636959	-809.1196003009921	-809.1299299870072	-805.4288219516407	-797.8429626757791	-786.2298391527405	-770.4853317944703	-750.5518321962943	-726.4267553416494	-698.1712564917669	-665.918889901438	-629.8838581026758	-590.3683958711482	-547.7687123743051	-502.57878067477276	-455.391121327238	-406.8935869906359	-357.8610360975795	-309.14071475867433	-261.6301908678932	-216.24686500543282	-173.8885030489218	-135.38500079758086	-101.44282071997011	-72.58534546146674	-49.09482262146415	-30.9645237105848	-17.872774017379818	-9.192609875374886	-4.050052491450861	-1.4372966633252808	-0.37086629957276657	-0.05772558872759108	-0.0036744719014821106	-0.00003512133700762655	-9.664605050557585e-10	0.	0.	0.	0.	0.	0.	0.	0.	0.	0.	0.	0.	0.	0.	0.	0.	0.	0.	0.	0.	0.	0.	0.	0.	0.	0.	0.	0.	0.	0.	0.	0.	0.	0.	0.
-4.435971712132673	-35.49081480229388	-66.55959731857529	-97.65341214853042	-128.78133658553696	-159.94949331927376	-191.16011373292548	-222.41060502347128	-253.69262331331657	-284.9911557395441	-316.2836154963724	-347.5389549725339	-378.716803473978	-409.76663755886733	-440.6269937405025	-471.2247352407539	-501.47438659097674	-531.2775521987838	-560.5224375016813	-589.0834939900756	-616.8212122266872	-643.5820899285724	-669.1988052097036	-693.4906281286752	-716.2641066723444	-737.3140661268691	-756.4249633069653	-773.3726391583148	-787.9265145961652	-799.8522748170864	-808.915086373008	-814.8833885954527	-817.5332959714817	-816.6536401509504	-812.0516686188763	-803.5594007515484	-791.0406198708639	-774.3984507147732	-753.5834339685373	-728.6019615145053	-699.5248761344304	-666.4959658602933	-629.7399946154064	-589.5698064662545	-546.3919212076776	-500.709906749224	-453.12467490070367	-404.3307129498588	-355.10715284552225	-306.302522603719	-258.81206496254055	-213.54670874777574	-171.39322215809457	-133.1658675710713	-99.55112918193768	-71.04889949020769	-47.91592459753383	-30.120193425108614	-17.31785186885309	-8.86608361614791	-3.8842868948463773	-1.3687992404211673	-0.3499717991677487	-0.0537927695087279	-0.0033606729944884403	-0.000031112488994202534	-7.954610761254893e-10	0.	0.	0.	0.	0.	0.	0.	0.	0.	0.	0.	0.	0.	0.	0.	0.	0.	0.	0.	0.	0.	0.	0.	0.	0.	0.	0.	0.	0.	0.	0.	0.	0.	0.
-4.311176880042615	-34.49346845381133	-64.69443951707613	-94.92940016996687	-125.21177143078818	-155.5522036415239	-185.95769528452325	-216.43071304087346	-246.96831450480607	-277.56127570216785	-308.1932264498613	-338.83979764311584	-369.4677857747526	-400.0343413813775	-430.48618968119484	-460.7588934240598	-490.77616990987394	-520.4492762693936	-549.6764794021602	-578.3426294742485	-606.318858509805	-633.4624284258484	-659.6167557523236	-684.6116432515005	-708.2637516210971	-730.3773473567792	-750.7453655540644	-769.150828808387	-785.368665247799	-799.1679698808417	-810.3147535802495	-818.5752227992378	-823.7196300950876	-825.526730178396	-823.7888678616898	-818.3177121575233	-808.950633928358	-795.5577018033738	-778.0492412582387	-756.3838633396109	-730.5768209050599	-700.7084897747415	-666.9326982622177	-629.4845398928572	-588.6872001588849	-544.9572096407056	-498.80740569925774	-450.8467496893438	-401.77601807396064	-352.37828351409576	-303.50305636634414	-256.0430127917662	-210.9024554477248	-168.95711913316245	-131.00574795631297	-97.71514254444737	-69.56219853666624	-46.77885321518424	-29.308676945431184	-16.786603688786098	-8.55492014361048	-3.7271868472338725	-1.304324242687342	-0.3304776607658196	-0.05016789254835255	-0.0030766526372230335	-0.000027595551974565978	-6.559235985970435e-10	0.	0.	0.	0.	0.	0.	0.	0.	0.	0.	0.	0.	0.	0.	0.	0.	0.	0.	0.	0.	0.	0.	0.	0.	0.	0.	0.	0.	0.	0.	0.	0.	0.
-4.187329137416237	-33.503588760946926	-62.84275373555383	-92.22389890110269	-121.66433199108963	-151.17876760091934	-180.77849997712758	-210.4705748765131	-240.25696126568857	-270.1337242879011	-300.09020172049685	-330.1081870892186	-360.16112370113353	-390.2133151131666	-420.2191589744592	-450.12241277373766	-479.85550179516594	-509.3388815303413	-538.4804689300158	-567.1751591875442	-595.30444720839	-622.7361755643456	-649.3244334806807	-674.9096342641454	-699.3188014860988	-722.3660971285832	-743.8536276971943	-763.5725668930592	-781.3046356754232	-796.8239822554309	-809.8995055123505	-820.2976652292896	-827.7858210500408	-832.1361387215657	-833.130096467511	-830.5636155796186	-824.2528267234494	-814.0404660878257	-799.802872253624	-781.4575242359994	-758.9710221231109	-732.367362528628	-701.7363000854277	-667.2415119294366	-629.1281934065828	-587.7296096917205	-543.4720106238046	-496.87718812144965	-448.56182394712073	-399.2326526713987	-349.67637062462774	-300.7431874152819	-253.32298746852817	-208.31330767182934	-166.57882549220062	-128.90288879661384	-95.93290917310055	-68.12326926488963	-45.68176965048039	-28.5283934364986	-16.27778584148785	-8.258239745084524	-3.578209433320749	-1.2435937215734447	-0.31227572453860714	-0.04682380152978573	-0.0028193065990943242	-0.000024505982203775893	-5.418380296925655e-10	0.	0.	0.	0.	0.	0.	0.	0.	0.	0.	0.	0.	0.	0.	0.	0.	0.	0.	0.	0.	0.	0.	0.	0.	0.	0.	0.	0.	0.	0.	0.	0.
-4.064603235057036	-32.52258150884837	-61.007213069006966	-89.54091664991802	-118.14446109714864	-146.83619291067012	-175.63126128699528	-204.54084041971325	-233.57134928258924	-262.72366970500735	-291.9923642614217	-321.3648963407737	-350.8208557452287	-380.3311942970927	-409.8574772155109	-439.3511574672528	-468.7528819042825	-497.9918397827182	-526.9851662044006	-555.637415155533	-583.8401191142442	-611.4714546417111	-638.3960359894185	-664.464861466103	-689.5154401187134	-713.3721291255836	-735.8467151159923	-756.7392753312555	-775.8393570158848	-792.9275155283137	-807.7772532052724	-820.1574017698733	-829.8349907506077	-836.5786426160864	-840.1625316838752	-840.3709377888173	-837.0034165176314	-829.8805948221052	-818.8505828456987	-803.7959691243302	-784.6413352131588	-761.3611862190918	-733.9881439316262	-702.6211877760228	-667.433654214711	-628.6806165292696	-586.705163768805	-541.9429815388379	-494.92451153172885	-446.2738388356926	-396.70333879832145	-347.0030293609321	-298.02355188201483	-250.65178918482917	-205.77838659600607	-164.25695115775784	-126.85556259888521	-94.20253730943092	-66.73021932165767	-44.62292463647131	-27.777849034806927	-15.790230198377074	-7.975221031716669	-3.436850935497321	-1.1863516570642842	-0.2952672467652559	-0.04373599652765081	-0.0025858828143102866	-0.00002178824937749574	-4.483845498083282e-10	0.	0.	0.	0.	0.	0.	0.	0.	0.	0.	0.	0.	0.	0.	0.	0.	0.	0.	0.	0.	0.	0.	0.	0.	0.	0.	0.	0.	0.	0.	0.
-3.943160771307067	-31.55174684334517	-59.1902905366255	-86.88416359463164	-114.65720018172381	-142.5309759145315	-170.52408330526876	-198.65140296803222	-226.92337035206845	-255.34523828709686	-283.916336260307	-312.6293280986696	-341.46947061041317	-370.4138767530857	-399.4307880499203	-428.4788622785988	-457.5064839138351	-486.45110642309504	-515.2386373012972	-543.7828786750962	-571.9850384344181	-599.7333291322859	-626.9026743149703	-653.3545445341884	-678.9369479642112	-703.4846033077362	-726.8193254554503	-748.7506571026923	-769.076782133136	-787.585758938781	-804.0571138099426	-818.2638359111587	-829.9748159231567	-838.9577698831365	-844.9826877308601	-847.8258421178685	-847.2743866149071	-843.1315628811677	-835.2225229054542	-823.4007539847495	-807.5550698634125	-787.6170998092805	-763.5691672471186	-735.4523992472765	-703.3748462492952	-667.5193165267372	-628.1505412490708	-585.6211833402732	-540.3760884880932	-492.95405314337484	-443.9862602283891	-394.1904216812788	-344.359589264617	-295.34458334993644	-248.02908968787835	-203.29674914507066	-161.99009521024115	-124.86207292845383	-92.52219619658268	-65.38123531973194	-43.60065442840122	-27.055631861278666	-15.322839133202995	-7.705096637699685	-3.3026436691306955	-1.1323620271112682	-0.2793619915670087	-0.040882349273914424	-0.0023739382424587466	-0.00001939450252892746	-3.7168953989766887e-10	0.	0.	0.	0.	0.	0.	0.	0.	0.	0.	0.	0.	0.	0.	0.	0.	0.	0.	0.	0.	0.	0.	0.	0.	0.	0.	0.	0.	0.	0.