0.	0.	0.	0.	0.	0.	0.	0.	0.	0.	0.	0.	0.	0.	0.	0.	0.	0.	0.	0.	0.	0.	0.	0.	0.	0.	0.	0.	0.	0.	0.	0.	0.	0.	0.	0.	0.	0.	0.	0.	0.	0.	0.	0.	0.	0.	0.	0.	0.	0.	0.	0.	0.	0.	0.	0.	0.	0.	0.	0.	0.	0.	0.	0.	0.	0.	0.	0.	0.	0.	0.	0.	0.	0.	0.	0.	0.	0.	0.	0.	0.	0.	0.	0.	0.	-132354.79160253596	-193327.85942711195	-241613.6179808732	-283533.6017234952	-322170.55466617254	-358279.2975812776	-392677.0927393593	-425853.8332956852	-458211.59050198464	-489491.72179687995	-520668.4737629165	-551294.0268767744	-581233.271956019	-611002.5574055503	-640980.1885171873	-670725.985749775
-1.4511562979657422	0.	0.	0.	0.	0.	0.	0.	0.	0.	0.	0.	0.	0.	0.	0.	0.	0.	0.	0.	0.	0.	0.	0.	0.	0.	0.	0.	0.	0.	0.	0.	0.	0.	0.	0.	0.	0.	0.	0.	0.	0.	0.	0.	0.	0.	0.	0.	0.	0.	0.	0.	0.	0.	0.	0.	0.	0.	0.	0.	0.	0.	0.	0.	0.	0.	0.	0.	0.	0.	0.	0.	0.	0.	0.	0.	0.	0.	0.	0.	0.	0.	0.	0.	0.	-131909.70585606832	-192753.58036176025	-241230.43785522215	-283328.02026702394	-321815.8376292339	-357984.36045974906	-392543.50555028446	-425789.3446548347	-458143.68376789364	-489420.7123084642	-520594.52096684434	-551217.3446245085	-580961.3615422804	-610920.9985473877	-640747.9068591669	-670639.9952274932
-2.8348196092708107	-5.942551810870234	0.	0.	0.	0.	0.	0.	0.	0.	0.	0.	0.	0.	0.	0.	0.	0.	0.	0.	0.	0.	0.	0.	0.	0.	0.	0.	0.	0.	0.	0.	0.	0.	0.	0.	0.	0.	0.	0.	0.	0.	0.	0.	0.	0.	0.	0.	0.	0.	0.	0.	0.	0.	0.	0.	0.	0.	0.	0.	0.	0.	0.	0.	0.	0.	0.	0.	0.	0.	0.	0.	0.	0.	0.	0.	0.	0.	0.	0.	0.	0.	0.	0.	0.	-130401.08114958295	-191748.52067210426	-240184.8580125024	-282677.9153789759	-321324.73219965753	-357367.1813699595	-392013.94369379675	-425242.00518846395	-457399.1956724086	-488766.6718101136	-519997.6668616826	-550390.4366188657	-580759.052374159	-610712.5703541507	-640260.4773054953	-669735.6802563142
-4.186394296301485	-19.534099059840365	-4.192083609425239	0.	0.	0.	0.	0.	0.	0.	0.	0.	0.	0.	0.	0.	0.	0.	0.	0.	0.	0.	0.	0.	0.	0.	0.	0.	0.	0.	0.	0.	0.	0.	0.	0.	0.	0.	0.	0.	0.	0.	0.	0.	0.	0.	0.	0.	0.	0.	0.	0.	0.	0.	0.	0.	0.	0.	0.	0.	0.	0.	0.	0.	0.	0.	0.	0.	0.	0.	0.	0.	0.	0.	0.	0.	0.	0.	0.	0.	0.	0.	0.	0.	0.	-128259.58184406017	-190186.71712806282	-239000.2728019233	-281523.213876967	-320126.61893945956	-356376.2315543664	-390735.39803386456	-423925.4224223803	-456616.29290591535	-487849.4101640265	-519005.12683066836	-549467.5567199191	-579789.8173036984	-609743.695428907	-639441.1374283913	-669382.5246374108
-5.52106233046402	-32.87159985997342	-23.807819816295304	-2.4112768300206517	0.	0.	0.	0.	0.	0.	0.	0.	0.	0.	0.	0.	0.	0.	0.	0.	0.	0.	0.	0.	0.	0.	0.	0.	0.	0.	0.	0.	0.	0.	0.	0.	0.	0.	0.	0.	0.	0.	0.	0.	0.	0.	0.	0.	0.	0.	0.	0.	0.	0.	0.	0.	0.	0.	0.	0.	0.	0.	0.	0.	0.	0.	0.	0.	0.	0.	0.	0.	0.	0.	0.	0.	0.	0.	0.	0.	0.	0.	0.	0.	0.	-125060.57925288803	-187850.18972858952	-237069.7063838421	-279518.55537227815	-318769.125700777	-354993.613870335	-389523.40657079266	-422982.56885800586	-455182.5587280916	-486803.1739472427	-517654.0876920409	-548497.31451097	-578721.477344439	-608722.7186282463	-638524.3612290567	-668236.5323535884
-6.839996844772711	-45.37822509119256	-48.99498633188885	-21.49826411913384	-1.3335665402556525	0.	0.	0.	0.	0.	0.	0.	0.	0.	0.	0.	0.	0.	0.	0.	0.	0.	0.	0.	0.	0.	0.	0.	0.	0.	0.	0.	0.	0.	0.	0.	0.	0.	0.	0.	0.	0.	0.	0.	0.	0.	0.	0.	0.	0.	0.	0.	0.	0.	0.	0.	0.	0.	0.	0.	0.	0.	0.	0.	0.	0.	0.	0.	0.	0.	0.	0.	0.	0.	0.	0.	0.	0.	0.	0.	0.	0.	0.	0.	0.	-120518.1335509047	-184962.76388681622	-234825.60669897948	-277635.3162913606	-316617.79278965335	-352967.358337797	-387759.027808092	-421087.8260503768	-453801.3814208573	-485466.47117415216	-516527.7636941271	-546827.7243805275	-577179.3749670261	-607237.2796527684	-637349.8685421726	-666584.0218303015
-8.141710323496095	-57.229943272168505	-74.5239923418132	-53.39582230725017	-17.398791816269835	-0.7390167125503695	0.	0.	0.	0.	0.	0.	0.	0.	0.	0.	0.	0.	0.	0.	0.	0.	0.	0.	0.	0.	0.	0.	0.	0.	0.	0.	0.	0.	0.	0.	0.	0.	0.	0.	0.	0.	0.	0.	0.	0.	0.	0.	0.	0.	0.	0.	0.	0.	0.	0.	0.	0.	0.	0.	0.	0.	0.	0.	0.	0.	0.	0.	0.	0.	0.	0.	0.	0.	0.	0.	0.	0.	0.	0.	0.	0.	0.	0.	0.	-115137.20431598982	-181449.91848604684	-231841.97421346107	-275045.2057648901	-314124.96359503624	-351024.3832957544	-385462.0913939649	-419009.793467266	-451481.8131081983	-483149.3027784887	-514672.72171984706	-545207.6805180843	-575347.53899493	-605266.4201645239	-635302.6860832976	-665070.8924589829
-9.423957340563105	-68.57714137714879	-99.14330074761929	-89.77951954260101	-51.12137901080313	-13.429379679067566	-0.4156050142536667	0.	0.	0.	0.	0.	0.	0.	0.	0.	0.	0.	0.	0.	0.	0.	0.	0.	0.	0.	0.	0.	0.	0.	0.	0.	0.	0.	0.	0.	0.	0.	0.	0.	0.	0.	0.	0.	0.	0.	0.	0.	0.	0.	0.	0.	0.	0.	0.	0.	0.	0.	0.	0.	0.	0.	0.	0.	0.	0.	0.	0.	0.	0.	0.	0.	0.	0.	0.	0.	0.	0.	0.	0.	0.	0.	0.	0.	0.	-108719.76567990912	-177234.23081996356	-228290.4210632011	-271858.9117661027	-311365.4812161583	-348236.04320187523	-383225.39893190534	-416663.47469059017	-449435.5094998305	-481329.14720343973	-512299.2051071922	-543187.7807317588	-573370.3008466475	-603797.4072302951	-633228.0191802364	-663156.3131041592
-10.684250388112467	-79.5098706026577	-122.64741438537051	-126.83986401515833	-94.47607113696148	-45.85790657929891	-10.147817315052253	-0.23810327535076092	0.	0.	0.	0.	0.	0.	0.	0.	0.	0.	0.	0.	0.	0.	0.	0.	0.	0.	0.	0.	0.	0.	0.	0.	0.	0.	0.	0.	0.	0.	0.	0.	0.	0.	0.	0.	0.	0.	0.	0.	0.	0.	0.	0.	0.	0.	0.	0.	0.	0.	0.	0.	0.	0.	0.	0.	0.	0.	0.	0.	0.	0.	0.	0.	0.	0.	0.	0.	0.	0.	0.	0.	0.	0.	0.	0.	0.	-100466.09261799608	-171902.76914778416	-224194.5859825317	-268322.4578709755	-308154.0128208348	-345062.33239648846	-380123.2199227154	-414017.6092988879	-446987.9882331055	-478519.3747933858	-509909.7561808177	-540732.7266579551	-571179.5704415872	-600994.5398631889	-631054.3756610309	-660804.0313356133
-11.920045538633568	-90.07801473457258	-145.07798959665942	-163.11423427805818	-141.64802979757619	-92.48237545692463	-39.6903318977797	-7.602030835808006	-0.1390600366240305	0.	0.	0.	0.	0.	0.	0.	0.	0.	0.	0.	0.	0.	0.	0.	0.	0.	0.	0.	0.	0.	0.	0.	0.	0.	0.	0.	0.	0.	0.	0.	0.	0.	0.	0.	0.	0.	0.	0.	0.	0.	0.	0.	0.	0.	0.	0.	0.	0.	0.	0.	0.	0.	0.	0.	0.	0.	0.	0.	0.	0.	0.	0.	0.	0.	0.	0.	0.	0.	0.	0.	0.	0.	0.	0.	0.	-90518.24476900809	-166157.99246026616	-219047.49012057498	-264010.86492968845	-304256.1395079282	-341701.2831974056	-377060.54669526016	-410997.8411838649	-443723.6683415519	-475823.34419939975	-507204.14169917343	-538070.7690980447	-568447.7771301514	-598353.7208911605	-628289.1213550819	-658424.1299545293
-13.128824691365471	-100.30730653119326	-166.51845590756395	-198.08133242996803	-189.58521091067544	-146.7311820864657	-86.75231924372684	-33.65615327063125	-5.682923091373552	-0.08274893693173122	0.	0.	0.	0.	0.	0.	0.	0.	0.	0.	0.	0.	0.	0.	0.	0.	0.	0.	0.	0.	0.	0.	0.	0.	0.	0.	0.	0.	0.	0.	0.	0.	0.	0.	0.	0.	0.	0.	0.	0.	0.	0.	0.	0.	0.	0.	0.	0.	0.	0.	0.	0.	0.	0.	0.	0.	0.	0.	0.	0.	0.	0.	0.	0.	0.	0.	0.	0.	0.	0.	0.	0.	0.	0.	0.	-77851.96895986632	-159214.80061443572	-213940.44884329673	-259648.21993610426	-300180.40826337185	-338019.8424996222	-373376.0356332503	-407684.1155100754	-440366.1351095962	-472301.91350704053	-504104.3602721071	-534578.2151619658	-565059.9272328764	-595279.3264431461	-625741.1211118825	-655496.347898605
-14.308138808699786	-110.20904395845615	-187.0429313876076	-231.58412258483045	-236.79663621786642	-204.2204124971802	-145.1647494154148	-79.24595473808988	-28.205481450798455	-4.254573356795012	-0.050121384860253713	0.	0.	0.	0.	0.	0.	0.	0.	0.	0.	0.	0.	0.	0.	0.	0.	0.	0.	0.	0.	0.	0.	0.	0.	0.	0.	0.	0.	0.	0.	0.	0.	0.	0.	0.	0.	0.	0.	0.	0.	0.	0.	0.	0.	0.	0.	0.	0.	0.	0.	0.	0.	0.	0.	0.	0.	0.	0.	0.	0.	0.	0.	0.	0.	0.	0.	0.	0.	0.	0.	0.	0.	0.	0.	-60894.40507694939	-151355.5347044181	-207956.95990494697	-254310.4639226695	-295590.339829843	-333624.4897103112	-369555.4655993576	-403548.6899738916	-436789.8592221028	-468898.3513116771	-500569.34012854105	-531286.0675499095	-561937.6358415785	-592341.8903964182	-622192.9281133554	-652185.9402588956
-15.455634177936897	-119.78582578471455	-206.70671275285954	-263.6027807939025	-282.57396745114283	-262.3779122533859	-209.75967496958725	-139.3924075395784	-71.16696609653583	-23.483870708247	-3.1963653853518674	-0.030867753224613353	0.	0.	0.	0.	0.	0.	0.	0.	0.	0.	0.	0.	0.	0.	0.	0.	0.	0.	0.	0.	0.	0.	0.	0.	0.	0.	0.	0.	0.	0.	0.	0.	0.	0.	0.	0.	0.	0.	0.	0.	0.	0.	0.	0.	0.	0.	0.	0.	0.	0.	0.	0.	0.	0.	0.	0.	0.	0.	0.	0.	0.	0.	0.	0.	0.	0.	0.	0.	0.	0.	0.	0.	0.	-34547.76959104471	-142419.58863666645	-200982.5130218646	-248568.4321972953	-290492.54462774534	-328965.8133888233	-365102.86942247575	-399337.2162783062	-432518.37970794505	-465118.4155308406	-496709.4773149797	-527581.2895536432	-558512.5207178432	-588564.9515882921	-618838.1976322274	-648706.9898590702
-16.569070315275265	-129.0350019206029	-225.547716725255	-294.16472186253986	-326.59221478810747	-319.751642240792	-277.02122873757446	-208.7319462208013	-131.18821014279376	-63.20874879068294	-19.489653633858445	-2.4124858319338776	-0.019307691618531502	0.	0.	0.	0.	0.	0.	0.	0.	0.	0.	0.	0.	0.	0.	0.	0.	0.	0.	0.	0.	0.	0.	0.	0.	0.	0.	0.	0.	0.	0.	0.	0.	0.	0.	0.	0.	0.	0.	0.	0.	0.	0.	0.	0.	0.	0.	0.	0.	0.	0.	0.	0.	0.	0.	0.	0.	0.	0.	0.	0.	0.	0.	0.	0.	0.	0.	0.	0.	0.	0.	0.	0.	0.	-131907.10588365668	-193419.00777484174	-242062.80523666457	-284532.9030330105	-323561.01022515266	-360045.41892373096	-394596.22845915525	-428009.9641583509	-460652.37828305026	-492514.8181229568	-523481.04561822413	-554345.0596152747	-584750.3328129842	-615072.5059894441	-644903.7406693146
-17.64633323753773	-137.95081309384142	-243.5902063440595	-323.30904792750465	-368.71336009132165	-375.53380568659634	-344.71256292340627	-283.08067945399506	-203.20670158414603	-121.77253203043912	-55.7405992468243	-16.157104954221712	-1.830416468966748	-0.012253111448779214	0.	0.	0.	0.	0.	0.	0.	0.	0.	0.	0.	0.	0.	0.	0.	0.	0.	0.	0.	0.	0.	0.	0.	0.	0.	0.	0.	0.	0.	0.	0.	0.	0.	0.	0.	0.	0.	0.	0.	0.	0.	0.	0.	0.	0.	0.	0.	0.	0.	0.	0.	0.	0.	0.	0.	0.	0.	0.	0.	0.	0.	0.	0.	0.	0.	0.	0.	0.	0.	0.	0.	0.	-119511.44095188999	-184955.61674468103	-234973.4005689577	-278278.5717727687	-317807.2247667337	-354391.004874463	-389846.3135539194	-423103.80422523397	-456075.222635813	-487802.1768034304	-519070.72407848353	-550262.7792053174	-580750.2563233654	-610830.3775938337	-640785.161817549
-18.68544584223253	-146.52576112224602	-260.8484044208726	-351.0731284756242	-408.8898475603137	-429.28053970278785	-411.44473231129217	-359.4963485612323	-282.68891634299246	-194.77365372622216	-111.95100798248781	-48.93408750187241	-13.398642716602069	-1.3965184730335332	-0.007881962766240721	0.	0.	0.	0.	0.	0.	0.	0.	0.	0.	0.	0.	0.	0.	0.	0.	0.	0.	0.	0.	0.	0.	0.	0.	0.	0.	0.	0.	0.	0.	0.	0.	0.	0.	0.	0.	0.	0.	0.	0.	0.	0.	0.	0.	0.	0.	0.	0.	0.	0.	0.	0.	0.	0.	0.	0.	0.	0.	0.	0.	0.	0.	0.	0.	0.	0.	0.	0.	0.	0.	0.	-105143.14832504785	-175212.79538074863	-227188.24178602948	-271609.0837682348	-311404.917496542	-348660.42960927176	-383938.0250461276	-418142.046284258	-450755.59907606797	-483024.1668896617	-514656.40904563677	-545309.2089975916	-575998.7776688454	-606473.1100117228	-636472.4243289247
-19.684576260348706	-154.75151365135713	-277.3294474633176	-377.48829690601633	-447.11683989827446	-480.75333576747005	-476.3639259591189	-435.99254773487826	-366.13964649720464	-277.6291827302266	-184.6059345005198	-102.23431025141544	-42.84448162874874	-11.125167854467524	-1.0715381647939914	-0.0051346553246702595	0.	0.	0.	0.	0.	0.	0.	0.	0.	0.	0.	0.	0.	0.	0.	0.	0.	0.	0.	0.	0.	0.	0.	0.	0.	0.	0.	0.	0.	0.	0.	0.	0.	0.	0.	0.	0.	0.	0.	0.	0.	0.	0.	0.	0.	0.	0.	0.	0.	0.	0.	0.	0.	0.	0.	0.	0.	0.	0.	0.	0.	0.	0.	0.	0.	0.	0.	0.	0.	0.	-86990.26887737255	-164833.85374178074	-218997.49037727885	-264020.679682705	-304802.0963018216	-342428.529173382	-377971.9839910553	-412531.6952911025	-445470.6593754587	-477668.4948195303	-509126.05920489685	-540418.6273958917	-571240.526008464	-601739.6294387614	-631849.9538003639
-20.642044634876605	-162.61951807515328	-293.0356670256404	-402.5792560052099	-483.40857063671774	-529.8299638326085	-538.9492172620969	-511.25123464004537	-451.0231971389788	-366.47458418310214	-269.32451562589716	-173.54358597371282	-92.9300675185733	-37.461626299617635	-9.255023552172846	-0.8268642014469787	-0.0033847641948672774	0.	0.	0.	0.	0.	0.	0.	0.	0.	0.	0.	0.	0.	0.	0.	0.	0.	0.	0.	0.	0.	0.	0.	0.	0.	0.	0.	0.	0.	0.	0.	0.	0.	0.	0.	0.	0.	0.	0.	0.	0.	0.	0.	0.	0.	0.	0.	0.	0.	0.	0.	0.	0.	0.	0.	0.	0.	0.	0.	0.	0.	0.	0.	0.	0.	0.	0.	0.	0.	-62507.77685297509	-152536.3761082033	-209481.1725880643	-255935.34590329175	-297518.27269032615	-335811.61545854155	-371950.7450225896	-406282.0568610753	-439611.1058113861	-472209.4864426192	-504120.45428392384	-535243.726954867	-565957.1017608361	-596323.1868019046	-626915.1650307142
-21.556328567655825	-170.12142788479983	-307.96631568119386	-426.3648988560925	-517.7867830213088	-576.4542720534528	-598.8865993392943	-584.4053612297855	-535.5502044730276	-458.3148595911659	-362.05795460537666	-258.875682916232	-162.1721867639331	-84.20952786528203	-32.7410190247634	-7.717194957189874	-0.6416464379862907	-0.0022561539512998305	0.	0.	0.	0.	0.	0.	0.	0.	0.	0.	0.	0.	0.	0.	0.	0.	0.	0.	0.	0.	0.	0.	0.	0.	0.	0.	0.	0.	0.	0.	0.	0.	0.	0.	0.	0.	0.	0.	0.	0.	0.	0.	0.	0.	0.	0.	0.	0.	0.	0.	0.	0.	0.	0.	0.	0.	0.	0.	0.	0.	0.	0.	0.	0.	0.	0.	0.	0.	-7847.654295272719	-138748.21141717606	-199042.84063350843	-247402.23412003764	-289833.80435057345	-328656.78314810235	-365173.18366875086	-399993.67171341996	-433682.04323559446	-466096.8548083527	-498348.8827219092	-529381.9259264136	-560482.1893773488	-591137.6632181447	-621262.3782648289
-22.426067382982684	-177.24940415068372	-322.11886460682194	-448.8595683389742	-550.275300698334	-620.6077535797649	-655.9913654384712	-654.8886475010866	-618.4752716359894	-550.9194411179348	-459.4633885533959	-354.16608241339776	-247.11445800790517	-150.888435032674	-76.15437375325132	-28.622376471883445	-6.451717613711716	-0.5006591077134174	-0.001519651149633207	0.	0.	0.	0.	0.	0.	0.	0.	0.	0.	0.	0.	0.	0.	0.	0.	0.	0.	0.	0.	0.	0.	0.	0.	0.	0.	0.	0.	0.	0.	0.	0.	0.	0.	0.	0.	0.	0.	0.	0.	0.	0.	0.	0.	0.	0.	0.	0.	0.	0.	0.	0.	0.	0.	0.	0.	0.	0.	0.	0.	0.	0.	0.	0.	0.	0.	0.	0.	-122692.85890844285	-187832.06570688906	-237880.79735331825	-281523.213876967	-320810.8149088835	-357959.18171898753	-393107.3858523824	-426970.9110082052	-459912.38360153	-491979.9382958954	-523456.3122690231	-554629.5206906418	-585397.6946915552	-615944.293428447
-23.25006528744284	-183.99633123685956	-335.48997847242765	-470.07434843804515	-580.89771938463	-662.2934031708668	-710.1602859143526	-722.3352526452624	-698.9390111191516	-642.6609509408922	-558.9246027365061	-455.84148041567687	-343.81968093887286	-234.65694360253644	-139.95166509562046	-68.78892255334411	-25.040427960259525	-5.40883785691537	-0.39274522075502677	-0.0010336923221594906	0.	0.	0.	0.	0.	0.	0.	0.	0.	0.	0.	0.	0.	0.	0.	0.	0.	0.	0.	0.	0.	0.	0.	0.	0.	0.	0.	0.	0.	0.	0.	0.	0.	0.	0.	0.	0.	0.	0.	0.	0.	0.	0.	0.	0.	0.	0.	0.	0.	0.	0.	0.	0.	0.	0.	0.	0.	0.	0.	0.	0.	0.	0.	0.	0.	0.	0.	-103483.46434853993	-175185.60503195395	-227729.0413240416	-272297.67462202586	-312631.9920090279	-350040.85512298346	-386003.50730853406	-420109.6013994381	-453089.63798475225	-485537.10736327496	-517424.91032033466	-548497.31451097	-579587.7325237055	-609788.9588731026
-24.027293487851924	-190.35597176119276	-348.07624844460327	-490.01823035737635	-609.6766711330911	-701.5265803908884	-761.3420324641368	-786.5135895900188	-776.3533570673178	-732.3663935541082	-658.4513609778575	-560.9703134314245	-448.5970756113539	-331.81978655327123	-221.95075183038833	-129.52294397145596	-62.101936455988614	-21.930943125245104	-4.547709377006841	-0.30969415016889984	-0.0007096940146056058	0.	0.	0.	0.	0.	0.	0.	0.	0.	0.	0.	0.	0.	0.	0.	0.	0.	0.	0.	0.	0.	0.	0.	0.	0.	0.	0.	0.	0.	0.	0.	0.	0.	0.	0.	0.	0.	0.	0.	0.	0.	0.	0.	0.	0.	0.	0.	0.	0.	0.	0.	0.	0.	0.	0.	0.	0.	0.	0.	0.	0.	0.	0.	0.	0.	0.	-78327.22830899569	-160549.29390234	-216117.16830718642	-262498.1124643763	-303791.25297251967	-341932.18909094896	-377980.6852920716	-412573.71537949	-446185.22934433946	-478511.60358791874	-510720.5676680276	-542144.0270484532	-573160.8504309838	-603833.4188352196
-24.75689130939476	-196.3230771426622	-359.87474309006546	-508.6991053784864	-636.6338550689924	-738.3298995173844	-809.5188039354521	-847.2827712998629	-850.320821948526	-819.1980880830951	-756.5546565698918	-667.2348483390386	-558.2762455719799	-438.67095661613394	-318.7852282786922	-209.3142389867511	-119.69410264517802	-56.061196981397444	-19.23387713901681	-3.83500923917529	-0.24543457165770863	-0.000491545899060594	0.	0.	0.	0.	0.	0.	0.	0.	0.	0.	0.	0.	0.	0.	0.	0.	0.	0.	0.	0.	0.	0.	0.	0.	0.	0.	0.	0.	0.	0.	0.	0.	0.	0.	0.	0.	0.	0.	0.	0.	0.	0.	0.	0.	0.	0.	0.	0.	0.	0.	0.	0.	0.	0.	0.	0.	0.	0.	0.	0.	0.	0.	0.	0.	0.	-37123.35837822454	-144644.86348939248	-204073.59034374592	-252023.56178333712	-294315.1987518664	-333195.6038001998	-369665.14531062945	-404800.554607877	-438360.6539622856	-471355.8478254596	-503354.335684079	-535176.821455128	-566009.0506638818	-597129.9215816375
-25.438166351488974	-201.89346477649542	-370.883420907598	-526.1245823697052	-661.790412570508	-772.7304434614462	-854.6948684506156	-904.5638893323935	-920.5783710438051	-902.5638903259407	-852.1332771092066	-772.8422338786876	-670.2575823721593	-551.8777691070757	-426.8222409543936	-305.1872085069559	-196.96797626120016	-110.50897262870943	-50.623108870241694	-16.894802548959355	-3.243647389561621	-0.195454266600325	-0.0003432960784306984	0.	0.	0.	0.	0.	0.	0.	0.	0.	0.	0.	0.	0.	0.	0.	0.	0.	0.	0.	0.	0.	0.	0.	0.	0.	0.	0.	0.	0.	0.	0.	0.	0.	0.	0.	0.	0.	0.	0.	0.	0.	0.	0.	0.	0.	0.	0.	0.	0.	0.	0.	0.	0.	0.	0.	0.	0.	0.	0.	0.	0.	0.	0.	0.	0.	-125575.36209353003	-190190.38340974884	-240711.76370560235	-283970.0021652912	-323992.0629889372	-361138.79772289237	-396478.2133251225	-430403.47971689346	-463546.2942738745	-495902.3820981116	-527606.1473360014	-558778.7859294288	-590265.2618504019
-26.07059371716375	-207.0640693209775	-381.1014364748021	-542.3026455907435	-685.1674268335828	-804.7583167459118	-896.8894034507559	-958.3209934915614	-986.9585591238044	-982.0513358702442	-944.3812455691145	-876.4256868134106	-782.4673280580928	-668.6096935864231	-542.6392614128306	-413.6556443102443	-291.37928583734754	-185.05942003942283	-101.97874601864623	-45.73892257008112	-14.865347877258476	-2.7516366465111193	-0.15638225491128976	-0.00024165753775540766	0.	0.	0.	0.	0.	0.	0.	0.	0.	0.	0.	0.	0.	0.	0.	0.	0.	0.	0.	0.	0.	0.	0.	0.	0.	0.	0.	0.	0.	0.	0.	0.	0.	0.	0.	0.	0.	0.	0.	0.	0.	0.	0.	0.	0.	0.	0.	0.	0.	0.	0.	0.	0.	0.	0.	0.	0.	0.	0.	0.	0.	0.	0.	0.	-102074.75192661554	-175189.00382559205	-228290.4210632011	-273241.3125817041	-314073.89637698524	-351845.4080982077	-387732.26915669127	-422232.3519369256	-455536.0511756301	-488411.666343921	-520087.9827727447	-551472.9521318901	-582766.0882637864
-26.65381435285789	-211.83297343859013	-390.52936363280384	-557.242173663802	-706.7864342183742	-834.4459618450251	-936.1320210974379	-1008.5484310953383	-1049.3625972430543	-1057.3799297216453	-1032.7159307440145	-976.9553692434392	-893.2807696283759	-786.5422643217736	-663.2273543090569	-531.2730279040651	-399.64740021170036	-277.6224299333761	-173.68195216467433	-94.0929799497935	-41.35867530460135	-13.103082879039532	-2.341137368924601	-0.1256869066129115	-0.00017139096835878416	0.	0.	0.	0.	0.	0.	0.	0.	0.	0.	0.	0.	0.	0.	0.	0.	0.	0.	0.	0.	0.	0.	0.	0.	0.	0.	0.	0.	0.	0.	0.	0.	0.	0.	0.	0.	0.	0.	0.	0.	0.	0.	0.	0.	0.	0.	0.	0.	0.	0.	0.	0.	0.	0.	0.	0.	0.	0.	0.	0.	0.	0.	0.	-70859.87319284401	-157827.87988101662	-214449.7843990163	-261414.45678391267	-303420.1966163878	-341938.2621763061	-378557.8929481717	-413331.23384835833	-447091.82691218	-479863.6274114122	-512226.0287544265	-544094.4451746693	-575190.1322880964
-27.187632538092227	-216.19942181369524	-399.16935322989667	-570.9533405093789	-726.6698923228649	-861.8278998661406	-972.4599770093703	-1055.262372232456	-1107.741622006096	-1128.3667386874529	-1116.7235553356613	-1073.66451520242	-1001.4422162596097	-903.8078506970957	-786.0458376932761	-654.9034001508829	-518.3597992879385	-385.1684347560935	-264.1054675651069	-162.88941072750634	-86.82740947457319	-37.43360541350772	-11.571116195261906	-1.9976666545035517	-0.10145698953831545	-0.00012242606072362762	0.	0.	0.	0.	0.	0.	0.	0.	0.	0.	0.	0.	0.	0.	0.	0.	0.	0.	0.	0.	0.	0.	0.	0.	0.	0.	0.	0.	0.	0.	0.	0.	0.	0.	0.	0.	0.	0.	0.	0.	0.	0.	0.	0.	0.	0.	0.	0.	0.	0.	0.	0.	0.	0.	0.	0.	0.	0.	0.	0.	0.	0.	0.	-138219.46331106027	-199612.24134770874	-249130.97976430357	-292286.5196136549	-331656.6659335002	-368842.03215394815	-404004.08287639305	-438265.56954343896	-471363.5406743229	-503801.7101656277	-535419.3538915039	-566996.6892536673
-27.67201256779045	-220.1638212960534	-407.0252383820659	-583.4479169590954	-744.8415805419339	-886.9406952161085	-1005.9164342274248	-1098.4951023051904	-1162.083601928154	-1194.9015769246157	-1196.1183754569363	-1165.9906742050905	-1105.9931501603462	-1018.9295463791786	-909.004400664605	-781.8262894684832	-644.3019389683815	-504.36861356789393	-370.50433754691426	-250.9614998873793	-152.70708379758088	-80.14944096554488	-33.91755456143839	-10.237563343198518	-1.7094522504384906	-0.08224216748084408	-0.0000880464931218659	0.	0.	0.	0.	0.	0.	0.	0.	0.	0.	0.	0.	0.	0.	0.	0.	0.	0.	0.	0.	0.	0.	0.	0.	0.	0.	0.	0.	0.	0.	0.	0.	0.	0.	0.	0.	0.	0.	0.	0.	0.	0.	0.	0.	0.	0.	0.	0.	0.	0.	0.	0.	0.	0.	0.	0.	0.	0.	0.	0.	0.	0.	-114233.37659166868	-183413.156492841	-235412.7387380256	-280026.23747719463	-320741.5550576889	-358594.9688078756	-394494.56842811574	-428764.2532675859	-462229.7655841474	-494990.350544672	-526972.5350729473	-558667.1263246317
-28.107074673611443	-223.72772934958755	-414.10259725276956	-594.7394891290156	-761.3269252077567	-909.8230260620878	-1036.5493856309718	-1138.291150818831	-1212.4041253259431	-1256.9290586495167	-1270.7122461837923	-1253.529969976498	-1206.2119013937036	-1130.7550434512355	-1030.4147348876465	-909.7523165132534	-774.6101423448225	-631.9742292706059	-489.6749950014708	-355.87216366606725	-238.280933189377	-143.13996735942868	-74.02197062542322	-30.767706977401044	-9.07497659999269	-1.4669089956237176	-0.06693625824804623	-0.0000637333643296412	0.	0.	0.	0.	0.	0.	0.	0.	0.	0.	0.	0.	0.	0.	0.	0.	0.	0.	0.	0.	0.	0.	0.	0.	0.	0.	0.	0.	0.	0.	0.	0.	0.	0.	0.	0.	0.	0.	0.	0.	0.	0.	0.	0.	0.	0.	0.	0.	0.	0.	0.	0.	0.	0.	0.	0.	0.	0.	0.	0.	0.	-83444.45323608072	-164843.48706528542	-220630.17896296238	-267229.7996852674	-308862.7112349785	-347363.54436743516	-383898.1884343037	-418953.13983026345	-452999.8060017126	-485693.60045829247	-518310.7389239058	-550254.2687110765
-28.493090234230834	-226.8938325277675	-420.40878101089294	-604.843607086884	-776.1532498589446	-930.5157915458329	-1064.4109826343413	-1174.704641610406	-1258.7398688032608	-1314.435554720723	-1340.391940813688	-1336.0018760963576	-1301.564727199363	-1238.39740377057	-1148.9333599762278	-1036.7954038545597	-906.8214346752214	-765.013868278737	-618.3742755944288	-474.576987409384	-341.434338006265	-226.12173256829598	-134.17892773877895	-68.40600028123426	-27.94490152678804	-8.059787735765891	-1.262216666178454	-0.0546913705558038	-0.00004642073621461752	0.	0.	0.	0.	0.	0.	0.	0.	0.	0.	0.	0.	0.	0.	0.	0.	0.	0.	0.	0.	0.	0.	0.	0.	0.	0.	0.	0.	0.	0.	0.	0.	0.	0.	0.	0.	0.	0.	0.	0.	0.	0.	0.	0.	0.	0.	0.	0.	0.	0.	0.	0.	0.	0.	0.	0.	0.	0.	0.	0.	-25933.246602619656	-143714.33672066973	-204550.4105866175	-253388.4762918768	-296256.8210272776	-335829.5759006634	-373317.5218159663	-408498.7558748459	-442773.4097963804	-476118.9318295623	-508964.12333510374	-540858.9874740274
-28.830476327884824	-229.66591637950904	-425.952913008284	-613.7778751055267	-789.3499553370791	-949.0622163174099	-1089.55710929485	-1207.7974560429525	-1301.143922827898	-1367.4396518593787	-1405.1022079957886	-1413.2222159153425	-1391.6668775536186	-1341.1847973921847	-1263.505979700552	-1161.4272306106068	-1038.8682334759246	-900.8771097107123	-753.5565216071292	-603.873316439284	-459.3089625701237	-327.3100261454811	-214.51743569285028	-125.80527031342635	-63.262394218470114	-25.413675028030998	-7.1717899873516195	-1.0889805450915793	-0.04485443842636755	-0.00003401182774837757	0.	0.	0.	0.	0.	0.	0.	0.	0.	0.	0.	0.	0.	0.	0.	0.	0.	0.	0.	0.	0.	0.	0.	0.	0.	0.	0.	0.	0.	0.	0.	0.	0.	0.	0.	0.	0.	0.	0.	0.	0.	0.	0.	0.	0.	0.	0.	0.	0.	0.	0.	0.	0.	0.	0.	0.	0.	0.	0.	0.	-117834.44994274396	-186300.54955883772	-238487.21786260573	-283296.7563770168	-323613.31854242686	-361691.0800058681	-397943.68973506213	-432518.37970794505	-466119.75472415803	-499110.41409523983	-531327.6815817482
-29.119789683502912	-232.04882796682523	-430.74586401255567	-621.5619929161668	-800.9486362304656	-965.5079308635928	-1112.0470991494335	-1237.6379363038266	-1339.6824075828551	-1415.9851179948873	-1464.8330585130443	-1485.082480311601	-1476.2519113747205	-1438.6190818242947	-1373.3176981276063	-1282.4273929101803	-1169.0465413196355	-1037.3327670932417	-892.4897999960904	-740.6722291310923	-588.7728256262147	-444.05331722187674	-313.5843518050962	-203.483380627187	-117.99410272930061	-58.55302619523607	-23.14214253579292	-6.393671041254416	-0.941958866664552	-0.036920076947601396	-0.000025061718064940332	0.	0.	0.	0.	0.	0.	0.	0.	0.	0.	0.	0.	0.	0.	0.	0.	0.	0.	0.	0.	0.	0.	0.	0.	0.	0.	0.	0.	0.	0.	0.	0.	0.	0.	0.	0.	0.	0.	0.	0.	0.	0.	0.	0.	0.	0.	0.	0.	0.	0.	0.	0.	0.	0.	0.	0.	0.	0.	0.	-84373.57758250083	-166161.22772420224	-222040.42619475757	-268870.2205320788	-310749.98673663137	-349941.8894563195	-386658.14341650263	-421618.76518626115	-455796.7336310094	-489302.36316097295	-521573.3939391535
-29.361720089334522	-234.04843201713243	-434.8002074422341	-628.2177558393748	-810.9831407641792	-979.901016945486	-1131.9435294866255	-1264.299945763258	-1374.4319872982342	-1460.1356651033418	-1519.610166829505	-1551.5339522112874	-1555.1476196356402	-1530.3422201339267	-1477.7503923206157	-1398.8358131156963	-1295.973812175577	-1172.5123799014386	-1032.7980567379675	-882.1453559724268	-726.7219190080394	-573.3159123910814	-428.95026364998296	-300.3158181900482	-193.02152144253606	-110.7167903391212	-54.241496560256316	-21.10178452671222	-5.710600311581076	-0.8168440158640246	-0.03049538859243381	-0.000018567433599731258	0.	0.	0.	0.	0.	0.	0.	0.	0.	0.	0.	0.	0.	0.	0.	0.	0.	0.	0.	0.	0.	0.	0.	0.	0.	0.	0.	0.	0.	0.	0.	0.	0.	0.	0.	0.	0.	0.	0.	0.	0.	0.	0.	0.	0.	0.	0.	0.	0.	0.	0.	0.	0.	0.	0.	0.	0.	0.	-13485.04643312376	-142433.5757006524	-204100.9604071212	-253880.40519683165	-296949.4875289233	-337029.37712081504	-374756.9130274413	-410355.35909420566	-444792.92046798003	-478496.061176982	-511568.4638410412
-29.55708332003587	-235.6715616185198	-438.1301578882205	-633.7690204308374	-819.48958117461	-992.2920139913754	-1149.3120519573106	-1287.862163282487	-1405.4780111354771	-1499.9710048232541	-1569.4875680952102	-1612.575470572019	-1628.2571463375957	-1616.1092919021098	-1576.347104825824	-1509.9101739566602	-1418.5451116473482	-1304.877352636253	-1172.460964413453	-1025.7907215904881	-870.2552134661087	-712.0039809892749	-557.6971557558148	-414.10595177575493	-287.54225087411754	-183.12413399683248	-103.94273076670764	-50.29354900112551	-19.267186684661144	-5.109869080835701	-0.7100867898942976	-0.025273562190282713	-0.0000138279187388226	0.	0.	0.	0.	0.	0.	0.	0.	0.	0.	0.	0.	0.	0.	0.	0.	0.	0.	0.	0.	0.	0.	0.	0.	0.	0.	0.	0.	0.	0.	0.	0.	0.	0.	0.	0.	0.	0.	0.	0.	0.	0.	0.	0.	0.	0.	0.	0.	0.	0.	0.	0.	0.	0.	0.	0.	0.	0.	-113795.95060508013	-184475.60747021865	-237083.11613317713	-282672.7144866145	-323590.07040143706	-361981.0318322308	-398510.6342193639	-433674.7832497586	-467418.14076769375	-500720.71745875647
-29.706813644712668	-236.9259642813624	-440.75149570482307	-638.2416412821783	-826.5063012366695	-1002.7338861810018	-1164.2212341734173	-1308.407528731454	-1432.9130912234054	-1535.5838364782057	-1614.5420498905107	-1668.2439448715138	-1695.5441579490657	-1695.7668877820959	-1668.7827179009998	-1615.0891920121335	-1535.891819482945	-1433.180235676272	-1309.7915712975403	-1169.4495602781137	-1016.7634955684014	-857.1660307945386	-696.7637426858273	-542.0709878805941	-399.59916117589034	-275.28553523720996	-173.776653642756	-97.64061975594694	-46.67727987063905	-17.61576162144006	-4.580579637381623	-0.6187550941905093	-0.021013972494397324	-0.000010349880203397597	0.	0.	0.	0.	0.	0.	0.	0.	0.	0.	0.	0.	0.	0.	0.	0.	0.	0.	0.	0.	0.	0.	0.	0.	0.	0.	0.	0.	0.	0.	0.	0.	0.	0.	0.	0.	0.	0.	0.	0.	0.	0.	0.	0.	0.	0.	0.	0.	0.	0.	0.	0.	0.	0.	0.	0.	0.	-74349.18358212753	-161585.04817314108	-219034.9901848313	-266843.1412048543	-309433.39690555586	-348660.42960927176	-386056.85134311585	-421590.31008303404	-456112.8278174192	-489491.72179687995
-29.811955979352838	-237.82024412468272	-442.68148007012496	-641.6633838153275	-832.0738071119606	-1011.2819522210276	-1176.7423972271451	-1326.0227839792485	-1456.8359855819656	-1567.0775094940504	-1654.8687983509278	-1718.606948391954	-1757.021149111767	-1769.235825568683	-1754.839986772634	-1713.9615850243538	-1647.344684209413	-1556.4258090397523	-1443.4038708520077	-1311.29540233056	-1163.9633803947077	-1006.103686149437	-843.1685276704941	-681.2017612228484	-526.5587770058311	-385.4867852005228	-263.555377941703	-164.95983654315503	-91.77933848671188	-43.36320655074773	-16.12747087764763	-4.1133784712444665	-0.5404201555760654	-0.017527108937996944	-7.783994260499878e-6	0.	0.	0.	0.	0.	0.	0.	0.	0.	0.	0.	0.	0.	0.	0.	0.	0.	0.	0.	0.	0.	0.	0.	0.	0.	0.	0.	0.	0.	0.	0.	0.	0.	0.	0.	0.	0.	0.	0.	0.	0.	0.	0.	0.	0.	0.	0.	0.	0.	0.	0.	0.	0.	0.	0.	0.	0.	-135066.3536548512	-199031.35642455067	-250058.6037256664	-294371.5004764888	-335148.2057769842	-372788.42141884204	-409249.84461011237	-444169.02448130713	-478356.1794784124
-29.873657747459855	-238.36380089388928	-443.9387526167133	-644.0638172612088	-836.2346671513047	-1017.9937810711283	-1186.949440786543	-1340.7980727057347	-1477.3506935376602	-1594.5641750092623	-1690.577975558473	-1763.7568847748828	-1812.740172100931	-1836.4973002560164	-1834.390021075959	-1806.2401685709299	-1752.4017356597763	-1673.8347820503764	-1572.177265658028	-1449.8088980759323	-1309.89848028792	-1156.422806709956	-994.141200994594	-828.505423914033	-665.4809943443279	-511.2547708042735	-371.80830560417274	-252.35228244739457	-156.65139565069765	-86.32856053299328	-40.32424216649457	-14.784558213755517	-3.700228308578405	-0.47306472868533034	-0.01466310899710335	-5.881369962164448e-6	0.	0.	0.	0.	0.	0.	0.	0.	0.	0.	0.	0.	0.	0.	0.	0.	0.	0.	0.	0.	0.	0.	0.	0.	0.	0.	0.	0.	0.	0.	0.	0.	0.	0.	0.	0.	0.	0.	0.	0.	0.	0.	0.	0.	0.	0.	0.	0.	0.	0.	0.	0.	0.	0.	0.	0.	-101151.35997933791	-176798.69316169477	-231855.12396469744	-278258.0440029706	-320149.66793054267	-359339.3367379305	-396099.3313131912	-431608.35501351074	-466058.68828199373
-29.893160512490173	-238.5667664732507	-444.54323349629743	-645.4741914857944	-839.033385762285	-1022.9290575203823	-1194.9186518084466	-1352.8265744103737	-1494.5656988462601	-1618.1632934691647	-1721.7919907578741	-1803.806348036564	-1862.7854386769257	-1897.5817475121294	-1907.3763983005997	-1891.7403790989783	-1850.700904774812	-1784.811300056991	-1695.2217189222742	-1583.7465371129715	-1452.9222552471747	-1306.0471338323866	-1147.190512080642	-981.1559554583498	-813.3784626990656	-649.7329480190913	-496.2310567446235	-358.5894301199483	-241.6698941920229	-148.82722986837885	-81.25915232819659	-37.535610144124625	-13.57130035259679	-3.334213923176248	-0.41500889442585004	-0.01230299471205831	-4.463628584952334e-6	0.	0.	0.	0.	0.	0.	0.	0.	0.	0.	0.	0.	0.	0.	0.	0.	0.	0.	0.	0.	0.	0.	0.	0.	0.	0.	0.	0.	0.	0.	0.	0.	0.	0.	0.	0.	0.	0.	0.	0.	0.	0.	0.	0.	0.	0.	0.	0.	0.	0.	0.	0.	0.	0.	0.	-46574.86364724755	-151143.7513598296	-211547.39682228636	-260812.62531047463	-304752.27018277865	-344964.4699297857	-382500.51359045744	-418868.1593746301	-453793.8860157539
-29.871791444920753	-238.43993951840577	-444.51601154847566	-645.9273008916854	-840.5162559633159	-1026.149421772978	-1200.7284957487846	-1362.2041572229755	-1508.5933158485896	-1638.0004022737116	-1748.643290617791	-1838.884390777936	-1907.2673699521526	-1952.5598454213462	-1973.8022137231678	-1970.3625216630533	-1941.9969038288116	-1888.9145622479318	-1811.8454825775993	-1712.1079882958084	-1591.6717364564427	-1453.2097585838098	-1300.1305720683688	-1136.5782271571466	-967.3845765436638	-797.9545543927372	-634.0629109224748	-481.54168420397394	-345.8450400747271	-231.49684192309206	-141.46233906752096	-76.54342258873896	-34.97472215241446	-12.473778171902866	-3.0093770471892807	-0.3648499474343401	-0.010351945675124033	-3.4022026668980874e-6	0.	0.	0.	0.	0.	0.	0.	0.	0.	0.	0.	0.	0.	0.	0.	0.	0.	0.	0.	0.	0.	0.	0.	0.	0.	0.	0.	0.	0.	0.	0.	0.	0.	0.	0.	0.	0.	0.	0.	0.	0.	0.	0.	0.	0.	0.	0.	0.	0.	0.	0.	0.	0.	0.	0.	-119513.8055097496	-189424.84673656014	-242301.38994636267	-287842.7348352578	-329658.17208565644	-368200.5300257602	-404890.34464097506	-440417.5035064622
-29.8109546854847	-237.9947187991221	-443.87923008247213	-645.457338259907	-840.731194797501	-1027.7182872291742	-1204.4593909606247	-1369.0290398303791	-1519.5491072039515	-1654.206074386993	-1771.2725397914044	-1869.1334862364004	-1946.317768583964	-2001.5352002113336	-2033.719491124874	-2042.077103732195	-2026.1418178520205	-1985.8343982172803	-1921.5261872859223	-1834.1046414997527	-1725.0377141110607	-1596.4324752893533	-1451.081366704958	-1292.4869552698005	-1124.8530098735675	-953.0263841847836	-782.3711052010195	-618.5543876518301	-467.2260778646964	-333.5815718987478	-221.81817739500593	-134.53149724687952	-72.1552622272324	-32.621035808961174	-11.47966932276419	-2.7205761850716557	-0.32141358481769516	-0.00873411312713948	-2.603921353612805e-6	0.	0.	0.	0.	0.	0.	0.	0.	0.	0.	0.	0.	0.	0.	0.	0.	0.	0.	0.	0.	0.	0.	0.	0.	0.	0.	0.	0.	0.	0.	0.	0.	0.	0.	0.	0.	0.	0.	0.	0.	0.	0.	0.	0.	0.	0.	0.	0.	0.	0.	0.	0.	0.	0.	-75741.35927002579	-163792.7263786503	-222027.77255866653	-270098.9978556339	-313500.61015148554	-353093.4914415778	-390735.39803386456	-426970.9110082052
-29.71212266427487	-237.24303580881664	-442.6559696420834	-644.0997410878657	-839.7275653723075	-1027.700640534409	-1206.1934680925644	-1373.4014570021864	-1527.5513520649297	-1666.915018211044	-1789.8270964858368	-1894.7070229800117	-1980.085863679603	-2044.638359443796	-2087.2204862012154	-2106.912701991268	-2103.068855070745	-2075.3704389852996	-2023.8854649016141	-1949.130630849748	-1852.134641350019	-1734.4993966344405	-1598.4542487797078	-1446.8965399990127	-1283.4091606586312	-1112.242950524048	-938.2486708000632	-766.740608088543	-603.2728373346113	-453.31185578906394	-321.79893582387166	-212.61649567804366	-128.00974009328567	-68.07020577964079	-30.455903400942557	-10.578061993693456	-2.463367640503253	-0.2837141766374143	-0.007388605430677711	-2.000910820264822e-6	0.	0.	0.	0.	0.	0.	0.	0.	0.	0.	0.	0.	0.	0.	0.	0.	0.	0.	0.	0.	0.	0.	0.	0.	0.	0.	0.	0.	0.	0.	0.	0.	0.	0.	0.	0.	0.	0.	0.	0.	0.	0.	0.	0.	0.	0.	0.	0.	0.	0.	0.	0.	0.	0.	-133273.15022327378	-199570.09316468865	-251119.79529943204	-296218.96683279803	-337456.9891773019	-376121.6482642385	-412636.74551199557
-29.576827433154115	-236.19728716408468	-440.87012900187	-641.8910327125574	-837.5559889217288	-1026.162827774125	-1206.0143169601376	-1375.4233259795267	-1532.7205502695565	-1676.265283086458	-1804.4597132667975	-1915.767210907649	-2008.735037167877	-2082.021873942662	-2134.4305063338447	-2164.945896853105	-2172.778748083105	-2157.414443196218	-2118.666951391899	-2056.7368530978006	-1972.272030019193	-1866.4287193098482	-1740.9294806257758	-1598.113097387078	-1440.9694692201608	-1273.1501359981498	-1098.9422945628892	-923.1913231433813	-751.1545773576431	-588.2688155015449	-439.81714993148165	-310.4920568266916	-203.87280204378766	-121.87271065471322	-64.26543744991304	-28.462419202510013	-9.759288795554504	-2.2339045545110885	-0.2509223492252853	-0.006266367716629127	-1.5434758061421142e-6	0.	0.	0.	0.	0.	0.	0.	0.	0.	0.	0.	0.	0.	0.	0.	0.	0.	0.	0.	0.	0.	0.	0.	0.	0.	0.	0.	0.	0.	0.	0.	0.	0.	0.	0.	0.	0.	0.	0.	0.	0.	0.	0.	0.	0.	0.	0.	0.	0.	0.	0.	0.	0.	-93165.4955412806	-173770.0165023209	-230223.35302231146	-277681.4191151086	-320758.8700205165	-360619.88979004574	-397991.43431472604
-29.406652066183604	-234.87026728393056	-438.5463055320522	-638.8686602733206	-834.2681499515492	-1023.1723304499966	-1204.0067237115475	-1375.1979128716332	-1535.1789531399868	-1682.3975449989352	-1815.3274109310316	-1932.4833071513106	-2032.4400851930855	-2113.85619102111	-2175.5019463349954	-2216.292890327079	-2235.3283597113073	-2231.9353354879313	-2205.7173662608025	-2156.6080624878196	-2084.9282075974847	-1991.4449041632345	-1877.4303097262023	-1744.7163529212203	-1595.7402916013555	-1433.5740333293006	-1261.9277895160803	-1085.1159962253846	-907.9708423471809	-735.6869065532481	-573.5806068828133	-426.7525124282332	-299.65211168461565	-195.56717819999568	-116.09689703055382	-60.719758910951946	-26.62527036250921	-9.014779336330708	-2.0288512031573323	-0.2223384696498731	-0.005327746961816568	-1.1950534864657881e-6	0.	0.	0.	0.	0.	0.	0.	0.	0.	0.	0.	0.	0.	0.	0.	0.	0.	0.	0.	0.	0.	0.	0.	0.	0.	0.	0.	0.	0.	0.	0.	0.	0.	0.	0.	0.	0.	0.	0.	0.	0.	0.	0.	0.	0.	0.	0.	0.	0.	0.	0.	0.	0.	-143380.68578189117	-206984.9853446781	-258185.31683816953	-303038.26050967514	-344023.0401584977	-382621.8821033025
-29.20322217969654	-233.27510180431594	-435.70967596740485	-635.0708313582473	-829.9165972209796	-1018.7975346071872	-1200.2564012475998	-1372.829499447857	-1535.0501149629843	-1685.4544545041322	-1822.5904875276278	-1945.0300929867003	-2051.384901934808	-2140.3262095564082	-2210.60930147214	-2261.102493456415	-2290.821113144047	-2298.9665458764407	-2284.970309337918	-2248.5428923719865	-2189.7267647332073	-2108.952500558393	-2007.0963137175445	-1885.5364237205347	-1746.2044959443176	-1591.6268738525582	-1424.9484067990265	-1249.929401670352	-1070.9037345450997	-892.6838226515681	-720.3967244523757	-559.2364262132131	-414.12247812300376	-289.2675097508285	-187.6792900103698	-110.65978833463139	-57.41353151460946	-24.930594492382692	-8.336929868492033	-1.8453102059888917	-0.19737090290448353	-0.004540584633013471	-9.286165682017914e-7	0.	0.	0.	0.	0.	0.	0.	0.	0.	0.	0.	0.	0.	0.	0.	0.	0.	0.	0.	0.	0.	0.	0.	0.	0.	0.	0.	0.	0.	0.	0.	0.	0.	0.	0.	0.	0.	0.	0.	0.	0.	0.	0.	0.	0.	0.	0.	0.	0.	0.	0.	0.	-104718.59478453899	-181099.57690773634	-236588.81963258202	-283943.9018913043	-326587.4344281591	-366291.3143094449
-28.968197620229194	-231.42518214874698	-432.38587851929384	-630.5363509872931	-824.5545430309434	-1013.1074962055089	-1194.8497158527853	-1368.4230515062168	-1532.4584616839657	-1685.5800342902137	-1826.4116343981402	-1953.5865498123292	-2065.760500116332	-2161.628364897405	-2239.944968610096	-2299.5502291090447	-2339.3989278506792	-2358.5952855040546	-2356.4324132049073	-2332.436544644561	-2286.415713998857	-2218.512203260318	-2129.2576036678925	-2019.6286755809454	-1891.1012974142675	-1745.698611580349	-1586.0279546375918	-1415.2992780104635	-1237.3155680476536	-1056.423433383546	-877.4099493545169	-705.3308173364514	-545.2562540285027	-401.92684252180834	-279.32468174292046	-180.18877028666586	-105.5399692274457	-54.32860219379087	-23.365845791633387	-7.718988345634772	-1.6807606499438588	-0.17551813814396097	-0.003878717008526595	-7.240957048232262e-7	0.	0.	0.	0.	0.	0.	0.	0.	0.	0.	0.	0.	0.	0.	0.	0.	0.	0.	0.	0.	0.	0.	0.	0.	0.	0.	0.	0.	0.	0.	0.	0.	0.	0.	0.	0.	0.	0.	0.	0.	0.	0.	0.	0.	0.	0.	0.	0.	0.	0.	0.	-37123.35837822454	-150791.22418446047	-213159.14958787407	-263590.886080747	-308176.3586724737	-349310.8899751362
-28.703264364822775	-229.33410164009894	-428.6008971783277	-625.3044604090089	-818.2356630270598	-1006.1717055485963	-1187.873412896802	-1362.0838904754055	-1527.5288750532566	-1682.9191177221842	-1826.9551386943078	-1958.3346950428836	-2075.7633016130317	-2177.9681407325306	-2263.715685892541	-2331.833345191879	-2381.2353977301264	-2410.953444233279	-2420.1715135659524	-2408.265847812512	-2374.8492145164273	-2319.8193443603986	-2243.410738444984	-2146.2485962574992	-2029.4029404897158	-1894.4401087438903	-1743.4675940029572	-1579.1667043349528	-1404.8056682290458	-1224.2236972397436	-1041.7743315278906	-862.2145738238222	-690.525678623726	-531.6533650712927	-390.16170466770257	-269.8086981130529	-173.0755033894788	-100.71716867659237	-51.44821981301698	-21.919670652432615	-7.154953265286933	-1.5330054394549215	-0.15635405884184803	-0.0033207917554817167	-5.6652284552533e-7	0.	0.	0.	0.	0.	0.	0.	0.	0.	0.	0.	0.	0.	0.	0.	0.	0.	0.	0.	0.	0.	0.	0.	0.	0.	0.	0.	0.	0.	0.	0.	0.	0.	0.	0.	0.	0.	0.	0.	0.	0.	0.	0.	0.	0.	0.	0.	0.	0.	0.	0.	-112307.59338181028	-186285.46426348537	-241622.7085932261	-288461.3594052892	-331375.1709680581
-28.410126674288705	-227.01559350263915	-424.38094896695566	-619.4146790237384	-811.0138984808916	-998.059853309409	-1179.4143443054984	-1353.9173701583522	-1520.3862916268517	-1677.6168225477745	-1824.386157384928	-1959.458548412442	-2081.5936476012375	-2189.5579277076367	-2282.1394923373723	-2358.1665736006835	-2416.5299951743687	-2456.209843638362	-2476.306535575201	-2476.0763834284435	-2454.9716376426936	-2412.6848001505696	-2349.196743620113	-2264.827804541963	-2160.2905116641473	-2036.7419229194638	-1895.832627224278	-1739.7482763260298	-1571.2380130435918	-1393.6223588238656	-1210.7710957478826	-1027.0396497288555	-847.1509191994394	-676.0092397290043	-518.4355985306919	-378.8203161586306	-260.70375862261704	-166.319832893648	-96.17227499838839	-48.75694683306848	-20.58179307385378	-6.639484765350704	-1.4001264459233018	-0.13951577377673485	-0.002849330769528513	-4.446872202163769e-7	0.	0.	0.	0.	0.	0.	0.	0.	0.	0.	0.	0.	0.	0.	0.	0.	0.	0.	0.	0.	0.	0.	0.	0.	0.	0.	0.	0.	0.	0.	0.	0.	0.	0.	0.	0.	0.	0.	0.	0.	0.	0.	0.	0.	0.	0.	0.	0.	0.	0.	-50500.430664288775	-155467.10015147028	-217199.28250319185	-267627.09030269145	-312338.8361581083
-28.09049953590433	-224.48347106664187	-419.75237481603244	-612.9066505919661	-802.943262783897	-988.8416004209251	-1169.5592002995625	-1344.0285606178325	-1511.155316793069	-1669.8180559768207	-1818.8700518835494	-1957.1432064671355	-2083.454489083232	-2196.6151661943354	-2295.4431141891523	-2378.778502789569	-2445.503124396859	-2494.563622347638	-2524.998833172995	-2535.9713995660595	-2526.803720376948	-2497.018172568618	-2446.3813489160157	-2374.951784509391	-2283.130266975437	-2171.711305981421	-2041.933636951074	-1895.526708210988	-1734.7489089014987	-1562.4118117646676	-1381.8829457236604	-1197.0576758721816	-1012.2889001096081	-832.261965482235	-661.8023292114145	-505.60641193120335	-367.8937705456359	-251.99357526345148	-159.90270919674225	-91.8873264322119	-46.24056974433132	-19.342909808473557	-6.16782655886936	-1.2804462532310765	-0.12469353894003406	-0.0024499854802810775	-3.501577369700477e-7	0.	0.	0.	0.	0.	0.	0.	0.	0.	0.	0.	0.	0.	0.	0.	0.	0.	0.	0.	0.	0.	0.	0.	0.	0.	0.	0.	0.	0.	0.	0.	0.	0.	0.	0.	0.	0.	0.	0.	0.	0.	0.	0.	0.	0.	0.	0.	0.	0.	0.	-116400.44019527886	-189823.36412634	-244913.3045794567	-291726.6778910958
-27.746101428200877	-221.75157045072365	-414.7415346567492	-605.8199947408606	-794.0776536730997	-978.5863538396765	-1158.394247673854	-1332.521941185485	-1499.9598544784544	-1659.6670487840834	-1810.5717754680065	-1951.5740085207578	-2081.550227721448	-2199.3607242917346	-2303.859703501093	-2393.908458050785	-2468.39188035181	-2526.238568508731	-2566.444756428331	-2588.1022581381653	-2590.430553444974	-2572.8130473694982	-2534.8373970667926	-2476.339600840304	-2397.4512630872714	-2298.649059517001	-2180.8048955954414	-2045.2345394813838	-1893.7415774695455	-1728.6523501486172	-1552.8360620856797	-1369.7025466453863	-1183.1683236036654	-997.579880609322	-817.5820575659549	-647.9199009923842	-493.16575403993784	-357.37156148128656	-243.66166975506582	-153.80579045642725	-87.84548432440097	-43.88601067409325	-18.19459490094468	-5.735737420261484	-1.172495485353268	-0.11162239081468119	-0.0021109431169743097	-2.765685908056739e-7	0.	0.	0.	0.	0.	0.	0.	0.	0.	0.	0.	0.	0.	0.	0.	0.	0.	0.	0.	0.	0.	0.	0.	0.	0.	0.	0.	0.	0.	0.	0.	0.	0.	0.	0.	0.	0.	0.	0.	0.	0.	0.	0.	0.	0.	0.	0.	0.	0.	-55247.18442076734	-157827.87988101662	-219597.97196652836	-270083.9864596214
-27.37864743504162	-218.83369596348945	-409.3747072391687	-598.1941646439412	-784.4706725044088	-967.3630499382554	-1146.005076651066	-1319.501104478963	-1486.9227534597353	-1647.306917082727	-1799.6553078907368	-1942.9357814826265	-2076.0856837930173	-2198.017472770639	-2307.626870517039	-2403.8038045941876	-2485.4463962009045	-2551.478246365781	-2600.8692565879005	-2632.66019384492	-2645.9911665725135	-2640.1341112391274	-2614.5292891882855	-2568.8256480235864	-2502.924694512553	-2417.027235514245	-2311.6819430438877	-2187.834156934513	-2046.8726168066453	-1890.6708763847532	-1721.6189665963657	-1542.6394302563622	-1357.1801898820152	-1169.1749627739182	-982.9603936593555	-803.1382747279146	-634.3720667332985	-481.1107866070928	-347.2420330835589	-235.69160244445834	-148.01150745831904	-84.0309943119936	-41.681241796097616	-17.12921311701683	-5.339431066109467	-1.0749848620613358	-0.10007518375134553	-0.001822451792813374	-2.190948667590357e-7	0.	0.	0.	0.	0.	0.	0.	0.	0.	0.	0.	0.	0.	0.	0.	0.	0.	0.	0.	0.	0.	0.	0.	0.	0.	0.	0.	0.	0.	0.	0.	0.	0.	0.	0.	0.	0.	0.	0.	0.	0.	0.	0.	0.	0.	0.	0.	0.	0.	-117832.1174553325	-191197.85744566674	-246495.50176017688
-26.98984273399988	-215.74356842029977	-403.6779951103601	-590.0683116177744	-774.1754516979325	-955.2399470418673	-1132.4763580984659	-1305.068473162663	-1472.1654713311627	-1632.8792510863336	-1786.2831331963885	-1931.412154069972	-2067.26517334714	-2192.8090269181066	-2306.9849631685647	-2408.7176052925734	-2496.9266849521227	-2570.541790969266	-2628.5203691418124	-2669.869192953323	-2693.6694961452386	-2699.1059116751117	-2685.499290471583	-2652.34336813156	-2599.3450956594224	-2526.468234979468	-2433.979520059091	-2322.496273677256	-2193.033816705506	-2047.050276149321	-1886.4854554021276	-1713.7892493149138	-1531.9336666614095	-1344.4009144686904	-1155.1383498414086	-968.469724539513	-788.9515953617353	-621.1649624672327	-469.436480005315	-337.4927418954501	-228.06714624467932	-142.50310079802603	-80.42913959018013	-39.61520359872407	-16.139841671640163	-4.975523399081598	-0.986781263426032	-0.08985678210344439	-0.001576439427745367	-1.7406593060731294e-7	0.	0.	0.	0.	0.	0.	0.	0.	0.	0.	0.	0.	0.	0.	0.	0.	0.	0.	0.	0.	0.	0.	0.	0.	0.	0.	0.	0.	0.	0.	0.	0.	0.	0.	0.	0.	0.	0.	0.	0.	0.	0.	0.	0.	0.	0.	0.	0.	-53960.15133779117	-158268.80151002487	-220172.1075105098
-26.58137647747135	-212.49477655116556	-397.67723511586024	-581.4811572552379	-763.2444912989804	-942.2844283942126	-1117.8916126514164	-1289.3250310036397	-1455.8077571907763	-1616.5237306060274	-1770.6157579211815	-1917.1849332330999	-2055.2916806723665	-2183.9586316382756	-2302.1755566198713	-2408.906578334194	-2503.0998978600132	-2583.7002674816067	-2649.664441593556	-2699.979828191497	-2733.686545497826	-2749.903056657242	-2747.8555065118144	-2726.9108081942045	-2686.613417436609	-2626.725573471413	-2547.270562225648	-2448.578248482022	-2331.331702961815	-2196.613187362309	-2045.9470219849088	-1881.3359151680897	-1705.28616057631	-1520.8157142926887	-1331.437611126796	-1141.109631193205	-954.1399110924481	-775.0378863470393	-608.3014751578648	-458.1361037958351	-328.1107464278098	-220.77241665269543	-137.26463699544453	-77.0261893366642	-37.67772765028993	-15.220199624084746	-4.640986201198872	-0.906887197117094	-0.0807992043203696	-0.001366207026524716	-1.3867920007841194e-7	0.	0.	0.	0.	0.	0.	0.	0.	0.	0.	0.	0.	0.	0.	0.	0.	0.	0.	0.	0.	0.	0.	0.	0.	0.	0.	0.	0.	0.	0.	0.	0.	0.	0.	0.	0.	0.	0.	0.	0.	0.	0.	0.	0.	0.	0.	0.	0.	-116391.2201325196	-191138.02887130895
-26.154916082961922	-209.10073162548613	-391.3979147000477	-572.4708735961658	-751.7295054283921	-928.5628166199104	-1102.332993046583	-1272.370069569551	-1437.9673540469182	-1598.3777672795447	-1752.8112676604596	-1900.4335373374975	-2040.3661152446757	-2171.688171121338	-2293.440123253744	-2404.629310669323	-2504.237937266139	-2591.233510034894	-2664.5819949958313	-2723.2639111799367	-2766.2935728071993	-2792.74166983597	-2801.761343281937	-2792.617858697443	-2764.721901626946	-2717.666402925005	-2651.2666366632966	-2565.603102335763	-2461.0663852491894	-2338.4027588478757	-2198.7587208874697	-2043.7219099403012	-1875.3549027527877	-1696.217228513954	-1509.3695707006602	-1318.3526320542146	-1127.1316920461186	-939.9968328496873	-761.408742564173	-595.7818510389887	-447.2016298319454	-319.08283746110885	-213.7919667774711	-132.28100875457073	-73.80934458567114	-35.85946419765156	-14.36458430055609	-4.333106470702358	-0.8344231576691071	-0.07275755366398354	-0.0011861810640759777	-1.1078736677280348e-7	0.	0.	0.	0.	0.	0.	0.	0.	0.	0.	0.	0.	0.	0.	0.	0.	0.	0.	0.	0.	0.	0.	0.	0.	0.	0.	0.	0.	0.	0.	0.	0.	0.	0.	0.	0.	0.	0.	0.	0.	0.	0.	0.	0.	0.	0.	0.	-46087.40483917461	-156267.41189248077
-25.712101942990667	-205.57462539326468	-384.86509424090923	-563.0749717324895	-739.6812792348719	-914.1402005447776	-1085.8810807343104	-1254.3009516996258	-1418.7597218312808	-1578.5761736488412	-1733.0249205430405	-1881.3344819051636	-2022.6866446496542	-2156.2172882245254	-2281.018859354954	-2396.144691598991	-2500.6153728201616	-2593.427370252568	-2673.564127082558	-2740.0098452209963	-2791.7661645855246	-2827.8719375526744	-2847.426275264126	-2849.6150060727564	-2833.740630027795	-2799.255769450987	-2745.7999944277335	-2673.2397304587953	-2581.71071696168	-2471.662159010976	-2343.9012756680117	-2199.6363681375283	-2040.5157799372955	-1868.659175376082	-1686.6764095550825	-1497.6679276376244	-1305.1991957710284	-1113.2403231602352	-926.0611442374858	-748.0721985209349	-583.6042042862989	-436.6240626282837	-310.39571995555735	-207.11085459577728	-127.53792346509503	-70.76668324292748	-34.15181471842578	-13.567814119224995	-4.049450694587022	-0.7686124467913131	-0.06560660044269781	-0.0010317130046266353	-8.873959299008073e-8	0.	0.	0.	0.	0.	0.	0.	0.	0.	0.	0.	0.	0.	0.	0.	0.	0.	0.	0.	0.	0.	0.	0.	0.	0.	0.	0.	0.	0.	0.	0.	0.	0.	0.	0.	0.	0.	0.	0.	0.	0.	0.	0.	0.	0.	0.	0.	-111870.70340547766
-25.254542562834832	-201.92939141385347	-378.1033355579155	-553.3301991183816	-727.1495368222121	-899.080275041939	-1068.614697616006	-1235.212892660487	-1398.2977817550739	-1557.2508592282516	-1711.408776508811	-1860.0609146268605	-2002.4480967225204	-2137.7626016641566	-2265.149649341114	-2383.7105375705587	-2492.5076194527423	-2590.571317916434	-2676.9093804459917	-2750.5185806741447	-2810.399073440763	-2855.571604394618	-2885.0977619793603	-2898.1034355947245	-2893.805604644218	-2871.542523383229	-2830.8072783636667	-2771.284568794781	-2692.890382259429	-2595.81399233816	-2480.561370251542	-2347.99865520512	-2199.3937403972236	-2036.4532761902271	-1861.3514470212726	-1676.7457390763575	-1485.7736116064755	-1292.0226110887286	-1099.4652287700426	-912.3490734328567	-735.0333310033383	-571.764941740133	-426.3937093003758	-302.03615549679495	-200.71468826246326	-123.02188315448399	-67.88710547073374	-32.54686939577996	-12.825177220859361	-3.787833436803019	-0.7087680908822033	-0.05923790510302813	-0.0008989165215985064	-7.126253586783736e-8	0.	0.	0.	0.	0.	0.	0.	0.	0.	0.	0.	0.	0.	0.	0.	0.	0.	0.	0.	0.	0.	0.	0.	0.	0.	0.	0.	0.	0.	0.	0.	0.	0.	0.	0.	0.	0.	0.	0.	0.	0.	0.	0.	0.	0.	0.	-25933.246602619656
-24.78381012968023	-198.17766980209228	-371.136636700161	-543.2724457967768	-714.1828204566905	-883.4451943897054	-1050.6107335402623	-1215.198759681608	-1376.6916825738892	-1534.5305536638934	-1688.1113614996978	-1836.7821970014909	-1979.8414254592262	-2116.537011389376	-2246.0671519839048	-2367.582384569763	-2480.1893429509473	-2582.956346324999	-2674.9210121284827	-2755.1000899780656	-2822.501716904607	-2876.140293064676	-2915.054170324387	-2938.3263313376465	-2945.1082101734096	-2934.64676452067	-2906.3148453123777	-2859.644818013651	-2794.365257773841	-2710.4403566994642	-2608.111428492212	-2487.939553451539	-2350.847951520548	-2198.162076505289	-2031.6446654293923	-1853.5220348151304	-1666.4967905125475	-1473.7408470904236	-1278.8613420498887	-1085.8308964785838	-898.8731056469982	-722.2947689547418	-560.2591169766067	-416.5003993445649	-293.9910726177563	-194.58965417360736	-118.72015839454804	-65.16028031824843	-31.037349381248344	-12.132385344672334	-3.5462896973328877	-0.6542815482349537	-0.05355739133185275	-0.0007845349630073303	-5.737087749682627e-8	0.	0.	0.	0.	0.	0.	0.	0.	0.	0.	0.	0.	0.	0.	0.	0.	0.	0.	0.	0.	0.	0.	0.	0.	0.	0.	0.	0.	0.	0.	0.	0.	0.	0.	0.	0.	0.	0.	0.	0.	0.	0.	0.	0.	0.	0.
-24.301436513623294	-194.33177540471067	-363.98837303799036	-532.9366596200578	-700.828381280659	-867.2954394705164	-1031.9439899904555	-1194.3488903547227	-1354.048589144939	-1510.5405569980094	-1663.2773657820221	-1811.663530403117	-1955.0532362220567	-2092.749084247051	-2224.0019958682014	-2348.012428715056	-2463.933064992483	-2570.8731430587104	-2667.9046116399	-2754.0702933888947	-2828.3942497759313	-2889.894541583178	-2937.598577258649	-2970.5612332929086	-2987.885914199296	-2988.748691328208	-2972.425615207632	-2938.323229458405	-2886.012217747249	-2815.26397847584	-2726.0897318181264	-2618.781503831099	-2493.9539826577034	-2352.5857791197614	-2196.0580233182336	-2026.1874669123079	-1845.2503225237463	-1655.991962354225	-1461.6163625656925	-1265.7479334681234	-1072.3573473958647	-885.6425671232518	-709.8571244666766	-549.0807249621313	-406.93366282411114	-286.2476510286817	-188.72253156595227	-114.62075810753223	-62.576594202116475	-29.61655364290689	-11.485532429635384	-3.3230505753574846	-0.6046129457319926	-0.048483294417872226	-0.0006858331518808783	-4.629979964583385e-8	0.	0.	0.	0.	0.	0.	0.	0.	0.	0.	0.	0.	0.	0.	0.	0.	0.	0.	0.	0.	0.	0.	0.	0.	0.	0.	0.	0.	0.	0.	0.	0.	0.	0.	0.	0.	0.	0.	0.	0.	0.	0.	0.	0.	0.
-23.80890969767086	-190.40366938633318	-356.68124465126334	-522.3567704985602	-687.1320815845916	-850.6896989532146	-1012.6870402238762	-1172.750930180672	-1330.4724934753906	-1485.40251693529	-1637.0473756501308	-1784.8656246701776	-1928.2653664732352	-2066.6025133717403	-2199.1800735207585	-2325.248598994018	-2444.007944303463	-2554.6104934867576	-2656.166023147045	-2747.7483771767747	-2828.4041357772066	-2897.1634660584305	-2953.05334297691	-2995.113326291174	-3022.4140697612347	-3034.0787204988924	-3029.307335833452	-3007.4043977722085	-2967.8094350838956	-2910.130662275837	-2834.1814029525376	-2740.0188690705672	-2627.9846010574665	-2498.7455169337677	-2353.3340489423254	-2193.185240049524	-2020.1679088538192	-1836.6060582904583	-1645.2856113086807	-1449.4403576309264	-1252.709814584483	-1059.0607825561685	-872.66412393439	-697.7193567120902	-538.2229467740752	-397.6828741012293	-278.79338470855635	-183.10069669432912	-110.71239677389215	-60.127101637758244	-28.27831015406771	-10.881057463650226	-3.116521811690711	-0.5592826245933272	-0.04394442322534143	-0.000600508821664547	-3.745384120105508e-8	0.	0.	0.	0.	0.	0.	0.	0.	0.	0.	0.	0.	0.	0.	0.	0.	0.	0.	0.	0.	0.	0.	0.	0.	0.	0.	0.	0.	0.	0.	0.	0.	0.	0.	0.	0.	0.	0.	0.	0.	0.	0.	0.	0.
-23.30767063093266	-186.4049341824286	-349.23722994583187	-511.56562359911993	-673.1383086330636	-833.6847645162422	-992.9101059133136	-1150.4896893565322	-1306.0640482782333	-1459.234232874305	-1609.5576377395753	-1756.5444074942068	-1899.654518781726	-2038.2956457375092	-2171.82192533667	-2299.5337487143406	-2420.6787144500563	-2534.453889705325	-2640.00953473369	-2736.454455309824	-2822.863155613677	-2898.2849704861414	-2961.755359981559	-3012.3095497532704	-3048.998696630855	-3070.908747897074	-3077.1821426952624	-3067.04247125154	-3039.8221575679595	-2994.9931578086316	-2932.200561724788	-2851.2988377574625	-2752.3902607479313	-2635.8647882083133	-2502.440287479	-2353.2015401177246	-2189.63583859972	-2013.6622261901866	-1827.650503064871	-1634.4250485613954	-1437.2473478179402	-1239.769996373888	-1045.954139625295	-859.9422077406554	-685.8790789395022	-527.6783523848293	-388.737367062991	-271.61612792254937	-177.71211902782227	-106.98446019353217	-57.80347846732307	-27.01693115428596	-10.315711144814784	-2.9252648617467427	-0.5178638081930813	-0.0398786848267383	-0.0005266199380779471	-3.036803105339496e-8	0.	0.	0.	0.	0.	0.	0.	0.	0.	0.	0.	0.	0.	0.	0.	0.	0.	0.	0.	0.	0.	0.	0.	0.	0.	0.	0.	0.	0.	0.	0.	0.	0.	0.	0.	0.	0.	0.	0.	0.	0.	0.	0.
-22.79911049647917	-182.34675175405133	-341.6775453905121	-500.5949213763787	-658.8898998962212	-816.3354399782894	-972.6809502518298	-1127.6470187342545	-1280.92042287498	-1432.1494863252747	-1580.9398551208947	-1726.850772986785	-1869.3919432100129	-2008.021073062823	-2142.1422057461778	-2271.104954318376	-2394.2047618477504	-2510.6843219254306	-2619.736303475632	-2720.507533237187	-2812.104798017881	-2893.6024363965676	-2964.05189537883	-3022.4934308136885	-3067.9701300925467	-3099.544430331346	-3116.317293073587	-3117.450174338117	-3102.1898946140604	-3069.896459733105	-3020.0738074950777	-2952.403345622477	-2866.779995191653	-2763.3502463847244	-2642.5514542279134	-2505.1512319135454	-2352.285317256847	-2185.491672715313	-2006.7378143413941	-1818.4374452144948	-1623.4514146347444	-1425.0669019393206	-1226.9476762123975	-1033.0475721030612	-847.4793789556243	-674.3328171323946	-517.4390682492294	-380.0865267936648	-264.7041274981156	-172.5453514187223	-103.42697067559114	-55.59797771505031	-25.827172204678494	-9.786525959390943	-2.747980178102651	-0.4799762331215482	-0.036231829586784954	-0.0004625249091220037	-2.467825174999585e-8	0.	0.	0.	0.	0.	0.	0.	0.	0.	0.	0.	0.	0.	0.	0.	0.	0.	0.	0.	0.	0.	0.	0.	0.	0.	0.	0.	0.	0.	0.	0.	0.	0.	0.	0.	0.	0.	0.	0.	0.	0.	0.
-22.284568382898975	-178.23988505929938	-334.02261122692	-489.4751742406728	-644.4280794899861	-798.6944641454389	-952.0647872666792	-1104.3017046810896	-1255.1351811349411	-1404.2578971927387	-1551.3210142654957	-1695.9303678470985	-1837.6431664368974	-1975.9652818232364	-2110.349225079921	-2240.192911846379	-2364.8393300267626	-2483.577232824406	-2595.642989846749	-2700.2237386536995	-2796.4619883054816	-2883.461834843161	-2960.296955748637	-3026.020555674859	-3079.677438300981	-3120.3183779590345	-3147.016958207883	-3158.8890309559324	-3155.1149256818444	-3134.9645020064536	-3097.825082328323	-3043.2322219936295	-2970.9031611138184	-2880.772646011584	-2773.0305955435088	-2648.1608023968224	-2506.979483261451	-2350.6720042121397	-2180.8254889442064	-1999.454253033369	-1809.0140956966238	-1612.4004469046342	-1412.92428521663	-1214.2587619599435	-1020.3488616265888	-835.2766363449298	-663.0762276630652	-507.4969153725948	-371.719861815383	-258.04604408984466	-167.5895158044016	-100.03055231373035	-53.503388115657614	-24.704194759264908	-9.290789319262121	-2.583492431334351	-0.44528060840584954	-0.032956381658796545	-0.0004068332782615114	-2.0098568512864085e-8	0.	0.	0.	0.	0.	0.	0.	0.	0.	0.	0.	0.	0.	0.	0.	0.	0.	0.	0.	0.	0.	0.	0.	0.	0.	0.	0.	0.	0.	0.	0.	0.	0.	0.	0.	0.	0.	0.	0.	0.	0.
-21.76532934645275	-174.0946626388152	-326.29202296983146	-478.2356596176983	-629.7924055282498	-780.8124470310385	-931.1242070300586	-1080.5293824976156	-1228.7981809433486	-1375.6648052613186	-1520.8232418837965	-1663.9234135564323	-1804.5677651388182	-1942.3083585446452	-2076.644561373988	-2207.021422622083	-2332.8288381527814	-2453.4016181984025	-2568.020578864439	-2675.914789297077	-2776.26511559319	-2868.209211416959	-2950.8481132756915	-3023.254605028983	-3084.4835208364684	-3133.5841575545946	-3169.6149654471233	-3191.660678459558	-3198.852030177222	-3190.388176189036	-3165.561904237979	-3123.787655381055	-3064.632296012822	-2987.848463750943	-2893.4101493089333	-2781.5499584935606	-2652.797207567243	-2508.015623211257	-2348.4389256793106	-2175.7019520590457	-1991.8642134215117	-1799.4218769851439	-1601.3031524352757	-1400.8410199392874	-1201.7163260235047	-1007.8637725710959	-823.3336807661822	-652.1042801741017	-497.8435226393243	-363.6270603260533	-251.63096466717724	-162.83428568359503	-96.78639683253019	-51.51299529946006	-23.64353198035025	-8.826019437258156	-2.4307374303198066	-0.413473787829271	-0.030010725743061434	-0.0003583649664177753	-1.640383195716156e-8	0.	0.	0.	0.	0.	0.	0.	0.	0.	0.	0.	0.	0.	0.	0.	0.	0.	0.	0.	0.	0.	0.	0.	0.	0.	0.	0.	0.	0.	0.	0.	0.	0.	0.	0.	0.	0.	0.	0.	0.
-21.242622848830898	-169.92096619731896	-318.50452848547343	-466.90438910684196	-615.0207280307911	-762.7378190578846	-909.9191162826869	-1056.4024678418534	-1201.9954946313758	-1346.471176108403	-1489.5636905380477	-1630.964563004306	-1770.3191812590148	-1907.223746858096	-2041.2227369595976	-2171.8069607496273	-2298.4123033693927	-2420.4192595345053	-2537.15336855776	-2647.8866720843394	-2751.840325341967	-2848.1885018738844	-2936.0637402754	-3014.563889026556	-3082.760811620942	-3139.7110181913945	-3184.4683908665265	-3216.099167000001	-3233.6993356364487	-3236.414586014122	-3223.4629197403083	-3194.1599967610405	-3147.947224428737	-3084.422512376957	-3003.3734951995866	-2904.8128595463313	-2789.0151891427217	-2656.5544448229525	-2508.3408091635742	-2345.655128007369	-2170.1785570796833	-1984.014260814916	-1789.6971177547798	-1590.1863974658588	-1388.835374038028	-1189.3309986359416	-995.5963569097024	-811.6491396873017	-641.4114109860066	-488.47041942497117	-355.7980332856291	-245.44840805103422	-158.26986635104822	-93.68623035628097	-49.620545573790984	-22.64105753665764	-8.389943651539825	-2.288750534118473	-0.3842845572072585	-0.027358325804841224	-0.000316116502750569	-1.3416286823596586e-8	0.	0.	0.	0.	0.	0.	0.	0.	0.	0.	0.	0.	0.	0.	0.	0.	0.	0.	0.	0.	0.	0.	0.	0.	0.	0.	0.	0.	0.	0.	0.	0.	0.	0.	0.	0.	0.	0.	0.
-20.717621553920804	-165.72822105006847	-310.6780104093423	-455.50808340440216	-600.1491569717091	-744.5167927506205	-888.5066939410751	-1031.9901055658702	-1174.8093495908977	-1316.7735305040098	-1457.6544518555913	-1597.1827899118125	-1735.0445768589343	-1870.8780530237918	-2004.2709551478008	-2134.75831581207	-2261.8208577830105	-2384.884075966372	-2503.318108933063	-2616.4385113979297	-2723.5080484696246	-2823.7396417619375	-2916.300606337124	-3000.318325648924	-3074.887518789465	-3139.079259923124	-3191.9519131499305	-3232.5641462955314	-3259.990183082694	-3273.337443198133	-3271.7667017762246	-3254.5148709009973	-3220.9204620590635	-3170.4517250286835	-3102.7373689175206	-3017.599646565226	-2915.0894137352743	-2795.522546455141	-2659.5167981404643	-2508.0277854481506	-2342.382290266699	-2164.306439293908	-1975.9455643051087	-1779.8716641640895	-1579.0734236467936	-1376.922786719951	-1177.1113084060148	-983.5492162151259	-800.2207581652061	-630.9916515328832	-479.36911087649077	-348.22294672015295	-239.48832498971012	-153.88697366655234	-90.72228134668043	-47.82021220975761	-21.692957136379096	-7.980478940240123	-2.1566563741261096	-0.3574699527873161	-0.024967055449166935	-0.0002792329828130015	-1.0995233504835819e-8	0.	0.	0.	0.	0.	0.	0.	0.	0.	0.	0.	0.	0.	0.	0.	0.	0.	0.	0.	0.	0.	0.	0.	0.	0.	0.	0.	0.	0.	0.	0.	0.	0.	0.	0.	0.	0.	0.
-20.19144046567048	-161.52538929225773	-302.8294736435828	-444.0721546239051	-585.2120400045584	-726.1933363697572	-866.9413608476981	-1007.3581352119555	-1147.31808827	-1286.663896319515	-1425.2024960301083	-1562.7013093927994	-1698.8847262837066	-1833.4308967990366	-1965.9688926803974	-2096.0763047967844	-2223.2773519185544	-2347.041584573619	-2466.7832767303134	-2581.8616072185578	-2691.5817420820167	-2795.196938298965	-2891.911798335142	-2980.8868135661214	-3061.244342432389	-3132.076175879522	-3192.452847677485	-3241.434849926312	-3278.0859135284923	-3301.488508403555	-3310.7617072272624	-3305.081536688567	-3283.703910347562	-3245.9901904344006	-3191.4353606377285	-3119.698698652454	-3030.63670915583	-2924.337903775257	-2801.1587817365566	-2661.7600580568483	-2507.1417886655563	-2338.675536104255	-2158.1310928688213	-1967.6945236014471	-1769.9734174737946	-1567.9842999868267	-1365.1162392010788	-1165.0639771537412	-971.7237267470139	-789.0455611469035	-620.8387356498577	-470.53113870749814	-340.89224521153614	-233.74109398835162	-149.67681196668536	-87.88724987459955	-46.10656412314099	-20.795702562359477	-7.595714394821747	-2.033659728311645	-0.3328120390586774	-0.02280862295632294	-0.00024698473150257797	-9.02902321393763e-9	0.	0.	0.	0.	0.	0.	0.	0.	0.	0.	0.	0.	0.	0.	0.	0.	0.	0.	0.	0.	0.	0.	0.	0.	0.	0.	0.	0.	0.	0.	0.	0.	0.	0.	0.	0.	0.
-19.665136388053565	-157.32096554058393	-294.97503765649884	-432.62069561797256	-570.2419493604635	-707.8091588838438	-845.2747630652975	-982.5690723857977	-1119.5961465835112	-1256.2297818331522	-1392.3096363081645	-1527.6375278947662	-1661.9739433913578	-1795.0348046498002	-1926.4885439004809	-2055.953547779324	-2182.996037286946	-2307.12845920279	-2427.80847299952	-2544.4386261836107	-2656.3668200342345	-2762.8876768268815	-2863.2449286589513	-2956.634956755614	-3042.211618389237	-3119.092505989874	-3186.3667892595554	-3243.1047956038315	-3288.369486259446	-3321.2299841899962	-3340.777303868548	-3346.1424209366774	-3336.5167984718432	-3311.17545507295	-3269.502610976141	-3211.0198806731782	-3135.416884088855	-3042.584016649864	-2932.646940275073	-2806.0021197831084	-2663.3524175129805	-2505.7413568571737	-2334.5841562699948	-2151.6930077922143	-1959.2933223990547	-1760.0268067041845	-1556.9363184380509	-1353.4265775807246	-1153.1941751296415	-960.1202327530568	-778.1199912739794	-610.9461889588708	-461.9481299022999	-333.79666820654256	-228.19751387942893	-145.63105159252498	-85.17427832829064	-44.474536825818106	-19.946027992416916	-7.2338954452514	-1.9190374094202316	-0.310115084534515	-0.020858076721495825	-0.0002187478397785764	-7.428842472130968e-9	0.	0.	0.	0.	0.	0.	0.	0.	0.	0.	0.	0.	0.	0.	0.	0.	0.	0.	0.	0.	0.	0.	0.	0.	0.	0.	0.	0.	0.	0.	0.	0.	0.	0.	0.	0.
-19.139707687326094	-153.12297508945022	-287.1299332932475	-421.17647588447085	-555.269677383885	-689.4037056333248	-823.5557679600191	-957.6821051272527	-1091.7140497575365	-1225.5541692294266	-1359.07251699352	-1492.1030208161847	-1624.4400416249828	-1755.8351423988609	-1885.9941128202468	-2014.5743023054708	-2141.182321366095	-2265.3721789836577	-2386.643931954977	-2504.4429306204493	-2618.1597541651263	-2727.130937583408	-2830.6406013261203	-2927.9231034500385	-3018.166842575124	-3100.5193478823394	-3174.0937994425108	-3237.977127945541	-3291.239846858495	-3332.9477714606423	-3362.175777119782	-3378.023742296686	-3379.634808366098	-3366.2160661203693	-3337.061744720852	-3291.5789288625383	-3229.315758781122	-3149.99196871991	-3053.5314840593137	-2940.096614933763	-2810.123142115613	-2664.3552745855336	-2503.8790517018974	-2330.152250986517	-2145.0282340301997	-1950.7704166753542	-1750.0532040820335	-1545.9443401122107	-1341.862794021477	-1141.5057419140976	-948.7382124038174	-767.4400257384374	-601.3074031088977	-453.6118353409458	-326.92726049973265	-222.8487939351671	-141.74180639802273	-82.5769236123551	-42.919405517460405	-19.140908403729775	-6.893409652279725	-1.8121310464727605	-0.2892030827965061	-0.019093379116459343	-0.00019398789813527255	-6.123873617072589e-9	0.	0.	0.	0.	0.	0.	0.	0.	0.	0.	0.	0.	0.	0.	0.	0.	0.	0.	0.	0.	0.	0.	0.	0.	0.	0.	0.	0.	0.	0.	0.	0.	0.	0.	0.
-18.616094336174548	-148.93897431942858	-279.30850379689815	-409.7609436235742	-540.3242401468864	-671.0141640066697	-801.8304722752579	-932.7531043574354	-1063.7384245328105	-1194.7155270767046	-1325.5826235360926	-1456.2035359582842	-1586.4043246632225	-1715.9700845003952	-1844.6419494433378	-1972.1143517447165	-2098.0325888392904	-2221.9907585353412	-2343.53013074642	-2462.1380322403606	-2577.2473292443938	-2688.236601397968	-2794.4311092835023	-2895.1046664936916	-2989.482535756052	-3076.7454768381626	-3156.0350815533047	-3226.460537855708	-3287.1069703374365	-3337.0455078590003	-3375.3452298230773	-3401.087139745863	-3413.380306969934	-3411.3803028289226	-3394.3100339656526	-3361.483039711086	-3312.3292683695677	-3246.4232736257118	-3163.514670297199	-3063.5605497483984	-2946.7593689140463	-2813.5855804708513	-2664.8239508653946	-2501.6021023529374	-2325.419300595916	-2138.168880957245	-1942.1509654399154	-1740.0712901565905	-1535.0210982843057	-1330.4322716200554	-1130.0013775918317	-937.5764201794077	-757.0012752552203	-591.915697209767	-445.5141600362815	-320.2753780129922	-217.68654216981452	-138.00161151662377	-80.08913085534347	-41.43676018495297	-18.37753987586198	-6.5727739020283575	-1.7123406540537525	-0.2699175735126539	-0.0174950386831963	-0.00017224637398051388	-5.057516550045699e-9	0.	0.	0.	0.	0.	0.	0.	0.	0.	0.	0.	0.	0.	0.	0.	0.	0.	0.	0.	0.	0.	0.	0.	0.	0.	0.	0.	0.	0.	0.	0.	0.	0.	0.
-18.095178218999	-144.77605319253578	-271.52420973265237	-398.39423350155414	-525.4328885661524	-652.6754784257864	-780.1422213667532	-907.8346474404905	-1035.732026619057	-1163.7878404841906	-1291.9263131539992	-1420.039021042084	-1547.9816054733305	-1675.570617139339	-1802.5805268726272	-1928.7409431665349	-2053.7340833859066	-2177.1925525391425	-2298.6974907700446	-2417.7771585450732	-2533.906036510704	-2646.5045253284193	-2754.9393392833686	-2858.524696030763	-2956.5244133645315	-3048.1550322103717	-3132.590092962525	-3208.965699547959	-3276.3875118840224	-3333.9393122650467	-3380.693294098373	-3415.722221550613	-3438.1136050454684	-3446.986028819043	-3441.5077510799415	-3420.9176723399933	-3384.5487300118325	-3331.853723270352	-3262.4334960862857	-3176.0673014199456	-3072.7450272307965	-2952.700774706383	-2816.447028479576	-2664.8083335006568	-2498.9529788964387	-2320.420672182421	-2131.143559324103	-1933.457210656287	-1730.0973746749971	-1524.177463592321	-1319.1409976683074	-1118.6828081851424	-926.6330089684088	-746.7990677557594	-582.764368444607	-437.64718640353914	-313.8326898009106	-212.70275235396142	-134.4034015940158	-77.7052086165906	-40.022482577786654	-17.65332162208022	-6.270622855913647	-1.619118897061264	-0.2521157244586774	-0.016045792146441803	-0.00015312918040800196	-4.1844312536509144e-9	0.	0.	0.	0.	0.	0.	0.	0.	0.	0.	0.	0.	0.	0.	0.	0.	0.	0.	0.	0.	0.	0.	0.	0.	0.	0.	0.	0.	0.	0.	0.	0.	0.
-17.577783677401904	-140.64083966748265	-263.78963750479454	-387.0951796711281	-510.6211264371526	-634.4203739228265	-758.5316387487738	-882.9760538720062	-1007.7537822600996	-1132.8406576211962	-1258.1848644749807	-1383.703673423138	-1509.2802515563992	-1634.7605725163767	-1759.9504558061924	-1884.6127705253057	-2008.4648447004868	-2131.176127929561	-2252.366161969104	-2371.6029211457785	-2488.4015922271046	-2602.2238712892445	-2712.4778633313404	-2818.518678723397	-2919.6498289621436	-3015.1255325175784	-3104.1540496236835	-3185.9021724985205	-3259.501004412677	-3324.0531669234124	-3378.641579011943	-3422.339954216552	-3454.225161363839	-3473.3915901237683	-3478.967652962812	-3470.1345382965874	-3446.1473033030466	-3406.358355730513	-3350.2433179234895	-3277.429187777065	-3187.724603531069	-3081.151873630791	-2957.9802388422854	-2818.759579092325	-2664.3534483195212	-2495.9699027667825	-2315.1880691563024	-2123.9777722877834	-1924.708812316121	-1720.1456785968142	-1513.4226761782547	-1307.993749400863	-1107.5509287973314	-915.9056347326191	-736.8285190357169	-573.8467335451882	-430.00319175538704	-307.59117705029104	-207.88979016010373	-130.94048963928375	-75.41980556282822	-38.67272493072489	-16.965839592948626	-5.985698524866486	-1.5319659700569153	-0.23566864096212553	-0.01473032904928493	-0.0001362970651370366	-3.4682168422737833e-9	0.	0.	0.	0.	0.	0.	0.	0.	0.	0.	0.	0.	0.	0.	0.	0.	0.	0.	0.	0.	0.	0.	0.	0.	0.	0.	0.	0.	0.	0.	0.	0.
-17.064678274990793	-136.53950586814193	-256.1165111556658	-375.88133359669695	-495.91273479605746	-616.2793875834532	-737.0366650903093	-858.2234320911776	-979.8588427517659	-1101.939151261793	-1224.4345446322309	-1347.2860102068212	-1470.4022541799873	-1593.6566916285497	-1716.8845332518988	-1839.879999167737	-1962.393695741861	-2084.1301974451353	-2204.7458822759236	-2323.847076167458	-2440.988568991153	-2555.672572446583	-2667.348197922192	-2775.4115404931563	-2879.2064634033254	-2978.0261855813683	-3071.1157828358037	-3157.675721197851	-3236.86654822916	-3307.814874717701	-3369.6207847037545	-3421.3668157540546	-3462.1286532334816	-3490.987681209687	-3507.0455274855162	-3509.4407298119586	-3497.3676320521495	-3470.0975921940812	-3427.002542328706	-3367.580883424139	-3291.485616420097	-3198.5545006530506	-3088.8418816418503	-2962.6516325362336	-2820.5703948662463	-2663.4999711530168	-2492.6873008135244	-2309.749930106275	-2116.694261341031	-1915.9231439747557	-1710.2285819908604	-1502.7645489279594	-1296.9942557976576	-1096.6059274553268	-905.3915461486341	-727.0845922658293	-565.1561625590886	-422.57466036371665	-301.5431297080178	-203.24037877422657	-127.60654660255445	-73.22788857070077	-37.38389030963086	-16.31285150967275	-5.716840851019663	-1.4504250203316325	-0.22045987379015378	-0.013535052918152525	-0.00012145751440047447	-2.879585585644597e-9	0.	0.	0.	0.	0.	0.	0.	0.	0.	0.	0.	0.	0.	0.	0.	0.	0.	0.	0.	0.	0.	0.	0.	0.	0.	0.	0.	0.	0.	0.	0.
-16.55657376079545	-132.4777758399935	-248.515707138292	-364.7689862353015	-481.3298020218219	-598.280907131873	-715.692605798163	-833.6197364094775	-952.0986507488055	-1071.1441940127816	-1190.746692262145	-1310.8689569355267	-1431.4433194804064	-1552.368713020066	-1673.5078222864597	-1794.6843278061147	-1915.680275523853	-2036.2336087030649	-2156.0359049510334	-2274.7303677437244	-2391.910128656163	-2507.116923626417	-2619.840214174128	-2729.516832172337	-2835.5312347187432	-2937.2164636733546	-3033.855912447299	-3124.6860105089686	-3208.899943653526	-3285.6525351493246	-3354.066419158013	-3413.239642968993	-3462.254838126845	-3500.190101844471	-3526.131728364143	-3539.1889240450314	-3538.5106286310493	-3523.3045457268236	-3492.8584574094602	-3446.5638543730797	-3383.941853858746	-3304.6712939104864	-3208.6187792184314	-3095.8703016142326	-2966.763856965013	-2821.922217734847	-2662.2846836936383	-2489.136209096922	-2304.131782591976	-2109.313312348627	-1907.1155534514521	-1700.356841989955	-1492.2096454488847	-1286.1453385473667	-1085.8473922391186	-895.0876613282892	-717.5621479982058	-556.6861061207908	-415.35429554820143	-295.6811412599734	-198.74758423911913	-124.39558175224137	-71.12472220130142	-36.152614461955494	-15.692273197238528	-5.462979192698925	-1.3740780524904084	-0.2063841004372092	-0.012447873787560225	-0.00010835792028667393	-2.3949228339720417e-9	0.	0.	0.	0.	0.	0.	0.	0.	0.	0.	0.	0.	0.	0.	0.	0.	0.	0.	0.	0.	0.	0.	0.	0.	0.	0.	0.	0.	0.	0.