0.	0.	0.	0.	0.	0.	0.	0.	0.	0.	0.	0.	0.	0.	0.	0.	0.	0.	0.	0.	0.	0.	0.	0.	0.	0.	0.	0.	0.	0.	0.	0.	0.	0.	0.	0.	0.	0.	0.	0.	0.	0.	0.	0.	0.	0.	0.	0.	0.	0.	0.	0.	0.	0.	0.	0.	0.	0.	0.	0.	0.	0.	0.	0.	0.	0.	0.	0.	0.	0.	0.	0.	0.	0.	0.	0.	0.	0.	0.	0.	0.	0.	0.	0.	0.	-16469.858485595403	-140297.88065138296	-200512.4193307549	-249096.17535436724	-291365.1564659189	-330115.0702233564	-366575.9277838301	-401502.7927620617	-435147.34520909307	-467519.7399377135	-499349.83572021645	-530807.2765469886	-561556.0896784334	-592406.9235529741	-622298.3190082958	-652608.4230009897
-0.5823561658747051	0.	0.	0.	0.	0.	0.	0.	0.	0.	0.	0.	0.	0.	0.	0.	0.	0.	0.	0.	0.	0.	0.	0.	0.	0.	0.	0.	0.	0.	0.	0.	0.	0.	0.	0.	0.	0.	0.	0.	0.	0.	0.	0.	0.	0.	0.	0.	0.	0.	0.	0.	0.	0.	0.	0.	0.	0.	0.	0.	0.	0.	0.	0.	0.	0.	0.	0.	0.	0.	0.	0.	0.	0.	0.	0.	0.	0.	0.	0.	0.	0.	0.	0.	0.	-11097.576638615408	-139732.78961230165	-199978.5316434144	-248543.47173781646	-291137.8919303768	-330062.8366984547	-366519.19096188474	-401205.9227455685	-434691.8206278239	-467451.91786468	-499278.91089259106	-530476.4309622464	-561479.5798908611	-592293.1947877334	-622216.9195993465	-652524.7552383894
-1.1396779268919504	-2.290663928216621	0.	0.	0.	0.	0.	0.	0.	0.	0.	0.	0.	0.	0.	0.	0.	0.	0.	0.	0.	0.	0.	0.	0.	0.	0.	0.	0.	0.	0.	0.	0.	0.	0.	0.	0.	0.	0.	0.	0.	0.	0.	0.	0.	0.	0.	0.	0.	0.	0.	0.	0.	0.	0.	0.	0.	0.	0.	0.	0.	0.	0.	0.	0.	0.	0.	0.	0.	0.	0.	0.	0.	0.	0.	0.	0.	0.	0.	0.	0.	0.	0.	0.	0.	0.	-138546.5640869123	-199373.70015862992	-247636.65426603783	-290197.5008963965	-329253.95731870766	-365827.51706636115	-400668.0983947831	-434022.7783049452	-466763.3143625464	-498571.36750812584	-529871.352112657	-560735.3935738556	-591491.8366873995	-622008.8988874377	-651727.8483930666
-1.6835839684383151	-7.695789777677877	-1.5788007130240802	0.	0.	0.	0.	0.	0.	0.	0.	0.	0.	0.	0.	0.	0.	0.	0.	0.	0.	0.	0.	0.	0.	0.	0.	0.	0.	0.	0.	0.	0.	0.	0.	0.	0.	0.	0.	0.	0.	0.	0.	0.	0.	0.	0.	0.	0.	0.	0.	0.	0.	0.	0.	0.	0.	0.	0.	0.	0.	0.	0.	0.	0.	0.	0.	0.	0.	0.	0.	0.	0.	0.	0.	0.	0.	0.	0.	0.	0.	0.	0.	0.	0.	0.	-136200.64092818307	-197585.65405548862	-246527.26336913387	-288939.76299402077	-328157.0430047912	-364737.9402165411	-399540.03626639955	-433187.60346994305	-465839.5140523504	-497872.4697798079	-529031.0925886254	-559996.1990129462	-590607.3783543338	-620958.5314488853	-651384.1883903706
-2.22041647627773	-13.062520879021108	-9.19931270887374	-0.8950407975603539	0.	0.	0.	0.	0.	0.	0.	0.	0.	0.	0.	0.	0.	0.	0.	0.	0.	0.	0.	0.	0.	0.	0.	0.	0.	0.	0.	0.	0.	0.	0.	0.	0.	0.	0.	0.	0.	0.	0.	0.	0.	0.	0.	0.	0.	0.	0.	0.	0.	0.	0.	0.	0.	0.	0.	0.	0.	0.	0.	0.	0.	0.	0.	0.	0.	0.	0.	0.	0.	0.	0.	0.	0.	0.	0.	0.	0.	0.	0.	0.	0.	0.	-132827.2004496075	-195386.5235188092	-244294.57842359797	-287333.7150419747	-326510.5891180177	-363412.51986220886	-398445.0677230548	-432200.9425949493	-464629.59129962145	-496783.11946877785	-528006.1505085189	-558845.9078227747	-589459.3663895084	-620023.273020309	-650251.2846585566
-2.7506746819411587	-18.107295814460716	-19.18535170779157	-8.192263963204395	-0.489510529534122	0.	0.	0.	0.	0.	0.	0.	0.	0.	0.	0.	0.	0.	0.	0.	0.	0.	0.	0.	0.	0.	0.	0.	0.	0.	0.	0.	0.	0.	0.	0.	0.	0.	0.	0.	0.	0.	0.	0.	0.	0.	0.	0.	0.	0.	0.	0.	0.	0.	0.	0.	0.	0.	0.	0.	0.	0.	0.	0.	0.	0.	0.	0.	0.	0.	0.	0.	0.	0.	0.	0.	0.	0.	0.	0.	0.	0.	0.	0.	0.	0.	-129065.93974803385	-192509.70796450862	-242263.71737755046	-285054.729188812	-324767.12856355996	-361413.0354230375	-396577.21545787447	-430306.02266942273	-463045.9993960978	-495227.8513764269	-526353.5849760855	-557323.3985251797	-587992.5312866606	-618424.3769551115	-648760.8054092649
-3.2737445189267937	-22.887596185469864	-29.40758280622911	-20.652095884578372	-6.562489088443683	-0.26868340372169347	0.	0.	0.	0.	0.	0.	0.	0.	0.	0.	0.	0.	0.	0.	0.	0.	0.	0.	0.	0.	0.	0.	0.	0.	0.	0.	0.	0.	0.	0.	0.	0.	0.	0.	0.	0.	0.	0.	0.	0.	0.	0.	0.	0.	0.	0.	0.	0.	0.	0.	0.	0.	0.	0.	0.	0.	0.	0.	0.	0.	0.	0.	0.	0.	0.	0.	0.	0.	0.	0.	0.	0.	0.	0.	0.	0.	0.	0.	0.	0.	-123673.96702585432	-189015.15256445095	-239116.4378428507	-282771.10729103145	-322330.88754789066	-359292.2055592637	-394531.8652252673	-428194.7463069331	-461270.81843382964	-493182.88725727174	-524643.5596038817	-555748.9973381229	-586111.8545894406	-617067.6711058434	-646993.8365959004
-3.7886957710087725	-27.46083841524878	-39.30916075772197	-35.05934061290942	-19.578946687066903	-5.024550628145612	-0.1497994672835584	0.	0.	0.	0.	0.	0.	0.	0.	0.	0.	0.	0.	0.	0.	0.	0.	0.	0.	0.	0.	0.	0.	0.	0.	0.	0.	0.	0.	0.	0.	0.	0.	0.	0.	0.	0.	0.	0.	0.	0.	0.	0.	0.	0.	0.	0.	0.	0.	0.	0.	0.	0.	0.	0.	0.	0.	0.	0.	0.	0.	0.	0.	0.	0.	0.	0.	0.	0.	0.	0.	0.	0.	0.	0.	0.	0.	0.	0.	0.	-117454.83072957517	-184603.47157014965	-235777.25121932203	-279820.41517915926	-319494.07467333745	-356608.01969677623	-391733.11312384217	-425811.37342060095	-458995.38691988745	-491012.39143850905	-522771.8117200119	-553445.2058250639	-584134.7991289226	-614918.7615282643	-644923.6935577249
-4.2944986987544045	-31.86265471374991	-48.778440374248405	-49.85357664050965	-36.5643434269768	-17.4246302801957	-3.7711729723603655	-0.0851365376116197	0.	0.	0.	0.	0.	0.	0.	0.	0.	0.	0.	0.	0.	0.	0.	0.	0.	0.	0.	0.	0.	0.	0.	0.	0.	0.	0.	0.	0.	0.	0.	0.	0.	0.	0.	0.	0.	0.	0.	0.	0.	0.	0.	0.	0.	0.	0.	0.	0.	0.	0.	0.	0.	0.	0.	0.	0.	0.	0.	0.	0.	0.	0.	0.	0.	0.	0.	0.	0.	0.	0.	0.	0.	0.	0.	0.	0.	0.	-109756.41892244123	-179586.4344057973	-231592.4934307865	-276013.45987639815	-316221.25195319875	-353674.8746375954	-389132.4028561534	-423123.91159691766	-456110.98432681686	-488224.5255562346	-520137.68348875764	-550985.2755303775	-581878.7944238571	-612477.3298389745	-642907.0672051692
-4.790102198183161	-36.113118156616174	-57.81837880993901	-64.40081591735947	-55.23406508417916	-35.52381660731325	-14.982667746088326	-2.808398236346618	-0.04934992849751847	0.	0.	0.	0.	0.	0.	0.	0.	0.	0.	0.	0.	0.	0.	0.	0.	0.	0.	0.	0.	0.	0.	0.	0.	0.	0.	0.	0.	0.	0.	0.	0.	0.	0.	0.	0.	0.	0.	0.	0.	0.	0.	0.	0.	0.	0.	0.	0.	0.	0.	0.	0.	0.	0.	0.	0.	0.	0.	0.	0.	0.	0.	0.	0.	0.	0.	0.	0.	0.	0.	0.	0.	0.	0.	0.	0.	0.	-100674.28934342295	-173707.1773241497	-226916.25987913672	-272130.7113987604	-312769.16050759447	-349961.03893460217	-385784.7241599632	-420056.3114383643	-453305.5927257037	-485560.62592132064	-517166.1046834501	-548170.1896311777	-579330.6095545425	-609673.0074029291	-639802.7104069456
-5.274468518990331	-40.22270474351454	-66.4560615668387	-78.45827306921981	-74.3347211627424	-56.81923402214338	-33.11080214970619	-12.634016231899293	-2.088191276709383	-0.029157666832064704	0.	0.	0.	0.	0.	0.	0.	0.	0.	0.	0.	0.	0.	0.	0.	0.	0.	0.	0.	0.	0.	0.	0.	0.	0.	0.	0.	0.	0.	0.	0.	0.	0.	0.	0.	0.	0.	0.	0.	0.	0.	0.	0.	0.	0.	0.	0.	0.	0.	0.	0.	0.	0.	0.	0.	0.	0.	0.	0.	0.	0.	0.	0.	0.	0.	0.	0.	0.	0.	0.	0.	0.	0.	0.	0.	0.	-88906.41367808061	-166938.2967116117	-221571.17632683966	-267161.0545165032	-308117.9964307992	-346197.99350665644	-382269.7617648432	-416690.2113992083	-449986.6848292242	-482507.3858507094	-514277.41821761226	-545461.5810185937	-576254.8153865981	-606963.182949212	-637159.1382430984
-5.74659155592709	-44.19608441263448	-74.71826606549857	-91.94209501246283	-93.22774829238955	-79.5697838679258	-55.87291353834686	-30.08055568457074	-10.536117930596907	-1.5556007368960598	-0.01754143694358949	0.	0.	0.	0.	0.	0.	0.	0.	0.	0.	0.	0.	0.	0.	0.	0.	0.	0.	0.	0.	0.	0.	0.	0.	0.	0.	0.	0.	0.	0.	0.	0.	0.	0.	0.	0.	0.	0.	0.	0.	0.	0.	0.	0.	0.	0.	0.	0.	0.	0.	0.	0.	0.	0.	0.	0.	0.	0.	0.	0.	0.	0.	0.	0.	0.	0.	0.	0.	0.	0.	0.	0.	0.	0.	0.	-74232.3215690345	-159253.38794803116	-215596.85099843238	-262126.39133327664	-303438.5402276048	-341909.1302963069	-378003.91685697256	-412648.95264559257	-446356.03154858405	-478652.48564022843	-510567.7063724702	-541933.616908091	-572833.1014428227	-603456.0842670862	-633740.74990659
-6.205507959014252	-48.03440910982148	-82.62584292335279	-104.83191931651405	-111.59563955539582	-102.7168606485162	-81.26859504046176	-53.367754115298645	-26.884915677394204	-8.733807380031543	-1.1632505274887797	-0.010733089407535734	0.	0.	0.	0.	0.	0.	0.	0.	0.	0.	0.	0.	0.	0.	0.	0.	0.	0.	0.	0.	0.	0.	0.	0.	0.	0.	0.	0.	0.	0.	0.	0.	0.	0.	0.	0.	0.	0.	0.	0.	0.	0.	0.	0.	0.	0.	0.	0.	0.	0.	0.	0.	0.	0.	0.	0.	0.	0.	0.	0.	0.	0.	0.	0.	0.	0.	0.	0.	0.	0.	0.	0.	0.	0.	-54162.86495163491	-150665.98539711753	-209048.60365231818	-256263.1031174945	-298704.75149185327	-336997.93288056535	-373789.34497613437	-408206.0516431647	-442016.86659002054	-474611.94224802195	-506758.29725465423	-538115.0510678838	-568981.7025685019	-600146.309312367	-630350.5831250191
-6.650304678880056	-51.73670708476528	-90.19346532444304	-117.13146422732841	-129.2840475210854	-125.64243621375992	-107.89016577376678	-80.46535702479039	-49.99279398362385	-23.7771952384635	-7.2191591355244	-0.8740970807861355	-0.006671728261479077	0.	0.	0.	0.	0.	0.	0.	0.	0.	0.	0.	0.	0.	0.	0.	0.	0.	0.	0.	0.	0.	0.	0.	0.	0.	0.	0.	0.	0.	0.	0.	0.	0.	0.	0.	0.	0.	0.	0.	0.	0.	0.	0.	0.	0.	0.	0.	0.	0.	0.	0.	0.	0.	0.	0.	0.	0.	0.	0.	0.	0.	0.	0.	0.	0.	0.	0.	0.	0.	0.	0.	0.	0.	-10420.110140265275	-140253.4986978362	-201364.64260180586	-250285.49689217133	-292852.726529198	-332027.5764508256	-368641.96045518265	-403946.29045016196	-437437.39434602036	-470717.1986090065	-502715.9384109858	-534003.1123497706	-565341.2053793683	-596210.5129286272	-626524.8934757245
-7.080124510642272	-55.30075462513026	-97.43073581816073	-128.85220258626146	-146.22126399330975	-147.99074848549495	-134.81483441607787	-109.73439908014853	-77.98491280695755	-46.21214659593941	-20.887571808771767	-5.962365397729974	-0.6604007309752531	-0.004208633640293149	0.	0.	0.	0.	0.	0.	0.	0.	0.	0.	0.	0.	0.	0.	0.	0.	0.	0.	0.	0.	0.	0.	0.	0.	0.	0.	0.	0.	0.	0.	0.	0.	0.	0.	0.	0.	0.	0.	0.	0.	0.	0.	0.	0.	0.	0.	0.	0.	0.	0.	0.	0.	0.	0.	0.	0.	0.	0.	0.	0.	0.	0.	0.	0.	0.	0.	0.	0.	0.	0.	0.	0.	0.	-128753.49791355616	-192993.61035148907	-243103.7693359526	-286600.5956564007	-326447.31171291234	-363431.30770323484	-398559.2701790496	-432422.002909347	-465794.41167210374	-497935.3960722658	-529748.4538759188	-560726.9007962352	-591605.9362322275	-622253.0971144392
-7.494170368633859	-58.723637188300046	-104.34345092745909	-140.00676021033428	-162.3773617112464	-169.5588207609021	-161.4532652157949	-139.9888520585593	-109.11839400243942	-74.44807499678	-42.32607656039312	-18.272659134763494	-4.927038713895005	-0.5018091848419757	-0.0026915617654741375	0.	0.	0.	0.	0.	0.	0.	0.	0.	0.	0.	0.	0.	0.	0.	0.	0.	0.	0.	0.	0.	0.	0.	0.	0.	0.	0.	0.	0.	0.	0.	0.	0.	0.	0.	0.	0.	0.	0.	0.	0.	0.	0.	0.	0.	0.	0.	0.	0.	0.	0.	0.	0.	0.	0.	0.	0.	0.	0.	0.	0.	0.	0.	0.	0.	0.	0.	0.	0.	0.	0.	0.	-115120.30342580161	-183518.6676110004	-235297.80168133613	-279855.8561238218	-320003.4239357659	-357679.74589407817	-393105.5050984553	-427413.8110261238	-460638.12949029414	-492902.91776016436	-525124.1258995595	-556255.852131193	-587093.0579898589	-618199.0692661012
-7.891708655812769	-62.00212089442522	-110.93469683643406	-150.60647840065232	-177.7433381243547	-190.23249117094397	-187.4330213958008	-170.40702923397373	-142.01061444274208	-106.75341513293041	-70.30496651600455	-38.52077676398546	-15.946720528085866	-4.07737475639405	-0.38352689395709844	-0.001743558970519997	0.	0.	0.	0.	0.	0.	0.	0.	0.	0.	0.	0.	0.	0.	0.	0.	0.	0.	0.	0.	0.	0.	0.	0.	0.	0.	0.	0.	0.	0.	0.	0.	0.	0.	0.	0.	0.	0.	0.	0.	0.	0.	0.	0.	0.	0.	0.	0.	0.	0.	0.	0.	0.	0.	0.	0.	0.	0.	0.	0.	0.	0.	0.	0.	0.	0.	0.	0.	0.	0.	0.	-98494.14079788861	-173329.0411165547	-226924.69563525778	-272667.3294602768	-313436.7094079288	-351249.14675165137	-387587.8911084104	-421713.0662531534	-455272.8413166963	-488061.52778339223	-520081.0059358763	-551466.5390675631	-582278.2130531545	-613263.3939945488
-8.272071920462087	-65.13290469943693	-117.20572107858253	-160.66075788358384	-192.32042540835317	-209.94946098907582	-212.52028112932263	-200.4303428601901	-175.63318687901838	-141.62412587352102	-103.19732182949011	-65.8726606958599	-34.905307061159924	-13.900810533475894	-3.381158717026573	-0.2948311184523191	-0.0011430946498943403	0.	0.	0.	0.	0.	0.	0.	0.	0.	0.	0.	0.	0.	0.	0.	0.	0.	0.	0.	0.	0.	0.	0.	0.	0.	0.	0.	0.	0.	0.	0.	0.	0.	0.	0.	0.	0.	0.	0.	0.	0.	0.	0.	0.	0.	0.	0.	0.	0.	0.	0.	0.	0.	0.	0.	0.	0.	0.	0.	0.	0.	0.	0.	0.	0.	0.	0.	0.	0.	0.	-76906.89565366917	-161301.9397929623	-217626.9971989342	-264524.110651381	-306203.93192042864	-344855.98498266615	-380969.8650919648	-415945.44009429903	-449321.92866488185	-482522.7903609605	-514406.0198041126	-546132.9966977224	-577262.7984763855	-608121.2304225173
-8.634660907011567	-68.11279513573074	-123.156603480359	-170.1771396151003	-206.1146375552428	-228.67792112861093	-236.56960518988345	-229.6826238765013	-209.2436933206951	-177.86534544532236	-139.45046606279107	-98.87519310322263	-61.368550994638916	-31.537758093187993	-12.114269004045182	-2.810712368992201	-0.2279475143204139	-0.0007579104709247784	0.	0.	0.	0.	0.	0.	0.	0.	0.	0.	0.	0.	0.	0.	0.	0.	0.	0.	0.	0.	0.	0.	0.	0.	0.	0.	0.	0.	0.	0.	0.	0.	0.	0.	0.	0.	0.	0.	0.	0.	0.	0.	0.	0.	0.	0.	0.	0.	0.	0.	0.	0.	0.	0.	0.	0.	0.	0.	0.	0.	0.	0.	0.	0.	0.	0.	0.	0.	0.	-44555.57425595661	-148279.85863050833	-207462.27593958285	-255806.25276930432	-298143.88011378417	-337600.2112286052	-374325.61399411364	-409531.04198506096	-443301.5070077435	-476317.8343315965	-508624.63908712205	-540236.7039771167	-571815.7111297238	-602536.5664496708
-8.97894606458535	-70.93882921835488	-128.78676571807642	-179.16165934928162	-219.13404768666987	-246.40412857791054	-259.4921788664883	-257.91235639436354	-242.31427047512443	-214.56725096575462	-177.749704093702	-135.99134401247852	-94.10381525521112	-56.93722270908043	-28.443291974395127	-10.561469366273894	-2.3428713012370936	-0.1772252248299526	-0.0005078672184342881	0.	0.	0.	0.	0.	0.	0.	0.	0.	0.	0.	0.	0.	0.	0.	0.	0.	0.	0.	0.	0.	0.	0.	0.	0.	0.	0.	0.	0.	0.	0.	0.	0.	0.	0.	0.	0.	0.	0.	0.	0.	0.	0.	0.	0.	0.	0.	0.	0.	0.	0.	0.	0.	0.	0.	0.	0.	0.	0.	0.	0.	0.	0.	0.	0.	0.	0.	0.	0.	-132814.38498449628	-196488.0215613748	-246527.26336913387	-290150.5204073904	-329673.3991211012	-367237.9391319501	-402587.2017601822	-436709.23018217273	-470041.03873551905	-502692.18616501504	-534093.6939782526	-565981.2392051808	-596922.4833075299
-9.304468554430132	-73.60836157494175	-134.0953561504166	-187.61927203436875	-231.38749782596918	-263.1251543629691	-281.23578123073133	-284.952998869481	-274.47313971878395	-251.0523941887462	-217.04322419351772	-175.83381616593138	-131.64281903079154	-89.11468704822568	-52.67105447860533	-25.626362923276275	-9.21566251996251	-1.9585492769059323	-0.13854130500510695	-0.0003437255059075485	0.	0.	0.	0.	0.	0.	0.	0.	0.	0.	0.	0.	0.	0.	0.	0.	0.	0.	0.	0.	0.	0.	0.	0.	0.	0.	0.	0.	0.	0.	0.	0.	0.	0.	0.	0.	0.	0.	0.	0.	0.	0.	0.	0.	0.	0.	0.	0.	0.	0.	0.	0.	0.	0.	0.	0.	0.	0.	0.	0.	0.	0.	0.	0.	0.	0.	0.	0.	-114339.66087458686	-184054.50277263534	-236342.31369216353	-281087.8605879556	-321642.134917194	-359317.0336085292	-395237.1875727123	-429841.6844226351	-463113.3733808759	-496156.06553575076	-528006.1505085189	-559538.9550065506	-590651.221245235
-9.610840785941443	-76.1191261123566	-139.08153949301595	-195.554259559066	-242.88405801546926	-278.84464514808434	-301.7721155245197	-310.69616662746563	-305.46071169717027	-286.823069517435	-256.5147552943561	-217.23887843998986	-172.5697877678043	-126.71203649107171	-84.07364903464946	-48.625567490206286	-23.078881838757642	-8.051064938556632	-1.6421670602820968	-0.10887388870882393	-0.00023483284108767046	0.	0.	0.	0.	0.	0.	0.	0.	0.	0.	0.	0.	0.	0.	0.	0.	0.	0.	0.	0.	0.	0.	0.	0.	0.	0.	0.	0.	0.	0.	0.	0.	0.	0.	0.	0.	0.	0.	0.	0.	0.	0.	0.	0.	0.	0.	0.	0.	0.	0.	0.	0.	0.	0.	0.	0.	0.	0.	0.	0.	0.	0.	0.	0.	0.	0.	0.	-91772.45847020426	-170044.99210380076	-224989.93777458867	-270949.2206142469	-312784.6673862512	-351200.3688213137	-387627.3704571181	-422419.7454572548	-456103.5770346011	-489026.02877169347	-521210.271342183	-553243.0339651578	-584485.0909919643
-9.897746505501345	-78.46927902077145	-143.74471391141265	-202.97058887813054	-253.63287036726814	-293.5703550211491	-321.08875762927596	-335.07359248118206	-335.0978399136287	-321.51730361513864	-295.54223523003577	-259.26801754145725	-215.6405199830891	-168.32399243294705	-121.43358712911308	-79.09680865183883	-44.83065432701588	-20.785600631808006	-7.043900152869599	-1.3810774315028724	-0.08599704411425949	-0.00016187076491451936	0.	0.	0.	0.	0.	0.	0.	0.	0.	0.	0.	0.	0.	0.	0.	0.	0.	0.	0.	0.	0.	0.	0.	0.	0.	0.	0.	0.	0.	0.	0.	0.	0.	0.	0.	0.	0.	0.	0.	0.	0.	0.	0.	0.	0.	0.	0.	0.	0.	0.	0.	0.	0.	0.	0.	0.	0.	0.	0.	0.	0.	0.	0.	0.	0.	0.	-59648.9038016712	-154461.26373815956	-212665.8703728297	-260617.9236183046	-303378.9477540461	-342549.57138294174	-379161.69123521313	-414450.24973665527	-448548.92264405615	-481764.25627831864	-514341.71901088336	-546183.1259619285	-577435.7663623377
-10.164940460127346	-80.65742770193255	-148.08467243648755	-209.87221162671102	-263.6431820042922	-307.3127227845538	-339.18401332768394	-358.0449813364853	-363.263233797904	-354.8745955189539	-333.6575794321676	-301.1819531390584	-259.814210293462	-212.65645278112362	-163.389025226036	-115.98406119242773	-74.2630796587047	-41.29868896051232	-18.72761163343793	-6.172828330785931	-1.1650432864644233	-0.06826251919163046	-0.00011252164186133679	0.	0.	0.	0.	0.	0.	0.	0.	0.	0.	0.	0.	0.	0.	0.	0.	0.	0.	0.	0.	0.	0.	0.	0.	0.	0.	0.	0.	0.	0.	0.	0.	0.	0.	0.	0.	0.	0.	0.	0.	0.	0.	0.	0.	0.	0.	0.	0.	0.	0.	0.	0.	0.	0.	0.	0.	0.	0.	0.	0.	0.	0.	0.	0.	0.	0.	-136203.26653022977	-199396.21783928096	-249700.1891104122	-293277.1600933462	-333270.307140038	-370457.58187409723	-406235.61671293236	-440577.043005439	-474239.7818357313	-506782.173933743	-539048.9988101539	-570760.7069086491
-10.412247657509454	-82.68264879661055	-152.1017212468863	-216.26330673116314	-272.9244612644045	-320.08406756574504	-356.0636178381037	-379.58980207153314	-389.8774855247983	-386.7101225305954	-370.512475174625	-342.4075117174953	-304.2454115679329	-258.58771379621487	-208.62422938864134	-157.9956970177727	-110.4943587000519	-69.62386799804806	-38.03032581536021	-16.884579713429705	-5.4190285547907555	-0.9857882045770621	-0.054443273706824086	-0.00007884493363122328	0.	0.	0.	0.	0.	0.	0.	0.	0.	0.	0.	0.	0.	0.	0.	0.	0.	0.	0.	0.	0.	0.	0.	0.	0.	0.	0.	0.	0.	0.	0.	0.	0.	0.	0.	0.	0.	0.	0.	0.	0.	0.	0.	0.	0.	0.	0.	0.	0.	0.	0.	0.	0.	0.	0.	0.	0.	0.	0.	0.	0.	0.	0.	0.	0.	-114316.12534357196	-184603.47157014965	-237154.41052174187	-282383.3541503361	-323051.6373567821	-361388.0948578027	-397706.020719704	-432339.06872225506	-466130.83160052175	-499184.34445566864	-531426.7203266476	-563358.6874991098
-10.639562244586536	-84.54449756598575	-155.7967641854263	-222.14847154693007	-281.4865407410198	-331.8981483479745	-371.7386083535357	-399.70171031120765	-414.8917794562036	-416.89562560031123	-405.8509860507972	-382.5059063974381	-348.26060667588416	-305.1796744364925	-255.95802479063835	-203.8195303948155	-152.32403140573496	-105.05978886813415	-65.21045564241467	-35.01860969465164	-15.23612880822418	-4.76609344497778	-0.8366208876625226	-0.0436209171579605	-0.00005566835280242226	0.	0.	0.	0.	0.	0.	0.	0.	0.	0.	0.	0.	0.	0.	0.	0.	0.	0.	0.	0.	0.	0.	0.	0.	0.	0.	0.	0.	0.	0.	0.	0.	0.	0.	0.	0.	0.	0.	0.	0.	0.	0.	0.	0.	0.	0.	0.	0.	0.	0.	0.	0.	0.	0.	0.	0.	0.	0.	0.	0.	0.	0.	0.	0.	-86741.09162710988	-167924.91803911305	-223847.43092509307	-270913.4753501157	-312790.222783736	-351853.9213562686	-388393.20796962717	-423610.40240389074	-457706.820371945	-490757.28780378384	-523454.51877821656	-555242.291779582
-10.846846027855149	-86.24301027286684	-159.17136053354437	-227.5328682036907	-289.33975775818413	-342.76993469495926	-386.2239464778737	-418.38473414001487	-438.2798892236447	-445.34533858675707	-439.4882526705164	-421.1454056281511	-391.3310927080622	-351.66593421477006	-304.3744530900509	-252.23541139693532	-198.46521464980313	-146.51285995578462	-99.74819291146366	-61.03957550450277	-32.25186242406346	-13.762668860483494	-4.199831240333915	-0.7121269955557604	-0.03510439262533289	-0.00003958947417898188	0.	0.	0.	0.	0.	0.	0.	0.	0.	0.	0.	0.	0.	0.	0.	0.	0.	0.	0.	0.	0.	0.	0.	0.	0.	0.	0.	0.	0.	0.	0.	0.	0.	0.	0.	0.	0.	0.	0.	0.	0.	0.	0.	0.	0.	0.	0.	0.	0.	0.	0.	0.	0.	0.	0.	0.	0.	0.	0.	0.	0.	0.	0.	-42342.67713339727	-148815.45683323563	-209443.21163524193	-258374.5260383615	-301544.03776211065	-341207.28046137904	-378500.2133231491	-414360.35167921387	-448556.2432697997	-482062.42459092435	-515177.0253835114	-547085.9862617305
-11.034126659849845	-87.77870079956261	-162.22776137731117	-232.42233167351807	-296.4950777891627	-352.71549651946106	-399.53762098707796	-435.65064558797513	-460.0324771857546	-472.005644455207	-471.29417887111697	-458.07893917998535	-433.04729298955334	-397.4310009454972	-353.0235106279927	-302.16470348181264	-247.67773884791876	-192.7397953868048	-140.66794314329837	-94.60638854636578	-57.117588553984454	-29.71568960222524	-12.445856197909396	-3.708030917661817	-0.607919128363174	-0.028370960238991046	-0.000028349124133724813	0.	0.	0.	0.	0.	0.	0.	0.	0.	0.	0.	0.	0.	0.	0.	0.	0.	0.	0.	0.	0.	0.	0.	0.	0.	0.	0.	0.	0.	0.	0.	0.	0.	0.	0.	0.	0.	0.	0.	0.	0.	0.	0.	0.	0.	0.	0.	0.	0.	0.	0.	0.	0.	0.	0.	0.	0.	0.	0.	0.	0.	0.	0.	-126856.65357677406	-193364.0182418512	-244854.64015276026	-289565.1396009212	-330132.48139828746	-368576.06997400324	-404710.4750465619	-439100.5764693884	-473006.25922175485	-505968.57646319206	-538522.4057540036
-11.201495517474541	-89.15255246041252	-164.96892866685954	-236.8234454704928	-302.96419454003154	-361.75195724638564	-411.70005792168985	-451.5171327027102	-480.1530071804811	-496.84745616257084	-501.1810211627365	-493.12622572809425	-473.0963823117625	-441.9876466713339	-401.20797549456114	-352.6841555577861	-298.83519669988493	-242.49748036271566	-186.78500938835992	-134.86870664213978	-89.66523286708063	-53.44359294840967	-27.394357965154256	-11.268817074816411	-3.2802218384265034	-0.5204353972620048	-0.023023154738324846	-0.000020433865217919736	0.	0.	0.	0.	0.	0.	0.	0.	0.	0.	0.	0.	0.	0.	0.	0.	0.	0.	0.	0.	0.	0.	0.	0.	0.	0.	0.	0.	0.	0.	0.	0.	0.	0.	0.	0.	0.	0.	0.	0.	0.	0.	0.	0.	0.	0.	0.	0.	0.	0.	0.	0.	0.	0.	0.	0.	0.	0.	0.	0.	0.	0.	-98499.89719002343	-175258.47187312806	-230327.46376557337	-276652.6508554111	-318753.1834916842	-357642.6337712766	-394478.5211933118	-429427.2281015801	-463815.22595221864	-496988.0217239479	-529740.2606601315
-11.349105299007253	-90.36600577414764	-167.39854017207244	-240.74359011637912	-308.7596048938477	-369.8974769303737	-422.7337263272852	-466.00651388100727	-498.6547901888586	-519.8605803332891	-529.0939650462267	-526.1597052125073	-511.2436107522017	-484.9556116601542	-448.36498105009537	-403.0212380344557	-350.9519316710534	-294.62592391402836	-236.8683788130889	-180.71237746851116	-129.17375158439515	-84.94357020189517	-50.01172360259737	-25.271724872726633	-10.21622116261478	-2.90744485594795	-0.44677781371608943	-0.018757234924930945	-0.000014821235466034763	0.	0.	0.	0.	0.	0.	0.	0.	0.	0.	0.	0.	0.	0.	0.	0.	0.	0.	0.	0.	0.	0.	0.	0.	0.	0.	0.	0.	0.	0.	0.	0.	0.	0.	0.	0.	0.	0.	0.	0.	0.	0.	0.	0.	0.	0.	0.	0.	0.	0.	0.	0.	0.	0.	0.	0.	0.	0.	0.	0.	0.	-57220.198109542835	-154854.48123142592	-214536.44685881893	-263310.23510988953	-306220.30884604907	-346143.73888493975	-383455.5930513675	-419333.292658349	-453907.3640209113	-487293.027493434	-520259.13538768434
-11.477167367543698	-91.4209428258269	-169.5209828767652	-244.190968768913	-313.8946592875524	-377.17124550825514	-432.66286723813965	-479.14482031018883	-515.5588278984133	-541.0495221555526	-555.0039594178595	-557.0935393036611	-547.3170722327284	-526.0428891050929	-494.04675322660444	-452.5408640938791	-403.1874072084588	-348.0879453200773	-289.7376574004005	-230.9314980194421	-174.60877809164626	-123.62531669693811	-80.45129209024839	-46.812841666875	-23.33185080834143	-9.274262726467752	-2.5820431303226283	-0.3845829132461064	-0.015339938769170794	-0.000010814888430063768	0.	0.	0.	0.	0.	0.	0.	0.	0.	0.	0.	0.	0.	0.	0.	0.	0.	0.	0.	0.	0.	0.	0.	0.	0.	0.	0.	0.	0.	0.	0.	0.	0.	0.	0.	0.	0.	0.	0.	0.	0.	0.	0.	0.	0.	0.	0.	0.	0.	0.	0.	0.	0.	0.	0.	0.	0.	0.	0.	0.	0.	-130859.59465609328	-196973.48261455484	-248516.04611754903	-292900.07044675393	-333783.64137723844	-371828.0621180045	-408206.0516431647	-443323.28696435614	-477582.3898286246	-510701.4161399318
-11.585948869384431	-92.3196687513044	-171.34133686409623	-247.1746137496494	-318.38358929207186	-383.5934747665893	-441.51329888334953	-490.96112854516764	-530.8922200080259	-560.4303387477813	-578.9022477601176	-585.8750290139235	-581.195438626098	-565.0298623491326	-537.902586606381	-500.72898169938395	-454.8387671627045	-401.9827869456765	-344.3147359296142	-284.33728302784095	-224.8005638809217	-168.54111654835083	-118.25286445254847	-76.19169685323706	-43.835766350995804	-21.559388948271863	-8.430587613371928	-2.2974758213629403	-0.33191827396845375	-0.012591270371093585	-7.936921760469039e-6	0.	0.	0.	0.	0.	0.	0.	0.	0.	0.	0.	0.	0.	0.	0.	0.	0.	0.	0.	0.	0.	0.	0.	0.	0.	0.	0.	0.	0.	0.	0.	0.	0.	0.	0.	0.	0.	0.	0.	0.	0.	0.	0.	0.	0.	0.	0.	0.	0.	0.	0.	0.	0.	0.	0.	0.	0.	0.	0.	0.	-100676.24961718984	-177232.50706861285	-232185.7848656494	-279214.62365764723	-321019.01393561315	-360081.46582759335	-397099.4668801321	-432417.51513305237	-466823.53417062433	-500308.8184027813
-11.6757696563438	-93.06489080653235	-172.86535137957088	-249.7043771463144	-322.24151470603795	-389.18538279849435	-449.31226762964445	-501.4870629786683	-544.6869710954152	-578.028256855639	-600.7961712391342	-612.4779119671815	-612.7981442428638	-601.7561315162411	-579.6628869819153	-547.1759083311387	-505.32795934269103	-455.54498438586654	-399.6465978968966	-339.82078020137953	-278.56270402710584	-218.5665874230994	-162.56019668811703	-113.07594625554277	-72.16330038431327	-41.06816479607366	-19.939819184866693	-7.6741909651004985	-2.0481549577154667	-0.2871997387918176	-0.010371689102120184	-5.856935609055359e-6	0.	0.	0.	0.	0.	0.	0.	0.	0.	0.	0.	0.	0.	0.	0.	0.	0.	0.	0.	0.	0.	0.	0.	0.	0.	0.	0.	0.	0.	0.	0.	0.	0.	0.	0.	0.	0.	0.	0.	0.	0.	0.	0.	0.	0.	0.	0.	0.	0.	0.	0.	0.	0.	0.	0.	0.	0.	0.	0.	-54664.932843115166	-154689.35421566982	-215021.11199575316	-263881.0367604564	-307422.226874032	-347558.52141054464	-385234.09191460075	-421544.98590692144	-456088.76245016715	-489860.1349123732
-11.746999041170143	-93.65969543110447	-174.099414480461	-251.7909081955924	-325.4844326502413	-393.96916793185227	-456.0883250201992	-510.75641347427984	-556.9790815466317	-593.8758493220398	-620.7059250807625	-636.897111113064	-642.0775486314725	-636.1096982263207	-619.1254723194639	-591.5607941366397	-554.1870159511482	-508.13555407771327	-454.9107741520054	-396.38461843166846	-334.7648329670156	-272.5272293065946	-212.3018111055066	-156.70390687897097	-108.10648062491899	-68.36121914549611	-38.49718739520181	-18.459574739791588	-6.995301694235456	-1.8293042441501073	-0.24912514616164874	-0.008572527541397588	-4.344897688583314e-6	0.	0.	0.	0.	0.	0.	0.	0.	0.	0.	0.	0.	0.	0.	0.	0.	0.	0.	0.	0.	0.	0.	0.	0.	0.	0.	0.	0.	0.	0.	0.	0.	0.	0.	0.	0.	0.	0.	0.	0.	0.	0.	0.	0.	0.	0.	0.	0.	0.	0.	0.	0.	0.	0.	0.	0.	0.	0.	0.	-127822.40871819087	-195397.5755103901	-247632.09807912653	-292879.02870564564	-334236.0961839339	-372550.45531899657	-409524.18629342096	-444871.9460058793	-479169.9396414566
-11.800052415226403	-94.10752367457597	-175.05051746722344	-253.44561976446212	-328.1291911313791	-397.9679710789987	-461.8712184211997	-518.8048307933783	-567.8078410456116	-608.0116214323797	-638.6620304007209	-659.1446005094276	-669.012675247546	-668.0181386663954	-656.1440213644292	-633.6377810931758	-601.0434137951925	-559.2297184010039	-509.4109905628756	-453.15515380685156	-392.3728998990979	-329.2799531565622	-266.3234273033753	-206.06304325025178	-150.9998261742797	-103.35055717210214	-64.77822100823366	-36.10991435432447	-17.106095642940566	-6.385263822941179	-1.6368378312348417	-0.21662120750670488	-0.0071087893376401935	-3.239573988432866e-6	0.	0.	0.	0.	0.	0.	0.	0.	0.	0.	0.	0.	0.	0.	0.	0.	0.	0.	0.	0.	0.	0.	0.	0.	0.	0.	0.	0.	0.	0.	0.	0.	0.	0.	0.	0.	0.	0.	0.	0.	0.	0.	0.	0.	0.	0.	0.	0.	0.	0.	0.	0.	0.	0.	0.	0.	0.	0.	-93283.70008887387	-173697.26468694134	-230039.67321354235	-277567.1825287682	-320003.4239357659	-359596.69631554827	-397072.66657950706	-433080.4847514161	-467519.7399377135
-11.835387757267146	-94.41214532135845	-175.72621512590845	-254.6806459282793	-330.19344942518757	-401.20582664734474	-466.69178752286575	-525.6695743319517	-577.2152669424823	-620.4788990732687	-654.7033443226746	-679.2461300887325	-693.6041958952396	-697.441415684439	-690.6184332189753	-673.2239932639493	-645.6064621089633	-608.4035900022927	-562.5677474216521	-509.382849090587	-450.4679732328899	-387.7613540114644	-323.4771437967209	-260.0264649549366	-199.89445386086615	-145.4673461575813	-98.80985971726899	-61.405519045647004	-33.89366288520671	-15.867833388309116	-5.836420832898888	-1.4672568007182176	-0.18880085151514756	-0.0059137099279238875	-2.4272221040234717e-6	0.	0.	0.	0.	0.	0.	0.	0.	0.	0.	0.	0.	0.	0.	0.	0.	0.	0.	0.	0.	0.	0.	0.	0.	0.	0.	0.	0.	0.	0.	0.	0.	0.	0.	0.	0.	0.	0.	0.	0.	0.	0.	0.	0.	0.	0.	0.	0.	0.	0.	0.	0.	0.	0.	0.	0.	0.	-30490.618876175628	-148291.2474250003	-210485.83066334104	-260984.60875498617	-305052.76523283974	-345555.46436957293	-383832.35169888224	-420703.0327973192	-455923.79118607065
-11.853502061594178	-94.57763202269365	-176.13458267796204	-255.50879237882782	-331.69562746406666	-403.7076028485071	-470.5818620808628	-531.389294861518	-585.2456466668255	-631.3249401190333	-668.8754764462029	-697.2386115196085	-715.870396173462	-724.3660238387636	-722.4868258513826	-710.1892784041617	-687.6551134950674	-655.3211346018409	-613.9067001066678	-564.4360309737475	-508.2515139168248	-447.01302762635305	-382.67709849246125	-317.4485847739307	-253.69697167274086	-193.82990492724826	-140.11939175029735	-94.48278486860971	-58.23336697954911	-31.83619202705603	-14.734223924754033	-5.342006567125035	-1.3175611126615627	-0.16492890575009325	-0.004934629371600827	-1.827105024554722e-6	0.	0.	0.	0.	0.	0.	0.	0.	0.	0.	0.	0.	0.	0.	0.	0.	0.	0.	0.	0.	0.	0.	0.	0.	0.	0.	0.	0.	0.	0.	0.	0.	0.	0.	0.	0.	0.	0.	0.	0.	0.	0.	0.	0.	0.	0.	0.	0.	0.	0.	0.	0.	0.	0.	0.	0.	0.	-117374.54903234898	-189025.8732753891	-242926.64101496676	-288960.5665614129	-331314.88894246385	-370387.67329935165	-407575.6685357194	-443265.20708003675
-11.854927713094233	-94.60832972053184	-176.2841702259813	-255.94348117470187	-332.654846232484	-405.4989326310182	-473.57415836210464	-536.0038406190322	-591.945155190672	-640.6002117749467	-681.2295133454861	-713.1680139673589	-735.8439123972315	-748.8002099818412	-751.7189098621483	-744.4475264271017	-727.0272921839525	-699.7220733054313	-663.0465122269085	-617.791282905413	-565.0425540203473	-506.19180514782437	-442.931061996809	-377.22750470036806	-311.27046679952036	-247.38347720460342	-187.89488361241018	-134.9638121100854	-90.36531794204173	-55.25150200498055	-29.925832750947475	-13.69564101169043	-4.896044523366113	-1.185174893217147	-0.14439442628319252	-0.0041298464608451315	-1.3815725202668707e-6	0.	0.	0.	0.	0.	0.	0.	0.	0.	0.	0.	0.	0.	0.	0.	0.	0.	0.	0.	0.	0.	0.	0.	0.	0.	0.	0.	0.	0.	0.	0.	0.	0.	0.	0.	0.	0.	0.	0.	0.	0.	0.	0.	0.	0.	0.	0.	0.	0.	0.	0.	0.	0.	0.	0.	0.	-73950.09324377273	-164311.19662495414	-223275.55824395694	-272165.3211823392	-315662.8904997738	-356171.9673976882	-393842.12720966537	-430298.91533387144
-11.840228835651565	-94.508830626785	-176.18395539439973	-255.9986911603093	-333.09086099038404	-406.6061366527568	-475.70217312639113	-539.5540790057028	-597.3615270460509	-648.3577920979769	-691.8209777484972	-727.0876544186872	-753.5690755233197	-770.7700580353257	-778.3105010479687	-775.9493596949999	-763.6106786961946	-741.4110031479564	-709.6871048139785	-669.0224691864054	-620.2703623115356	-564.5705240867212	-503.3556214621048	-438.3425822975008	-371.50292763779277	-305.00545165605604	-241.12447453553023	-182.10809988942788	-130.0045014788403	-86.45171607684426	-52.449470510638015	-28.15156397354469	-12.743338300338129	-4.4932562878634466	-1.0678831410315883	-0.12668833600212728	-0.0034662101146658857	-1.0492239056742986e-6	0.	0.	0.	0.	0.	0.	0.	0.	0.	0.	0.	0.	0.	0.	0.	0.	0.	0.	0.	0.	0.	0.	0.	0.	0.	0.	0.	0.	0.	0.	0.	0.	0.	0.	0.	0.	0.	0.	0.	0.	0.	0.	0.	0.	0.	0.	0.	0.	0.	0.	0.	0.	0.	0.	0.	0.	-134821.61753797255	-201598.63517570248	-254010.17157189606	-299364.0367056244	-340573.5007400663	-379623.31267615774	-416738.8180286291
-11.809997639255753	-94.28394500159821	-175.8432947877756	-255.68889522123825	-333.0239889685233	-407.0561397764997	-477.0000748642386	-542.081728869693	-601.5437684103168	-654.6528651550922	-700.7089676012399	-739.0567946340144	-769.0997336003176	-790.3162670105187	-802.2789685342992	-804.6759922294176	-797.3348182452497	-780.247800343953	-753.5987696341866	-717.7895668718564	-673.4648837084254	-621.5331749005509	-563.180650920872	-499.8744857868853	-433.35042965075775	-365.57912140406705	-298.70479210043834	-234.9501573407979	-176.48280267775965	-125.24229982980104	-82.73503853332872	-49.81686422901791	-26.503049827744146	-11.86938588136329	-4.128979176172975	-0.9637781523498233	-0.11138530951042212	-0.0029172672623959495	-8.001642188767821e-7	0.	0.	0.	0.	0.	0.	0.	0.	0.	0.	0.	0.	0.	0.	0.	0.	0.	0.	0.	0.	0.	0.	0.	0.	0.	0.	0.	0.	0.	0.	0.	0.	0.	0.	0.	0.	0.	0.	0.	0.	0.	0.	0.	0.	0.	0.	0.	0.	0.	0.	0.	0.	0.	0.	0.	-97049.85237384208	-177222.40690284173	-233836.5988136529	-281664.55365987786	-324790.0419038269	-364737.9402165411	-402587.2017601822
-11.76485078974566	-93.93867295535262	-175.27187482300667	-255.02899540674187	-332.47503301363616	-406.8763825618636	-477.50259257616483	-543.6292002277785	-604.5418990913815	-659.5422875191497	-707.9554340280589	-749.1394776308528	-782.4974526463454	-807.4914852927333	-823.65944819757	-830.6340722625445	-828.1643947025541	-816.1392570203715	-794.6123443352049	-763.827962735555	-724.2463673883558	-676.5669642192346	-621.7470988434942	-561.0134150579296	-495.8619306537182	-428.04210124800335	-359.51935642029645	-292.4101478798942	-228.88387783128087	-171.02786111057003	-120.67571451013781	-79.20755613355078	-47.34348812309765	-24.97064957705027	-11.066605175183218	-3.79909273776295	-0.8712141856618677	-0.09812906174398373	-0.0024618326305049353	-6.126922606624184e-7	0.	0.	0.	0.	0.	0.	0.	0.	0.	0.	0.	0.	0.	0.	0.	0.	0.	0.	0.	0.	0.	0.	0.	0.	0.	0.	0.	0.	0.	0.	0.	0.	0.	0.	0.	0.	0.	0.	0.	0.	0.	0.	0.	0.	0.	0.	0.	0.	0.	0.	0.	0.	0.	0.	-22501.87495588426	-148294.09462357798	-212067.8404701971	-262761.3286680531	-308030.2132701683	-349040.5005271579	-387686.58948008984
-11.70542582364936	-93.47817648081038	-174.47966243285705	-254.03425683026373	-331.46520250672813	-406.09472916914547	-477.2449027235692	-544.2394395768546	-606.4067173318997	-663.0842098097925	-713.6245674898404	-757.40355251641	-793.8300180667408	-822.358092063011	-842.5016809718063	-853.8513456218612	-856.093510998698	-849.0318475212647	-832.6104920612531	-806.9385505078194	-772.3150256536879	-729.2529290894263	-678.500848929272	-621.0596464982987	-558.1912462886389	-491.41569019444063	-422.4918186852029	-353.37626186890304	-286.1551342460949	-222.94336620125932	-165.74865066974257	-116.30149673070957	-75.86106532508802	-45.019476471521294	-23.545408591647274	-10.328504719676578	-3.4999535506555834	-0.7887690933249402	-0.08662037057591279	-0.00208287978868066	-4.709743832747313e-7	0.	0.	0.	0.	0.	0.	0.	0.	0.	0.	0.	0.	0.	0.	0.	0.	0.	0.	0.	0.	0.	0.	0.	0.	0.	0.	0.	0.	0.	0.	0.	0.	0.	0.	0.	0.	0.	0.	0.	0.	0.	0.	0.	0.	0.	0.	0.	0.	0.	0.	0.	0.	0.	0.	-112625.36244243795	-186930.11662474598	-242303.94662032672	-289580.77154443564	-332656.6344112347	-372441.9477641825
-11.632377628946593	-92.90775190384154	-173.47685608481314	-252.72024115262136	-330.0160327345659	-404.7393730043193	-476.2625151764567	-543.9557798310411	-607.1895825615765	-665.3377414009254	-717.7822691257046	-763.9198485036743	-803.1701760205035	-834.9863392239414	-858.8673614517251	-874.3730013433153	-881.1408280071907	-878.9054994573056	-867.5200437227171	-846.9787687979432	-817.4411973692849	-779.256121465659	-732.9844866673495	-679.4193326335563	-619.6004295813831	-554.8205652531167	-486.61968583877757	-416.7623549074123	-347.1934199233244	-279.96663746210197	-217.14174801307564	-160.64777774319182	-112.11510060016083	-72.6871271398861	-42.835369851189895	-22.219036581144504	-9.649218478718213	-3.2283376187485584	-0.7152118340448582	-0.07660730043514194	-0.0017666778579337138	-3.63401164484421e-7	0.	0.	0.	0.	0.	0.	0.	0.	0.	0.	0.	0.	0.	0.	0.	0.	0.	0.	0.	0.	0.	0.	0.	0.	0.	0.	0.	0.	0.	0.	0.	0.	0.	0.	0.	0.	0.	0.	0.	0.	0.	0.	0.	0.	0.	0.	0.	0.	0.	0.	0.	0.	0.	-57217.95107708065	-158583.6285182665	-219971.49278967257	-270322.31460270804	-314924.78131221654	-356207.8265158675
-11.546375010862521	-92.23280292348845	-172.2738375103358	-251.10274035707758	-328.14930376193115	-402.8387413320953	-474.59115907647833	-542.8217945147436	-606.9422128049699	-666.3626496538974	-720.4956900101096	-768.761468175107	-810.5945675779403	-845.4527851811692	-872.8279038889567	-892.2585832617141	-903.3454302496696	-905.768242362643	-899.3053191648567	-883.854606120077	-859.4562577968221	-826.3159737867296	-784.8281576569782	-735.5975640153437	-679.4576207690934	-617.4830391229748	-550.9936635341751	-481.54580577889914	-410.9066367929216	-341.0067389759749	-273.8659289788829	-211.48839109476037	-155.72567074661671	-108.11104729081691	-69.67724715024943	-40.782162797010145	-20.983877616479973	-9.023447643668813	-2.9813896453862156	-0.64947494447591	-0.0678772020322005	-0.0015021168497213028	-2.814200124214506e-7	0.	0.	0.	0.	0.	0.	0.	0.	0.	0.	0.	0.	0.	0.	0.	0.	0.	0.	0.	0.	0.	0.	0.	0.	0.	0.	0.	0.	0.	0.	0.	0.	0.	0.	0.	0.	0.	0.	0.	0.	0.	0.	0.	0.	0.	0.	0.	0.	0.	0.	0.	0.	0.	-123662.0014004136	-194854.55762330128	-249146.55912929078	-296206.5740855402	-338697.5879023506
-11.448097360011811	-91.45881439468003	-170.88112449404093	-249.19771143903776	-325.88695972958	-400.4213999734461	-472.26666955800516	-540.8811562310666	-605.7164945734189	-666.2190874118683	-721.8328253597249	-772.0031770306636	-816.1828189302738	-853.8389661204814	-884.4625505660607	-907.5793711361281	-922.763304358997	-929.6516141354641	-927.9623265288976	-917.5135359922579	-898.2443739988921	-870.237190478054	-833.7402617317865	-789.1900337371351	-737.2315254453972	-678.7350443852251	-614.8068058854199	-546.7904125721791	-476.25548634650073	-404.96914324653443	-334.845632193399	-267.8696067146876	-205.98960911191807	-150.98106129077445	-104.28321271031149	-66.82300919422008	-38.85132965627098	-19.832875232022143	-8.446406449265861	-2.756578463896646	-0.59063119082027	-0.060250148769486596	-0.0012801784285498107	-2.187013966355329e-7	0.	0.	0.	0.	0.	0.	0.	0.	0.	0.	0.	0.	0.	0.	0.	0.	0.	0.	0.	0.	0.	0.	0.	0.	0.	0.	0.	0.	0.	0.	0.	0.	0.	0.	0.	0.	0.	0.	0.	0.	0.	0.	0.	0.	0.	0.	0.	0.	0.	0.	0.	0.	-72907.49621993153	-166032.33154078928	-226292.95655613288	-276033.4750690746	-320458.21969861386
-11.338231438471187	-90.59132698969464	-169.30932502971396	-247.0212125539837	-323.2510293892369	-397.5159590905319	-469.3248762478673	-538.1774996681899	-603.5643038593719	-664.9673442322855	-721.8621539479042	-773.7208716932879	-820.0167589862011	-860.2302617251713	-893.8567621158885	-920.4161518691734	-939.4643331708694	-950.606717152356	-953.5137363461636	-947.9383127331239	-933.735120063245	-910.8813403525112	-879.4984305827675	-839.8741761987833	-792.4840019826713	-738.0101281730037	-677.3566938833411	-611.6584232494325	-542.2798015513231	-470.8011081498575	-398.98711955562624	-328.7340259926968	-261.9903885771019	-200.6492449944092	-146.41137490869778	-100.62505359584037	-64.11617298881555	-37.03483440330177	-18.759534973686897	-7.913772218008104	-2.5516579402907844	-0.5378737436823968	-0.053573538124699824	-0.0010935192274615368	-1.7054026312849007e-7	0.	0.	0.	0.	0.	0.	0.	0.	0.	0.	0.	0.	0.	0.	0.	0.	0.	0.	0.	0.	0.	0.	0.	0.	0.	0.	0.	0.	0.	0.	0.	0.	0.	0.	0.	0.	0.	0.	0.	0.	0.	0.	0.	0.	0.	0.	0.	0.	0.	0.	0.	0.	-131084.1451696694	-200519.9635489835	-254616.38515695208	-301129.91689873807
-11.217468297200686	-89.63591285746757	-167.5690931098796	-244.58934109441046	-320.2635485815726	-394.1509809488886	-465.80149441177423	-534.7542895462312	-600.5373373997437	-662.6676181064367	-720.6523153992158	-773.9911132081061	-822.179741946528	-864.7149211992087	-901.1008411487232	-930.8573156762347	-953.5297236669111	-968.700829102059	-976.0045317872922	-975.1415449457811	-965.8969182596819	-948.1592189362591	-921.9410413670147	-887.4003290137596	-844.8617503725158	-794.8370640912976	-738.043027801063	-675.4149466078071	-608.1134257184433	-537.5213106284575	-465.2272222355978	-392.9916284205626	-322.6912208705537	-256.2377801971979	-195.46915388331618	-142.0130475109348	-97.12978412227883	-61.548743637730674	-35.325128824567805	-17.757886071067038	-7.421639641793211	-2.3646327126961206	-0.49049932360438286	-0.047717640016493125	-0.0009361416084597596	-1.3342413645322592e-7	0.	0.	0.	0.	0.	0.	0.	0.	0.	0.	0.	0.	0.	0.	0.	0.	0.	0.	0.	0.	0.	0.	0.	0.	0.	0.	0.	0.	0.	0.	0.	0.	0.	0.	0.	0.	0.	0.	0.	0.	0.	0.	0.	0.	0.	0.	0.	0.	0.	0.	0.	-82154.22426451907	-171260.24441447252	-230715.85208797068	-280501.64862903627
-11.086500336906736	-88.59815238409192	-165.67108637770124	-241.9181740991182	-316.94648526526464	-390.35489043622533	-461.7320195433442	-530.6546939740891	-596.6869537475167	-659.3798053390747	-718.2718198434203	-772.8907149706724	-822.7560572952186	-867.3832224896574	-906.2887500384747	-938.9972239221378	-965.0498004285166	-984.0144865774076	-995.4982450741214	-999.1609609624853	-994.731247171335	-982.0239857493262	-960.9593926170346	-931.5832485876712	-894.0877496719918	-848.8321859043353	-796.3623508567783	-737.4272062661126	-672.9908754568559	-604.2375236094135	-532.5661295826739	-459.57162244226186	-387.00845699780143	-316.73262470229935	-250.61863590049487	-190.44960220478012	-137.7817809322223	-93.79051281238148	-59.11301936133183	-33.715142436305314	-16.82244340192607	-6.966479176508111	-2.1937281883025608	-0.44789385287950517	-0.04257191685949594	-0.0008031326136057143	-1.0471997976770321e-7	0.	0.	0.	0.	0.	0.	0.	0.	0.	0.	0.	0.	0.	0.	0.	0.	0.	0.	0.	0.	0.	0.	0.	0.	0.	0.	0.	0.	0.	0.	0.	0.	0.	0.	0.	0.	0.	0.	0.	0.	0.	0.	0.	0.	0.	0.	0.	0.	0.	0.	0.	-135615.24967398692	-204527.14703418058	-258350.88604446492
-10.946018522000237	-87.4836121393831	-163.6259258338952	-239.02371133568306	-313.32166761438225	-386.15588901064444	-457.151626107827	-525.9214637016943	-592.0640239354019	-655.1633069266642	-714.7887857573004	-770.4963771823958	-821.8304134008454	-868.3267431327806	-909.517091325261	-944.9348050930818	-974.1221077584379	-996.6389714927861	-1012.073700054362	-1020.0552838682881	-1020.2675469411989	-1012.4650447404908	-996.4905891327462	-972.2941646180832	-939.9528521512425	-899.6911845532544	-851.901112092023	-797.1604498931491	-736.2483044199557	-670.155534007264	-600.0877992575934	-527.458233941851	-453.86628003793913	-381.05889782145266	-310.8703763195219	-245.13762929152472	-185.58959684370797	-133.7127485939548	-90.6003476642687	-56.80162244340067	-32.19826668720575	-15.94817054139181	-6.545099343034633	-2.0373642765134643	-0.4095202235676726	-0.038041974020283024	-0.0006904562846060017	-8.244609312504593e-8	0.	0.	0.	0.	0.	0.	0.	0.	0.	0.	0.	0.	0.	0.	0.	0.	0.	0.	0.	0.	0.	0.	0.	0.	0.	0.	0.	0.	0.	0.	0.	0.	0.	0.	0.	0.	0.	0.	0.	0.	0.	0.	0.	0.	0.	0.	0.	0.	0.	0.	-86741.09162710988	-174309.07100362258	-233823.60276461783
-10.796709756045136	-86.29782408296224	-161.44415775884454	-235.92182133852862	-309.41071561700204	-381.58187264945957	-452.09507106259065	-520.5968177338175	-586.7187916669599	-650.0768502462035	-710.2707028263276	-766.8843615312276	-819.4874838319105	-867.6377254984016	-910.8842252734484	-948.772343335167	-980.8497733187905	-1006.6741410949531	-1025.8221910419663	-1037.9006401478248	-1042.558749328454	-1039.5026165716215	-1028.5111338234742	-1009.4534639071742	-982.3077791589167	-947.18085282434	-904.327899679023	-854.171815603228	-797.320659505222	-734.5818503984285	-666.9711192368725	-595.7137729437815	-522.2353314522707	-448.1381560550814	-375.1604198159428	-305.11387500161203	-239.79764746683904	-180.88715614111405	-129.80076036345548	-87.55247589058867	-54.60751733078313	-30.7683353739055	-15.130444412299864	-6.154612681323317	-1.8941323934841188	-0.37490785411325034	-0.03404702652335916	-0.0005947878977483098	-6.510520232590398e-8	0.	0.	0.	0.	0.	0.	0.	0.	0.	0.	0.	0.	0.	0.	0.	0.	0.	0.	0.	0.	0.	0.	0.	0.	0.	0.	0.	0.	0.	0.	0.	0.	0.	0.	0.	0.	0.	0.	0.	0.	0.	0.	0.	0.	0.	0.	0.	0.	0.	0.	-137519.99951801222	-206416.91622946964
-10.639254424854645	-85.0462660837363	-159.13621797389982	-232.62819063318415	-305.2349765297846	-376.6603542736295	-446.59660268407623	-514.7223357286158	-580.7007430550794	-644.1783251972253	-704.7842174007069	-762.1302011647291	-815.8115077428472	-865.408522626993	-910.4895039790125	-950.6144304659744	-985.3400942189812	-1014.2265516703002	-1036.8450375507837	-1052.7874337167714	-1061.6773626446939	-1063.1829427774123	-1057.0311961004586	-1043.0240333735485	-1021.055654285975	-991.1310825935071	-953.3854031386007	-908.1030710369748	-855.736415600325	-796.9221562189762	-732.494381152302	-663.4920165473145	-591.1583483242667	-516.9296917976624	-442.40990570731276	-369.32724391948267	-299.4702294861604	-234.6001208057082	-176.3395325296632	-126.0403940811449	-84.64022343042114	-52.52401898261184	-29.419602715580893	-14.365021852190036	-5.792405081749273	-1.76277532647421	-0.3436437593800988	-0.030517789560662853	-0.0005133812319264905	-5.1561786722382666e-8	0.	0.	0.	0.	0.	0.	0.	0.	0.	0.	0.	0.	0.	0.	0.	0.	0.	0.	0.	0.	0.	0.	0.	0.	0.	0.	0.	0.	0.	0.	0.	0.	0.	0.	0.	0.	0.	0.	0.	0.	0.	0.	0.	0.	0.	0.	0.	0.	0.	-87231.22462491068	-175147.9019041924
-10.474324112114882	-83.73434379659707	-156.71239854320118	-229.15827632086044	-300.8154644705775	-371.418391032527	-440.68987513907445	-508.33885754587374	-574.0584859641352	-637.524634164431	-698.3949386656502	-756.3084420615937	-810.8859374316216	-861.7311135417253	-908.432605291211	-950.5670576140532	-987.7033131823117	-1019.4078339867086	-1045.2514631697018	-1064.8176250608394	-1077.7120465610708	-1083.5740597491954	-1082.08951120575	-1073.0052547811406	-1056.1451373260159	-1031.4272963466142	-998.8824688435274	-958.6728551144629	-911.1108828902974	-856.6769687971054	-796.03507016849	-730.0444587178519	-659.7657339998366	-586.4586478175077	-511.56887202521	-436.7004880681756	-363.5708361925547	-293.9446382872802	-229.54529849241396	-171.94339500902163	-122.42609989600393	-81.85709839576784	-50.54479390023399	-28.146720163532006	-13.648008267486427	-5.456108211995766	-1.642169595489066	-0.3153649028366787	-0.027394717756038633	-0.00044396195672606435	-4.0951536985740064e-8	0.	0.	0.	0.	0.	0.	0.	0.	0.	0.	0.	0.	0.	0.	0.	0.	0.	0.	0.	0.	0.	0.	0.	0.	0.	0.	0.	0.	0.	0.	0.	0.	0.	0.	0.	0.	0.	0.	0.	0.	0.	0.	0.	0.	0.	0.	0.	0.	0.	-137008.03700974988
-10.302579490576388	-82.36737392299467	-154.18281698110704	-225.52726216208845	-296.172804367061	-365.88251674951897	-434.4078691487725	-501.4863902425864	-566.8396390147867	-630.1715553152142	-691.1672640421966	-749.4924126935821	-804.793127518598	-856.6966790294193	-904.8129528981075	-948.7368268861127	-988.0515579359148	-1022.3332852647427	-1051.1567544296208	-1074.1023628478756	-1090.764617841922	-1100.762082261319	-1103.7488580100644	-1099.427621728268	-1087.5641761612758	-1068.0034113720587	-1040.6864770741672	-1005.6688453107975	-963.1387850869864	-913.4355705995002	-857.0664959728408	-794.7214671858808	-727.2835855373428	-655.833733895078	-581.6467484740219	-506.17634939388523	-431.025692924414	-357.90032973877607	-288.54071148138246	-224.63247837638448	-167.69497830497036	-118.95228245172945	-79.19682180549762	-48.66385574165498	-26.944712737255536	-12.975828442140735	-5.143574762592384	-1.5313099941432484	-0.2897516363976724	-0.024626532113851872	-0.00038464174148251896	-3.261425185005748e-8	0.	0.	0.	0.	0.	0.	0.	0.	0.	0.	0.	0.	0.	0.	0.	0.	0.	0.	0.	0.	0.	0.	0.	0.	0.	0.	0.	0.	0.	0.	0.	0.	0.	0.	0.	0.	0.	0.	0.	0.	0.	0.	0.	0.	0.	0.	0.	0.	-83640.14050050883
-10.124668390419593	-80.95056887245545	-151.55738801160288	-221.75001824477002	-291.32718041026953	-360.07867975037107	-427.782819008494	-494.2040227416686	-559.0907302898175	-622.1736188359582	-683.1642226191955	-741.754019461859	-797.6140612381467	-850.3952305430421	-899.7292113823153	-945.2302668901032	-986.4979214964362	-1023.1206481093391	-1054.6806621004182	-1080.75992236605	-1100.9474344296927	-1114.8479401214	-1122.09206113131	-1122.3479375613	-1115.3343648409339	-1100.8353797525672	-1078.7161748325332	-1048.9401253121143	-1011.5865884990299	-966.8689759224378	-915.1523972823596	-856.9699264463188	-793.0362395885766	-724.2570248139601	-651.7321703571613	-576.7503285385287	-500.77207245979383	-425.39859546004266	-352.3228853438106	-283.26074269213944	-219.8601984496508	-163.5902044167478	-115.61336506118577	-76.65334830505381	-46.875557006768695	-25.808955460757787	-12.345199495752492	-4.852856245987315	-1.4292960315115262	-0.2665220642119965	-0.022168984836700004	-0.0003338488543281346	-2.6043907251740533e-8	0.	0.	0.	0.	0.	0.	0.	0.	0.	0.	0.	0.	0.	0.	0.	0.	0.	0.	0.	0.	0.	0.	0.	0.	0.	0.	0.	0.	0.	0.	0.	0.	0.	0.	0.	0.	0.	0.	0.	0.	0.	0.	0.	0.	0.	0.	0.	0.
-9.94122404498129	-79.48902282856716	-148.84579789563608	-217.84106428840914	-286.2982891195388	-354.0321862276388	-420.84614614485133	-486.52984832646786	-550.8571057435846	-613.5839957592867	-674.4473356172928	-733.1635658353945	-789.428110137969	-842.9152861809206	-893.2788470098383	-940.1532387089687	-983.1556647312309	-1021.8890515467652	-1055.9460129959702	-1084.91391142673	-1108.3811114981283	-1125.944516380252	-1137.2184646231347	-1141.8450475000661	-1139.5058790349415	-1129.9353114899188	-1112.93503464162	-1088.3899236423513	-1056.2849030472908	-1016.7224682462586	-969.9403441788377	-916.3285588391805	-856.4449604797454	-791.027909706041	-721.004532806995	-647.4925416448052	-571.7932343559037	-495.3729402451667	-419.8299482273348	-346.84399945615183	-278.1059387468412	-215.22639608869792	-159.62478130284418	-112.4038392619532	-74.22087904086251	-45.17457794929319	-24.735150306687782	-11.753105936844586	-4.582183099870281	-1.3353200321082106	-0.24542719245840616	-0.019983821282102604	-0.00029027192467389343	-2.085135917037962e-8	0.	0.	0.	0.	0.	0.	0.	0.	0.	0.	0.	0.	0.	0.	0.	0.	0.	0.	0.	0.	0.	0.	0.	0.	0.	0.	0.	0.	0.	0.	0.	0.	0.	0.	0.	0.	0.	0.	0.	0.	0.	0.	0.	0.	0.	0.	0.
-9.752863512717541	-77.98769921271592	-146.05748132555806	-213.81453660231364	-281.1052970592233	-347.76764921942555	-413.6283993205196	-478.5008950418697	-542.1828472724364	-604.4543990533797	-665.0764930233072	-723.7895934495402	-780.3128240998008	-834.3435887204865	-885.5577465732224	-933.6104211515764	-978.1375256056058	-1018.7580932239337	-1055.077505152377	-1086.6917098417878	-1113.192528848458	-1134.174140708427	-1149.2408275935618	-1158.0160569677018	-1160.1529507778812	-1155.346165691209	-1143.3451668618145	-1123.968821427698	-1097.1211624742746	-1062.8080749497854	-1021.1545267362404	-972.4218051093987	-917.02401557316	-855.5428519279983	-788.7393514379916	-717.5610103674279	-643.1422656672407	-566.7959765797444	-489.99321836249663	-414.3285187429264	-341.4677669782857	-273.07661339663764	-210.72854024463533	-155.7942826578005	-109.31830253313552	-71.89386843044618	-43.555913610202765	-23.719303929603097	-11.196776724501861	-4.32994686344856	-1.2486566823507415	-0.2262467487929965	-0.01803790567787295	-0.0002528142452478995	-1.673637866753637e-8	0.	0.	0.	0.	0.	0.	0.	0.	0.	0.	0.	0.	0.	0.	0.	0.	0.	0.	0.	0.	0.	0.	0.	0.	0.	0.	0.	0.	0.	0.	0.	0.	0.	0.	0.	0.	0.	0.	0.	0.	0.	0.	0.	0.	0.	0.
-9.560186273082635	-76.45141952887687	-143.20160086278077	-209.68415867727646	-275.7668032151861	-341.3089432370708	-406.15920151645736	-470.1530640132444	-533.1107003533265	-594.8349966430537	-655.1098456247096	-713.6987436672268	-770.3437490707704	-824.7648614872987	-876.6598878518295	-925.7048659077619	-971.5551220020818	-1013.8470450685467	-1052.2006632832806	-1086.223113350932	-1115.5130942280707	-1139.6663966352976	-1158.2825960877888	-1170.9729892927712	-1177.3698402420848	-1177.1369814375523	-1169.9817852692502	-1155.6684779604552	-1134.0327104566343	-1104.9972232916305	-1068.5883412887033	-1024.9529038605244	-974.3750722592448	-917.2922512114098	-854.309114968177	-786.208435814732	-713.957081047341	-638.7051867451545	-561.7761638864323	-484.6449000216054	-408.90138002437766	-336.19710533629717	-268.17235054919996	-206.36374094869524	-152.09421206666	-106.35148645000284	-69.66702622345379	-42.01485966128813	-22.757706374244286	-10.673664231435913	-4.094684214194109	-1.1686538392705053	-0.20878557317907265	-0.016302483175779064	-0.00022055653756163313	-1.3466607457166262e-8	0.	0.	0.	0.	0.	0.	0.	0.	0.	0.	0.	0.	0.	0.	0.	0.	0.	0.	0.	0.	0.	0.	0.	0.	0.	0.	0.	0.	0.	0.	0.	0.	0.	0.	0.	0.	0.	0.	0.	0.	0.	0.	0.	0.	0.
-9.363772992919682	-74.88485356380984	-140.28702887780813	-205.46321536808807	-270.30080598605844	-334.6791645051797	-398.4672034771776	-461.5210756335815	-523.6820111054074	-584.7743360174886	-644.6037117315572	-702.9556382844996	-759.5942702597707	-814.2615984707531	-866.6770562421741	-916.5376146877264	-963.5184370191857	-1007.2741673893869	-1047.4409348090728	-1083.6391569538825	-1115.4772317678796	-1142.5562061320184	-1164.4755098098935	-1180.839838533642	-1191.2672613429013	-1195.3986127458224	-1192.908208189738	-1183.5158895450866	-1167.0003631594952	-1143.213733306092	-1112.0970546996066	-1073.6966247530709	-1028.1806044696957	-975.85539116986	-917.1809618671797	-852.7841596614597	-783.468606806172	-710.2196029100427	-634.2020211078001	-556.7488816271543	-479.33801895826923	-403.55416045907856	-331.03394539084564	-263.3921416556769	-202.12883980867852	-148.5200542684445	-103.49827713927777	-67.53531596952072	-40.54699758492554	-21.846910873058732	-10.181424990313603	-3.87506267134332	-1.0947244412072332	-0.19287049699729766	-0.014752555667120295	-0.00019272653305047325	-1.0861665145425287e-8	0.	0.	0.	0.	0.	0.	0.	0.	0.	0.	0.	0.	0.	0.	0.	0.	0.	0.	0.	0.	0.	0.	0.	0.	0.	0.	0.	0.	0.	0.	0.	0.	0.	0.	0.	0.	0.	0.	0.	0.	0.	0.	0.	0.
-9.164184458992413	-73.29251090902757	-137.32233193563903	-201.16453059455966	-264.72467471744324	-327.9005967450782	-390.5800438290634	-452.63842349749126	-513.9366725828075	-574.3192800563537	-633.6124979068705	-691.6227781925523	-748.1354788332169	-802.9138855936867	-855.6986029018194	-906.2073716004575	-954.1353773087745	-999.15611861156	-1040.9229095993906	-1079.071096084312	-1113.2210687762297	-1142.9821593918186	-1167.9575065289027	-1187.74997647389	-1201.969219030005	-1210.2399288393212	-1212.2113671152697	-1207.568175449282	-1196.0424802342566	-1177.4272406017246	-1151.59073139646	-1118.4919718297833	-1078.1968057235945	-1030.8942059178407	-976.9122085938577	-916.7326785968356	-851.0038615828888	-780.5493936244097	-706.3721208089827	-629.6507480135153	-551.7270220973151	-474.0809205011878	-398.29125857207043	-325.97939398320057	-258.7345012003963	-198.02048458787	-145.06731579738184	-100.75372955805365	-65.49395078339484	-39.148179588235024	-20.983714793912586	-9.7179021003428	-3.6698677905722565	-1.0263393811335264	-0.17834764006535922	-0.01336635272995754	-0.0001686740582174482	-8.781105599538858e-9	0.	0.	0.	0.	0.	0.	0.	0.	0.	0.	0.	0.	0.	0.	0.	0.	0.	0.	0.	0.	0.	0.	0.	0.	0.	0.	0.	0.	0.	0.	0.	0.	0.	0.	0.	0.	0.	0.	0.	0.	0.	0.	0.
-8.96196067142862	-71.67873376386976	-134.31575755544563	-196.80044846766458	-259.05512566942355	-320.99468237745793	-382.52431564084003	-443.53733592696904	-503.9130800444218	-563.5149536779846	-622.1886330434495	-679.7604589026098	-736.0360603594913	-790.7992504336576	-843.8112403829109	-894.8102249764781	-943.511396361586	-989.6074496725219	-1032.7696489459565	-1072.649527019551	-1108.8812976332713	-1141.0850615793158	-1168.8708910161895	-1191.8438764141956	-1209.6102183213425	-1221.7844403302186	-1227.9977891544393	-1227.9078711685802	-1221.2095503624967	-1207.6470982342914	-1187.027539042926	-1159.2350708846043	-1124.2463605156952	-1082.1464034818039	-1033.144506332889	-977.5897798998886	-915.985327863103	-849.0000709314199	-777.4768655774598	-702.435265455313	-625.0669527609559	-546.721572386957	-468.88049624515077	-393.1160275275786	-321.03387223125986	-254.19756364882133	-194.03519046513998	-141.731556885391	-98.11307684032353	-63.53838711583418	-37.81451354935148	-20.165141759725355	-9.281109170741034	-3.4779916914405025	-0.9630212214555914	-0.16508006589398486	-0.012124882299710062	-0.0001478505766022637	-7.115259592887557e-9	0.	0.	0.	0.	0.	0.	0.	0.	0.	0.	0.	0.	0.	0.	0.	0.	0.	0.	0.	0.	0.	0.	0.	0.	0.	0.	0.	0.	0.	0.	0.	0.	0.	0.	0.	0.	0.	0.	0.	0.	0.	0.
-8.757620092109494	-70.04769097291573	-131.2752232612315	-192.38281772773743	-253.30820228184675	-313.9819989940688	-374.3255392531141	-434.24874486259057	-493.6480949248932	-552.4047008888614	-610.3825151303712	-667.4267019078112	-723.3622034167097	-777.9925380023062	-831.0988722390406	-882.4394136117032	-931.7491757573181	-978.740173619218	-1023.1021112704988	-1064.5036304246105	-1102.5941925517182	-1137.0066717857849	-1167.360739087169	-1193.2671199698466	-1214.3328079405944	-1230.1672109158155	-1240.3900172760423	-1244.6387011569168	-1242.5792805231	-1233.9167766865648	-1218.4074997139926	-1195.8723799086208	-1166.2113169924426	-1129.4183324960175	-1085.597202957811	-1034.9771154290788	-977.9277181468635	-914.9727345454048	-846.8010664969058	-774.2740352257764	-698.4271051004863	-620.4641272483459	-541.7418651087788	-463.74238712304765	-388.0309335542521	-316.1972331038467	-249.77916470308125	-190.16939015964724	-138.50841618875208	-95.57173572611106	-61.66431709209843	-36.54234821487777	-19.388424933363346	-8.869215680435179	-3.298422775198727	-0.9043386449517652	-0.15294574450494622	-0.0110115482914927	-0.00012979234918178653	-5.778249306434441e-9	0.	0.	0.	0.	0.	0.	0.	0.	0.	0.	0.	0.	0.	0.	0.	0.	0.	0.	0.	0.	0.	0.	0.	0.	0.	0.	0.	0.	0.	0.	0.	0.	0.	0.	0.	0.	0.	0.	0.	0.	0.
-8.55165904140695	-68.40337324578546	-128.20830782978518	-187.92297936506966	-247.49925957775474	-306.8822409105065	-366.00814115569	-424.8022618713563	-483.1770171672479	-541.030051771257	-598.2424700568114	-654.6772009049923	-710.1775269064251	-764.5658104343665	-817.6424534982467	-869.1851330373261	-918.9483583044945	-966.6634022013487	-1012.0386637346577	-1054.760524047253	-1094.4947635636179	-1130.8886124636635	-1163.573510676875	-1192.1686565142088	-1216.285424469886	-1235.5327320492715	-1249.523431978873	-1257.8817989063182	-1260.2521675444211	-1256.308760712062	-1245.7667190930642	-1228.3943075911593	-1204.026223270057	-1172.5778639080777	-1134.0603305527627	-1088.5958281023188	-1036.4329906210517	-977.9614887645427	-913.7250722343863	-844.4319596825769	-770.9612152171816	-694.3634551524069	-615.8539331544835	-536.795796687891	-458.67115906575714	-383.0376919183355	-311.46886130092645	-245.4769092830642	-186.41947475386874	-135.39362963519977	-93.12530890027905	-59.86765986167525	-35.32825880619002	-18.65099144098676	-8.480533638096817	-3.130236505299672	-0.8499015502388916	-0.14183577971565506	-0.01001182456506454	-0.00011410654010469576	-4.702642667356017e-9	0.	0.	0.	0.	0.	0.	0.	0.	0.	0.	0.	0.	0.	0.	0.	0.	0.	0.	0.	0.	0.	0.	0.	0.	0.	0.	0.	0.	0.	0.	0.	0.	0.	0.	0.	0.	0.	0.	0.	0.
-8.344551236148499	-66.7495895030643	-125.12224463359208	-183.43175727938103	-241.64295252537067	-299.7142055877708	-357.5954386695022	-415.2261609690016	-472.5335655542191	-529.4306989439292	-585.8147217806753	-641.5652819342072	-696.5430247159687	-750.5882686341121	-803.5198792265741	-855.1343779344406	-905.205327744593	-953.4830422977109	-999.694670310516	-1043.544712371703	-1084.7160323130618	-1122.871430257335	-1157.6558488793864	-1188.6992881007395	-1215.6205060039456	-1238.0315847371212	-1255.5434389909315	-1267.7723405262304	-1274.3475242755126	-1274.9199285662717	-1269.1721025671413	-1256.8292863487984	-1237.6716307990944	-1211.5474734128238	-1178.3875185970733	-1138.219684041241	-1091.1842639753875	-1037.5489217143513	-977.7228539865897	-912.2692654823824	-841.9150535123362	-767.5563337640814	-690.2581505420629	-611.2464322681287	-531.890017341269	-453.6704549029138	-378.13738357837593	-306.84775802384195	-241.28822828393302	-182.78182675442295	-132.3830444658954	-90.76958491396904	-58.14455230777539	-34.16903314455174	-17.9504478931816	-8.113505432663423	-2.9725871364194676	-0.7993567120646893	-0.13165286418622357	-0.009112976400776003	-0.00010045972590812499	-3.835349932380054e-9	0.	0.	0.	0.	0.	0.	0.	0.	0.	0.	0.	0.	0.	0.	0.	0.	0.	0.	0.	0.	0.	0.	0.	0.	0.	0.	0.	0.	0.	0.	0.	0.	0.	0.	0.	0.	0.	0.	0.
-8.136747461268929	-65.08996428862166	-122.02391696937063	-178.91945182335218	-235.75322816267513	-292.49578468804003	-349.10963015630256	-405.5473679378518	-461.74986564766135	-517.6444829806783	-573.1433732112237	-628.1418765257874	-682.5170264509179	-736.1261940857212	-788.8058986774668	-840.370817234778	-890.6130303151365	-939.3015458806807	-986.1821480380368	-1030.9776225536903	-1073.3884161329893	-1113.093791439551	-1149.753544535113	-1183.010355609658	-1212.4928472559363	-1237.819426748365	-1258.6029893405253	-1274.4565578992645	-1284.9999294924492	-1289.8673908968815	-1288.7165512033148	-1281.2383193484404	-1267.1680255888957	-1246.2976466696532	-1218.4890418778155	-1183.6880384528392	-1141.9391163433838	-1093.4003302930194	-1038.3579678073777	-977.2402712149085	-910.6293485079747	-839.2701612292195	-764.0752133035868	-686.1232851758252	-606.650287987061	-527.0300963743041	-448.7431256840565	-373.33055521623766	-302.33261285367456	-237.21042584887005	-179.2528466826884	-129.47262936233457	-88.50053623522709	-56.49133938867819	-33.06165836808756	-17.284566954093957	-7.766692771272143	-2.8247002900150706	-0.7523839370486508	-0.12230993092160815	-0.008303822119155292	-0.00008856837086652916	-3.134464358733286e-9	0.	0.	0.	0.	0.	0.	0.	0.	0.	0.	0.	0.	0.	0.	0.	0.	0.	0.	0.	0.	0.	0.	0.	0.	0.	0.	0.	0.	0.	0.	0.	0.	0.	0.	0.	0.	0.	0.
-7.928675367287749	-63.42793618591625	-118.91985525746279	-174.39583606654926	-229.84332127563042	-285.24395951257566	-340.57179045962283	-395.7914557883258	-450.8564449088621	-505.7073862758504	-560.2703971193804	-614.4555069505138	-668.155173029604	-721.242909164255	-773.5720527456477	-824.9746987991678	-875.2608339828122	-924.2177079501934	-971.6094841782542	-1017.1772172433243	-1060.6392085070102	-1101.6917971456132	-1140.010648283398	-1175.2526044900692	-1207.0581708435743	-1235.054706842496	-1258.860400298326	-1278.089098465336	-1292.3560694667942	-1301.2847617866005	-1304.5146202587962	-1301.7100024129206	-1292.5702177547698	-1276.840682768078	-1254.3251439545202	-1224.8988674679126	-1188.5226238383743	-1145.257206492032	-1095.2781095549437	-1038.8898501133776	-976.5392494047506	-908.8267846102837	-836.5148887413234	-760.5318164628562	-681.9694223550708	-602.0729415466081	-522.2206659743816	-443.89134418323243	-368.6173049816482	-297.9218646295845	-233.2407186307551	-175.82897427918104	-126.65848139497137	-86.31431587178017	-54.904564321644536	-32.00330828532437	-16.651274903234707	-7.438766608647301	-2.6858662854711355	-0.7086926544439168	-0.11372897448469257	-0.007574528685565097	-0.00007819091456102656	-2.5668226216996387e-9	0.	0.	0.	0.	0.	0.	0.	0.	0.	0.	0.	0.	0.	0.	0.	0.	0.	0.	0.	0.	0.	0.	0.	0.	0.	0.	0.	0.	0.	0.	0.	0.	0.	0.	0.	0.	0.
-7.720739385515742	-61.7667571739534	-115.81623599332278	-169.8701546094637	-223.9257534112605	-277.97480055616336	-332.0018712631918	-385.98264599552044	-439.8822345660905	-493.653534811174	-547.2356364126697	-600.5522827139645	-653.510405968634	-705.9987543918876	-757.8866326306181	-809.022780858098	-859.2344215903902	-908.3265074793655	-956.081207801006	-1002.2576759928778	-1046.5921454057664	-1088.7984053106213	-1128.5687140411953	-1165.5752108114812	-1199.4718920402272	-1229.8972217046073	-1256.4774480273932	-1278.8307002901604	-1296.571939269971	-1309.318832101518	-1316.6986164973205	-1318.3560092483958	-1313.9621985775043	-1303.224937748258	-1285.8997265420282	-1261.8020256257223	-1230.8203938686493	-1192.9303673375557	-1148.2088076544326	-1096.848333064621	-1039.1713044157584	-975.6426673894255	-906.8807502658194	-833.6648848133005	-756.9384630494885	-677.8057796240568	-597.5207661197696	-517.4655462836623	-439.11670298516844	-363.99735594892934	-293.61375294533207	-229.37626829148562	-172.50670523080063	-123.93683040295055	-84.20725292404384	-53.38095877095936	-30.991331388399026	-16.048640131727062	-7.128497979154418	-2.555434145801463	-0.6680188892507612	-0.10584001903995716	-0.006916436141369523	-0.00006912118455639379	-2.1061156266324943e-9	0.	0.	0.	0.	0.	0.	0.	0.	0.	0.	0.	0.	0.	0.	0.	0.	0.	0.	0.	0.	0.	0.	0.	0.	0.	0.	0.	0.	0.	0.	0.	0.	0.	0.	0.	0.
-7.51332075275372	-60.10949285732653	-112.71888232972574	-165.351124772872	-218.0123349998521	-270.7034709027563	-323.4187060404895	-376.143815127507	-428.8545777734885	-481.5152072838553	-534.0768130881886	-586.4759074233655	-638.6329692654786	-690.451081182173	-741.8146577719233	-792.5882876460576	-842.6157145267588	-891.7189869306807	-939.6978100503069	-986.3291378760033	-1031.3670481777976	-1074.5429476955758	-1115.566159653826	-1154.1249504180776	-1189.8880565975355	-1222.5067779829606	-1251.6177051475324	-1276.8461530213253	-1297.8103728837264	-1314.126614505387	-1325.4151069866766	-1331.3070203996267	-1331.4524596689594	-1325.5295260160915	-1313.2544582528515	-1294.3928344418705	-1268.7717717684277	-1236.2930063333686	-1196.9466620296228	-1150.8254254262224	-1098.1387281954073	-1039.2263967568144	-974.5710578414216	-904.8083875784182	-830.7340625480904	-753.3060214069324	-673.6403911211064	-592.9992015557028	-512.7678541813075	-434.42029923219945	-359.4701190147072	-289.40636164617666	-225.61420829675038	-169.2826041831631	-121.3040413084828	-82.17584735695273	-51.91743316236473	-30.023239532742696	-15.474862513822597	-6.834749649771656	-2.432806205749689	-0.6301225717391188	-0.09858021362354806	-0.006321906532063259	-0.00006118290069144948	-1.7314214661402108e-9	0.	0.	0.	0.	0.	0.	0.	0.	0.	0.	0.	0.	0.	0.	0.	0.	0.	0.	0.	0.	0.	0.	0.	0.	0.	0.	0.	0.	0.	0.	0.	0.	0.	0.	0.
-7.306777637176729	-58.45902350417828	-109.63326616692954	-160.84693998512523	-212.114170356255	-263.4442331806786	-314.84001926081936	-366.29650647233797	-417.79924359882585	-469.3228510404866	-520.8295451976896	-572.2676951986847	-623.5704227936241	-674.6542586793629	-725.4178712601354	-775.7408868717608	-825.4828238409411	-874.4821663420339	-922.5556079314628	-969.4974987403676	-1015.0795346982698	-1059.0507316690323	-1101.1377320222566	-1141.045495817313	-1178.4584333367843	-1213.0420400204464	-1244.445098726427	-1272.3025174349245	-1296.2388726959302	-1315.8727299055683	-1330.8218103710906	-1340.7090714581107	-1345.1697591129118	-1343.859480731999	-1336.4633294933897	-1322.7060673775554	-1302.3633413816885	-1275.273863705236	-1241.3524294166998	-1200.6035713934448	-1153.1355589517523	-1099.1743302171928	-1039.0768057928667	-973.3428603155745	-902.6250284454816	-827.7347953635095	-749.644077121528	-669.4802501574372	-588.5128721879282	-508.13009789511153	-429.80280783312475	-355.0347467211045	-285.2976555066282	-221.95166590218997	-166.15331443945442	-118.75661478146432	-80.21676422233664	-50.511067214814034	-29.096697277930307	-14.928263594976155	-6.556468519002807	-2.3174332580686503	-0.5947851432716202	-0.09189303781747808	-0.005784193691481927	-0.00005422508063797102	-1.4260630983883493e-9	0.	0.	0.	0.	0.	0.	0.	0.	0.	0.	0.	0.	0.	0.	0.	0.	0.	0.	0.	0.	0.	0.	0.	0.	0.	0.	0.	0.	0.	0.	0.	0.	0.	0.
-7.101445357100045	-56.81804582591191	-106.56451162777904	-156.36527518912223	-206.24166532839342	-256.2104597925412	-306.28243951275124	-356.46094626545334	-406.74044637252416	-457.1051042629278	-507.5273711535113	-557.9665957966578	-608.3676661945366	-658.6596934009806	-708.754751028153	-758.5466868558593	-807.9100259892411	-856.698988360161	-904.7466469800995	-951.864257199754	-997.8407913618327	-1042.4427175215158	-1085.4140653721768	-1126.4768270560096	-1165.3317450779855	-1201.6595439581035	-1235.1226663977523	-1265.3675784033503	-1292.027710751181	-1314.7271060697885	-1333.0848412535802	-1346.7202933908643	-1355.259313249082	-1358.3413628080946	-1355.6276613747145	-1346.8103672228835	-1331.6227969867505	-1309.8506513783936	-1281.3441710518323	-1246.0310880704958	-1203.9301635913635	-1155.1650079247554	-1099.9777618520536	-1038.7420750437357	-971.9746465553403	-900.3443935016917	-824.678090347107	-745.9610817427073	-665.3314344313986	-584.0656898453382	-503.55425928982356	-425.26454469327	-350.6901792817722	-281.2855110970523	-218.38578008963248	-163.11556654237657	-116.29118659689303	-78.32682751707817	-49.15910075559501	-28.209511875530495	-14.407277539231202	-6.292678693185228	-2.2088101808340266	-0.5618074233812048	-0.08572760337128654	-0.00529733081444864	-0.000048118191194891	-1.176716514571899e-9	0.	0.	0.	0.	0.	0.	0.	0.	0.	0.	0.	0.	0.	0.	0.	0.	0.	0.	0.	0.	0.	0.	0.	0.	0.	0.	0.	0.	0.	0.	0.	0.	0.
-6.897636684400485	-55.189075432997846	-103.51739979551338	-151.913294091429	-200.4045373613971	-249.01464613467547	-297.7615162047407	-346.65606411785996	-395.7008699298998	-444.888823854361	-494.2017807166741	-543.609227654044	-593.0669722649523	-642.5158604260952	-691.8805352648926	-741.0682513086382	-789.967760637327	-838.4482909266878	-886.358638619564	-933.5264040632902	-979.7573992707802	-1024.8352630554923	-1068.5213225200214	-1110.5547442666543	-1150.653023145202	-1188.5128607744396	-1223.8114903465193	-1256.2085081917014	-1285.3482760414167	-1310.8629606230772	-1332.376278822656	-1349.508016747298	-1361.879389090293	-1369.1193005940909	-1370.8715633144277	-1366.8031108000444	-1356.6132320179122	-1340.0438222834127	-1316.8906139421367	-1287.0153037627426	-1250.3584345951651	-1206.952812916731	-1156.937148409885	-1100.569483595536	-1038.2398380388788	-970.4813209766955	-897.9787686111531	-821.5737415734299	-742.2644838814648	-661.1992160018267	-579.6609439347914	-499.04186544041045	-420.8055213149187	-346.43518390717634	-277.3677426997458	-214.91371609575955	-160.16618120291685	-113.9045259669813	-76.50301382432323	-47.858924865146165	-27.359623883485813	-13.910442780814293	-6.0424751776809895	-2.1064719949477473	-0.5310077074523475	-0.08003803932901794	-0.004856033228313535	-0.00004275091793830286	-9.727126677008545e-10	0.	0.	0.	0.	0.	0.	0.	0.	0.	0.	0.	0.	0.	0.	0.	0.	0.	0.	0.	0.	0.	0.	0.	0.	0.	0.	0.	0.	0.	0.	0.	0.
-6.6956422244878215	-53.57444990221335	-100.49637459372474	-147.49765807814092	-194.6118277480201	-241.86842652300737	-289.2917395047322	-336.8995172477141	-384.7016962820172	-432.6991184801146	-480.8822520201105	-529.2299180684016	-577.7080288957826	-626.2683449610839	-674.8472605545234	-723.3646298973115	-771.7226481507146	-819.8048046077304	-867.4749284020143	-914.5763504142196	-960.9312086356298	-1006.3399280362446	-1050.5809100337049	-1093.4104708272878	-1134.563072173016	-1173.7518925263867	-1210.669790781997	-1244.9907189693029	-1276.3716440600278	-1304.4550422988905	-1328.8720319224253	-1349.246211447399	-1365.1982704707207	-1376.3514375996301	-1382.3378250659405	-1382.805720952933	-1377.4278667678616	-1365.9107390846186	-1348.0048276603131	-1323.5158669750879	-1292.3169314329089	-1254.3612440066654	-1209.6954711461942	-1158.473180315169	-1100.9680176240408	-1037.5860191287366	-968.8762989833582	-895.5391614049136	-818.430465691995	-738.5608447837724	-657.0881578905718	-575.3013802307315	-494.5940508893961	-416.4254919345323	-342.2683883769731	-273.54212400918885	-211.53267707697762	-157.3020752580653	-111.59353307951446	-74.74244585404826	-46.608073382392675	-26.545098382229284	-13.436394327429873	-5.80501812605994	-2.009990306590369	-0.5022200681733895	-0.0747829499373964	-0.004455614173378016	-0.00003802744867177001	-8.05489686496618e-10	0.	0.	0.	0.	0.	0.	0.	0.	0.	0.	0.	0.	0.	0.	0.	0.	0.	0.	0.	0.	0.	0.	0.	0.	0.	0.	0.	0.	0.	0.	0.
-6.495730864903768	-51.97633239205917	-97.50554969041862	-143.1245366254237	-188.87191583996434	-234.78259254669095	-280.88656318533214	-327.20771812337466	-373.7626382574663	-420.55938622774437	-467.5962939952983	-514.8607497624608	-562.3279886457142	-609.9598931512272	-657.7038113631144	-705.4914028437404	-753.2375245716063	-800.839171817572	-848.1744916690823	-895.1018900015401	-941.4592559880995	-987.0633318272681	-1031.7092591020025	-1075.170337191614	-1117.198033261419	-1157.5222875887673	-1195.8521622375752	-1231.8768852783141	-1265.2673467381987	-1295.6781060926924	-1322.7499741635534	-1346.1132345027431	-1365.391570376607	-1380.2067628944676	-1390.1842231158462	-1394.959415454965	-1394.1852205536738	-1387.5402719968024	-1374.7382815434726	-1355.5383404677984	-1329.7561482450346	-1297.2760722150729	-1258.063880366424	-1212.1799114412809	-1159.792349181228	-1101.1901479176393	-1036.7950124964343	-967.1716655172553	-893.0354401054204	-815.2560218421735	-734.8559402339839	-653.0021989585557	-570.9892698016711	-490.2116118048237	-412.12399420861925	-338.18830966534233	-269.80640624365367	-208.23991337072437	-154.52026266380435	-109.3552360322245	-73.04238597406511	-45.40421478926874	-25.76411676494322	-12.983856665607066	-5.579527595581363	-1.9189700943595809	-0.47529283724691707	-0.06992493607838066	-0.004091911736716898	-0.00003386518466790247	-6.681619605577694e-10	0.	0.	0.	0.	0.	0.	0.	0.	0.	0.	0.	0.	0.	0.	0.	0.	0.	0.	0.	0.	0.	0.	0.	0.	0.	0.	0.	0.	0.	0.