8.70418463642342e-10
9.570753057101104e-9
1.825268639388363e-8
2.68978576587996e-8
3.54905003298023e-8
4.401202537659135e-8
5.2446048607166465e-8
6.077063390888161e-8
6.896052626922653e-8
7.703387203929688e-8
8.48919864700704e-8
9.255742347318675e-8
1.0001012678419478e-7
1.0762781378065619e-7
1.142341133733232e-7
1.2086403344039583e-7
1.271098530008811e-7
1.3313576665644038e-7
1.3866612587572866e-7
1.4361529889343924e-7
1.4835994263716048e-7
1.522050450484676e-7
1.5549567884204853e-7
1.5805526430662773e-7
1.5971326535664492e-7
1.6062044659522352e-7
1.6031021005331705e-7
1.5874222338255234e-7
1.557894347824699e-7
1.5119057843425296e-7
1.4463756582224155e-7
1.3584998188219593e-7
1.2456765408682206e-7
1.1050493643311136e-7
9.362894869699494e-8
7.440465279598549e-8
5.443178795127214e-8
3.757854438780345e-8
3.136256930517573e-8
4.6958091055131954e-8
1.0878515551279343e-7
4.951595388566327e-7
0.000020910409023079442
2.8034526004148757e-7
7.729129605360419e-8
3.4974575324365676e-8
1.9594237245440915e-8
1.2367634333827619e-8
8.422010392432855e-9
6.043538285945424e-9
4.5053026403669625e-9
3.4567786168702147e-9
2.7122984833477915e-9
2.1661821941974276e-9
1.7547513552002434e-9
1.4378168711722984e-9
1.1890193533049827e-9
9.90496838662123e-10
8.29800721135765e-10
6.980353466573253e-10
5.886966385931627e-10
4.969195836338187e-10
4.189696729306867e-10
3.51871895837166e-10
2.9308304250736087e-10
2.4002049220820086e-10
1.8838824291238393e-10
4.491337076547817e-8
8.412808741487145e-8
1.0491483124697924e-7
1.1849212093282992e-7
1.278361156989395e-7
1.346441830354895e-7
1.393013651649785e-7
1.4273416108178552e-7
1.449874404769939e-7
1.4674989653167274e-7
1.4718721599228927e-7
1.4787596251139356e-7
1.4790499751892088e-7
1.475861517085358e-7
1.4719979884728343e-7
1.4603551782246912e-7
1.4492493122425785e-7
1.4395622774425384e-7
1.4231664386467436e-7
1.4154316527210282e-7
1.401766910772982e-7
1.3866789299731135e-7
1.369351329074013e-7
1.3538825212913333e-7
1.3355343697603651e-7
1.3170630328721004e-7
1.3026881534611037e-7
1.2914959685842716e-7
1.275876604445062e-7
1.2556033072076183e-7
1.2406240974236682e-7
1.2286211662425923e-7
1.2104600442391918e-7
1.1939619045755277e-7
1.1767092193562292e-7
1.163266853792178e-7
1.1415277813266013e-7
1.1335607985768229e-7
1.1156853014367362e-7
1.1035562673525147e-7
1.0847862621015419e-7
1.0747807175945745e-7
1.0604368093057537e-7
1.0414731413448514e-7
1.0325685406478517e-7
1.0142261825473739e-7
1.0034943055575893e-7
9.857042296698312e-8
9.765595680896276e-8
9.620151583480676e-8
9.509085529653835e-8
9.361321500699991e-8
9.245079584756762e-8
9.190705178248279e-8
9.00665554278981e-8
8.884870415016862e-8
8.777118977227073e-8
8.660061884954525e-8
8.520080998865551e-8
8.426009147290337e-8
8.310760901159951e-8
8.204825432429367e-8
8.103649541939972e-8
8.003572184951046e-8
7.88734350245062e-8
7.788487214713944e-8
7.676968108474558e-8
7.569573884075213e-8
7.485560789446737e-8
7.374574226393888e-8
7.282190872673655e-8
7.198144407741148e-8
7.09481455093416e-8
7.022218963647804e-8
6.900379903523273e-8
6.819414295337203e-8
6.736468589525818e-8
6.657420561906202e-8
6.576169510003833e-8
6.478337408045358e-8
6.396190292032666e-8
6.324935331075426e-8
6.246951603153553e-8
6.169360823983949e-8
6.086475454978776e-8
6.00825697736587e-8
5.933131651429703e-8
5.8613393205379986e-8
5.790724519326184e-8
5.7204646338969974e-8
5.644831391271581e-8
5.5736718687456745e-8
5.5061459337847346e-8
5.4436575811195744e-8
5.373957081723343e-8
5.308543184824817e-8
5.244703975585194e-8
5.178516661584259e-8
5.114938159082965e-8
5.051996976342267e-8
4.9928171629566457e-8
4.9339531022710564e-8
4.874567725266948e-8
4.817818121053937e-8
4.7594120007928143e-8
4.7010743262810525e-8
4.6457120099042195e-8
4.5924125728102214e-8
4.53760396406039e-8
4.484577538952363e-8
4.432062280491242e-8
4.3803086362275673e-8
4.328677119537672e-8
4.279508447042753e-8
4.2291501825569465e-8
4.180922581544598e-8
4.132112289535331e-8
4.084317601635977e-8
4.0381285700023356e-8
3.99242849803208e-8
3.946038804993291e-8
3.90169754712642e-8
3.857412098901741e-8
3.81442926885628e-8
3.7717327573521424e-8
3.729594073042064e-8
3.686779551213266e-8
3.646369672062417e-8
3.60584044518394e-8
3.565206210393346e-8
3.525931674606638e-8
3.4870872575709395e-8
3.448790283918269e-8
3.4112658799838574e-8