2.359000556726003e-12
2.595862643625654e-11
4.960311453533943e-11
7.333920079375199e-11
9.720121928006435e-11
1.212479693460658e-10
1.455216215383391e-10
1.6999708048638978e-10
1.9478050765129052e-10
2.1992018262329134e-10
2.455061285465713e-10
2.7145285619827444e-10
2.978439896195208e-10
3.2491509674922795e-10
3.5247918193960854e-10
3.8074329658250117e-10
4.107169198756535e-10
4.3887661349469657e-10
4.68474131159272e-10
4.992729757502784e-10
5.318073975440075e-10
5.655624060350172e-10
5.991786870781983e-10
6.342337397458975e-10
6.697271599385816e-10
7.080694686233635e-10
7.463813416508329e-10
7.835516726445802e-10
8.280473140835288e-10
8.667279653943052e-10
9.09855340064361e-10
9.522380597237482e-10
1.005004614305245e-9
1.0568244479619834e-9
1.1051635587495722e-9
1.1594954687349698e-9
1.209447124489573e-9
1.2683818597544423e-9
1.3291906886762935e-9
1.3929289127947808e-9
1.4491164263942542e-9
1.5194820226184492e-9
1.5754057178592365e-9
1.6485197925530064e-9
1.7190550815044884e-9
1.7857888958726311e-9
1.87258009467192e-9
1.9548817618469294e-9
2.01976756692315e-9
2.1052969705325626e-9
2.185774291210649e-9
2.307230307251378e-9
2.4004172232601524e-9
2.499455993220719e-9
2.6138493736893036e-9
2.7014835883552454e-9
2.828293800596005e-9
2.9374583875771114e-9
3.037959054534714e-9
3.1900399442867217e-9
3.265247051225978e-9
3.417916846983668e-9
3.541750953072193e-9
3.685527634912406e-9
3.839219429820643e-9
3.973177913947742e-9
4.077388601641642e-9
4.26907920021651e-9
4.467069116707888e-9
4.616290010021282e-9
4.8452374723607915e-9
5.010375438299354e-9
5.140246946252473e-9
5.319772314214886e-9
5.506051041370897e-9
5.662353242885091e-9
5.907963128288514e-9
6.1348092148547415e-9
6.319796981114537e-9
6.494531298613652e-9
6.650758161255775e-9
6.891292911768587e-9
7.152678568751059e-9
7.389361521923223e-9
7.479055271756131e-9
7.6705360883755e-9
8.065011014854e-9
8.241478072351688e-9
8.489917509446967e-9
8.571505689173053e-9
9.02364955678979e-9
9.179992726497725e-9
9.230268239199257e-9
9.369741174898282e-9
9.601631273051402e-9
9.732746661949525e-9
9.754505615839303e-9
9.994247668634325e-9
1.0079133051854052e-8
1.0109484518297242e-8
1.0173791313777598e-8
1.0170390081732303e-8
1.0144698735654112e-8
1.0001855935140169e-8
9.799820340290673e-9
9.565812535897398e-9
9.260813069361643e-9
8.836140531436795e-9
8.33017544912619e-9
7.72985814451174e-9
7.013004575980227e-9
6.255869495332866e-9
5.461047425609567e-9
4.737820894035982e-9
4.269531136131874e-9
4.409798141495363e-9
5.920997328221785e-9
1.1050793046405657e-8
3.240575091113545e-8
4.879686984778643e-7
1.221707849907566e-7
1.8544206571584268e-8
6.8928609553051076e-9
3.459845627857575e-9
2.018400140073053e-9
1.2863041753568293e-9
8.667789564257339e-10
6.049283600046802e-10
4.3003896454593785e-10
3.0523449452489564e-10
2.0481465114610255e-10
4.83387841732221e-8
7.010279986904139e-8
8.139545786550775e-8
8.807828208479711e-8
9.204847963046243e-8
9.442978906603217e-8
9.563574651651269e-8
9.601005798416285e-8
9.518467886001154e-8
9.568486983699394e-8
9.475402287897937e-8
9.356855232021634e-8
9.296935301283534e-8
9.164684304064552e-8
9.01175239112468e-8
8.893511390612232e-8
8.79212465911018e-8
8.62666084730544e-8
8.524277032996906e-8
8.426600141808205e-8
8.268517262132833e-8
8.156142622060106e-8
7.940158289159445e-8
7.890657470662058e-8
7.72677010128549e-8
7.661295979175682e-8
7.520651165094137e-8
7.338594324237267e-8
7.200911846160119e-8
7.279166157073233e-8
7.054300689609272e-8
6.957839546929402e-8
6.846029343936321e-8
6.771284597772604e-8
6.67787581582501e-8
6.556015705287747e-8
6.426813492949793e-8
6.363710230608542e-8
6.294374299591754e-8
6.194034989038925e-8
6.120860205722755e-8
6.020849608957866e-8
5.9414390565160913e-8
5.868451750963302e-8
5.7921191571305245e-8
5.7222049058997413e-8
5.654504091347945e-8
5.5527711625011096e-8
5.4896185964269335e-8
5.400253759709968e-8
5.340799352927526e-8
5.2705628539019894e-8
5.2198423368519506e-8
5.1336790945262945e-8
5.086669703899485e-8
5.0434573501764015e-8
4.972597367417347e-8
4.891549658261291e-8
4.8363276998015706e-8
4.797599059000842e-8
4.7167507022047104e-8
4.677154133819971e-8
4.618344266764884e-8
4.567450398580131e-8
4.509494441974249e-8
4.461108988843723e-8
4.41435797232703e-8
4.364061952892648e-8
4.312166032328447e-8
4.254299454863148e-8