5.0634449302646355e-14
5.57156537134799e-13
1.0664249954890793e-12
1.5764019329854953e-12
2.088873582425375e-12
2.6000627645297434e-12
3.1189298341822664e-12
3.6428745905845125e-12
4.172475553467047e-12
4.708538463418066e-12
5.25218736771621e-12
5.804065029730526e-12
6.3651293281429e-12
6.9364649509676985e-12
7.518394653241216e-12
8.112250801790908e-12
8.718990620274837e-12
9.340700285395686e-12
9.975675199195086e-12
1.0627564479935564e-11
1.129380608597437e-11
1.1980572904310934e-11
1.2688069035884409e-11
1.3411607800403854e-11
1.4167788711771413e-11
1.4930208338607102e-11
1.5729017303341763e-11
1.6543180745594673e-11
1.7390529074835692e-11
1.8259363163524254e-11
1.9166820033357825e-11
2.009757964480779e-11
2.1067428617373578e-11
2.2066484685848207e-11
2.310216892418123e-11
2.417595935008147e-11
2.5287123567956578e-11
2.6434312300769838e-11
2.763848430648676e-11
2.887757544041171e-11
3.016900362339007e-11
3.1510344947607435e-11
3.290153991715174e-11
3.4340358362901e-11
3.5852528698622047e-11
3.7399530921125183e-11
3.903020648251167e-11
4.072493496123574e-11
4.2469323125585824e-11
4.428393227608722e-11
4.617992792753179e-11
4.815659728248013e-11
5.020520586517711e-11
5.2321301116357547e-11
5.4565661492533634e-11
5.6866363905426535e-11
5.928970835700479e-11
6.177346095162284e-11
6.436502425668454e-11
6.71446583279127e-11
6.995444921065332e-11
7.293187773395193e-11
7.59070306472682e-11
7.909365962817569e-11
8.245000326187728e-11
8.592398470548175e-11
8.948993484283963e-11
9.325413910386745e-11
9.710560959966473e-11
1.0118897398647028e-10
1.0562614591560824e-10
1.0987087089881702e-10
1.1450168053287778e-10
1.190251510298203e-10
1.2420698547488885e-10
1.2938945478647235e-10
1.3470702276594667e-10
1.4036070670499337e-10
1.4636116352311094e-10
1.5199067957478115e-10
1.5877734308241107e-10
1.654359754779405e-10
1.722168471353842e-10
1.7928819261939126e-10
1.8669240064716517e-10
1.944407028146701e-10
2.02839227084587e-10
2.1054495703072484e-10
2.1980230068644637e-10
2.287413460757088e-10
2.383788908814098e-10
2.48437469990363e-10
2.58706969800741e-10
2.682333611393557e-10
2.7955242132414117e-10
2.919364173695791e-10
3.040694171804412e-10
3.1625309186605704e-10
3.287233259261834e-10
3.430676587096626e-10
3.578932429201658e-10
3.717293917749374e-10
3.86255934510599e-10
4.0321962587165146e-10
4.1823697523409957e-10
4.3694787792675016e-10
4.54286292404073e-10
4.735876400158109e-10
4.923867966418655e-10
5.126488083289023e-10
5.282617423852173e-10
5.523267936106491e-10
5.760681606698763e-10
6.017530522630089e-10
6.269016504407315e-10
6.502687469132036e-10
6.752024561220434e-10
7.017379474317895e-10
7.286168175519261e-10
7.55293295892528e-10
7.862556318970567e-10
8.114190127907145e-10
8.484562597006907e-10
8.820167011944942e-10
9.178713644120135e-10
9.500474259950357e-10
9.861767075798462e-10
1.0221924406544428e-9
1.0675038649942834e-9
1.113101980279788e-9
1.150741983383706e-9
1.1979513579622141e-9
1.239901888934715e-9
1.2839124147013002e-9
1.3331769787632444e-9
1.3794192870547882e-9
1.430482636528147e-9
1.4681371531116878e-9
1.5247429156087635e-9
1.5806622772122928e-9
1.6409577778716818e-9
1.6826975799397576e-9
1.7515581856895491e-9
1.8090302155352586e-9
1.8708625255298872e-9
1.9322358782982684e-9
1.9756502078512075e-9
2.0555483617495905e-9
2.126017781521327e-9
2.1852477504692e-9
2.243851780528572e-9
2.3186682911890616e-9
2.389795340082683e-9
2.438091720089772e-9
2.4967547975913923e-9
2.5671305366827906e-9
2.612438119129639e-9
2.64377338054352e-9
2.7302063337144692e-9
2.7910802627391372e-9
2.8224329886915207e-9
2.851768112071025e-9
2.8777663703348723e-9
2.9085656720475148e-9
2.920312897587381e-9
2.9257722931304224e-9
2.9120889896634846e-9
2.8956023000318466e-9
2.845767820481008e-9
2.782521079885116e-9
2.7069788492892464e-9
2.6032266012960085e-9
2.470204763349947e-9
2.3198209007692505e-9
2.143603779859192e-9
1.9509160449543535e-9
1.7545771519130567e-9
1.5785226202341377e-9
1.46626744616065e-9
1.4963083023894692e-9
1.8217187082443441e-9
2.8054245042979145e-9
5.716140192097086e-9
1.9410158558481764e-8
1.4099357281916624e-6
2.9432617562007333e-8
6.011346600034761e-9
2.3884800295305886e-9
1.2168164418466815e-9
7.010342422006851e-10
4.287563031094271e-10
2.605601228814279e-10
3.872199260075552e-8
5.866981764456716e-8
6.717121381641975e-8
7.126781052410833e-8
7.31905552109308e-8
7.38088303867168e-8
7.364177267019002e-8
7.301368334634311e-8
7.212136675300205e-8