3.452895826686412e-11
3.7990716874365585e-10
7.258610168746752e-10
1.0726848707328306e-9
1.4214982699180434e-9
1.7719474000504459e-9
2.1248262259818105e-9
2.481317089022232e-9
2.840588014042065e-9
3.204462176027914e-9
3.573538350629006e-9
3.946449079261814e-9
4.322130268254261e-9
4.710938679284663e-9
5.101214489073078e-9
5.496237940377817e-9
5.896577677861311e-9
6.317796326086951e-9
6.736125039357301e-9
7.174558052546651e-9
7.608841720341888e-9
8.059112645865027e-9
8.512126524337464e-9
8.974002128226763e-9
9.462124774774938e-9
9.965942104951026e-9
1.0432840662026648e-8
1.094681701068863e-8
1.1501680338122012e-8
1.2013878898290231e-8
1.2483667707010279e-8
1.3148281251876156e-8
1.3649184806520123e-8
1.4253968185220836e-8
1.471368060071082e-8
1.5517400113823888e-8
1.6092836506860417e-8
1.67574945074642e-8
1.7354273752531535e-8
1.8061193583372046e-8
1.8912211079890313e-8
1.948607095795521e-8
2.0418594128724744e-8
2.0603817907160284e-8
2.1409799037670103e-8
2.212196980914556e-8
2.272252750270392e-8
2.338878281071738e-8
2.422934338243077e-8
2.4837495828116192e-8
2.5561161405941944e-8
2.5912835807926034e-8
2.5856908669377744e-8
2.728136309488418e-8
2.8290229890162205e-8
2.8499477038082773e-8
2.924156964175052e-8
2.9510960370399775e-8
3.035411072009727e-8
3.0516412407327867e-8
2.9868108820952116e-8
3.069645873833729e-8
3.093538375058067e-8
3.06049806506083e-8
3.09804139790348e-8
3.0493889290992084e-8
2.970577044911112e-8
2.9054730698560755e-8
2.8110793456345713e-8
2.6475414620493135e-8
2.4763441080945423e-8
2.273881764435748e-8
2.0345500714764185e-8
1.7672191429527075e-8
1.4880662593489203e-8
1.2314693512159768e-8
1.0688699066013563e-8
1.1452912054408091e-8
1.801865274541745e-8
4.373470029347811e-8
2.570340539255712e-7
1.1674822150624534e-6
6.506927994820737e-8
2.026475728507155e-8
9.515328416666e-9
5.3942046965909175e-9
3.4059741433116265e-9
2.304511323217722e-9
1.6349247366566083e-9
1.1996628227941186e-9
9.019014689674712e-10
6.897176969387674e-10
5.332095055260463e-10
4.1404873357302874e-10
3.2016844154191995e-10
2.42304232102102e-10
1.6459493713700572e-10
6.123602421132644e-8
8.298941527438591e-8
9.579844990302917e-8
1.0408824833369805e-7
1.09686465408623e-7
1.1330967561531623e-7
1.1565159280870973e-7
1.1756265174187623e-7
1.1782938604940526e-7
1.1777008979979686e-7
1.1794595052150329e-7
1.1728811412055753e-7
1.1650553860857727e-7
1.1583296301079701e-7
1.1426273065351504e-7
1.132406499837564e-7
1.1215245867815895e-7
1.1041335168426465e-7
1.0915997617064163e-7
1.0736243359558782e-7
1.0787340839368588e-7
1.0451635266046036e-7
1.0289893464569832e-7
1.0195384720539827e-7
9.997394866126994e-8
9.872593141894867e-8
9.742372676771888e-8
9.665069865921746e-8
9.57211728016743e-8
9.341540847292202e-8
9.229552810341026e-8
9.061807926719593e-8
8.992290639975598e-8
8.8692612594923e-8
8.759293567897103e-8
8.507311415776502e-8
8.485044499852033e-8
8.383257728793996e-8
8.291725908355386e-8
8.148408052251622e-8
8.068006900604204e-8
7.949247824846099e-8
7.814596512388264e-8
7.710683895630127e-8
7.614616797570455e-8
7.539888077055643e-8
7.419150517585782e-8
7.326994298770771e-8
7.237034438334291e-8
7.143231916558243e-8
7.050775740317384e-8
6.959696019998019e-8
6.850029840096177e-8
6.752578546058011e-8
6.667571222972497e-8
6.590579568877123e-8
6.502619957931615e-8
6.442690225856111e-8
6.373478805976389e-8
6.304472821106205e-8
6.204013104047665e-8
6.103622145467541e-8
6.035951057577952e-8
5.97122922095929e-8
5.881624997255783e-8
5.827235453829727e-8
5.753461073383672e-8
5.6868499717259824e-8
5.628509991362322e-8
5.548863383018514e-8
5.4783912297104953e-8
5.417715985761903e-8
5.360030669032998e-8
5.2967565067358586e-8
5.236718880271088e-8
5.172540887596931e-8
5.102613784845033e-8
5.052904357685731e-8
4.992418215350554e-8
4.934192640615395e-8
4.879770026446323e-8
4.824053524949191e-8
4.7644478513818444e-8
4.7035130796148236e-8
4.657276333989131e-8
4.606572987379344e-8
4.5546130427279416e-8
4.5039160982016576e-8
4.450932066236029e-8
4.400583759900298e-8
4.348907932342811e-8
4.3049238246881226e-8
4.258586943233498e-8
4.213203588208367e-8
4.166381745393263e-8
4.119991856567806e-8
4.0750138007884595e-8
4.031730283811657e-8
3.986271980256296e-8
3.944274893736897e-8
3.9030625362486886e-8
3.8599991280569435e-8
3.818634913014605e-8
3.777947953857205e-8