7.32220313330297e-14
8.057082826231008e-13
1.5395194745582096e-12
2.2758453073915664e-12
3.015991593446204e-12
3.760952589250223e-12
4.512569616970948e-12
5.270907269756107e-12
6.037912908069552e-12
6.815359268134566e-12
7.604742665586069e-12
8.404185769075931e-12
9.219992985415037e-12
1.004976184779482e-11
1.0894781615939242e-11
1.1760417843947704e-11
1.2645098623336952e-11
1.3550333591020786e-11
1.4478882125280412e-11
1.5427776307817837e-11
1.640424956793692e-11
1.740696999663648e-11
1.844275908885569e-11
1.9503200939164682e-11
2.0599682874986417e-11
2.1728380674598538e-11
2.2889242394250158e-11
2.4098983117257082e-11
2.5334511899487967e-11
2.6637208503812542e-11
2.79614495988216e-11
2.932529161670195e-11
3.076288358577963e-11
3.2234801776010606e-11
3.376366143720163e-11
3.53536972878736e-11
3.6977749379545644e-11
3.8704825556996877e-11
4.0485010574878805e-11
4.2318102930232026e-11
4.4254205841231316e-11
4.622142544166643e-11
4.82871882085203e-11
5.0392851558528794e-11
5.266738238975465e-11
5.496974110479192e-11
5.737475118965189e-11
5.988515599952298e-11
6.248872893986122e-11
6.521161893119873e-11
6.800703824085141e-11
7.094143866887097e-11
7.404206585867566e-11
7.717426835581224e-11
8.045436081416706e-11
8.393015179259303e-11
8.752419869670902e-11
9.125893665293514e-11
9.518555904718807e-11
9.91906998441034e-11
1.03392760222835e-10
1.0768905306081272e-10
1.1255198383401989e-10
1.1717043820242963e-10
1.2216826877291998e-10
1.2709681364054294e-10
1.3236134375003592e-10
1.3813663571043785e-10
1.4400745489458207e-10
1.5020721390095975e-10
1.5643294170273264e-10
1.627053904164325e-10
1.695197148115015e-10
1.768022663817224e-10
1.8432302322683077e-10
1.9180885648897688e-10
2.0011652756317371e-10
2.085145646503003e-10
2.1719399144670936e-10
2.262763690496088e-10
2.354463290079239e-10
2.4523987015515966e-10
2.558884893616437e-10
2.661399248285394e-10
2.770795425522094e-10
2.880944247180272e-10
3.0108556239302375e-10
3.125287377784842e-10
3.2581953745684183e-10
3.393348244596275e-10
3.5389025026732263e-10
3.6825207314191405e-10
3.8240781636723465e-10
3.9814235650557726e-10
4.1477994014109616e-10
4.3250971470020887e-10
4.504873984566815e-10
4.710162719005966e-10
4.88387447180252e-10
5.070543360336421e-10
5.290831451427058e-10
5.501779768994022e-10
5.740677802210201e-10
5.91218838470349e-10
6.166794337439752e-10
6.453513992751264e-10
6.721615148093847e-10
6.960786273384014e-10
7.257601097453101e-10
7.546257548976892e-10
7.826429587910327e-10
8.169666789612976e-10
8.472968028061847e-10
8.792490020040158e-10
9.272349270201753e-10
9.496551844631815e-10
9.865182681066673e-10
1.0283335130604448e-9
1.0723834947353563e-9
1.1199759112213256e-9
1.1501260820371617e-9
1.187712939888139e-9
1.2563353675121533e-9
1.2849330590910296e-9
1.33115709574947e-9
1.3831505033788943e-9
1.4386751613216555e-9
1.4952158474545682e-9
1.5555688743231327e-9
1.598398973065981e-9
1.6598412655512014e-9
1.7140542050699552e-9
1.7684321048624054e-9
1.83601375844796e-9
1.885783541669352e-9
1.9367829613021522e-9
2.0230321385726968e-9
2.1005463534645643e-9
2.1506868693443205e-9
2.1910510009504563e-9
2.303707926173551e-9
2.3657448649817977e-9
2.4448519287623856e-9
2.50455790693296e-9
2.5947938808140696e-9
2.6524685353653303e-9
2.712509129693342e-9
2.787896248057394e-9
2.850023124129325e-9
2.910305189604529e-9
2.9598582389520525e-9
3.0507070686014085e-9
3.1136852620716153e-9
3.1392216478764987e-9
3.1860124861132975e-9
3.218841491597652e-9
3.2458256045769467e-9
3.2662349447531666e-9
3.26515102431973e-9
3.26057488786161e-9
3.2312716932335504e-9
3.1843610280473667e-9
3.118077926902521e-9
3.0248577080247107e-9
2.9109409267425786e-9
2.7658109090104394e-9
2.5959495211148966e-9
2.397478985419061e-9
2.1806185048615247e-9
1.9578290521962627e-9
1.7547498865689345e-9
1.618185257030921e-9
1.6330454779332326e-9
1.9643067296837605e-9
2.9999678810703498e-9
6.080904123925678e-9
2.0433673534293637e-8
1.24699201527643e-6
3.281404302848819e-8
6.600847168974975e-9
2.615115954767916e-9
1.3331984992528822e-9
7.708100500775102e-10
4.754354019500481e-10
2.9688136762103953e-10
2.6379104825555452e-8
5.540686697977656e-8
6.636252405615859e-8
7.17203005701908e-8
7.43052664832595e-8
7.545614877170438e-8
7.564013835273049e-8
7.529303337978717e-8
7.450796506681163e-8
7.342914301628885e-8
7.230116840957805e-8
7.111576667840717e-8
6.984466742323457e-8
6.846599662700303e-8
6.737983245747259e-8
6.58921182389834e-8