1.376585392970772e-9
1.513134332908648e-8
2.8830642753910198e-8
4.242433432781643e-8
5.5861007501621334e-8
6.909073946254226e-8
8.206267213721387e-8
9.472552951163139e-8
1.0702393352010392e-7
1.1890978589017507e-7
1.3030967339082318e-7
1.411982901566578e-7
1.5150006266780786e-7
1.6111860699302996e-7
1.7010050392601765e-7
1.7823447942869436e-7
1.854222713982996e-7
1.9165694592908187e-7
1.9693148863367226e-7
2.0085037182534493e-7
2.0358106165082193e-7
2.0464582106305843e-7
2.0410338798575935e-7
2.0157658230214973e-7
1.9672975139177043e-7
1.89286205869583e-7
1.788505722502379e-7
1.6496599925793968e-7
1.4724645003708004e-7
1.2549400268127067e-7
1.0007057165252785e-7
7.268204903001654e-8
4.78136393744684e-8
3.451144758664745e-8
4.510393521846333e-8
9.375383321574482e-8
3.100592159242436e-7
0.000010674631337843112
6.822061563597415e-7
1.316385218798075e-7
5.319879932237545e-8
2.8218585455824722e-8
1.7256815374899232e-8
1.1517060037520592e-8
8.153163189679856e-9
6.021075965958484e-9
4.589538640263996e-9
3.5849146358729124e-9
2.854781891674805e-9
2.308863074158354e-9
1.890975805917575e-9
1.5647002407196664e-9
1.3056045106837818e-9
1.0968121794582838e-9
9.263657260529979e-10
7.85600314471985e-10
6.681073847236773e-10
5.690539414859595e-10
4.847208510940148e-10
4.1217561083385503e-10
3.490197691628844e-10
2.931481214158209e-10
2.423775398647269e-10
1.9317744741393142e-10
3.6026357638245466e-8
8.21317518416522e-8
1.0474753704337832e-7
1.1948065179645369e-7
1.2965912108629016e-7
1.3685784761693893e-7
1.4215429022996866e-7
1.4582297247514377e-7
1.482781796092066e-7
1.501736890871283e-7
1.5131462701240072e-7
1.5121259307477723e-7
1.5161982270948257e-7
1.5142535105142413e-7
1.51245991906093e-7
1.4994433276533617e-7
1.4944271946211487e-7
1.482454439970142e-7
1.468615623987317e-7
1.4580964852070713e-7
1.4445558423805946e-7
1.4292926389245164e-7
1.4130106006783266e-7
1.3931712260585257e-7
1.3803356336521766e-7
1.3608008801849593e-7
1.3454547564336318e-7
1.3275231683270123e-7
1.3171525385412457e-7
1.3014560374333795e-7
1.2801745042654638e-7
1.266658473333984e-7
1.2520388343062828e-7
1.234558086595112e-7
1.2176520113632608e-7
1.2030771396071397e-7
1.1865274511924737e-7
1.1692156431698399e-7
1.155948844973289e-7
1.1385424730708455e-7
1.1275338998101302e-7
1.1092614629663292e-7
1.095643199583817e-7
1.0824702133482066e-7
1.0641890480836453e-7
1.0528934806802179e-7
1.0395516439435783e-7
1.0239472905907938e-7
1.0121051264097657e-7
9.946734683564022e-8
9.832469101451313e-8
9.670414329151628e-8
9.551284667758207e-8
9.432053951905866e-8
9.315035915589558e-8
9.181551273329537e-8
9.057371070148176e-8
8.94897920948352e-8
8.829730822553751e-8
8.691533568340939e-8
8.596628557988425e-8
8.46787148851739e-8
8.357321264062154e-8
8.277631651183421e-8
8.13981434081466e-8
8.044489225266459e-8
7.920212247702977e-8
7.8200989111685e-8
7.726296719622739e-8
7.621789108838514e-8
7.517295189607846e-8
7.427376231252067e-8
7.328762475161056e-8
7.227026772512478e-8
7.135937681225353e-8
7.046215890010671e-8
6.942205389472252e-8
6.855857379618307e-8
6.775267509051713e-8
6.686130737130384e-8
6.60102396410688e-8
6.518067223723161e-8
6.434070039039447e-8
6.352184566357307e-8
6.274471647682056e-8
6.195637561303435e-8
6.11032485299709e-8
6.03410112239745e-8
5.9567020856491215e-8
5.888879759103258e-8
5.8108243174278936e-8
5.7370968770530964e-8
5.671376618454138e-8
5.592377202799222e-8
5.5269169622735805e-8
5.458002242098815e-8
5.390853052478043e-8
5.324663593859451e-8
5.26018867687687e-8
5.195987011430772e-8
5.1305928924988255e-8
5.06807491591013e-8
5.006867778435341e-8
4.948116879205243e-8
4.888790432492071e-8
4.8304115563353276e-8
4.77136643124727e-8
4.713287363389369e-8
4.6552144553236584e-8
4.600285517251659e-8
4.5469424020588636e-8
4.49301343489646e-8
4.439569455131989e-8
4.387510166540394e-8
4.336259100367616e-8
4.286098593837975e-8
4.235007558549408e-8
4.186332004374838e-8
4.137046177465876e-8
4.089004632826503e-8
4.042316172053008e-8
3.996181774572923e-8
3.9493162847161584e-8
3.904473209344488e-8
3.859692080425062e-8
3.816306349714428e-8
3.7733243424033414e-8
3.730881811961906e-8
3.687795876453866e-8
3.647091442704072e-8
3.6061319722081407e-8
3.565180397897444e-8
3.525466035238831e-8
3.48628804116644e-8
3.4477160188552925e-8
3.4098125807286153e-8
3.3721920839121524e-8