1.4213015794111476e-13
1.563999277006596e-12
2.9885904125862535e-12
4.418259385795666e-12
5.8558704592938924e-12
7.303624393515864e-12
8.76347798514619e-12
1.0239220319811585e-11
1.1731522637911947e-11
1.3245245333805786e-11
1.4780667480420836e-11
1.6344486413363814e-11
1.7932654916067784e-11
1.9551130266826897e-11
2.1204575011960728e-11
2.2898106845397442e-11
2.4626783590831505e-11
2.640198826798896e-11
2.8227798244984784e-11
3.0089174387513985e-11
3.2011955582650286e-11
3.3972310057627246e-11
3.601074249290671e-11
3.813263983993545e-11
4.027161996088928e-11
4.250461157880376e-11
4.480399184453837e-11
4.719215056380181e-11
4.966740834090192e-11
5.220760650965798e-11
5.481461112822992e-11
5.754394937613573e-11
6.041373262324321e-11
6.333809911265114e-11
6.639461966273637e-11
6.952838398515442e-11
7.281631774392296e-11
7.615102194355977e-11
7.972927600037086e-11
8.344420227620965e-11
8.723318930419049e-11
9.119363918861066e-11
9.52808339110093e-11
9.961885387911916e-11
1.0411122317535715e-10
1.0873036888542108e-10
1.1352689432592817e-10
1.1854260896609173e-10
1.2382218478358348e-10
1.2915547053734268e-10
1.3489626501769107e-10
1.40721113980463e-10
1.4681209828488704e-10
1.532019398952021e-10
1.5980914471691804e-10
1.6680954223444612e-10
1.7364483189675111e-10
1.8127337226299126e-10
1.897340203903595e-10
1.9728323258611197e-10
2.052334046418422e-10
2.1427509301569442e-10
2.2331214429490333e-10
2.331682789673323e-10
2.4257954536936044e-10
2.531328075642658e-10
2.638925125119505e-10
2.7488088113145706e-10
2.860666925711546e-10
2.9873589613625935e-10
3.1274345122091337e-10
3.2399807432406406e-10
3.381689232572688e-10
3.515340171790938e-10
3.6734934931241075e-10
3.8127364026732864e-10
3.96039234930753e-10
4.145373418927935e-10
4.311228953014249e-10
4.4980826933604396e-10
4.694681970637218e-10
4.873135154636532e-10
5.09889903931576e-10
5.210772888197091e-10
5.505308469781977e-10
5.712540547641687e-10
5.964873463911637e-10
6.211702456739651e-10
6.478107132888051e-10
6.793186281420511e-10
7.013244202000145e-10
7.255082422215529e-10
7.616107029784602e-10
7.884712557085328e-10
8.204219446038509e-10
8.469972140913577e-10
8.891659005212565e-10
9.292336641517396e-10
9.660044607760282e-10
9.974354116031265e-10
1.0349237795391178e-9
1.0744467381509443e-9
1.118058263617307e-9
1.1636430019400132e-9
1.2172306296912487e-9
1.261593774199968e-9
1.3048796677757876e-9
1.3510143660320335e-9
1.4074666158228119e-9
1.4612367325437745e-9
1.5145365996743632e-9
1.585431628324101e-9
1.6256363296989372e-9
1.6913533308151415e-9
1.7547398847115525e-9
1.8231054872364205e-9
1.87985748972799e-9
1.9593323877438146e-9
2.031382749411739e-9
2.0870208519468353e-9
2.1607143452617488e-9
2.247799947066873e-9
2.339182496312051e-9
2.3973004151655402e-9
2.485453848186918e-9
2.5691863288859956e-9
2.6334389432954497e-9
2.7186570569680778e-9
2.821952143532323e-9
2.920551888303238e-9
2.9572443590610954e-9
3.076933782510514e-9
3.1810083536176937e-9
3.2119749351580045e-9
3.33473847369127e-9
3.395470979191077e-9
3.473449907764092e-9
3.5953279982674086e-9
3.6512670589592514e-9
3.7199438786452943e-9
3.7669407700663884e-9
3.834537785165569e-9
3.893282682928065e-9
3.9559614018675076e-9
3.9723318471883674e-9
3.966267959844727e-9
3.994820204585145e-9
3.9779266608945195e-9
3.954590933420523e-9
3.897170981145937e-9
3.813410842643113e-9
3.708480719179307e-9
3.5677097317544614e-9
3.392623626822671e-9
3.1852998224557278e-9
2.960928739275735e-9
2.6723555862263144e-9
2.392777111620247e-9
2.1309646749939497e-9
1.940418851407751e-9
1.918691362632715e-9
2.2548415050977533e-9
3.3866274788573636e-9
6.7933371267616444e-9
2.237127296191845e-8
1.0174374185698734e-6
4.0225693004553904e-8
7.84095305075195e-9
3.086216358580975e-9
1.573707655652826e-9
9.142873523507792e-10
5.704330708114172e-10
3.6687787166327363e-10
2.2705778715007278e-10
4.4903367855906414e-8
6.295175873918427e-8
7.137949217211804e-8
7.577196841930799e-8
7.790396163172913e-8
7.886295881982411e-8
7.895992394646731e-8
7.860699500369299e-8
7.77373714963139e-8
7.682527692125099e-8
7.57088647856676e-8
7.45312252734076e-8
7.335233303153505e-8
7.201016737640105e-8
7.038143463640608e-8
6.916039123583138e-8
6.817388980421724e-8
6.709798042292821e-8
6.574144797438329e-8
6.46955960225757e-8
6.327623985769317e-8
6.239930740665909e-8
6.124150090460036e-8
5.998513766995019e-8
5.904846860431606e-8
5.80795093087269e-8
5.716177038225719e-8