5.575025532806479e-12
6.134472281301492e-11
1.1722318433823853e-10
1.7331344351854854e-10
2.296376363887531e-10
2.864196303961372e-10
3.43712588609443e-10
4.0149587680635275e-10
4.5991087208473354e-10
5.194537305631365e-10
5.860954699362162e-10
6.409472351895705e-10
7.036584343666302e-10
7.656892728478875e-10
8.308204750890709e-10
8.959747664579516e-10
9.65968761047453e-10
1.0336315913551796e-9
1.1060616581586175e-9
1.180584557937836e-9
1.246930125608763e-9
1.3266627462359993e-9
1.4067235749405052e-9
1.491613749960654e-9
1.580395134325872e-9
1.6603660768246687e-9
1.747469139634398e-9
1.8518628790100245e-9
1.942444101458608e-9
2.029107167067614e-9
2.1449010899945063e-9
2.2411681328879346e-9
2.353130463453183e-9
2.4595528938548657e-9
2.5809280995343824e-9
2.6507432913330746e-9
2.8157008587213275e-9
2.9040831011190984e-9
3.0715011974205096e-9
3.1785622204711805e-9
3.3770698876121226e-9
3.5069657224555443e-9
3.6834350106225264e-9
3.776275551103104e-9
3.965205976900414e-9
4.092926406497353e-9
4.2545608913638015e-9
4.500335734265213e-9
4.570869762204542e-9
4.859378657228896e-9
5.051245436784374e-9
5.277772124635118e-9
5.439632210315474e-9
5.698542497124767e-9
5.900080789750934e-9
6.081733741217963e-9
6.441462548412947e-9
6.500526879084331e-9
6.785873622262805e-9
7.111730589088284e-9
7.221754915924154e-9
7.601635978409728e-9
7.964931755218363e-9
8.100037596962265e-9
8.459053499182997e-9
8.665395900840173e-9
8.915298163496875e-9
9.215636382423634e-9
9.593015293509374e-9
9.792281178068757e-9
1.0102586738683551e-8
1.0456353102946566e-8
1.1212945837187958e-8
1.0991376703298027e-8
1.1505717224649383e-8
1.1530734412371894e-8
1.2077402610329938e-8
1.2166386791953623e-8
1.2628205163975846e-8
1.2687846774697859e-8
1.3088734882683808e-8
1.2902865048601468e-8
1.3537911536685078e-8
1.369926575384051e-8
1.3701872738738799e-8
1.3841451402963948e-8
1.4013076140387291e-8
1.4175085354050397e-8
1.404418637000899e-8
1.4064251304650208e-8
1.4005641095236922e-8
1.3804464513174858e-8
1.3402885754266591e-8
1.2949924145654096e-8
1.2391868468756186e-8
1.1721975367227509e-8
1.0895814213493226e-8
9.928980764146088e-9
8.838506418858643e-9
7.690306799162824e-9
6.591830258762444e-9
5.769411278607809e-9
5.661131169133529e-9
7.190510971319544e-9
1.291912851968781e-8
3.604367122705017e-8
3.9697864443249804e-7
2.004740606124422e-7
2.5928225492872082e-8
9.306862448905597e-9
4.611838440844184e-9
2.6786365630163705e-9
1.7079161205539837e-9
1.1561188843930478e-9
8.142980205810876e-10
5.883982894604888e-10
4.3087031136066963e-10
3.1496854332493463e-10
2.2202210360008366e-10
3.938139440965132e-8
6.814858853574062e-8
8.231049776686557e-8
9.078902652513187e-8
9.560835976299133e-8
9.927915079995721e-8
1.0112879375013262e-7
1.0206385824087005e-7
1.0239084738979156e-7
1.024936992889486e-7
1.0219253856511304e-7
1.0132600169826628e-7
1.001596100661386e-7
9.871541704970736e-8
9.807178905319153e-8
9.695997827876879e-8
9.593581960231768e-8
9.37928796582887e-8
9.26550687586653e-8
9.14348526341343e-8
8.980636801676866e-8
8.882542472161689e-8
8.739649268913569e-8
8.586389744228469e-8
8.449524605299276e-8
8.303173496522765e-8
8.233927982581265e-8
8.111235371399065e-8
7.93948261458403e-8
7.855021041952243e-8
7.754606694424865e-8
7.629918854313023e-8
7.500049899619089e-8
7.407259621584331e-8
7.312399160452945e-8
7.210163533869426e-8
7.097942271180611e-8
6.965834895439782e-8
6.894743450914597e-8
6.793958286927674e-8
6.72542820540443e-8
6.61582050773123e-8
6.542516149910053e-8
6.424324218866832e-8
6.369286022471409e-8
6.274853528030351e-8
6.177856824687194e-8
6.077087546826508e-8
6.039831467602717e-8
5.9461103896289556e-8
5.8528202307558336e-8
5.773556735636598e-8
5.728787857032889e-8
5.648692756829804e-8
5.5809227655849925e-8
5.503753412007914e-8
5.4376455706174054e-8
5.358850455505881e-8
5.3052171245286384e-8
5.2446466118897156e-8
5.193643632598322e-8
5.1376632275598904e-8
5.055535486680699e-8
4.9894201470833115e-8
4.943068781483743e-8
4.884567472346299e-8
4.827468739767573e-8
4.765716900334961e-8
4.7117616144966144e-8
4.65926952872039e-8
4.610533093041691e-8
4.558950879675207e-8
4.5018915983218266e-8
4.450244562360032e-8
4.397099613891666e-8
4.35413256755726e-8
4.3049379895021416e-8
4.260651750050805e-8
4.2140648775794856e-8
4.163838186508103e-8
4.112381180846545e-8
4.071409851197728e-8