2.6869884352630277e-13
2.9568247994509244e-12
5.650027214701962e-12
8.353556713831793e-12
1.1073023229767001e-11
1.3808711819865754e-11
1.6571035666440705e-11
1.9363900206047095e-11
2.2189704564323168e-11
2.5058107982000086e-11
2.7970709349965325e-11
3.093675344160783e-11
3.393718876849546e-11
3.7010594484746816e-11
4.015033374181117e-11
4.3340382114262584e-11
4.666782592396913e-11
5.002561420719862e-11
5.347371527810487e-11
5.702928750172695e-11
6.067417751322231e-11
6.444560644788755e-11
6.831958135014951e-11
7.231210994639995e-11
7.641352741771867e-11
8.069103841037586e-11
8.508305714195392e-11
8.960949945221737e-11
9.429319139849075e-11
9.9219598395788e-11
1.0429097188767485e-10
1.0959017207889153e-10
1.1492360554653579e-10
1.2056971944489217e-10
1.2631920804745017e-10
1.323318440247192e-10
1.386490122667744e-10
1.452199602218515e-10
1.5187833741968504e-10
1.5908284389569118e-10
1.662426675730469e-10
1.736912433428751e-10
1.8186051713787355e-10
1.8992410900947532e-10
1.9842952610113938e-10
2.07081519451743e-10
2.165546128566885e-10
2.260472177515562e-10
2.3638016838748305e-10
2.4679568902298963e-10
2.5688754879304384e-10
2.681011918750877e-10
2.799853933989098e-10
2.925017913547754e-10
3.0692866935182444e-10
3.1787522556339775e-10
3.3164040669439196e-10
3.45795785715264e-10
3.6112561929801597e-10
3.763080313675758e-10
3.9278585413559077e-10
4.082885882052562e-10
4.263710993357567e-10
4.443709749679084e-10
4.6119489334758697e-10
4.817841235003378e-10
5.029349251913809e-10
5.235701633122501e-10
5.449709188915613e-10
5.628831390610145e-10
5.922400298915401e-10
6.166940869910231e-10
6.446052881176827e-10
6.698189655577985e-10
6.964842736861525e-10
7.274369128240242e-10
7.553273959164446e-10
7.85158610314643e-10
8.23203842376528e-10
8.507720078388468e-10
8.877419828428692e-10
9.183032357204982e-10
9.578152952702514e-10
1.0018393144894625e-9
1.0439676316566203e-9
1.07952123237769e-9
1.1245641571553536e-9
1.1702600938204942e-9
1.2197309811057621e-9
1.2623574555742655e-9
1.3109694156594564e-9
1.3623179106404031e-9
1.4186328121401876e-9
1.4732041765642597e-9
1.5245360309154491e-9
1.58805860007671e-9
1.6540362707372056e-9
1.7176982093755953e-9
1.7722600863617083e-9
1.8496984575762476e-9
1.949075140849407e-9
1.982330034079416e-9
2.0774512493098428e-9
2.156351973641421e-9
2.2124482150558303e-9
2.29057027854005e-9
2.3902826681663758e-9
2.4659079906039566e-9
2.5508110471626635e-9
2.6225663479028197e-9
2.7477235619967923e-9
2.8202241602698813e-9
2.8999265935881873e-9
3.0000076339234503e-9
3.1374214705131256e-9
3.211809478058939e-9
3.2898305761157696e-9
3.432787813736831e-9
3.4942420272564606e-9
3.666029878562266e-9
3.740909810479271e-9
3.8141328076817935e-9
3.937918802463099e-9
4.05892249595672e-9
4.133658288905481e-9
4.2431570813073535e-9
4.3015804632825665e-9
4.428867545383363e-9
4.537790366939487e-9
4.562635663317165e-9
4.635605131754894e-9
4.7294682015543585e-9
4.787327285391497e-9
4.8532063922751225e-9
4.865221014653419e-9
4.907591475543669e-9
4.8774224210290705e-9
4.839817531593616e-9
4.766197671208711e-9
4.665903454437326e-9
4.53388604567364e-9
4.370342543112959e-9
4.145345852138413e-9
3.894396794198497e-9
3.60017002645946e-9
3.2695480712206953e-9
2.921339472508936e-9
2.587960099313636e-9
2.3283420735431837e-9
2.2563730521553985e-9
2.5873761474300605e-9
3.8141000581306195e-9
7.561532170482765e-9
2.4372759711056805e-8
8.495253987995756e-7
4.961538455675343e-8
9.322296057929616e-9
3.6395518270638244e-9
1.8539567015989834e-9
1.0805039646227801e-9
6.795131978119845e-10
4.4477595345487274e-10
2.918162182925831e-10
1.802373975718935e-8
5.5691551725535665e-8
6.904899335320042e-8
7.598904083637956e-8
7.968333068713273e-8
8.156907985241259e-8
8.240388675641945e-8
8.23446829692222e-8
8.1993788346581e-8
8.105306244609302e-8
8.015523901800914e-8
7.912488687078577e-8
7.81657728896382e-8
7.665769327350985e-8
7.547475281148949e-8
7.389481009823255e-8
7.266204037995035e-8
7.1482887543077e-8
7.016858132476207e-8
6.881496094733734e-8
6.783484599918339e-8
6.680222913132117e-8
6.546011883070056e-8
6.431254144035651e-8
6.351092654052447e-8
6.215694106270542e-8
6.126634135427766e-8
6.032313734464338e-8
5.925597798939909e-8
5.826740191509802e-8
5.742715196036822e-8
5.641609204723267e-8
5.5594504597974e-8
5.456948180572319e-8
5.3957742765425475e-8
5.3280015216010434e-8
5.203343408353438e-8
5.151755607308723e-8