0.	0.	0.	0.	0.	0.	0.	0.	0.	0.	0.	0.	0.	0.	0.	0.	0.	0.	0.	0.	0.	0.	0.	0.	0.	0.	0.	0.	0.	0.	0.	0.	0.	0.	0.	0.	0.	0.	0.	0.	0.	0.	0.	0.	0.	0.	0.	0.	0.	0.	0.	0.	0.	0.	0.	0.	-114166.1671999339	-192137.30535264878	-250801.04066168456	-302164.69689952576	-348884.3199573183	-393172.5178739884	-435723.6611764736	-477322.915993242	-517954.0143628615	-558154.1026845938	-597872.4911333175	-637859.5095557157	-677410.4227021355	-716905.5417781634	-756506.432145888
-3.1899298470764457	0.	0.	0.	0.	0.	0.	0.	0.	0.	0.	0.	0.	0.	0.	0.	0.	0.	0.	0.	0.	0.	0.	0.	0.	0.	0.	0.	0.	0.	0.	0.	0.	0.	0.	0.	0.	0.	0.	0.	0.	0.	0.	0.	0.	0.	0.	0.	0.	0.	0.	0.	0.	0.	0.	0.	-112887.94412752773	-191679.67906881642	-250258.43355373974	-301646.38583161426	-348476.63815590745	-392702.7930878488	-435098.326937006	-476644.1746369831	-517569.62546718534	-557887.9975919455	-597708.2855372	-637155.1538807792	-676684.7392408759	-716725.3694986867	-756321.6931089774
-6.166920207396924	-31.255380893166084	0.	0.	0.	0.	0.	0.	0.	0.	0.	0.	0.	0.	0.	0.	0.	0.	0.	0.	0.	0.	0.	0.	0.	0.	0.	0.	0.	0.	0.	0.	0.	0.	0.	0.	0.	0.	0.	0.	0.	0.	0.	0.	0.	0.	0.	0.	0.	0.	0.	0.	0.	0.	0.	0.	-110115.46223359981	-189776.07868769855	-248978.0292717177	-300414.97755152296	-347202.89913349197	-391422.34055629687	-434172.0282966846	-475706.6714422341	-516301.5667821464	-557005.7052310245	-596868.843227057	-636285.2434527013	-675971.5006428368	-715603.8679296944	-755246.2228670698
-9.109323224347811	-73.17322523873523	-39.8342339485846	0.	0.	0.	0.	0.	0.	0.	0.	0.	0.	0.	0.	0.	0.	0.	0.	0.	0.	0.	0.	0.	0.	0.	0.	0.	0.	0.	0.	0.	0.	0.	0.	0.	0.	0.	0.	0.	0.	0.	0.	0.	0.	0.	0.	0.	0.	0.	0.	0.	0.	0.	0.	0.	-105266.52723899469	-186656.853929918	-246319.93024796128	-297903.2246361702	-345232.19143258943	-389857.1423226097	-432612.32377367007	-474079.42575171735	-515096.6001201179	-555164.023278047	-595054.3841062812	-634736.2059293856	-674527.6858640284	-714258.1294865601	-753907.3585793119
-12.023532168529348	-111.31087154379114	-121.09369951007132	-38.898778118300285	0.	0.	0.	0.	0.	0.	0.	0.	0.	0.	0.	0.	0.	0.	0.	0.	0.	0.	0.	0.	0.	0.	0.	0.	0.	0.	0.	0.	0.	0.	0.	0.	0.	0.	0.	0.	0.	0.	0.	0.	0.	0.	0.	0.	0.	0.	0.	0.	0.	0.	0.	0.	-98139.43641712517	-182663.41846695202	-242935.96050253892	-295043.48534462525	-342468.20779287507	-386959.4135046394	-430043.4527494652	-471874.2217392745	-512585.900944192	-552912.6288351074	-592880.1611606881	-632583.7308769318	-672290.8402602206	-712001.557592548	-751676.3781195412
-14.905291751535923	-146.99378224822107	-201.85121017947085	-147.18130344189967	-34.72208770364931	0.	0.	0.	0.	0.	0.	0.	0.	0.	0.	0.	0.	0.	0.	0.	0.	0.	0.	0.	0.	0.	0.	0.	0.	0.	0.	0.	0.	0.	0.	0.	0.	0.	0.	0.	0.	0.	0.	0.	0.	0.	0.	0.	0.	0.	0.	0.	0.	0.	0.	0.	-88257.28956398925	-177042.90511360063	-238521.05133391763	-291259.32646158396	-339018.74638824107	-383707.3147144009	-426995.0124814032	-468695.29448364355	-509562.8781148486	-550015.0003452847	-590114.3341387239	-629766.7898579902	-669689.8807640757	-709624.2093270064	-749027.1468253657
-17.748554155705058	-181.05226063180444	-277.7445473247706	-268.19925177492877	-158.16875373072583	-29.834380717028637	0.	0.	0.	0.	0.	0.	0.	0.	0.	0.	0.	0.	0.	0.	0.	0.	0.	0.	0.	0.	0.	0.	0.	0.	0.	0.	0.	0.	0.	0.	0.	0.	0.	0.	0.	0.	0.	0.	0.	0.	0.	0.	0.	0.	0.	0.	0.	0.	0.	0.	-74417.83825243553	-170080.10780126505	-233212.77694013406	-286504.36311864376	-334588.6478140968	-379686.2947016459	-422951.16837191954	-465092.7937446131	-506019.9426110712	-546517.3366987463	-587020.1410414366	-626438.6766488991	-666475.8725914058	-706017.0099592644	-745975.852767576
-20.546895464608077	-213.88337143312748	-349.207046101812	-386.47413873713396	-312.3833881419536	-159.73542461077918	-25.188019258259736	0.	0.	0.	0.	0.	0.	0.	0.	0.	0.	0.	0.	0.	0.	0.	0.	0.	0.	0.	0.	0.	0.	0.	0.	0.	0.	0.	0.	0.	0.	0.	0.	0.	0.	0.	0.	0.	0.	0.	0.	0.	0.	0.	0.	0.	0.	0.	0.	0.	-53726.26991782668	-161504.71384354588	-226562.79476723998	-280850.64966231416	-329493.4644426539	-375197.58788488666	-418685.24964075733	-460715.5627039494	-501974.67502425826	-542703.9735011308	-582712.8858194265	-622704.4240923774	-662301.1468813212	-702319.9973312485	-742175.862326848
-23.29390975691454	-245.67344895237	-416.990747935035	-499.0516614627168	-470.612442280698	-339.1526070404259	-155.71271664034984	-21.09620867346145	0.	0.	0.	0.	0.	0.	0.	0.	0.	0.	0.	0.	0.	0.	0.	0.	0.	0.	0.	0.	0.	0.	0.	0.	0.	0.	0.	0.	0.	0.	0.	0.	0.	0.	0.	0.	0.	0.	0.	0.	0.	0.	0.	0.	0.	0.	0.	0.	0.	-151299.2721336813	-219006.4073446627	-274429.13971610373	-323370.2146318091	-369543.5840739346	-413375.87959308765	-455823.69134016614	-497135.3512550633	-537680.2544998426	-578332.8508384926	-618084.0727180775	-658278.6494159176	-697778.9587694682	-738183.229072909
-25.983364636518846	-276.50450421131313	-481.65236013577754	-605.7730814757268	-624.5564815828918	-532.5487175783272	-352.9967053386696	-148.54650946079144	-17.61552437584604	0.	0.	0.	0.	0.	0.	0.	0.	0.	0.	0.	0.	0.	0.	0.	0.	0.	0.	0.	0.	0.	0.	0.	0.	0.	0.	0.	0.	0.	0.	0.	0.	0.	0.	0.	0.	0.	0.	0.	0.	0.	0.	0.	0.	0.	0.	0.	0.	-139061.4688062243	-209872.88351637384	-266792.3680140115	-316615.8227483183	-363238.51203488355	-407276.1615732027	-449981.2693432059	-491611.542298048	-532399.0679937522	-572972.7379246507	-613069.1741809386	-653103.2823939952	-693098.9206838014	-732949.7538362133
-28.60928151299916	-306.4042844110499	-543.5538255908317	-707.0547095499194	-771.812677323459	-725.6699874133918	-575.9418912759436	-357.52490451768955	-139.76800333404086	-14.704347283700452	0.	0.	0.	0.	0.	0.	0.	0.	0.	0.	0.	0.	0.	0.	0.	0.	0.	0.	0.	0.	0.	0.	0.	0.	0.	0.	0.	0.	0.	0.	0.	0.	0.	0.	0.	0.	0.	0.	0.	0.	0.	0.	0.	0.	0.	0.	0.	-123905.57439819358	-199665.38573338368	-258154.6305735772	-309189.86725598114	-356139.75384342956	-400478.0753857443	-443586.9482153625	-485362.3443225782	-526245.5353488427	-567102.1727973212	-607331.2958953263	-647447.8469903828	-687748.4002892796	-727230.7233237779
-31.16598615562834	-335.3713022077213	-602.9187811962247	-803.3487909979226	-911.8926894575552	-912.9719311681497	-804.6670131066148	-604.4142974809989	-355.4783167657588	-130.3243313397364	-12.289295742729813	0.	0.	0.	0.	0.	0.	0.	0.	0.	0.	0.	0.	0.	0.	0.	0.	0.	0.	0.	0.	0.	0.	0.	0.	0.	0.	0.	0.	0.	0.	0.	0.	0.	0.	0.	0.	0.	0.	0.	0.	0.	0.	0.	0.	0.	0.	-104821.55881222639	-187639.07251414703	-248358.6254418504	-300449.42494583747	-348194.55329955136	-393172.5178739884	-436407.6774838468	-478642.2615026132	-519983.52822297555	-560521.4708105392	-600844.3655307333	-641091.9675317984	-681353.8494338593	-721628.8076603537
-33.648144843041585	-363.38819884616385	-659.8792868476163	-895.0232042178955	-1044.9194742862146	-1092.3783067547974	-1030.0708590817662	-864.5433157679354	-621.132946729193	-348.8886515599928	-120.79265603366258	-10.292715714530738	0.	0.	0.	0.	0.	0.	0.	0.	0.	0.	0.	0.	0.	0.	0.	0.	0.	0.	0.	0.	0.	0.	0.	0.	0.	0.	0.	0.	0.	0.	0.	0.	0.	0.	0.	0.	0.	0.	0.	0.	0.	0.	0.	0.	0.	-79507.93769062577	-173601.20375742426	-237067.85926865236	-290747.0981353166	-339244.8210601724	-384778.86829805415	-428500.75289207726	-471118.19546334347	-512535.7947754476	-553538.9785178234	-593955.9055683746	-634510.1602574275	-674634.5183912707	-714617.8666257078
-36.050791999972176	-390.42931368333984	-714.5080054048726	-982.3509475719509	-1171.1801406120205	-1263.2260393268602	-1248.0085794881318	-1125.2181806258664	-908.3202057222757	-628.7248399437656	-339.2440338363811	-111.51593702564122	-8.6433372653092	0.	0.	0.	0.	0.	0.	0.	0.	0.	0.	0.	0.	0.	0.	0.	0.	0.	0.	0.	0.	0.	0.	0.	0.	0.	0.	0.	0.	0.	0.	0.	0.	0.	0.	0.	0.	0.	0.	0.	0.	0.	0.	0.	0.	-36269.7385868991	-157548.82067463	-224768.60774358708	-279816.7399998238	-329493.4644426539	-375914.90249933605	-420025.26847792417	-462636.93546920316	-504440.20916001516	-545686.73475812	-586253.9396524208	-627173.3464707315	-667305.0117594748	-707369.6055869034
-38.36935182844925	-416.4651959912758	-766.8395643177519	-1065.5261837825492	-1290.9723492625094	-1425.4293062295935	-1456.6413697268774	-1379.9562133027223	-1200.9734684321375	-938.7621068563571	-629.3129302445955	-327.62695364061756	-102.68883870457358	-7.279629878349651	0.	0.	0.	0.	0.	0.	0.	0.	0.	0.	0.	0.	0.	0.	0.	0.	0.	0.	0.	0.	0.	0.	0.	0.	0.	0.	0.	0.	0.	0.	0.	0.	0.	0.	0.	0.	0.	0.	0.	0.	0.	0.	0.	0.	-138222.4351434115	-210643.45585848452	-267977.09824198385	-318794.6209880819	-365934.5129009688	-410510.55977229046	-453798.04562059476	-495621.23811642925	-537422.5225369701	-578332.8508384926	-618981.3338704555	-659397.8014462189	-699958.7910346033
-40.599655100473925	-441.4654108054789	-816.8847432855312	-1144.683663339344	-1404.5565011610352	-1579.127579869261	-1655.2253737275364	-1625.4574530210523	-1490.180167696929	-1259.9330080518869	-958.2829479996451	-624.5887287812841	-314.82061843108426	-94.4123158655822	-6.150070332242974	0.	0.	0.	0.	0.	0.	0.	0.	0.	0.	0.	0.	0.	0.	0.	0.	0.	0.	0.	0.	0.	0.	0.	0.	0.	0.	0.	0.	0.	0.	0.	0.	0.	0.	0.	0.	0.	0.	0.	0.	0.	0.	0.	-114470.2562792156	-194786.14923528468	-254758.40276773457	-307012.5475469922	-354871.85757949174	-400392.74009803875	-444081.18712001166	-486514.6661795552	-527955.2641966362	-569116.7326410525	-609951.4052167519	-650711.4877987518	-691598.1349853957
-42.73795171246337	-465.4003434261382	-864.6400105792904	-1219.9155332947548	-1512.146604258467	-1724.5353176987273	-1843.5419404918155	-1860.0796819010934	-1770.9996883093281	-1580.935837426037	-1304.5345627144834	-968.937534943179	-615.8889253329804	-301.38842160220634	-86.72849769812612	-5.212207900397355	0.	0.	0.	0.	0.	0.	0.	0.	0.	0.	0.	0.	0.	0.	0.	0.	0.	0.	0.	0.	0.	0.	0.	0.	0.	0.	0.	0.	0.	0.	0.	0.	0.	0.	0.	0.	0.	0.	0.	0.	0.	0.	-82352.17770453179	-176548.4417091645	-240117.299350211	-294211.24682680634	-343085.75626877043	-389289.60652696365	-433384.21004738146	-476452.5780368098	-518277.6737859079	-559733.0505942951	-600734.6022048166	-641798.4400093069	-682375.1615810663
-44.780919354973165	-488.24238781767474	-910.0940263422054	-1291.284557964318	-1613.9146698667373	-1861.8789955926127	-2021.6226827236615	-2083.0600053138146	-2040.709350365985	-1895.1019785573478	-1654.5095207719378	-1336.9758258563552	-972.4489090491893	-604.2643111676202	-287.7325428529915	-79.64309689843417	-4.431364577229911	0.	0.	0.	0.	0.	0.	0.	0.	0.	0.	0.	0.	0.	0.	0.	0.	0.	0.	0.	0.	0.	0.	0.	0.	0.	0.	0.	0.	0.	0.	0.	0.	0.	0.	0.	0.	0.	0.	0.	0.	0.	-14661.548208016697	-155011.3241155597	-223751.58015828615	-280311.6448223609	-330597.40234515484	-377297.4881137196	-422128.24211781874	-465234.28844568407	-507698.0063065959	-549753.8345576259	-590737.1928086259	-631720.0695293751	-672407.2341038552
-46.72566854592033	-509.966738760073	-953.2321355183782	-1358.834147158376	-1709.9990084885862	-1991.372868483853	-2189.6142272302477	-2294.1083755664804	-2297.8449727900156	-2198.50447012013	-1999.797471509146	-1713.0798777271282	-1359.1914439943048	-970.2484962408844	-590.5378182921049	-274.1369499620548	-73.13985396711284	-3.7793295670004268	0.	0.	0.	0.	0.	0.	0.	0.	0.	0.	0.	0.	0.	0.	0.	0.	0.	0.	0.	0.	0.	0.	0.	0.	0.	0.	0.	0.	0.	0.	0.	0.	0.	0.	0.	0.	0.	0.	0.	0.	0.	-129165.59133287557	-205660.9872000096	-264743.4774956578	-316579.93739106704	-364574.0543234843	-409989.05749611487	-453844.47000492166	-496458.83168074756	-538610.5446133883	-580114.8338512443	-621278.247124455	-662151.9646069391
-48.56974423569347	-530.5519182314837	-994.0395004864829	-1422.5958477597785	-1800.5127926218381	-2113.211946174124	-2347.7122700469154	-2493.190897563577	-2541.668570780659	-2488.855471363492	-2335.195306410576	-2087.1392257103707	-1758.6515209646789	-1372.8593292929368	-963.5182587576041	-575.3518389765256	-260.7989297407077	-67.18985402628782	-3.233187804735674	0.	0.	0.	0.	0.	0.	0.	0.	0.	0.	0.	0.	0.	0.	0.	0.	0.	0.	0.	0.	0.	0.	0.	0.	0.	0.	0.	0.	0.	0.	0.	0.	0.	0.	0.	0.	0.	0.	0.	0.	-95579.59633144003	-184576.9189642472	-247442.39740312632	-301646.38583161426	-350660.7886259058	-396861.84878457116	-441436.9656965093	-484475.95665437164	-526940.2984869386	-568903.6999424554	-610006.7346320698	-651666.2793032771
-50.31112418354425	-549.9801163634802	-1032.5032926701965	-1482.5948986545104	-1885.551628978198	-2227.572394143983	-2496.129579011963	-2680.4125507533663	-2771.8675566113775	-2764.861921452534	-2657.503516827199	-2452.646013031644	-2159.0996031685518	-1793.0293674443024	-1379.4206062994567	-953.230106607823	-559.2061554454742	-247.85223693875884	-61.757518394961764	-2.774323023619691	0.	0.	0.	0.	0.	0.	0.	0.	0.	0.	0.	0.	0.	0.	0.	0.	0.	0.	0.	0.	0.	0.	0.	0.	0.	0.	0.	0.	0.	0.	0.	0.	0.	0.	0.	0.	0.	0.	0.	-36269.7385868991	-160229.44068178505	-228589.30235923297	-285067.1381666787	-335807.6024344633	-383093.25706734206	-428366.6787001243	-471921.8281252723	-514424.8719416515	-557005.7052310245	-598431.149755522	-639843.5392302118
-51.9482143097421	-568.237398238982	-1068.6142185226192	-1538.854326025144	-1965.1998226315657	-2334.614837574467	-2635.0816068244567	-2855.953222270913	-2988.3818149011704	-3025.8440048606426	-2964.7884798070922	-2805.432208760743	-2552.7288151481143	-2217.5174443584738	-1817.8156142019986	-1380.1048538269774	-940.1807700739676	-542.488068850122	-235.3841259635587	-56.80442693282926	-2.3875929509783713	0.	0.	0.	0.	0.	0.	0.	0.	0.	0.	0.	0.	0.	0.	0.	0.	0.	0.	0.	0.	0.	0.	0.	0.	0.	0.	0.	0.	0.	0.	0.	0.	0.	0.	0.	0.	0.	0.	0.	-130473.74008440954	-207532.18923797854	-267361.67969611357	-319450.2350183663	-368045.4134674718	-414044.2283263145	-458294.923062165	-501513.7275615825	-543889.4144064141	-586091.4974139555	-627566.5586310088
-53.479841238745635	-585.3138104438012	-1102.367564463767	-1591.3979394836729	-2039.535372760241	-2434.48848583992	-2764.7808777487817	-3020.0328610281276	-3191.302870595442	-3271.5057211674202	-3255.9275491224244	-3142.859501486406	-2934.37244790474	-2637.24954239776	-2264.0741228679217	-1834.4187881574999	-1375.9562832788806	-925.0217426650748	-525.4962211706297	-223.44791213431864	-52.2917195309108	-2.060657604423798	0.	0.	0.	0.	0.	0.	0.	0.	0.	0.	0.	0.	0.	0.	0.	0.	0.	0.	0.	0.	0.	0.	0.	0.	0.	0.	0.	0.	0.	0.	0.	0.	0.	0.	0.	0.	0.	0.	-90982.16919929592	-183116.1966395375	-247388.28199894386	-302199.30127856764	-352000.909423832	-398963.17558721383	-444081.18712001166	-487476.48138469283	-530603.5836641575	-572972.7379246507	-614996.5787456182
-54.905242260554445	-601.2034106381345	-1133.7638871367453	-1640.252496500319	-2108.6338582683848	-2527.3351469715953	-2885.4357190440874	-3172.892737578736	-3380.8144679344605	-3501.794849752656	-3530.325173264303	-3463.300889103675	-3300.6429800371416	-3046.0521146901774	-2707.9059690635922	-2300.286836269792	-1844.068730720197	-1367.8586741949407	-908.2845439399593	-508.4593915843658	-212.0722568997819	-48.181565268049695	-1.7834371019790076	0.	0.	0.	0.	0.	0.	0.	0.	0.	0.	0.	0.	0.	0.	0.	0.	0.	0.	0.	0.	0.	0.	0.	0.	0.	0.	0.	0.	0.	0.	0.	0.	0.	0.	0.	0.	0.	0.	-154678.21311831477	-225577.04750151842	-283350.6103459663	-334828.9885762068	-382841.66063766606	-428545.4442893321	-473023.8870148157	-516251.24987679784	-559079.0350759389	-601597.6448191638
-56.22405294819259	-615.9042367238224	-1162.809437420422	-1685.449232888007	-2172.571394521358	-2613.292751057693	-2997.2510076775175	-3314.785656350243	-3557.157310497274	-3716.816320677729	-3787.733341544662	-3765.8064790329736	-3649.3613636301384	-3439.7610611053965	-3142.1401293860154	-2766.2670030521267	-2327.5119234613653	-1847.8339720930899	-1356.5580804908054	-890.4018086047322	-491.55131958441046	-201.26804415052345	-44.438020396150435	-1.547676080762113	0.	0.	0.	0.	0.	0.	0.	0.	0.	0.	0.	0.	0.	0.	0.	0.	0.	0.	0.	0.	0.	0.	0.	0.	0.	0.	0.	0.	0.	0.	0.	0.	0.	0.	0.	0.	0.	-118507.50778251348	-200597.91441358984	-262581.01242189476	-316307.94329567364	-365894.4937588208	-412605.08435551974	-457468.05925632257	-501211.3704151318	-544594.867904205	-587182.7505259457
-57.436292677616265	-629.4182278762528	-1189.5163815069411	-1727.0249062064845	-2231.4268295569036	-2692.4982622374864	-3100.4297161797613	-3445.9711214068493	-3720.6080655807673	-3916.7779830840554	-4028.1364843694782	-4049.8856791029098	-3979.178019414475	-3815.6104106912962	-3561.823074840001	-3224.213690349656	-2813.7650118597257	-2346.9537377478473	-1846.6394868111763	-1342.6829654976495	-871.7247776604728	-474.9023989660694	-191.0334788378527	-41.02748750440048	-1.3465945082703765	0.	0.	0.	0.	0.	0.	0.	0.	0.	0.	0.	0.	0.	0.	0.	0.	0.	0.	0.	0.	0.	0.	0.	0.	0.	0.	0.	0.	0.	0.	0.	0.	0.	0.	0.	0.	-64431.234453221674	-172160.73771408937	-239580.9735781147	-296161.60694038926	-347241.3960265155	-395173.57663745875	-441247.0197977256	-485627.3448343107	-528991.8915831852	-572076.2443036701
-58.5423483016842	-641.7511068687279	-1213.9028654222057	-1765.022462121157	-2285.283324388978	-2765.0899793217595	-3195.174632757751	-3566.7131932891034	-3871.4668531125353	-4101.956290265203	-4251.676733391145	-4315.363509456336	-4289.319188348628	-4171.814813256288	-3963.5784283669427	-3668.3830375106536	-3293.740850841502	-2851.696261572408	-2359.676312831176	-1841.283736051531	-1326.7617626943888	-852.5377489344189	-458.60891119388816	-181.35786905454478	-37.91891685017426	-1.1746078763529684	0.	0.	0.	0.	0.	0.	0.	0.	0.	0.	0.	0.	0.	0.	0.	0.	0.	0.	0.	0.	0.	0.	0.	0.	0.	0.	0.	0.	0.	0.	0.	0.	0.	0.	0.	0.	-137075.00158367003	-213999.99523456028	-274461.1693616438	-327821.9797559826	-376736.9498348114	-423705.223330284	-468790.085782317	-513272.28870969854	-556310.5174579552
-59.542956231902124	-652.9122311932263	-1235.9929577556695	-1799.4914071075123	-2334.229437370263	-2831.2092768221455	-3281.689947869264	-3677.2797488527563	-4010.049793199862	-4272.674363192703	-4458.604780871862	-4562.284629465378	-4579.4154382564	-4507.283257282672	-4345.157619884785	-4094.774617847612	-3760.9139374997535	-3352.07315760846	-2881.2262027135766	-2366.6161318118575	-1832.454444288148	-1309.2380267246492	-833.0699888449781	-442.7403239667402	-172.22442987611578	-35.0838436836742	-1.0271028407683769	0.	0.	0.	0.	0.	0.	0.	0.	0.	0.	0.	0.	0.	0.	0.	0.	0.	0.	0.	0.	0.	0.	0.	0.	0.	0.	0.	0.	0.	0.	0.	0.	0.	0.	0.	-88937.75681480263	-184576.9189642472	-250258.43355373974	-306550.0763391618	-357412.77296161995	-405192.9614622231	-451476.96587120125	-496311.4269705488	-540026.8481198134
-60.439183180547985	-662.9144191394896	-1255.8164972631107	-1830.4879515304588	-2378.3598100663667	-2891.00185662302	-3360.1825699993396	-3777.9424116060045	-4136.68455807108	-4429.287811495102	-4649.2471656052985	-4790.8484327549195	-4849.384409192404	-4821.421226503843	-4705.124664652938	-4500.6569687790725	-4210.654448595676	-3840.793483970783	-3400.444788131467	-2903.397480666331	-2368.5949854777464	-1820.7428766741762	-1290.4834120472171	-813.5055401168328	-427.3450671148122	-163.612358193279	-32.496324021835704	-0.9002570625104788	0.	0.	0.	0.	0.	0.	0.	0.	0.	0.	0.	0.	0.	0.	0.	0.	0.	0.	0.	0.	0.	0.	0.	0.	0.	0.	0.	0.	0.	0.	0.	0.	0.	0.	0.	-149323.06595912212	-223724.61874921477	-283383.48174175085	-336476.35414206266	-386085.65065513004	-432747.2762574509	-478227.58671975776	-522879.9639555716
-61.23240581154984	-671.7737560262472	-1273.4088662396136	-1858.0749729321765	-2417.775538005527	-2944.618583206294	-3430.8631243553446	-3868.9767406968285	-4251.707686995671	-4572.175442765276	-4823.984206859879	-5001.364596950336	-5099.349703199206	-5113.992652848873	-5042.633898372621	-4884.227380389653	-4639.735179431822	-4312.599525297759	-3909.297619624539	-3439.9757776005554	-2919.1393008640935	-2366.3323336423464	-1806.6565673262803	-1270.808737597139	-793.9912935722703	-412.45510857243755	-155.49836292340237	-30.132810346181355	-0.7908942621846733	0.	0.	0.	0.	0.	0.	0.	0.	0.	0.	0.	0.	0.	0.	0.	0.	0.	0.	0.	0.	0.	0.	0.	0.	0.	0.	0.	0.	0.	0.	0.	0.	0.	0.	-102429.27700930665	-193165.54084994088	-258185.0842218147	-314242.66738901584	-365224.9292047142	-413375.87959308765	-459756.2399656916	-504697.5101992329
-61.924289541558565	-679.5093850528308	-1288.810706373109	-1882.3218388530918	-2452.584279729388	-2992.2159709738135	-3493.946635637685	-3950.6624533823096	-4355.462911387899	-4701.733060067685	-4983.234900290271	-5194.22224108356	-5329.58410077699	-5385.022575386794	-5357.272034939149	-5244.367446580427	-5045.970371909169	-4763.761347692365	-4401.9061410370305	-3967.599221200311	-3471.6777093487963	-2929.2772747448703	-2360.456852122038	-1790.6305508245064	-1250.4733897279089	-774.6436314441257	-398.08958312747484	-147.8577875688927	-27.97199461022818	-0.6963673386459334	0.	0.	0.	0.	0.	0.	0.	0.	0.	0.	0.	0.	0.	0.	0.	0.	0.	0.	0.	0.	0.	0.	0.	0.	0.	0.	0.	0.	0.	0.	0.	0.	0.	0.	-156814.9423541304	-230001.60681917128	-289688.78516413795	-343009.4555129129	-392660.70270814	-439876.39979386365	-485675.8154996212
-62.516766723140776	-686.1432866728887	-1302.067590681249	-1903.3041206257544	-2482.9001756032967	-3033.956385141673	-3549.6529195039047	-4023.283564800755	-4448.300034627646	-4818.3692093257	-5127.446398514427	-5369.868222522919	-5540.4693126089305	-5634.727741297527	-5648.944901973837	-5580.466420087111	-5427.951497050868	-5191.698646813376	-4874.035649432734	-4479.779865320361	-4016.7701915719417	-3496.4607755091224	-2934.543200922735	-2351.517015988159	-1773.037202149646	-1229.6932964022526	-755.5538967723945	-384.2576720426039	-140.66542725158922	-25.99463645589549	-0.614463881427227	0.	0.	0.	0.	0.	0.	0.	0.	0.	0.	0.	0.	0.	0.	0.	0.	0.	0.	0.	0.	0.	0.	0.	0.	0.	0.	0.	0.	0.	0.	0.	0.	0.	-108979.24851976603	-197910.02133104077	-263314.5994858825	-319251.6687436494	-370318.93469296006	-418958.3757533324	-465844.319184851
-63.01201443046439	-691.700049930683	-1313.2296627733822	-1921.1032235834653	-2508.843600786554	-3070.0080099539496	-3598.206717671533	-4087.128392350508	-4530.574093671272	-4922.50215314119	-5257.086528788694	-5528.791626540498	-5732.467078291914	-5863.466558627706	-5917.795407592326	-5892.292588855244	-5784.853300394856	-5594.699253353035	-5322.704005128762	-4971.780304261507	-4547.334272181461	-4057.785693291933	-3515.1414791366506	-2935.5844526749056	-2339.990673053932	-1754.1948137996533	-1208.6476809045635	-736.7928985396761	-370.9608891380616	-133.89611663920925	-24.183388144971445	-0.5433295833815553	0.	0.	0.	0.	0.	0.	0.	0.	0.	0.	0.	0.	0.	0.	0.	0.	0.	0.	0.	0.	0.	0.	0.	0.	0.	0.	0.	0.	0.	0.	0.	0.	0.	-159801.98075818125	-233430.20590816298	-293525.3988926239	-347164.40224041505	-397251.3365692498	-444862.6256387694
-63.41243205451798	-696.2066388101059	-1322.351252841319	-1935.8059544913144	-2530.540799112905	-3100.544630565175	-3639.8376147625795	-4142.4894084863645	-4602.644642318945	-5014.55761061089	-5372.638332714649	-5671.512486257165	-5906.098123454478	-6071.702572872513	-6164.1435057429735	-6179.898803018882	-6116.290573658089	-5971.709385896941	-5745.885351608655	-5440.212887559452	-5058.135261025071	-4605.592453739595	-4091.529655822319	-3528.4504991328877	-2932.9727856561003	-2326.293623421571	-1734.3750451353515	-1187.484777524608	-718.4146246699283	-358.19489572239206	-127.5251461178031	-22.522623406830274	-0.4814059918816206	0.	0.	0.	0.	0.	0.	0.	0.	0.	0.	0.	0.	0.	0.	0.	0.	0.	0.	0.	0.	0.	0.	0.	0.	0.	0.	0.	0.	0.	0.	0.	0.	-109663.48462767422	-199665.38573338368	-265173.0010890175	-321999.38388992916	-373899.6492082188	-422862.57357824343
-63.7206189001714	-699.692156304764	-1329.490478315855	-1947.504043367879	-2548.123423483238	-3125.745268228963	-3674.7797744016807	-4189.662946210119	-4664.875065835682	-5094.966970832114	-5474.595958551556	-5798.573415406562	-6061.926607824707	-6259.977479701345	-6388.441784110488	-6443.552436422329	-6422.211603108311	-6322.17670602844	-6142.286156267967	-5882.7310902149475	-5545.379379793759	-5134.157189949299	-4655.490352703502	-4118.800958819449	-3537.040410475554	-2927.212473016076	-2310.787256256024	-1713.8093755772081	-1166.3266669301115	-700.4593039614278	-345.95094088266296	-121.52854937269859	-20.998274514702764	-0.4273797727522648	0.	0.	0.	0.	0.	0.	0.	0.	0.	0.	0.	0.	0.	0.	0.	0.	0.	0.	0.	0.	0.	0.	0.	0.	0.	0.	0.	0.	0.	0.	0.	0.	-159271.76954171297	-233815.74335403545	-294621.94797011686	-348884.3199573183	-399492.0886868159
-63.93935196164014	-702.1876086102257	-1334.7088359271775	-1956.2936339591247	-2561.728007670711	-3145.7937025263404	-3703.2715295879366	-4228.94877236683	-4717.631879787395	-5164.1657960041875	-5563.461463132944	-5910.533262881484	-6200.548444077007	-6428.890922183084	-6591.242240550586	-6683.682955901131	-6702.81825120256	-6645.932175272293	-6511.175524377313	-6297.792938354294	-6006.3951234690185	-5639.281931578575	-5200.820748847558	-4697.881225614095	-4140.3198838769895	-3541.493069560185	-2918.7477352137767	-2293.7853134329753	-1692.6946846755864	-1145.273366357892	-682.9559324919946	-334.2170034031595	-115.88329493292878	-19.597679976602155	-0.3801412414307008	0.	0.	0.	0.	0.	0.	0.	0.	0.	0.	0.	0.	0.	0.	0.	0.	0.	0.	0.	0.	0.	0.	0.	0.	0.	0.	0.	0.	0.	0.	0.	-104821.55881222639	-197885.81790995167	-264743.4774956578	-322072.1111736373	-374621.3011749622
-64.07156403649506	-703.7256715578378	-1338.070790905254	-1962.2747547656052	-2571.4953898252825	-3160.8779092423174	-3725.5548590311346	-4260.649548994679	-4761.283992334242	-5222.592499990495	-5639.7422299672235	-6007.962183063566	-6322.582370137523	-6579.08515838474	-6773.171141535756	-6900.842276772644	-6958.505492490725	-6943.100492031566	-6852.256042922751	-6684.479607269355	-6439.385649249143	-6117.968177667068	-5722.9227192241815	-5259.021371010779	-4733.54075039773	-4156.734561516925	-3542.3265543347798	-2907.9694697220793	-2275.5598576006705	-1671.198071069043	-1124.4062897049785	-665.9243591216982	-322.97869572282616	-110.5674062758666	-18.309443956318464	-0.33875037351826676	0.	0.	0.	0.	0.	0.	0.	0.	0.	0.	0.	0.	0.	0.	0.	0.	0.	0.	0.	0.	0.	0.	0.	0.	0.	0.	0.	0.	0.	0.	0.	-154343.12697245204	-231317.94917178346	-293079.45884035795	-348476.63815590745
-64.12032232154043	-704.3404611479991	-1339.6433682020893	-1965.5507805763214	-2577.570104595435	-3171.1894380843914	-3741.874777553571	-4285.07020471674	-4796.201925085653	-5270.687133399297	-5703.948809506173	-6091.437707916897	-6428.66299925566	-6711.233257585377	-6934.90976984078	-7095.674478106859	-7189.8152565786895	-7214.031674066607	-7165.564893572991	-7042.355892655169	-6843.236704435345	-6568.159782971602	-6218.470701845386	-5797.228856599041	-5309.579028166278	-4763.17243698655	-4168.627234939532	-3540.001602901511	-2895.2213088576227	-2256.346523570725	-1649.4610105685656	-1103.7911751301567	-649.3770076273765	-312.2199778872322	-105.56002909805179	-17.123307715542385	-0.302408868116956	0.	0.	0.	0.	0.	0.	0.	0.	0.	0.	0.	0.	0.	0.	0.	0.	0.	0.	0.	0.	0.	0.	0.	0.	0.	0.	0.	0.	0.	0.	-93275.45514091263	-192737.95474162596	-261364.60264156884	-319978.5924208583
-64.08880761696228	-704.0673097961815	-1339.4957498773429	-1966.2278928316045	-2580.0997579743735	-3176.9227506394927	-3752.478665108568	-4302.517237943924	-4822.756996786562	-5308.8902354108795	-5756.593053966377	-6161.541537114639	-6519.435306071136	-6826.0298779552995	-7077.179502410464	-7268.892426591277	-7397.40087023611	-7459.248376171947	-7451.397637641998	-7371.362383745314	-7217.367403959056	-6988.541259060137	-6685.146553249695	-6308.852632877426	-5863.054864837057	-5353.242573907104	-4787.413104993646	-4176.520228649788	-3534.9275302874303	-2880.8050471201777	-2236.3491294523265	-1627.6029420039167	-1083.480562735656	-633.3202990474208	-301.92371964587915	-100.84145983440015	-16.030032847208574	-0.2704371228486335	0.	0.	0.	0.	0.	0.	0.	0.	0.	0.	0.	0.	0.	0.	0.	0.	0.	0.	0.	0.	0.	0.	0.	0.	0.	0.	0.	0.	0.	0.	-144876.43959487235	-225792.8031307242	-289303.3267026445
-63.98029424843007	-702.9425496755161	-1337.6988821384912	-1964.414545753573	-2579.234396611223	-3178.274535699721	-3757.615555618825	-4313.297972350689	-4841.320479054706	-5337.641731199633	-5798.186463469516	-6218.856851444936	-6595.550168315773	-6924.183952658223	-7200.730102034446	-7421.259543651628	-7581.99941252986	-7679.404993762847	-7710.249061011375	-7671.731665990888	-7561.613892619	-7378.379556532762	-7121.429247051325	-6791.311361337055	-6389.9946569139665	-5921.185965679849	-5390.694384612916	-4806.83826839557	-4180.881556670165	-3527.467626651279	-2864.9854860507703	-2215.7437192711604	-1605.7243585538474	-1063.515892056664	-617.755826449436	-292.0721411073322	-96.39314608279204	-15.021295754545747	-0.24225520551220187	0.	0.	0.	0.	0.	0.	0.	0.	0.	0.	0.	0.	0.	0.	0.	0.	0.	0.	0.	0.	0.	0.	0.	0.	0.	0.	0.	0.	0.	-72595.73592391805	-184072.5135487167	-255320.54478607993
-63.79813080045565	-701.003304324564	-1334.3250949500186	-1960.220943995747	-2575.1258813175937	-3175.443016272604	-3757.535403757377	-4317.719783204592	-4852.262735678951	-5357.37986550942	-5829.2386899815465	-6263.966015692027	-6657.660695940311	-7006.41280320941	-7306.330418154279	-7553.575435793402	-7744.4100253388515	-7875.255656817988	-7942.7669288079	-7943.922798670207	-7876.138225615519	-7737.399674660472	-7526.428363601212	-7242.875502669827	-6887.553954035237	-6462.710502483002	-5972.341878533715	-5422.555097436834	-4821.967321942203	-4182.130137349832	-3517.9440551306016	-2847.994746998202	-2194.682103057371	-1583.9094723038597	-1043.9292781835281	-602.6813249691702	-282.64715624210635	-92.19766699146236	-14.089592652792925	-0.21736708669385119	0.	0.	0.	0.	0.	0.	0.	0.	0.	0.	0.	0.	0.	0.	0.	0.	0.	0.	0.	0.	0.	0.	0.	0.	0.	0.	0.	0.	0.	-130473.74008440954	-216782.80696949674
-63.545721738498685	-698.2872894874869	-1329.4477366111796	-1953.7585365360155	-2567.927272779977	-3168.6272601608516	-3752.4883450058087	-4316.089311009806	-4855.952357636639	-5368.540170085793	-5850.2561653060675	-6297.448579143184	-6706.419157700793	-7073.437334076329	-7394.760912973112	-7666.664453972071	-7885.476743511589	-8047.628980126116	-8149.715571296003	-8188.569756105168	-8161.356626179261	-8065.686512569038	-7899.752122202235	-7662.49320973887	-7353.792888504669	-6974.709787727481	-6527.749917582614	-6017.180887960386	-5449.388305706691	-4833.268463334673	-4180.640603897977	-3506.6422765228863	-2830.0361018655562	-2173.294954231099	-1562.2285108244778	-1024.7450161202999	-588.0914724881991	-273.6306386672371	-88.23869968981262	-13.22815428482627	-0.19534754027897494	0.	0.	0.	0.	0.	0.	0.	0.	0.	0.	0.	0.	0.	0.	0.	0.	0.	0.	0.	0.	0.	0.	0.	0.	0.	0.	0.	0.	-26049.349480240755	-170980.70767795332
-63.22650998225376	-694.8326239662492	-1323.1408252403576	-1945.1395306420713	-2557.7922360079237	-3158.0265038925163	-3742.723961826779	-4308.711676747198	-4852.755305625388	-5371.554466820429	-5861.740832458665	-6319.879510723987	-6742.474370174816	-7125.978058342813	-7466.807586598138	-7761.366495696591	-8006.074785126617	-8197.407988198123	-8331.947007710416	-8406.440597606423	-8417.882686264567	-8363.607086501877	-8241.402518144534	-8049.651264292539	-7787.495151621495	-7455.032814075482	-7053.552230536108	-6585.8020715606435	-6056.3040132767655	-5471.705116797665	-4841.163313263555	-4176.747714615407	-3493.815032914571	-2811.2873699348675	-2151.6945179799177	-1540.739696637236	-1005.9808552042413	-573.9785499747072	-265.0046252858378	-84.5009763377235	-12.430869516284742	-0.17583123251600613	0.	0.	0.	0.	0.	0.	0.	0.	0.	0.	0.	0.	0.	0.	0.	0.	0.	0.	0.	0.	0.	0.	0.	0.	0.	0.	0.	0.	-108979.24851976603
-62.84396047828541	-690.6776510905629	-1315.4787186898623	-1934.4764289549698	-2544.874468767871	-3143.839497958058	-3728.4905665657807	-4295.889710875374	-4843.03407096718	-5366.8499106404	-5864.188968257892	-6331.827625607093	-6766.469452803329	-7164.751772461152	-7523.256988073313	-7838.529542419656	-8107.09951491983	-8325.51403559585	-8490.377891357042	-8598.404931377814	-8646.482145332058	-8631.74859296614	-8551.691703269718	-8404.26382902638	-8188.022315768261	-7902.296681088113	-7547.386721689952	-7124.795323803806	-6637.499190147344	-6090.259160536725	-5489.968510307301	-4846.0312152242	-4170.750376477581	-3479.6859245384658	-2791.9039259406813	-2129.9769784571754	-1519.4909534821613	-987.6490788591468	-560.3329855430902	-256.75147027854666	-80.97023522059493	-11.692216988419386	-0.15850361114879558	0.	0.	0.	0.	0.	0.	0.	0.	0.	0.	0.	0.	0.	0.	0.	0.	0.	0.	0.	0.	0.	0.	0.	0.	0.	0.	0.	0.
-62.401544806894094	-685.8607712512464	-1306.5358040434412	-1921.8815920490724	-2529.3271581421127	-3126.263879727	-3710.0345097309973	-4277.923206260584	-4827.146864490094	-5354.848077086558	-5858.09009039233	-6333.854173724714	-6779.039879794824	-7190.468746962917	-7564.8920807164095	-7899.003554622368	-8189.457492656327	-8432.893838252305	-8625.97098392466	-8765.407832338766	-8848.036688792901	-8870.86884808666	-8831.17503805205	-8726.583212214733	-8555.196537755943	-8315.73477634029	-8007.702561197325	-7631.58824655256	-7189.096892911074	-6683.420283318401	-6119.545173572141	-5504.597458264201	-4848.213210846079	-4162.91530173964	-3464.452614476364	-2772.0213611479076	-2108.224527169011	-1498.5213772398088	-969.7574194421129	-547.1438020113096	-248.85395948723516	-77.63316844170721	-11.007204042985652	-0.14309327893781434	0.	0.	0.	0.	0.	0.	0.	0.	0.	0.	0.	0.	0.	0.	0.	0.	0.	0.	0.	0.	0.	0.	0.	0.	0.	0.	0.
-61.90272684579007	-680.4202857962857	-1296.3862075163206	-1907.4668282229932	-2511.302468387976	-3105.495579041537	-3687.5995205680556	-4255.108203361839	-4805.446841603582	-5335.9640996253	-5843.925945537952	-6326.5115698663685	-6780.811778941028	-7203.830335044093	-7592.4887893749055	-7943.635441666778	-8254.059163972503	-8520.508948281775	-8739.720181166504	-8908.448816689408	-9023.514814782324	-9081.856438664694	-9080.59710317816	-9017.1280530802	-8889.205939601079	-8695.07376792153	-8433.602687043745	-8104.461432769851	-7708.315827228558	-7247.061850396354	-6724.094864656441	-6144.615727881782	-5515.970786400657	-4848.015695916847	-4153.480320675933	-3448.2896949739807	-2751.7578355917	-2086.5071699237037	-1477.8625041037335	-952.3098333063023	-534.3989843968013	-241.29539326509627	-74.47736809552558	-10.371312182996617	-0.1293655943738172	0.	0.	0.	0.	0.	0.	0.	0.	0.	0.	0.	0.	0.	0.	0.	0.	0.	0.	0.	0.	0.	0.	0.	0.	0.	0.
-61.35094950190014	-674.3942524562678	-1285.103525281364	-1891.343011746882	-2490.9510624345194	-3081.728260290989	-3661.426085326654	-4227.736314325126	-4778.281370366905	-5310.605861342912	-5822.169577011553	-6310.342251258664	-6772.400440946531	-7205.526926180546	-7606.813100300156	-7973.264892995601	-8301.812858531464	-8589.32716531599	-8832.63834546223	-9028.564806545015	-9173.94827483451	-9265.698534434425	-9300.849050382694	-9276.625320239487	-9190.52808460904	-9040.433839976642	-8824.71542185129	-8542.385735983386	-8193.26795746399	-7778.195596261128	-7299.245575098442	-6760.006590441648	-6165.883031284991	-5524.43076790763	-4845.7137685472635	-4142.657375214556	-3431.351247549278	-2731.2161560534014	-2064.8843052085276	-1457.5394040546626	-935.3071573018702	-522.085780924532	-234.05964429129125	-71.49127229633822	-9.780448389333094	-0.11711728949007588	0.	0.	0.	0.	0.	0.	0.	0.	0.	0.	0.	0.	0.	0.	0.	0.	0.	0.	0.	0.	0.	0.	0.	0.	0.
-60.74962251244215	-667.8203523465382	-1272.760575482263	-1873.619730328293	-2468.421658627388	-3055.152803737129	-3631.750867288312	-4196.094091140256	-4745.99134797554	-5279.173244989754	-5793.284471412388	-6285.877652647564	-6754.409012396406	-7196.236190132035	-7608.6186158506225	-7988.720908445624	-8333.619839924995	-8640.31549686651	-8905.747375127965	-9126.816266496167	-9300.412938767751	-9423.454778121657	-9492.931754954425	-9505.963297059618	-9459.867905017794	-9352.247625962296	-9181.08980446981	-8944.888840463136	-8642.79097269589	-8274.765317217734	-7841.804422592828	-7346.157282366439	-6791.5967690625075	-6183.721310098217	-5530.286449829491	-4841.554284881957	-4130.635218644215	-3413.7731270631293	-2710.4856108977824	-2043.4061028263995	-1437.5716237687172	-918.7476646559759	-510.1909488184838	-227.13119558206634	-68.66411204895697	-9.230901671623904	-0.10617193271451374	0.	0.	0.	0.	0.	0.	0.	0.	0.	0.	0.	0.	0.	0.	0.	0.	0.	0.	0.	0.	0.	0.	0.	0.
-60.1021113073071	-660.735768487378	-1259.4291714635392	-1854.4049621557347	-2443.860623704073	-3025.956827967328	-3598.806171469546	-4160.462441681517	-4708.910569799215	-5242.057444513498	-5757.723784056376	-6253.637291566123	-6727.427352164689	-7176.6215698543965	-7598.6444893462485	-7990.818903345271	-8350.370210969515	-8674.43436941822	-8960.070070746335	-9204.27588007595	-9404.013194785077	-9556.236026261447	-9657.928772491183	-9706.15334051233	-9698.107197883739	-9631.194179726277	-9503.1101525412	-9311.945929714548	-9056.310130698439	-8735.474943770334	-8349.547932162635	-7899.673009867739	-7388.263324410315	-6819.267708128946	-6198.470070437857	-5533.8167182884035	-4835.758640077957	-4117.581846160518	-3395.67499769626	-2689.6435896537964	-2022.1147080423507	-1417.9739997185616	-902.6275354108855	-498.70095423221153	-220.49516291171093	-65.98585965375302	-8.71930428961915	-0.09637609549613252	0.	0.	0.	0.	0.	0.	0.	0.	0.	0.	0.	0.	0.	0.	0.	0.	0.	0.	0.	0.	0.	0.	0.
-59.411726916715764	-653.1770756900123	-1245.179916045293	-1833.804782529935	-2417.4116024407067	-2994.3242545841085	-3562.81945591553	-4121.116096281174	-4667.365153920509	-5199.640340338974	-5715.92964296936	-6214.127958132807	-6692.031035715503	-7147.330991340537	-7577.613682417696	-7980.358292236595	-8352.939522350516	-8692.632859189824	-8996.623457874635	-9262.01927573105	-9485.86919352633	-9665.186984624372	-9796.98213437156	-9878.298677547218	-9906.26341138044	-9878.145058534654	-9791.426198408379	-9643.89005339663	-9433.724501312936	-9159.645968398114	-8821.046104630266	-8418.164292301597	-7952.288979996198	-7425.990378239394	-6843.385879314024	-6210.437130265402	-5535.273112761051	-4828.525293398783	-4103.646680071248	-3377.162146481637	-2668.757012220468	-2001.045293323842	-1398.7573593258521	-886.9412542730488	-487.6021340937914	-214.13730503601124	-63.447179115400154	-8.242597136715023	-0.0875961064339324	0.	0.	0.	0.	0.	0.	0.	0.	0.	0.	0.	0.	0.	0.	0.	0.	0.	0.	0.	0.	0.	0.
-58.6817169010971	-645.1801415750275	-1230.0820164962333	-1811.9230997929944	-2389.2151839486187	-2960.4349155823184	-3524.0128906398772	-4078.323126462984	-4621.67302305609	-5152.293939777472	-5668.332530932734	-6167.843004705079	-6648.780494963649	-7108.99576529315	-7546.231499743822	-7958.120476101505	-8342.185965849596	-8695.844761730956	-9016.413299560454	-9301.117418846065	-9547.106396092979	-9751.471990499707	-9911.273363190921	-10023.568873734584	-10085.455921306548	-10094.120186454546	-10046.895843577622	-9941.338554214086	-9775.31331342892	-9547.099496971792	-9255.515726355603	-8900.067395845934	-8481.119824265212	-8000.099890858182	-7459.72849262858	-6864.284890241668	-6219.901437874001	-5534.882402192015	-4820.032056583029	-4088.9625322009106	-3358.32709777218	-2647.8835898359835	-1980.2269769721274	-1379.9291255313556	-871.6819467654279	-476.88082633318623	-208.04402444868862	-61.03937885674043	-7.797998829321734	-0.07971529697478685	0.	0.	0.	0.	0.	0.	0.	0.	0.	0.	0.	0.	0.	0.	0.	0.	0.	0.	0.	0.	0.