0.	0.	0.	0.	0.	0.	0.	0.	0.	0.	0.	0.	0.	0.	0.	0.	0.	0.	0.	0.	0.	0.	0.	0.	0.	0.	0.	0.	0.	0.	0.	0.	0.	0.	0.	0.	0.	0.	0.	0.	0.	0.	0.	0.	0.	0.	0.	0.	0.	0.	0.	0.	0.	0.	0.	0.	0.	0.	0.	-112941.25309773296	-201269.59658294282	-265836.72775505047	-321248.2261399854	-371904.3814632647	-419341.65127775015	-465156.01205293176	-509206.39917966205	-552457.1413929432	-595185.3568084737	-637616.5842665114	-679721.7406104314
-1.3546973250161871	0.	0.	0.	0.	0.	0.	0.	0.	0.	0.	0.	0.	0.	0.	0.	0.	0.	0.	0.	0.	0.	0.	0.	0.	0.	0.	0.	0.	0.	0.	0.	0.	0.	0.	0.	0.	0.	0.	0.	0.	0.	0.	0.	0.	0.	0.	0.	0.	0.	0.	0.	0.	0.	0.	0.	0.	0.	0.	-111532.12249573793	-200699.4849796668	-265308.240333796	-320610.95612626	-371319.7695693045	-419047.9590515615	-464454.96442919836	-508955.13694399176	-552309.8979561493	-595031.3498578459	-637456.3388023316	-679555.752378327
-2.6257544066130842	-11.297843913480813	0.	0.	0.	0.	0.	0.	0.	0.	0.	0.	0.	0.	0.	0.	0.	0.	0.	0.	0.	0.	0.	0.	0.	0.	0.	0.	0.	0.	0.	0.	0.	0.	0.	0.	0.	0.	0.	0.	0.	0.	0.	0.	0.	0.	0.	0.	0.	0.	0.	0.	0.	0.	0.	0.	0.	0.	0.	-108479.99803930137	-198715.86734094474	-263815.0158955955	-319369.92263469746	-369932.4878761982	-417597.918218558	-463601.58443695196	-508032.9631671513	-551290.353901451	-594070.6440887991	-636364.1577642541	-678453.3693620015
-3.878925642634756	-29.18015684862428	-12.117375650906741	0.	0.	0.	0.	0.	0.	0.	0.	0.	0.	0.	0.	0.	0.	0.	0.	0.	0.	0.	0.	0.	0.	0.	0.	0.	0.	0.	0.	0.	0.	0.	0.	0.	0.	0.	0.	0.	0.	0.	0.	0.	0.	0.	0.	0.	0.	0.	0.	0.	0.	0.	0.	0.	0.	0.	0.	-102892.58191721461	-195441.04488187292	-261043.31892098906	-317176.3338492013	-368078.113232066	-415972.4550268624	-461596.8328184983	-505978.97648286226	-549515.9319493487	-592472.8284704186	-635030.1420989723	-676701.366478251
-5.1174169954001165	-45.7121627922724	-44.161820462599785	-10.144750355565247	0.	0.	0.	0.	0.	0.	0.	0.	0.	0.	0.	0.	0.	0.	0.	0.	0.	0.	0.	0.	0.	0.	0.	0.	0.	0.	0.	0.	0.	0.	0.	0.	0.	0.	0.	0.	0.	0.	0.	0.	0.	0.	0.	0.	0.	0.	0.	0.	0.	0.	0.	0.	0.	0.	0.	-94865.98068427618	-191154.29999515548	-257818.48114135157	-314206.5689452756	-365426.35754427867	-413425.8430307674	-459154.1693578708	-504041.7800187461	-547144.6841424814	-590363.639239903	-632598.4730553149	-674496.1164198269
-6.338999691341273	-61.12247366632022	-78.35646357227884	-49.13707295551054	-7.886832199494743	0.	0.	0.	0.	0.	0.	0.	0.	0.	0.	0.	0.	0.	0.	0.	0.	0.	0.	0.	0.	0.	0.	0.	0.	0.	0.	0.	0.	0.	0.	0.	0.	0.	0.	0.	0.	0.	0.	0.	0.	0.	0.	0.	0.	0.	0.	0.	0.	0.	0.	0.	0.	0.	0.	-83276.8979743396	-185192.11058938358	-253030.46673827246	-310033.1373215865	-361683.26108378085	-409883.70605181763	-456045.1763394747	-500625.7367616378	-544233.7089763947	-587306.0934662016	-629467.0105388223	-671991.8775802264
-7.540539979326603	-75.74098260186317	-111.05315601866712	-98.07524984804826	-48.57122555000812	-5.9754270262325395	0.	0.	0.	0.	0.	0.	0.	0.	0.	0.	0.	0.	0.	0.	0.	0.	0.	0.	0.	0.	0.	0.	0.	0.	0.	0.	0.	0.	0.	0.	0.	0.	0.	0.	0.	0.	0.	0.	0.	0.	0.	0.	0.	0.	0.	0.	0.	0.	0.	0.	0.	0.	0.	-66614.59681323674	-178069.54230889655	-247481.86963102742	-305364.6765766956	-357360.6668276679	-405756.2733567674	-452232.8844622427	-496808.50182598777	-540637.015902362	-583772.0020463116	-626123.0811131091	-668538.1570466983
-8.718729553148597	-89.74378196318082	-141.89972617806933	-147.9159416424386	-107.69987560541777	-45.35113223176437	-4.492376961826171	0.	0.	0.	0.	0.	0.	0.	0.	0.	0.	0.	0.	0.	0.	0.	0.	0.	0.	0.	0.	0.	0.	0.	0.	0.	0.	0.	0.	0.	0.	0.	0.	0.	0.	0.	0.	0.	0.	0.	0.	0.	0.	0.	0.	0.	0.	0.	0.	0.	0.	0.	0.	-39233.88048820929	-168997.8288026619	-240576.27665167843	-299618.5497269545	-352069.3960161762	-400925.06521587016	-447572.33884178946	-492735.6163416749	-536283.6985724701	-579680.2408808327	-622214.0263121692	-664500.3160434179
-9.870291095035467	-103.21683149351442	-171.0549481565721	-196.07300545259915	-172.27672358073156	-110.47823994789027	-41.0684233297617	-3.3776290325229064	0.	0.	0.	0.	0.	0.	0.	0.	0.	0.	0.	0.	0.	0.	0.	0.	0.	0.	0.	0.	0.	0.	0.	0.	0.	0.	0.	0.	0.	0.	0.	0.	0.	0.	0.	0.	0.	0.	0.	0.	0.	0.	0.	0.	0.	0.	0.	0.	0.	0.	0.	0.	-158217.92607386396	-232757.44284522263	-292851.50167145283	-346025.6877208439	-395440.90157974017	-442098.042785918	-487402.54040145146	-531297.0314086023	-575005.349575976	-617731.1426388983	-659869.2356476637
-10.99206085780915	-116.19857262479756	-198.70621240632164	-241.89839751297347	-236.90640241751967	-186.58899312844366	-108.91528849797693	-36.550887504255215	-2.548905303557987	0.	0.	0.	0.	0.	0.	0.	0.	0.	0.	0.	0.	0.	0.	0.	0.	0.	0.	0.	0.	0.	0.	0.	0.	0.	0.	0.	0.	0.	0.	0.	0.	0.	0.	0.	0.	0.	0.	0.	0.	0.	0.	0.	0.	0.	0.	0.	0.	0.	0.	0.	-144985.82427001983	-223524.6083400882	-284642.3607511608	-339074.3049198319	-388872.68759077834	-436182.6778841001	-481655.4882476399	-526002.608465659	-569431.5910960078	-612040.7927328809	-654665.6269681922
-12.081032140564925	-128.7020679010049	-224.99330715025877	-285.3136201274252	-299.49729797666	-265.7304920935238	-193.38589312259353	-104.74924212031213	-32.20663850363008	-1.9339790782118902	0.	0.	0.	0.	0.	0.	0.	0.	0.	0.	0.	0.	0.	0.	0.	0.	0.	0.	0.	0.	0.	0.	0.	0.	0.	0.	0.	0.	0.	0.	0.	0.	0.	0.	0.	0.	0.	0.	0.	0.	0.	0.	0.	0.	0.	0.	0.	0.	0.	0.	-128935.04331591306	-212563.63203191367	-275770.33191358903	-330823.6973662637	-381675.98254634766	-429486.40838474734	-475052.62973264814	-519787.925019011	-563268.7141665608	-606212.7328938951	-648984.6163116411
-13.13438302973411	-140.72661511936985	-250.00855922478695	-326.395342644429	-359.272345047925	-344.10062802813366	-284.6227280781422	-194.78636168460952	-99.13515247209293	-28.21873675214269	-1.4765502158784134	0.	0.	0.	0.	0.	0.	0.	0.	0.	0.	0.	0.	0.	0.	0.	0.	0.	0.	0.	0.	0.	0.	0.	0.	0.	0.	0.	0.	0.	0.	0.	0.	0.	0.	0.	0.	0.	0.	0.	0.	0.	0.	0.	0.	0.	0.	0.	0.	0.	-108961.25920327159	-200169.9095306747	-265836.72775505047	-321933.32019359415	-373264.2363053772	-421608.5861462874	-467700.48166554194	-512567.30197766004	-556604.5402129351	-599860.7139522609	-642591.933077147
-14.14949626288091	-152.26412561345683	-273.8089087199962	-365.246926905057	-415.98043000867597	-419.91571757616225	-377.1521201193238	-295.6561454425515	-192.43053766114713	-92.8219674883627	-24.651713686646843	-1.1346791486012946	0.	0.	0.	0.	0.	0.	0.	0.	0.	0.	0.	0.	0.	0.	0.	0.	0.	0.	0.	0.	0.	0.	0.	0.	0.	0.	0.	0.	0.	0.	0.	0.	0.	0.	0.	0.	0.	0.	0.	0.	0.	0.	0.	0.	0.	0.	0.	0.	-81657.85723020253	-185733.32462919122	-254641.11512224833	-312442.19954544026	-364623.8114560577	-413385.4298976653	-459916.74664670386	-505044.0437339623	-549081.5837360482	-592572.5689768782	-635349.9760262837
-15.12397423158802	-163.30280328877777	-296.42708662782513	-401.9606614935444	-469.57993950208197	-492.35397313785404	-468.03867073929734	-400.4393036565596	-300.6411738383501	-187.5421043389682	-86.28539078073263	-21.509435184672228	-0.8776934317511612	0.	0.	0.	0.	0.	0.	0.	0.	0.	0.	0.	0.	0.	0.	0.	0.	0.	0.	0.	0.	0.	0.	0.	0.	0.	0.	0.	0.	0.	0.	0.	0.	0.	0.	0.	0.	0.	0.	0.	0.	0.	0.	0.	0.	0.	0.	0.	-32895.78055623758	-168997.8288026619	-241621.66046410683	-301328.5167197644	-354577.47203780856	-403857.7324361042	-451003.9037880847	-496670.88165163493	-540987.3356380722	-584550.8042149908	-627957.7146907018
-16.05565040783584	-173.82936303701115	-317.8800087283855	-436.60969204291547	-520.108723202832	-561.0568149678975	-555.7207955091717	-505.039797316497	-415.7165850967044	-301.06773843956296	-181.0154055493239	-79.82012479617131	-18.76643800056447	-0.6833019647097753	0.	0.	0.	0.	0.	0.	0.	0.	0.	0.	0.	0.	0.	0.	0.	0.	0.	0.	0.	0.	0.	0.	0.	0.	0.	0.	0.	0.	0.	0.	0.	0.	0.	0.	0.	0.	0.	0.	0.	0.	0.	0.	0.	0.	0.	0.	0.	-149100.430958848	-227257.84815714278	-289034.61560551915	-343435.5581548434	-393799.92107123294	-441304.89046147675	-487402.54040145146	-532133.0091655265	-576168.3606189016	-619711.5746067454
-16.942597797417264	-183.83041869493226	-338.1747387626623	-469.2494055902266	-567.6303444043914	-625.8911428499189	-639.37782519328	-607.0681377369117	-532.4850483702187	-424.55448136964685	-298.124095120802	-173.4950911686321	-73.60202766238243	-16.38478309456985	-0.5353094569889683	0.	0.	0.	0.	0.	0.	0.	0.	0.	0.	0.	0.	0.	0.	0.	0.	0.	0.	0.	0.	0.	0.	0.	0.	0.	0.	0.	0.	0.	0.	0.	0.	0.	0.	0.	0.	0.	0.	0.	0.	0.	0.	0.	0.	0.	0.	-124864.94965720511	-210941.67171861144	-275711.5696428306	-331447.5232492939	-382825.7634922268	-431190.44896080636	-477571.8254681704	-522489.2818615885	-566862.3839800844	-610628.4311214617
-17.783134740715838	-193.29337568046748	-357.312663510377	-499.9213337908147	-612.2125598817556	-686.8339314792993	-718.5933539770258	-705.1396205186799	-647.7097973745234	-551.8955010221614	-428.2948818189444	-292.7404712754927	-165.44046243011422	-67.72949815715533	-14.322964863857935	-0.42191542869084425	0.	0.	0.	0.	0.	0.	0.	0.	0.	0.	0.	0.	0.	0.	0.	0.	0.	0.	0.	0.	0.	0.	0.	0.	0.	0.	0.	0.	0.	0.	0.	0.	0.	0.	0.	0.	0.	0.	0.	0.	0.	0.	0.	0.	0.	-92318.66473877273	-192373.64498578812	-260616.73241189102	-318436.8346315809	-370635.8423944243	-419845.10003697977	-466888.33651051874	-512473.6652218725	-556752.4946965087	-600732.7902865622
-18.57582826198977	-202.20701429768667	-375.2924117681947	-528.6572249083077	-653.919648933489	-743.9154684117401	-793.1748197776212	-798.4625709181362	-759.3842231259582	-679.0383801918108	-564.6530753892555	-428.0540596769065	-285.6362795650007	-157.1748098537971	-62.250905489335175	-12.54045107598716	-0.3344819723444878	0.	0.	0.	0.	0.	0.	0.	0.	0.	0.	0.	0.	0.	0.	0.	0.	0.	0.	0.	0.	0.	0.	0.	0.	0.	0.	0.	0.	0.	0.	0.	0.	0.	0.	0.	0.	0.	0.	0.	0.	0.	0.	0.	0.	-34476.047761267684	-170510.4514370429	-244096.18113414923	-304196.43867823726	-357858.8019613872	-407874.4782231578	-455441.31132618384	-501502.62921243644	-546190.2415749216	-590465.8490421354
-19.31949512139809	-210.56187116236987	-392.1118977984021	-555.4825636832725	-692.8106512903241	-797.1913801058573	-863.0554546686369	-886.5994604917627	-866.275480962531	-803.3346750946636	-702.3963577425171	-571.9674109250863	-424.7452200626916	-277.3629079118148	-148.9223026396574	-57.18273888948526	-10.999825285719755	-0.2666512125182837	0.	0.	0.	0.	0.	0.	0.	0.	0.	0.	0.	0.	0.	0.	0.	0.	0.	0.	0.	0.	0.	0.	0.	0.	0.	0.	0.	0.	0.	0.	0.	0.	0.	0.	0.	0.	0.	0.	0.	0.	0.	0.	0.	0.	-144879.38694701946	-225205.19246102354	-288385.3699724019	-343470.69230057934	-394804.6250304704	-442913.3475483172	-489460.9225157587	-534768.4133711759	-579579.1455835855
-20.013200709900566	-218.35048323844666	-407.76974995583396	-580.4193960237312	-728.9400009616481	-846.7290537891743	-928.2402906575518	-969.3274852149282	-967.6398447695036	-923.0701396364957	-838.2440968809719	-719.0143801134705	-574.8734896238758	-419.1071222398724	-268.33973661419725	-140.83522023589944	-52.52160230713882	-9.667627760178657	-0.2137154563480565	0.	0.	0.	0.	0.	0.	0.	0.	0.	0.	0.	0.	0.	0.	0.	0.	0.	0.	0.	0.	0.	0.	0.	0.	0.	0.	0.	0.	0.	0.	0.	0.	0.	0.	0.	0.	0.	0.	0.	0.	0.	0.	0.	-111532.12249573793	-204109.52744823234	-270769.26532629225	-328401.5263530214	-380938.6619174048	-429682.93668911775	-476818.88480304874	-522536.6775041397	-567772.9163579744
-20.656255928019583	-225.56753466401477	-422.2663014479631	-603.4885084630578	-762.3589880058398	-892.6013280409522	-988.7761343424241	-1046.5562714614089	-1063.0462826765206	-1037.1499221761123	-969.9827919420247	-865.3131601072819	-729.9871375779346	-574.2437502823411	-411.7325953228617	-258.88334382466184	-133.01392408250203	-48.25212416052207	-8.514507001739656	-0.17216736163359947	0.	0.	0.	0.	0.	0.	0.	0.	0.	0.	0.	0.	0.	0.	0.	0.	0.	0.	0.	0.	0.	0.	0.	0.	0.	0.	0.	0.	0.	0.	0.	0.	0.	0.	0.	0.	0.	0.	0.	0.	0.	0.	-61138.9744377627	-179796.71433923583	-251875.75127443296	-311829.2293475302	-365463.22467517824	-415719.37252670334	-463601.58443695196	-509868.73469231365	-555202.0017102552
-21.248212196608243	-232.20993235189815	-435.6042639999224	-624.7110640121631	-793.1173576097881	-934.883841910456	-1044.7347836883032	-1118.27870091995	-1152.266538760457	-1144.8923057039856	-1096.1372945443622	-1008.1512164434732	-885.6484915820322	-736.2696530674377	-570.8060854515002	-403.0943552315327	-249.23070424577125	-125.52145755099922	-44.35215065494573	-7.515023708801723	-0.1393776684796522	0.	0.	0.	0.	0.	0.	0.	0.	0.	0.	0.	0.	0.	0.	0.	0.	0.	0.	0.	0.	0.	0.	0.	0.	0.	0.	0.	0.	0.	0.	0.	0.	0.	0.	0.	0.	0.	0.	0.	0.	0.	0.	-150805.04477831142	-230669.80825259734	-293534.6184064539	-348996.23966546636	-400324.8763771205	-449407.7946779673	-495951.45363674336	-541767.5661645009
-21.78885475676367	-238.27682783400488	-447.7891679300188	-644.1097977712263	-821.2647582229349	-973.6541830577004	-1096.2036445197778	-1184.54117502911	-1235.2059856221429	-1245.8940084414724	-1215.7432841790187	-1145.6578209078143	-1038.6599679850713	-900.245243729378	-738.684162003312	-565.1632642813672	-393.567273569764	-239.55739815931045	-118.39420190382754	-40.796129078941064	-6.647296819728785	-0.11336328086184189	0.	0.	0.	0.	0.	0.	0.	0.	0.	0.	0.	0.	0.	0.	0.	0.	0.	0.	0.	0.	0.	0.	0.	0.	0.	0.	0.	0.	0.	0.	0.	0.	0.	0.	0.	0.	0.	0.	0.	0.	0.	-113275.56130547766	-206245.91426037735	-273601.21308683674	-331447.5232492939	-384200.8938764336	-433924.4295218658	-481655.4882476399	-527811.8127101798
-22.278194424606152	-243.769597572691	-458.8296273752577	-661.7098619992132	-846.851935646951	-1008.9918684220995	-1143.2805062155178	-1245.4254299250842	-1311.85962463931	-1339.9417856231337	-1328.1920167167834	-1276.5642121606404	-1186.7514949315378	-1062.5117880296516	-909.9836120589118	-737.9319591696847	-557.8115798378234	-383.4470644287086	-229.99180399202461	-111.64964658669673	-37.5572834730448	-5.89259510958084	-0.0926194868660895	0.	0.	0.	0.	0.	0.	0.	0.	0.	0.	0.	0.	0.	0.	0.	0.	0.	0.	0.	0.	0.	0.	0.	0.	0.	0.	0.	0.	0.	0.	0.	0.	0.	0.	0.	0.	0.	0.	0.	0.	-52402.3426521141	-178089.46748476243	-251693.18115061612	-312474.7864285315	-366799.50042661326	-417557.220585243	-466098.3433409985	-513110.75302793074
-22.716457973563276	-248.6917906501314	-468.7374728270202	-677.5393939571737	-869.9316538527032	-1040.9786557608345	-1186.0706515501329	-1301.0372868402646	-1382.283740576222	-1426.9539087875069	-1433.1245250216489	-1400.032756529567	-1328.3370033717351	-1220.4052206769593	-1080.615145901802	-915.6330855189233	-734.6070529634567	-549.1577372374359	-372.96570558791393	-220.62611458160893	-105.29205044894864	-34.60898459675471	-5.2349289449479315	-0.07599788826715462	0.	0.	0.	0.	0.	0.	0.	0.	0.	0.	0.	0.	0.	0.	0.	0.	0.	0.	0.	0.	0.	0.	0.	0.	0.	0.	0.	0.	0.	0.	0.	0.	0.	0.	0.	0.	0.	0.	0.	0.	-143970.73170986157	-227025.43896986262	-291707.27958456305	-348317.2414069999	-400285.40822978027	-449642.9569068421	-497550.0483971166
-23.104077321474414	-253.04905060115715	-477.52778190169914	-691.629865054008	-890.5593594638635	-1069.698930122589	-1224.6852610223928	-1351.4995999233747	-1446.577397186506	-1506.941004919381	-1530.3591683309028	-1515.5363333662212	-1462.333210933443	-1372.0168941014492	-1247.5329649199796	-1093.7815172666255	-917.8606740608708	-729.2099026331751	-539.5336455012995	-362.30403160451294	-211.52486719424422	-99.31656115874	-31.92558338193949	-4.6606692022595215	-0.06261706361175634	0.	0.	0.	0.	0.	0.	0.	0.	0.	0.	0.	0.	0.	0.	0.	0.	0.	0.	0.	0.	0.	0.	0.	0.	0.	0.	0.	0.	0.	0.	0.	0.	0.	0.	0.	0.	0.	0.	0.	-97901.55528336573	-199018.3301899714	-268790.16902236507	-328032.71567594836	-381752.1883119651	-432438.65088593314	-480719.8614251403
-23.441677702012278	-256.8490167263037	-485.2188315515511	-704.0162576697305	-908.7936205289809	-1095.2400404734633	-1259.240515579597	-1396.947756440205	-1504.8701771939948	-1579.979529221942	-1619.8416124117896	-1622.773167065082	-1588.0271889043352	-1516.0071011393577	-1408.5067594557077	-1268.9669887733583	-1102.7283366040285	-917.2408706601634	-722.1603487638174	-529.2091075493879	-351.60194806312194	-202.73153889872327	-93.7122065664118	-29.482888740495866	-4.1582049427953125	-0.05179679888428278	0.	0.	0.	0.	0.	0.	0.	0.	0.	0.	0.	0.	0.	0.	0.	0.	0.	0.	0.	0.	0.	0.	0.	0.	0.	0.	0.	0.	0.	0.	0.	0.	0.	0.	0.	0.	0.	0.	0.	-165688.84093151076	-243390.83980094636	-305978.2130111361	-362120.3978202171	-414137.58993069624	-463124.56338629
-23.730064999532964	-260.1012092397863	-491.8319895305732	-714.7371064645694	-924.6963735168938	-1117.6925318764427	-1289.8570560061073	-1437.5267306631304	-1557.3139174928874	-1646.1935496695787	-1701.6099422139148	-1721.606391463898	-1704.9801039925342	-1651.463982727595	-1561.9347727951777	-1438.6433154978135	-1285.4560018178422	-1108.085057883039	-914.2660368376296	-713.8093282080972	-518.4025612298033	-340.9666799631668	-194.27364143289265	-88.46405989652027	-27.25841153041906	-3.717643027232959	-0.04300938269356231	0.	0.	0.	0.	0.	0.	0.	0.	0.	0.	0.	0.	0.	0.	0.	0.	0.	0.	0.	0.	0.	0.	0.	0.	0.	0.	0.	0.	0.	0.	0.	0.	0.	0.	0.	0.	0.	0.	-123227.74573070415	-214741.58399606042	-282366.8238886776	-340525.47391084133	-394315.6866035507	-444715.7953708488
-23.97021242366575	-262.81690190695133	-497.3915590941383	-723.834433562223	-938.3330111735138	-1137.1502559044893	-1316.659604871516	-1473.389080557021	-1604.0770187505577	-1705.74204600033	-1775.7700419624462	-1812.0208314430183	-1812.9571696831451	-1777.7980485805392	-1706.697189992299	-1600.9453594619026	-1463.1911027561032	-1297.6675037950158	-1110.400718607496	-909.3564735208072	-704.4492367277617	-507.2900888869855	-330.4794134785059	-186.1666541705848	-83.55479931848784	-25.23145679585641	-3.330548456734933	-0.035843328873467833	0.	0.	0.	0.	0.	0.	0.	0.	0.	0.	0.	0.	0.	0.	0.	0.	0.	0.	0.	0.	0.	0.	0.	0.	0.	0.	0.	0.	0.	0.	0.	0.	0.	0.	0.	0.	0.	-53352.42563225697	-181335.67024015466	-255921.0406849571	-317732.0837018149	-373226.7749589559	-424824.4105559701
-24.16324669488791	-265.0089853046677	-501.9245881254065	-731.3536012692938	-949.7723407915798	-1153.7103612729122	-1339.776643379234	-1504.6935121086271	-1645.3404238886933	-1758.8098977064556	-1842.4779911164906	-1894.0917987932246	-1911.8764166099456	-1894.6635635839439	-1842.0434158852647	-1754.53990069767	-1633.8072672038857	-1482.8414627943885	-1306.1925245299858	-1110.1520207784074	-902.8697891356605	-694.3229513686945	-496.01292798597524	-320.2006339568543	-178.41705793555792	-78.96582332598749	-23.383119612137328	-2.9897221157594407	-0.029976202003593223	0.	0.	0.	0.	0.	0.	0.	0.	0.	0.	0.	0.	0.	0.	0.	0.	0.	0.	0.	0.	0.	0.	0.	0.	0.	0.	0.	0.	0.	0.	0.	0.	0.	0.	0.	0.	0.	-139799.2868036661	-226229.00821038033	-292851.50167145283	-350955.13123600086	-404311.3667535334
-24.31043390524988	-266.6918234328414	-505.4606518099264	-737.3431015556903	-959.086438842829	-1167.4731761657827	-1359.3400862975886	-1531.6037810310822	-1681.294684210391	-1805.6013601506313	-1901.9272917167127	-1967.9623131492867	-2001.7709507894115	-2001.8998434398459	-1967.5060932369645	-1898.5076589389673	-1795.7554571875962	-1661.2242191436799	-1498.2146206231118	-1311.551602172908	-1107.751339111991	-895.1093882841346	-683.6316009355205	-484.68370540992385	-310.1744107034584	-171.02467299214737	-74.67804032623978	-21.696221725643213	-2.68901175851727	-0.025154149037516962	0.	0.	0.	0.	0.	0.	0.	0.	0.	0.	0.	0.	0.	0.	0.	0.	0.	0.	0.	0.	0.	0.	0.	0.	0.	0.	0.	0.	0.	0.	0.	0.	0.	0.	0.	0.	-78190.0375132662	-191903.92261317917	-265253.16915171064	-326611.85193398705	-381790.29119470716
-24.41316520962591	-267.881106073908	-508.0316164003798	-741.8542980521353	-966.350424396569	-1178.5419978198152	-1375.4849279791426	-1554.2877914475848	-1712.1377382010335	-1846.3352329095997	-1954.3394503391423	-2033.8262690217148	-2082.7608996943177	-2099.487201784779	-2082.835611621932	-2032.2512150932503	-1947.942659881569	-1831.0510214405435	-1683.8349411256459	-1509.8636029295205	-1314.2012587575246	-1103.5543204523526	-886.3320295488345	-672.5412072259323	-473.39159686952746	-300.4318333476964	-163.98445838062946	-70.67241945817625	-20.155213857705732	-2.423151942441841	-0.021176399232602366	0.	0.	0.	0.	0.	0.	0.	0.	0.	0.	0.	0.	0.	0.	0.	0.	0.	0.	0.	0.	0.	0.	0.	0.	0.	0.	0.	0.	0.	0.	0.	0.	0.	0.	0.	0.	-149808.32816165377	-234375.64023051603	-300120.3018629427	-358330.744803764
-24.472942492617886	-268.5936990155777	-509.67139037652635	-744.9411335758948	-971.6421705286602	-1187.02280609854	-1388.3488498252404	-1572.9168072541606	-1738.0731604884168	-1881.2411894464576	-1999.9569097603153	-2091.915830493278	-2155.0323482191643	-2187.513665474602	-2187.950105485233	-2155.423516689303	-2089.6350003109246	-1991.0522606714994	-1861.075167835891	-1702.2151587539424	-1518.279144937187	-1314.5405104298861	-1097.866899054758	-876.754472545507	-661.1883300824	-462.20658778879874	-290.99376592425324	-157.28789406503606	-66.93036671330286	-18.746060160212874	-2.187628830903241	-0.01788346525072053	0.	0.	0.	0.	0.	0.	0.	0.	0.	0.	0.	0.	0.	0.	0.	0.	0.	0.	0.	0.	0.	0.	0.	0.	0.	0.	0.	0.	0.	0.	0.	0.	0.	0.	0.	-89919.84669433821	-198361.97247076547	-271347.5532201114	-332725.3918500039
-24.491364144910392	-268.84749400335	-510.4156683105648	-746.659813991783	-975.0419700777849	-1193.0239174107264	-1398.0717893876854	-1587.664726942944	-1759.308724200655	-1910.5569120822006	-2039.037642209134	-2142.491856529652	-2218.821348491168	-2266.1496212599423	-2282.8970975196517	-2267.872385447407	-2220.3810783513736	-2140.353037016922	-2028.4880772230763	-1886.4181512319592	-1716.8809904744253	-1523.8950282093297	-1312.917133974553	-1090.951652885583	-866.5592728213443	-649.6848466416362	-451.1829869125102	-281.87305278031425	-150.92403981551922	-63.43397361158417	-17.45611560666603	-1.9785661710524929	-0.015148116322733505	0.	0.	0.	0.	0.	0.	0.	0.	0.	0.	0.	0.	0.	0.	0.	0.	0.	0.	0.	0.	0.	0.	0.	0.	0.	0.	0.	0.	0.	0.	0.	0.	0.	0.	0.	-155008.7088388115	-238900.08624223678	-304949.42025198264
-24.470111070638772	-268.661260063467	-510.3016719271151	-747.0684774181838	-976.6321696253973	-1196.6555941683987	-1404.7954766162202	-1598.707394611283	-1776.055175768607	-1934.525792572266	-2071.8509301864005	-2185.8365185168336	-2274.4016391889286	-2335.6283297332016	-2367.8238917124895	-2369.5973351903517	-2339.951507728395	-2278.392180661591	-2185.0547702626836	-2060.8482548789166	-1907.6138974004764	-1728.2931119174593	-1527.0934895714006	-1309.6335324535494	-1083.033487482049	-855.8998014554616	-638.1219858182709	-440.3623205861228	-273.07628424564064	-144.88034351169134	-60.166173319384455	-16.274003225212365	-1.7926291934196135	-0.012868438475340107	0.	0.	0.	0.	0.	0.	0.	0.	0.	0.	0.	0.	0.	0.	0.	0.	0.	0.	0.	0.	0.	0.	0.	0.	0.	0.	0.	0.	0.	0.	0.	0.	0.	0.	-93415.05873508367	-201269.59658294282	-274508.38793060393
-24.41093303463144	-268.05449762891743	-509.3678921538034	-746.2268562990392	-976.4967834265487	-1198.029623469524	-1408.6629453495052	-1606.2219334735148	-1788.5251577290874	-1953.3950365109408	-2098.674006569241	-2222.2475195781526	-2322.075099039607	-2396.230805002545	-2442.954555545367	-2460.7158222285393	-2448.291218391226	-2404.857380672126	-2330.100221002479	-2224.3409661399423	-2088.678198478277	-1925.1430474686629	-1736.8612703969038	-1528.2104760863617	-1304.9521216274238	-1074.3046700686798	-844.9045723632958	-626.5737267914867	-429.77571496372263	-264.6052087836009	-139.14325518030847	-57.11082998260708	-15.189495452895951	-1.6269436196837992	-0.010962474074996925	0.	0.	0.	0.	0.	0.	0.	0.	0.	0.	0.	0.	0.	0.	0.	0.	0.	0.	0.	0.	0.	0.	0.	0.	0.	0.	0.	0.	0.	0.	0.	0.	0.	0.	-155537.48657231312	-240430.10513537913
-24.31563544532666	-267.0472967058437	-507.6538353607332	-744.1959386116275	-974.721097157727	-1197.2588770645275	-1409.8180291013928	-1610.3860964787384	-1796.9322389573265	-1967.4140622116822	-2119.7893221089344	-2252.0334974942566	-2362.164234012601	-2448.273965559003	-2508.571885530327	-2541.4367226162612	-2545.4817333045007	-2519.633324851747	-2463.224569199957	-2376.1044969594586	-2258.763337502416	-2112.4725841591708	-1939.4365916919292	-1742.9488709293873	-1527.5406122685147	-1299.1002092917724	-1064.9292565813776	-833.6809594220995	-615.0996572062284	-419.44585548978006	-256.4578612315214	-133.6986904471621	-54.252780315469494	-14.193402120053939	-1.4790273746970635	-0.009364062358612882	0.	0.	0.	0.	0.	0.	0.	0.	0.	0.	0.	0.	0.	0.	0.	0.	0.	0.	0.	0.	0.	0.	0.	0.	0.	0.	0.	0.	0.	0.	0.	0.	0.	-89497.3631645874	-200699.4849796668
-24.186066656104895	-265.66020013502055	-505.199776465338	-741.0376334133471	-971.391269733172	-1194.4568630521967	-1408.4048501829582	-1611.3776335276673	-1801.490027337506	-1976.8331201753479	-2135.482304824228	-2275.510313443978	-2395.006192525453	-2492.1012562008887	-2565.0031630959443	-2612.039360136676	-2631.711218160318	-2622.7602149236827	-2584.2474770052704	-2515.647804361923	-2416.9588858398765	-2288.8256289450364	-2132.678159608611	-1950.879773495301	-1746.8774544465994	-1525.3418069667387	-1292.2743711336132	-1055.0469639317575	-822.3183807903587	-603.7473741212207	-409.38859776295556	-248.62946298828223	-128.53237732364863	-51.5778415000757	-13.277466391583177	-1.346732965671393	-0.00801959761223587	0.	0.	0.	0.	0.	0.	0.	0.	0.	0.	0.	0.	0.	0.	0.	0.	0.	0.	0.	0.	0.	0.	0.	0.	0.	0.	0.	0.	0.	0.	0.	0.	0.	-151824.63956617613
-24.024105854877043	-263.91407283095066	-502.046521115759	-736.8144450141731	-966.5939400365337	-1189.7372782155148	-1404.567310636884	-1609.3736774984045	-1802.4113499696336	-1981.9020832545807	-2146.0394266044123	-2292.998013358494	-2420.947941640425	-2528.075152418057	-2612.608813062823	-2672.856815696484	-2707.250591124187	-2714.4005055830057	-2693.1631245009216	-2642.721556269572	-2562.6798695110692	-2453.1721165691943	-2314.9856513785767	-2149.6969847663836	-1959.8160485366348	-1748.9309577259776	-1521.839467908046	-1284.6443455365466	-1044.7765431218554	-810.8910211453764	-592.5544990252836	-399.61429107283857	-241.11313897210442	-123.63011269857986	-49.07279575461407	-12.434269213097327	-1.2281988118972609	-0.006885491748171037	0.	0.	0.	0.	0.	0.	0.	0.	0.	0.	0.	0.	0.	0.	0.	0.	0.	0.	0.	0.	0.	0.	0.	0.	0.	0.	0.	0.	0.	0.	0.	0.	-76977.12871831325
-23.83165159919985	-261.8299777198779	-498.23517875381634	-731.5891592628989	-960.4158441878369	-1183.2135684836921	-1398.448592599947	-1604.5501526229245	-1799.907492451803	-1982.8693738689874	-2151.7466189872657	-2304.818308325126	-2440.3423363727416	-2556.5711140573453	-2651.77330209635	-2724.2625573254813	-2772.43436962551	-2794.81215003128	-2790.103784653397	-2757.2698686139347	-2695.6047389859355	-2604.8311735540333	-2485.2091176560207	-2337.6578989799955	-2163.889870516744	-1966.550957310773	-1749.3596919244612	-1517.2303182217724	-1276.3564802334881	-1034.2187082284665	-799.4601551954087	-581.5503677539707	-390.12886520270854	-233.90048738152018	-118.97794905595768	-46.72535918152104	-11.657142307632766	-1.1218080838119933	-0.005926180010036404	0.	0.	0.	0.	0.	0.	0.	0.	0.	0.	0.	0.	0.	0.	0.	0.	0.	0.	0.	0.	0.	0.	0.	0.	0.	0.	0.	0.	0.	0.	0.	0.
-23.610611042171623	-259.429058947518	-493.80694798892887	-725.4245447392457	-952.943447895195	-1174.9985037064225	-1390.190674709646	-1597.081209215131	-1794.1874927885865	-1979.9810055868033	-2152.887861096874	-2311.2924627856164	-2453.5448853049934	-2577.972666337698	-2682.8977805455015	-2766.659662410433	-2827.6452354518165	-2864.3269977030095	-2875.3102860565723	-2859.3908840201966	-2815.624119656375	-2743.4064814823346	-2642.570495951338	-2513.4930628414027	-2357.216486489222	-2175.579849416421	-1971.3558219497393	-1748.3840088019442	-1511.6858258399743	-1267.5367687227244	-1023.4586734527878	-788.0761284329178	-570.7574469297236	-380.9347222102061	-226.982031047539	-114.56232740011092	-44.524140465104765	-10.940089454774316	-1.0261538443994167	-0.005112547275191701	0.	0.	0.	0.	0.	0.	0.	0.	0.	0.	0.	0.	0.	0.	0.	0.	0.	0.	0.	0.	0.	0.	0.	0.	0.	0.	0.	0.	0.	0.	0.
-23.362889882957585	-256.7324327877333	-488.8029153829765	-718.3830710324262	-944.2625975002397	-1165.2037717506755	-1379.9338701305792	-1587.1386886720327	-1785.4574878727722	-1973.4797237353087	-2149.743972367152	-2312.7395093408045	-2460.911067429516	-2592.6673671985764	-2706.394093737488	-2800.4720783525754	-2873.3015339421736	-2923.3332828606103	-2949.1079993950616	-2949.304554100302	-2922.7985763311576	-2868.7323163098454	-2786.596745734661	-2676.3265203861356	-2538.407839278525	-2373.9982222670774	-2185.055567677031	-1974.4712144487967	-1746.1976452537801	-1505.3552665988955	-1258.2935158867215	-1012.5683464310221	-776.7800440744065	-560.1925205743341	-372.03146755176283	-220.34757382590053	-110.3701688401535	-42.45859346932355	-10.27771559819145	-0.940009483473641	-0.004420681436370184	0.	0.	0.	0.	0.	0.	0.	0.	0.	0.	0.	0.	0.	0.	0.	0.	0.	0.	0.	0.	0.	0.	0.	0.	0.	0.	0.	0.	0.	0.
-23.09038306513925	-253.76108655502242	-483.2638684493232	-710.5266457498512	-934.4581925051955	-1153.9395958807368	-1367.8163907518838	-1574.8916222710095	-1773.9201118157716	-1963.6042345716787	-2142.591557052262	-2309.4747303721033	-2462.7940908210894	-2601.043481141972	-2722.6798796384287	-2826.1374989111564	-2909.84710263126	-2972.2613744061146	-3011.88725884662	-3027.3262717968864	-3017.323832768473	-2980.8286892403785	-2917.06345044985	-2825.607082984303	-2706.489874216714	-2560.3007401940904	-2388.305689409975	-2192.574527277302	-1976.1101689377265	-1742.970750818139	-1498.3684473081382	-1248.7196716024841	-1001.6082214923132	-765.6051986794387	-549.8676837032415	-363.41650885523757	-213.98648051751178	-106.38893453939919	-40.51896665694051	-9.665163227655562	-0.8623036012297283	-0.003830882173838887	0.	0.	0.	0.	0.	0.	0.	0.	0.	0.	0.	0.	0.	0.	0.	0.	0.	0.	0.	0.	0.	0.	0.	0.	0.	0.	0.	0.	0.
-22.794966236256776	-250.53578570660946	-477.2301234044031	-701.916371428366	-923.6138816504308	-1141.314378445652	-1353.973941140175	-1560.5057667130563	-1759.7739460315756	-1950.5885157180428	-2131.7020829490384	-2301.808362409099	-2459.54301356384	-2603.48722263306	-2732.174537195108	-2844.1015320245033	-2937.742961824094	-3011.572138416337	-3064.0873538715764	-3093.8452521267536	-3099.5021220381677	-3079.8641318395426	-3033.947529206549	-2961.049762278105	-2860.8322890926893	-2733.4154665866813	-2579.4852414155457	-2400.410248808838	-2198.3661353256616	-1976.461127981895	-1738.8526116438657	-1490.8381175062539	-1238.8948691873256	-990.629011944704	-754.5783031395702	-539.7911738858039	-355.0855456517879	-207.88789549120384	-102.60666159307141	-38.69625141207172	-9.098055438667968	-0.7920986361435729	-0.00332686992931043	0.	0.	0.	0.	0.	0.	0.	0.	0.	0.	0.	0.	0.	0.	0.	0.	0.	0.	0.	0.	0.	0.	0.	0.	0.	0.	0.	0.
-22.47848797295145	-247.0769892142194	-470.74136797521726	-692.6123231078935	-911.8117839846738	-1127.4343730747873	-1338.5393449338726	-1544.1431787057923	-1743.2130211616454	-1934.6612025773866	-2117.341078675965	-2290.044488765012	-2451.5011634147468	-2600.3804648571504	-2735.2958999455905	-2854.8129090251077	-2957.460504120572	-3041.747405605995	-3106.183406257851	-3149.306772246675	-3169.7185670096987	-3166.124847783839	-3137.3877225815286	-3082.586247353157	-3001.0880576572945	-2892.6324191107487	-2757.424975208205	-2596.243763811309	-2410.554908298132	-2202.6345377312314	-1975.6906245231003	-1733.974089601947	-1482.8620991203447	-1228.8872028752796	-979.6730560139508	-743.7205205898613	-529.9680668184046	-347.0329692682554	-202.0409120898627	-99.0119807261719	-36.982130725701964	-8.572445066891241	-0.7285726480423159	-0.0028951524195952056	0.	0.	0.	0.	0.	0.	0.	0.	0.	0.	0.	0.	0.	0.	0.	0.	0.	0.	0.	0.	0.	0.	0.	0.	0.	0.	0.
-22.142762768046218	-243.40477319124392	-463.83651935905107	-682.6733469680088	-899.1322358260048	-1112.4033868593108	-1321.6422055539574	-1525.9618302086133	-1724.4263708310305	-1916.0450466732636	-2099.7674375529323	-2274.480096565758	-2439.0048099009073	-2592.0988335494976	-2732.457487047541	-2858.7195411810653	-2969.475899779237	-3063.2821449391695	-3138.675589294924	-3194.197556375874	-3228.421687387705	-3239.9891443936554	-3227.651637159186	-3190.3232299361507	-3127.14186435161	-3037.5414327657045	-2921.335004734982	-2778.80937480359	-2610.8303551816134	-2418.957023857112	-2205.561228116406	-1973.9457086085938	-1728.44979793707	-1474.525162508238	-1218.7547755411272	-968.7755268916335	-733.048348294661	-520.400857787751	-339.2521887004964	-196.43470259608625	-95.59412039646708	-35.368929243359204	-8.084769311924653	-0.6710037636120925	-0.002524515579256072	0.	0.	0.	0.	0.	0.	0.	0.	0.	0.	0.	0.	0.	0.	0.	0.	0.	0.	0.	0.	0.	0.	0.	0.	0.	0.
-21.78956476877287	-239.5387626777317	-456.55359725094604	-672.1568801170029	-885.653564042305	-1096.3225133694891	-1303.4086023808095	-1506.1152653049019	-1703.5976369728144	-1894.9564425150093	-2079.2328186511736	-2255.40427648912	-2422.382051632955	-2579.010123422176	-2724.066232069221	-2856.26527188566	-2974.2654957969125	-3076.678028989543	-3162.0802577498125	-3229.0337322034397	-3276.1072966970323	-3301.9062354126004	-3305.108287727761	-3284.507438498307	-3239.0664086816555	-3167.978739550948	-3070.74124595789	-2947.237236186172	-2797.831432381812	-2623.4732483319194	-2425.8108144774646	-2207.307432373947	-1971.356132703422	-1722.3800358909648	-1465.900675874399	-1208.5470448350789	-957.9654735361726	-722.5743666475339	-511.08994738963247	-331.7358955072302	-191.05861663646795	-92.3429008656029	-33.84956533499842	-7.631809296245941	-0.618756871919429	-0.002205613134502951	0.	0.	0.	0.	0.	0.	0.	0.	0.	0.	0.	0.	0.	0.	0.	0.	0.	0.	0.	0.	0.	0.	0.	0.	0.
-21.42062224908927	-235.49807141320548	-448.92961169838577	-661.1187913562583	-871.451885677775	-1079.289896816616	-1283.9608229093915	-1484.7522990567268	-1680.9047261152066	-1871.605020273965	-2055.9811372901313	-2233.0975503137333	-2401.9518897575517	-2561.4729879939473	-2710.520611131289	-2847.887205037053	-2972.30203338824	-3082.438141922209	-3176.9226450889587	-3254.3508983999745	-3313.3051907126674	-3352.378663254298	-3370.205232582721	-3365.496356840557	-3337.0855288272205	-3283.9813908803512	-3205.430322583342	-3100.9892187669675	-2970.608901328649	-2814.728118527264	-2634.377268938625	-2431.289683284088	-2208.0162755533465	-1968.036312000234	-1715.8525046557343	-1457.052053148082	-1198.305992908081	-947.2667154371875	-712.3078750453891	-502.0340469154911	-324.47627847632	-185.9022543788091	-89.24872100115175	-32.41750559874136	-7.21065404402783	-0.571272224383075	-0.0019306346324933137	0.	0.	0.	0.	0.	0.	0.	0.	0.	0.	0.	0.	0.	0.	0.	0.	0.	0.	0.	0.	0.	0.	0.	0.
-21.03761279369281	-231.30124936530913	-441.000465409722	-649.6132425164669	-856.6009336112757	-1061.400527207024	-1263.4171308424734	-1462.016758143347	-1656.5195156210702	-1846.1933005289939	-2030.248138395809	-2207.8313128977006	-2378.0234641244388	-2539.835863576911	-2692.209108061324	-2834.013514728248	-2964.0515445052642	-3081.062631651497	-3183.7308531452054	-3270.695932879977	-3340.568141536819	-3391.9477221764155	-3423.449541659109	-3433.7337349259287	-3421.5431665914257	-3385.748572029076	-3325.402242931241	-3239.801066721208	-3128.55958016558	-2991.693403115865	-2829.7129016624635	-2643.7260790223754	-2435.5483451433997	-2207.8147417495247	-1964.0870773556685	-1708.9438262329425	-1448.034023316931	-1188.0671420879362	-936.6986114974866	-702.2554314895524	-493.2305163395401	-317.4651969328515	-180.95551965020047	-86.3025399457346	-31.0667220295813	-6.818668406815432	-0.5280556493081798	-0.001693036089149942	0.	0.	0.	0.	0.	0.	0.	0.	0.	0.	0.	0.	0.	0.	0.	0.	0.	0.	0.	0.	0.	0.	0.
-20.642159166811076	-226.96623773018825	-432.80087003148174	-637.6925697729021	-841.1719076466507	-1042.7460659469184	-1241.8915696094523	-1438.0472625962109	-1630.6076087953672	-1818.9164096632062	-2002.2610468916696	-2179.8673776778824	-2350.8954329693506	-2514.4360956603646	-2669.508966442192	-2815.061660197729	-2949.970815788528	-3073.045147098822	-3183.0309134401405	-3278.6202428972692	-3358.4628026241226	-3421.18137473193	-3465.391963785549	-3489.72912946847	-3492.8773014413287	-3473.6088861274834	-3430.830006520153	-3363.634710356388	-3271.368414949739	-3153.701192738027	-3010.7111871178113	-2842.977905321257	-2651.684250535215	-2438.7247661246233	-2206.8154400186295	-1959.5972387419479	-1701.7208855623649	-1438.8937420681887	-1177.8604362577194	-926.2767204893507	-692.4213102739122	-484.67564575865	-310.6943200085264	-176.20865711253157	-83.49585529846543	-29.791651954352485	-6.453464505965696	-0.4886701374800388	-0.00148732078017915	0.	0.	0.	0.	0.	0.	0.	0.	0.	0.	0.	0.	0.	0.	0.	0.	0.	0.	0.	0.	0.	0.
-20.235825835168832	-222.51033107780475	-424.36427581826956	-625.4071841913203	-825.2333501997061	-1023.414701034079	-1219.4938004017054	-1412.9770474905004	-1603.3281364112554	-1789.9618515138072	-1972.2382897816246	-2149.4576162395574	-2320.855480064456	-2485.5992415982964	-2642.785187773425	-2791.4369444861454	-2930.5053298400144	-3058.869932186204	-3175.3427417853864	-3278.6742148318654	-3367.562203486131	-3440.664245102532	-3496.613767179102	-3534.0408301064517	-3551.5980948165143	-3547.9927624523016	-3522.0252812223935	-3472.6356406715213	-3398.95805941887	-3300.3847940945543	-3176.639618035329	-3027.8611841504853	-2854.695917973805	-2658.399169647292	-2440.9419235076753	-2205.1181905421427	-1954.6449767285685	-1694.2420148358347	-1429.6717644962737	-1167.7110053116257	-916.013368175903	-682.8078899884819	-476.36488939249426	-304.15523791527	-171.65227683219754	-80.82067906947096	-28.58716074228608	-6.112876303554435	-0.4527285939898317	-0.0013088603140161592	0.	0.	0.	0.	0.	0.	0.	0.	0.	0.	0.	0.	0.	0.	0.	0.	0.	0.	0.	0.	0.