1.412995087654045e-10	1.417961884650554e-10	1.4313894461129024e-10	1.4538086866659299e-10	1.4861707691709558e-10	1.5300367998409378e-10	1.588041223721534e-10	1.666380442885201e-10	1.216156729863663e-7	2.287467549961034e-7	3.4895555810052947e-7	4.921579099857601e-7	6.617996872575099e-7	8.663585324444549e-7	1.1096964357609857e-6	1.3688360736437345e-6	1.6673694808746987e-6	1.8690851961359036e-6	2.2091465524597047e-6	2.3697371300750282e-6	2.5193544263266574e-6	2.5369566031488837e-6	2.4646261056963947e-6	2.3853158882905517e-6	2.2499043043329528e-6	2.0925987773039885e-6	1.9313414818060413e-6	1.7705255544757767e-6	1.589333778546732e-6	1.4524269169253264e-6	1.3722690297862685e-6	1.239831402313625e-6	1.1383381469070165e-6	1.0778995200950077e-6	9.442560044588588e-7	9.862064567878187e-7	8.885329911306596e-7	8.136264232598781e-7	6.898575636436053e-7	7.173428670796294e-7	5.814714862516057e-7	5.918818415545983e-7	6.064834896346527e-7	5.158443011936098e-7	4.899292156283965e-7	5.295582012752505e-7	4.6055980262686903e-7	4.933798468087385e-7	4.229913818747759e-7	3.7343671582253536e-7	3.536495020889314e-7	3.4268745635747484e-7	3.4885705675791177e-7	3.8208238515594667e-7	3.3931693754986663e-7	3.16669670339458e-7	3.1290088338149075e-7	3.221765839519577e-7	2.6413153487060214e-7	2.9763465898261424e-7	2.912339549140951e-7	2.8748647840660416e-7	2.6141788550001035e-7	2.588034348504786e-7	2.45503241997239e-7	2.361846857998944e-7	2.2573236929811416e-7	2.112479532985978e-7	2.098838456969549e-7	2.1421651732795386e-7	2.1656995811593053e-7
4.911421217443867e-10	1.4131228604382477e-10	1.4271713124392122e-10	1.4495247108992905e-10	1.4816982069356612e-10	1.5252548663429456e-10	1.5827682016169354e-10	1.659877647918649e-10	1.1360474658169918e-7	2.215854830562914e-7	3.4151719973313693e-7	4.83394416177873e-7	6.533969244497939e-7	8.556929934041854e-7	1.097277704329511e-6	1.3373183882457193e-6	1.636372499337477e-6	1.909797226866667e-6	2.1705135866603843e-6	2.3740213498694737e-6	2.553700476706449e-6	2.4292428851284115e-6	2.528027869808984e-6	2.416668813993815e-6	2.256977150730412e-6	2.0951774486466734e-6	1.9340904686416812e-6	1.7479028858676887e-6	1.6374683488492636e-6	1.4010712175521794e-6	1.3850283978965715e-6	1.2582115575067398e-6	1.1648402318364317e-6	1.0160897563412728e-6	1.106481656119132e-6	1.0481598531842791e-6	8.839454203451918e-7	6.762660524778988e-7	7.58611008014862e-7	7.888816448769524e-7	6.368837651967156e-7	6.319400288230806e-7	6.679918045164969e-7	4.4038504784874593e-7	5.243705950711813e-7	4.955016660533521e-7	4.971275403335819e-7	4.1354145599916744e-7	3.393216950644839e-7	3.961143161028479e-7	3.940940973819705e-7	4.4375881517697535e-7	3.6357381298790366e-7	4.203621953468779e-7	3.3317692674007465e-7	3.2918347268021905e-7	3.6308954649349537e-7	2.553548309483525e-7	2.5902758574724054e-7	3.158122847136467e-7	2.9723507702855884e-7	2.495789540760816e-7	2.4280247249090827e-7	2.4176746031357183e-7	2.1998604916481224e-7	2.2993994206068889e-7	1.734241470630335e-7	1.9847990057062992e-7	1.8721217680938252e-7	2.3202804215960413e-7	2.055683014056403e-7
8.08669040694683e-10	5.387744021727117e-9	1.4131659534569422e-10	1.437527386414349e-10	1.4693783212476303e-10	1.5124409232835353e-10	1.5687748986469534e-10	1.6433540196084672e-10	9.105738108175054e-8	2.0251363008345955e-7	3.2182528899763257e-7	4.6259888918785864e-7	6.303287147867599e-7	8.29833883885556e-7	1.0659036388057508e-6	1.3227079982717852e-6	1.6226396795839737e-6	1.894845382272853e-6	2.1618981509089797e-6	2.37459204230757e-6	2.1542763278035036e-6	2.5938525011186814e-6	2.4491812888596098e-6	2.4121236896386192e-6	2.2593979494859873e-6	2.1110996185468467e-6	1.9414072826585123e-6	1.7771588372986289e-6	1.4573494830083285e-6	1.4964737038198908e-6	1.358980605513175e-6	1.27022903112137e-6	1.170963639625537e-6	1.1220898568034835e-6	9.63360775545439e-7	1.0500849906194952e-6	9.304075806631108e-7	8.243157392200993e-7	8.130503437265603e-7	7.238491204384417e-7	7.08050289246177e-7	6.319528566293655e-7	6.34064264612828e-7	5.665581515302852e-7	5.470073458260918e-7	4.7378561552526793e-7	4.943502044122644e-7	4.254658775908528e-7	4.1780647518254786e-7	3.578744635018817e-7	4.5817469944442737e-7	3.8056655932099916e-7	3.752448524684743e-7	3.3344072379511086e-7	3.970590948949525e-7	2.9517561854952434e-7	3.265956041851275e-7	3.1227748173068933e-7	2.88415880089071e-7	2.2670708307194285e-7	2.4537182847039286e-7	2.6994036320379844e-7	2.1898841203985524e-7	2.5774774760820647e-7	2.5284314811475705e-7	2.8050588239641153e-7	2.312456390542236e-7	2.462938325710693e-7	1.9796093849628642e-7	1.783498389358726e-7	2.259787394781024e-7
1.1168877363315912e-9	9.47205216255593e-9	1.0847048146152104e-8	1.4131788380613097e-10	1.4486464881675638e-10	1.491187795710217e-10	1.5461770385963264e-10	1.6176304675410081e-10	4.35973450636703e-8	1.7121793391412922e-7	2.900620716798371e-7	4.2843014767011157e-7	5.939219940898592e-7	7.913980945635136e-7	1.023977547063556e-6	1.2855701072841725e-6	1.5731081576595467e-6	1.8534555458475673e-6	2.1167435717552e-6	2.33609044841355e-6	2.4815559088726064e-6	2.5659086807060646e-6	2.7546073444257736e-6	2.381930830063987e-6	2.2818966029792237e-6	2.126662726250308e-6	1.9173477762829394e-6	1.7743146853748357e-6	1.6118682292485032e-6	1.5489125346111902e-6	1.3211654471591281e-6	1.238275728917622e-6	1.1754249415840774e-6	1.1224910527157418e-6	1.0441762127639238e-6	9.2015863789711e-7	9.065815024233867e-7	8.337157185048278e-7	7.012392103210911e-7	7.64218688863957e-7	5.149165794038589e-7	5.981558923937229e-7	6.020881700461765e-7	4.898568836831166e-7	5.105073209329108e-7	4.847543373551754e-7	4.967850815715835e-7	4.905918628534208e-7	4.4328369209005885e-7	4.4611645027391067e-7	4.528644397258235e-7	3.8458317598928726e-7	4.098205416869738e-7	4.048276789542112e-7	3.385304820379213e-7	3.118435000438591e-7	2.8278673318921706e-7	3.442936368148034e-7	2.998556980974711e-7	3.027848573483551e-7	2.782007016129598e-7	3.2753073764648715e-7	2.7703465167376756e-7	2.648119453658381e-7	2.465662163418405e-7	2.3352221029478005e-7	2.296545393443075e-7	1.90312606580962e-7	2.5381487752399446e-7	2.2425792982296345e-7	1.7042681652198306e-7
1.4131044376600081e-9	1.3097896366011131e-8	1.953944962224792e-8	1.6203701463428747e-8	1.4131579261295483e-10	1.4607078071347262e-10	1.5147613943853355e-10	1.583071726376479e-10	1.6734704678151485e-10	1.2582273845003036e-7	2.465295625345277e-7	3.822666030132875e-7	5.438589497541571e-7	7.374476433740563e-7	9.643364247085363e-7	1.226781032359013e-6	1.5133636353902216e-6	1.8145205076841717e-6	2.0795259783497303e-6	2.317776517013027e-6	2.4895537022071494e-6	2.527674656894473e-6	2.5224892834409397e-6	2.030396862786812e-6	2.2882214987711784e-6	2.1540796641238843e-6	1.973265267838281e-6	1.826099508415744e-6	1.6522253258298146e-6	1.5471201204538776e-6	1.3855497693664135e-6	1.3033351719192286e-6	1.1888718093203338e-6	1.110011293533395e-6	1.0241716620169157e-6	9.514648615018971e-7	8.469006413176439e-7	7.734244734457868e-7	6.899908695560882e-7	7.264761159814318e-7	7.408561934065593e-7	6.177849754699002e-7	5.975592874096671e-7	6.071891861451615e-7	5.718765969342665e-7	5.554165513608628e-7	5.25691495207108e-7	4.870464542056201e-7	4.558358949326794e-7	3.9238573807144176e-7	3.4566322736429393e-7	3.70481947473215e-7	4.1022616354224963e-7	3.3700975987663293e-7	3.531321829415686e-7	3.512838986882111e-7	3.419857890985054e-7	3.118108629602095e-7	2.944314457382759e-7	3.070294253467876e-7	2.956210881071801e-7	2.6482921970963435e-7	2.5588514992074284e-7	2.4292188489862245e-7	2.67567258526229e-7	2.452656635194878e-7	2.251528909268315e-7	2.551728264500527e-7	2.7469348193253235e-7	2.2025445353587847e-7	1.9458533435712146e-7
1.6952915075760723e-9	1.6430487266482606e-8	2.6993927446231654e-8	2.9767221725349086e-8	2.1332157808969605e-8	1.4131828966878036e-10	1.473334127011805e-10	1.5398811852873707e-10	1.623629573080967e-10	5.3421557957419023e-8	1.905998357491779e-7	3.242793575123998e-7	4.811483013074057e-7	6.689193451790872e-7	8.917024492192615e-7	1.1507184644307087e-6	1.4383919373614566e-6	1.7335404290420245e-6	2.0462049810200575e-6	2.2665628678083436e-6	2.4674516158593658e-6	2.5363995866258595e-6	2.5490434597252943e-6	2.441506331349923e-6	2.3433045814351217e-6	2.178419646187522e-6	2.0049971138251125e-6	1.8444201562786145e-6	1.7011052653633636e-6	1.5421624751844062e-6	1.421704834507458e-6	1.2019531058259e-6	1.221384931658159e-6	1.094544567210514e-6	9.850176601545865e-7	9.617925584143494e-7	8.619729763747418e-7	7.76540509215415e-7	7.573430131430024e-7	7.170062660334095e-7	6.4322485120273e-7	6.846258767872201e-7	5.46307265039847e-7	6.449361538739067e-7	4.932383021341278e-7	4.1572715735750697e-7	4.6632265388706356e-7	5.301664249050397e-7	4.4922625449286907e-7	4.0681683741116266e-7	4.0266750403801245e-7	4.185076949644765e-7	3.145014311683229e-7	3.4963752990563925e-7	3.239648070954473e-7	2.7123359192728035e-7	3.553699741398856e-7	2.732726055049581e-7	2.868578398290159e-7	2.890596167529923e-7	3.270516358877529e-7	3.265687671661343e-7	2.8123140322767435e-7	2.1174778843924868e-7	1.6400178548431325e-7	2.4513933228393815e-7	2.408496205577283e-7	2.2934267259312926e-7	2.688974302948732e-7	2.2532107432046087e-7	2.1386690170887687e-7
1.961047559552595e-9	1.9513224391829212e-8	3.3619470800201206e-8	4.1293349623047426e-8	3.9729230460005275e-8	2.6199125025431266e-8	1.4131926037384763e-10	1.4864268259249657e-10	1.5667192883592656e-10	1.6688634099067442e-10	1.1911211162311193e-7	2.5483230314591344e-7	4.066408950517001e-7	5.877246063965422e-7	8.04186132670203e-7	1.0576375434361485e-6	1.3424118390526898e-6	1.653740499908683e-6	1.9891642118416537e-6	2.2236190736130014e-6	2.4344459184974593e-6	2.581136769229796e-6	2.556702381853363e-6	2.5417688165518995e-6	2.375943450136693e-6	2.220654326703962e-6	2.0481001713519937e-6	1.8774542180377156e-6	1.7211802182401658e-6	1.5554359674401207e-6	1.4408639002420246e-6	1.3377246985059467e-6	1.2051711208810229e-6	1.0772752193911128e-6	1.0681628980618197e-6	1.0085958009696198e-6	9.423732914186448e-7	7.036067122837574e-7	7.242645262634894e-7	7.288051881443869e-7	6.770022879365271e-7	6.533341028393542e-7	5.898630048382738e-7	5.569038312785708e-7	5.107975087204886e-7	4.867794785004426e-7	4.6500039901135587e-7	4.540343309596281e-7	4.466227173558717e-7	4.052539551766588e-7	4.3010545595830397e-7	3.907879259429325e-7	3.5771032921039835e-7	3.6662749540614246e-7	3.3210464281665196e-7	3.331299874188678e-7	3.097696988216356e-7	3.6710713554035524e-7	3.03388555723272e-7	2.7091406974436633e-7	3.107390638939917e-7	2.8336828527824154e-7	2.62790512360095e-7	2.0450903654494748e-7	2.6672528573167686e-7	2.4714107665848073e-7	2.5402698710955956e-7	2.2134766091530832e-7	2.234360300337166e-7	2.490609618784416e-7	2.2052966591173388e-7
2.2080761016345483e-9	2.235738580941257e-8	3.9582830175130166e-8	5.1357402491824774e-8	5.532803792707104e-8	4.924870366666814e-8	3.079821868700912e-8	1.413198135083581e-10	1.500182055804146e-10	1.5955021830440114e-10	1.7209249195144668e-10	1.7292510033474166e-7	3.212120646685343e-7	4.944871298518183e-7	7.0268506356183e-7	9.496525972037757e-7	1.2345040700342336e-6	1.5440195488692444e-6	1.860728622043235e-6	2.23750740326002e-6	2.4264918199796614e-6	2.52246423004238e-6	2.5542329715582344e-6	2.5166711648428113e-6	2.39814712873989e-6	2.256150966071474e-6	2.0930004382901747e-6	1.9229986951933476e-6	1.7556559214020684e-6	1.6077274146246559e-6	1.4645658382443458e-6	1.3312263528319383e-6	1.2259241122892734e-6	1.0342844909983332e-6	1.0473374235123559e-6	9.70880531917013e-7	9.067796577210215e-7	8.314696397546533e-7	7.865812982999213e-7	7.017805972508368e-7	6.695312546878497e-7	5.639905511907415e-7	5.443262881187105e-7	5.135672892937089e-7	5.54252997441734e-7	5.10016296477227e-7	4.2156474391679826e-7	4.329495388611064e-7	4.63041298603995e-7	4.1386233457055623e-7	4.393047120258886e-7	3.814478391762965e-7	3.9819929015092795e-7	3.674939603707845e-7	3.451764472991291e-7	3.3931432315792045e-7	3.465693504286668e-7	3.1275172885258537e-7	2.8454273677791273e-7	2.9720683467544636e-7	2.932226031372006e-7	2.873482027837413e-7	2.6295342381313044e-7	2.6341846069967133e-7	2.7211249854275693e-7	2.443684410758178e-7	2.1974191870035665e-7	2.3219678644902597e-7	2.208231454870853e-7	2.116949277974819e-7	2.3514612467664974e-7
2.435859101811492e-9	2.4962980645842982e-8	4.4961787050311835e-8	6.024968309785974e-8	6.88107891685586e-8	6.877007368692175e-8	5.8249905086894365e-8	3.513081763544296e-8	1.4132023255822926e-10	1.5144814588273981e-10	1.62636897207421e-10	6.289339996500824e-8	2.2547363775363367e-7	3.913235088609034e-7	5.890345164312252e-7	8.260568457585362e-7	1.1028925397621107e-6	1.4154675114035924e-6	1.7435617005266744e-6	2.059392374505313e-6	2.3187948966759258e-6	2.5103040261636064e-6	2.5689023101214037e-6	2.5479267603673365e-6	2.4778831122436894e-6	2.3169471828951576e-6	2.1431744473951703e-6	1.9659504368252986e-6	1.791174863794885e-6	1.6402553948297674e-6	1.5485679375609528e-6	1.329475040839971e-6	1.2392292954147188e-6	1.146600130143521e-6	1.0366190840673215e-6	9.855727616318513e-7	8.48390312937907e-7	8.367547872346223e-7	8.057413587950846e-7	7.428741181142528e-7	6.948174687887977e-7	6.619490040113443e-7	6.540684164350461e-7	5.901195596422719e-7	5.756358297437079e-7	5.175546900020821e-7	5.03801907910035e-7	5.182155360721763e-7	4.086330737751146e-7	3.926164990060192e-7	4.546996251702136e-7	3.617917969318839e-7	3.0671677210424585e-7	3.337180618495511e-7	3.4371188448248384e-7	3.33834404848777e-7	3.4018277736416104e-7	3.637994701860395e-7	3.011171522424365e-7	2.744538847822178e-7	2.529915727146384e-7	2.9078984194091223e-7	2.702977436704671e-7	2.64618299634079e-7	2.5645022076773584e-7	2.241528162102079e-7	2.199727861512096e-7	2.1641426888622732e-7	2.2569409625223065e-7	2.0904627949937644e-7	2.13988673710204e-7
2.643952952295993e-9	2.733023659086408e-8	4.979733428999133e-8	6.813007537183433e-8	8.057237332419169e-8	8.552562197337314e-8	8.14535627628395e-8	6.669821151293457e-8	3.920567828965052e-8	1.4132086630335759e-10	1.529352249360513e-10	1.6595656510146158e-10	1.1296258548150171e-7	2.791451661338552e-7	4.656286933044922e-7	6.904019970727142e-7	9.577529247749164e-7	1.2669017925594933e-6	1.6020999538637384e-6	1.9364749849428666e-6	2.2429349802253874e-6	2.468352298017297e-6	2.579770260944692e-6	2.5777758618734707e-6	2.5000716576887835e-6	2.3766404850964542e-6	2.2037494845090313e-6	2.0220079529669744e-6	1.8431057544828542e-6	1.6858124820869295e-6	1.5327180666714615e-6	1.4281785217350821e-6	1.2562555866823024e-6	1.1621999948534135e-6	1.0720148797121753e-6	1.0067439763811181e-6	9.158660631536614e-7	8.798028394645865e-7	8.05389172994817e-7	7.314679436167503e-7	6.892644783206456e-7	6.558297123904123e-7	5.810865146005748e-7	6.089660154537815e-7	5.472377769849681e-7	5.255124887253738e-7	5.227442664824837e-7	4.834092978110563e-7	4.348139027170135e-7	4.790380592488187e-7	4.3420000210107625e-7	3.6740422425782856e-7	4.0126077174443934e-7	3.3956670346630966e-7	3.650935913968206e-7	4.000719335731717e-7	3.156105317061444e-7	3.1154115183986725e-7	3.3989337439288603e-7	2.8474350483418504e-7	2.7247153942117017e-7	2.8287913714380083e-7	2.6933923601102846e-7	2.2993106251775507e-7	2.416756801419152e-7	2.4110273345506466e-7	2.447750993313613e-7	1.8553230859438642e-7	2.3872432853032165e-7	2.204647819951827e-7	2.0810140710420743e-7
2.8302540086110005e-9	2.945851143617895e-8	5.41141834093455e-8	7.509736505350893e-8	9.085867857092357e-8	1.0000540273882108e-7	1.0125428080467558e-7	9.329825372085272e-8	7.459067687593802e-8	4.303194329406581e-8	1.4131898290404805e-10	1.544785009425579e-10	1.6952154596188533e-10	1.5557988810305205e-7	3.3497666556063806e-7	5.450904260027577e-7	7.983598611471916e-7	1.0981080433724025e-6	1.4352808557734795e-6	1.7890035832917718e-6	2.1210641011902534e-6	2.3839377110494594e-6	2.547761098245462e-6	2.616584987859039e-6	2.5471160439087672e-6	2.4361071981333174e-6	2.2769975543688183e-6	2.0877099288877705e-6	1.9090381000340545e-6	1.7294671182706538e-6	1.581543327168903e-6	1.4379834810112363e-6	1.3145515828634664e-6	1.2095694730120411e-6	1.1098335017377628e-6	9.95378175994937e-7	9.58004028849918e-7	8.737073393259327e-7	7.96580598135812e-7	8.00185869068273e-7	6.578827051366177e-7	6.63379494578898e-7	5.293933395161862e-7	5.551719998835382e-7	3.503626499584076e-7	5.243740621660014e-7	4.943547720742416e-7	4.807742760049997e-7	4.642138952569212e-7	4.3472519869137706e-7	4.4297265117421105e-7	3.855841538525844e-7	3.6365886526520377e-7	3.908092675901498e-7	3.495704553896739e-7	3.2745807963030566e-7	3.220320542788854e-7	3.450380367097009e-7	2.716785911749957e-7	2.679911533836063e-7	3.0139672118693874e-7	2.771160192660139e-7	2.5816567124781506e-7	2.776284824615978e-7	2.9898795354968287e-7	2.4873775694543134e-7	2.1227546710629484e-7	2.395439042070955e-7	2.1846654433301143e-7	1.724197194138793e-7	1.878166410544136e-7
2.9954764036546756e-9	3.1349218651688464e-8	5.793211742884039e-8	8.122041787722593e-8	9.983113983628789e-8	1.12534713369732e-7	1.1823426586876259e-7	1.1586930678327646e-7	1.0427436692295775e-7	8.192861160695632e-8	4.661746960897379e-8	1.4131878219609996e-10	1.5607800168973535e-10	1.7347924696388867e-10	1.9666344078328864e-7	3.936711015150079e-7	6.295022962735464e-7	9.139115682045862e-7	1.244419102680025e-6	1.6079095792513992e-6	1.969086279674273e-6	2.2829887902550486e-6	2.501611780428138e-6	2.6123040509627305e-6	2.584885253314754e-6	2.4993249758147614e-6	2.3420601224508726e-6	2.1595145481231163e-6	1.9746375916760303e-6	1.8090258803929706e-6	1.6262048309012428e-6	1.486353231924177e-6	1.3078996061414884e-6	1.2443034631230915e-6	1.1299389681569549e-6	1.0351815307223454e-6	9.47645835954327e-7	8.843899739645403e-7	8.46580310584706e-7	8.108146124331605e-7	7.187318849305383e-7	6.795255643090957e-7	6.719984573883549e-7	6.237355924702753e-7	5.434711238189902e-7	5.68039340171312e-7	5.847420201884649e-7	4.465488891136599e-7	4.411289691014859e-7	4.855961255950802e-7	3.754223460237996e-7	4.084123745124562e-7	3.8856916114651687e-7	3.6698517754085527e-7	3.644830569042737e-7	2.9984087915841827e-7	3.264614707061458e-7	2.89745709535666e-7	3.037863209339411e-7	2.875978493394684e-7	2.803250034745672e-7	2.7394695989825194e-7	2.737888922698636e-7	2.736357271709884e-7	2.619109001269065e-7	2.520806024237762e-7	2.292745329323673e-7	2.8626863676281184e-7	2.2391033635216014e-7	2.3316014485133031e-7	1.8637544224466188e-7
3.140597160216041e-9	3.300557739685438e-8	6.126848235966917e-8	8.655239446851839e-8	1.076078007902261e-7	1.2334212421852817e-7	1.3279379768523154e-7	1.3508812962443263e-7	1.2931678866970267e-7	1.1438117153400174e-7	8.872704239604688e-8	4.997289526475002e-8	1.4132168647264298e-10	1.5774389183122994e-10	1.7795797367804378e-10	2.3801831800859045e-7	4.5574035143716094e-7	7.19424852649566e-7	1.0360873399428494e-6	1.3992986267773386e-6	1.7814213384414671e-6	2.139914438157052e-6	2.42232233822333e-6	2.5875597536865893e-6	2.635059739412083e-6	2.56695309110675e-6	2.4160448967577257e-6	2.2398908951382566e-6	2.049941070526185e-6	1.8665933029226657e-6	1.697028001792415e-6	1.5484619562071802e-6	1.3951700087968181e-6	1.2641403313914825e-6	1.17566284729002e-6	1.0286577418115202e-6	9.945435895449812e-7	9.075417268853545e-7	8.3663759048062e-7	7.888977342382774e-7	7.285293975660824e-7	6.78220479954019e-7	6.350128606525831e-7	5.932846585455614e-7	5.806904535570833e-7	5.335900255194639e-7	4.966949199269122e-7	4.661085508237561e-7	4.815497087819064e-7	4.6838111492680035e-7	5.096642636285983e-7	4.080979232783017e-7	3.5849687105301083e-7	3.5395657219621754e-7	3.714259254107352e-7	3.330117333015367e-7	3.53902935074236e-7	3.154012758945784e-7	2.992721961400658e-7	2.996580583953368e-7	2.68005627118752e-7	2.768577476351863e-7	2.661054996683777e-7	2.745711751580701e-7	2.470231128458759e-7	2.492258952005655e-7	2.407003180149422e-7	2.3391875528566377e-7	2.248900665183413e-7	2.1484289044799346e-7	2.1247397770257084e-7
3.264853617667068e-9	3.443346981454373e-8	6.414183022927719e-8	9.113752229413512e-8	1.1428590869301309e-7	1.3260102494944904e-7	1.4523433093005734e-7	1.5143952588253102e-7	1.5049532693356463e-7	1.415895708400555e-7	1.2363736539928835e-7	9.500506436695908e-8	5.3106804408782876e-8	1.4132136640423128e-10	1.59459264635255e-10	5.151956223875946e-8	2.8055769758314457e-7	5.211046768752989e-7	8.152060093908665e-7	1.1646128347037406e-6	1.5562274259759485e-6	1.9518534557095258e-6	2.2961234677207154e-6	2.5331014186220472e-6	2.645099965320729e-6	2.6174450655202955e-6	2.5000487765037183e-6	2.327434164070713e-6	2.136954855451866e-6	1.943615518243084e-6	1.76187376829041e-6	1.581525186022754e-6	1.453203202534435e-6	1.3065062395308825e-6	1.2560232509797242e-6	1.0768700691263508e-6	1.0101021363892497e-6	9.097968544233516e-7	8.971933725525759e-7	8.282293232375531e-7	7.399132791216316e-7	6.913965545131287e-7	6.603810796753983e-7	6.456709596060543e-7	5.826160825660151e-7	5.371759282960238e-7	5.099590745434689e-7	4.844985270193698e-7	4.847583661123164e-7	4.5135591262204626e-7	4.2591310289924476e-7	3.947814502602914e-7	4.027274015838541e-7	3.3810066801509426e-7	3.401631646441663e-7	3.944084819401103e-7	3.2077896418259637e-7	3.02824558915555e-7	3.17686711745865e-7	3.1011453193728117e-7	3.0862510718240936e-7	2.704008477566647e-7	2.7266335945025907e-7	2.538488495028673e-7	2.7471431265453166e-7	2.3453315763305447e-7	2.4189339322610145e-7	2.4213283861075897e-7	2.249066551101379e-7	2.1218033299474083e-7	2.0493802692644538e-7
3.369416657753021e-9	3.5638989098583484e-8	6.657177635492486e-8	9.501963764889007e-8	1.1994668723174005e-7	1.4045351185400596e-7	1.5578482734261842e-7	1.652884726246315e-7	1.6838087569083901e-7	1.644489498884341e-7	1.5271123252638666e-7	1.3206935872491183e-7	1.0078486561024193e-7	5.603200815010304e-8	1.4132315957146086e-10	1.6123851953474896e-10	9.136844894719173e-8	3.2448667172158325e-7	5.904032771623418e-7	9.165416920425001e-7	1.2993684721422331e-6	1.7160616612094434e-6	2.1141155757151106e-6	2.432935719425099e-6	2.6182900290673367e-6	2.6573114951794658e-6	2.580026828218833e-6	2.427895096243361e-6	2.234259103926929e-6	2.033422699096188e-6	1.83722230196623e-6	1.6620281178820605e-6	1.4931643773762046e-6	1.3438215557881168e-6	1.2384712465285811e-6	1.1302135396249611e-6	1.0420975894081172e-6	9.457346555410433e-7	8.800490589719778e-7	8.249617758845439e-7	7.594947123201906e-7	7.075162642710064e-7	6.647071331380716e-7	6.283220355732275e-7	6.271928478283031e-7	5.471287549365599e-7	4.903054551602579e-7	5.015247657530241e-7	4.5851707442420705e-7	4.369514912863102e-7	4.2098227478759473e-7	3.800203021071771e-7	3.9718235367449305e-7	3.768278747060118e-7	3.685942112396828e-7	3.596141186110255e-7	3.647503469984685e-7	2.970423141454914e-7	3.0964706522314423e-7	3.454274695220507e-7	3.016557593411889e-7	2.7838281273045736e-7	2.597161154331544e-7	2.7743119401964053e-7	2.446739360254906e-7	2.4112826997404756e-7	2.4242857738434237e-7	2.2988959814414637e-7	2.3000607357466154e-7	2.1910263184149876e-7	2.226574745128105e-7
3.45491817753019e-9	3.6632311415477095e-8	6.857973103340277e-8	9.824020816976606e-8	1.246611261455627e-7	1.4702033945416034e-7	1.646334985678912e-7	1.7692825790414545e-7	1.8341388530792415e-7	1.8361735580202356e-7	1.7696726160235456e-7	1.6272209741924626e-7	1.3971878112630628e-7	1.0608883038443397e-7	5.875497101632448e-8	1.4132266666539826e-10	1.6308836346372673e-10	1.2365297676461783e-7	3.7029411128050735e-7	6.636426205916053e-7	1.0232784140480942e-6	1.4402796901015072e-6	1.8748861844005777e-6	2.265800710449171e-6	2.547068994478161e-6	2.669574792739019e-6	2.6530489308367793e-6	2.524379832714146e-6	2.339538963127416e-6	2.1351896518019972e-6	1.9315527141139243e-6	1.7422776363728614e-6	1.5713925774432966e-6	1.4174381832380502e-6	1.2801927050695924e-6	1.16371503663569e-6	1.0655481455806795e-6	9.888595840902072e-7	8.972718043785193e-7	8.053468726957252e-7	7.458556521067721e-7	7.232571541705428e-7	6.590053705053787e-7	6.95784787246738e-7	5.559346633308298e-7	5.578080075465142e-7	5.464075451503746e-7	5.066429998757179e-7	4.779791774476813e-7	4.652582886294704e-7	4.3823589084731994e-7	4.265405097076535e-7	4.084145555979659e-7	3.882345865922071e-7	3.7540174067510305e-7	3.434128331391707e-7	3.405123335619795e-7	3.2585949889051937e-7	3.0704234160048204e-7	3.222500399350179e-7	3.008667216798893e-7	2.981825931089298e-7	2.705783499237535e-7	2.3921064517500976e-7	2.1821620617336388e-7	2.3191734362214607e-7	2.37203431005989e-7	2.553051564228187e-7	2.366859648081948e-7	2.144009017066873e-7	2.2425344308846392e-7
3.5222278718433447e-9	3.7423473177410375e-8	7.018835949909395e-8	1.0084081530228732e-7	1.285001823619788e-7	1.52409863016005e-7	1.7194260806494935e-7	1.865974566198062e-7	1.9593739610488584e-7	1.9960478124837123e-7	1.9717140686548196e-7	1.8812219741442098e-7	1.716821154958179e-7	1.4662777316893549e-7	1.1094128659112308e-7	6.128789205843488e-8	1.4132717370857274e-10	1.650278064506904e-10	1.5372362762050262e-7	4.1811779303666517e-7	7.410670215704404e-7	1.1357000441623516e-6	1.5833661559768042e-6	2.0314811097516434e-6	2.4028398879771783e-6	2.6305956936534916e-6	2.6919341668431316e-6	2.615827835350726e-6	2.4531895741106904e-6	2.249102031261214e-6	2.0367052985304576e-6	1.8353820676421178e-6	1.6485467329341586e-6	1.5023578312500757e-6	1.3495424780143944e-6	1.207389546643602e-6	1.0941296333515463e-6	1.0022262030376646e-6	9.390110035795463e-7	8.417219300372453e-7	8.173216532363046e-7	7.576967699950039e-7	6.990778275047164e-7	6.456895076935539e-7	5.903813096085131e-7	5.794251587912223e-7	5.717930558645428e-7	5.217900693855076e-7	5.729979083334141e-7	4.967392611348102e-7	4.4016283443455935e-7	4.31027070364333e-7	4.068601932451358e-7	4.42029803852678e-7	3.739397930691568e-7	3.566663238695265e-7	3.593359760298803e-7	3.293679893044089e-7	3.2042647712560376e-7	3.1219448286339593e-7	3.0759869945874925e-7	2.8385680636339504e-7	2.7713115934539575e-7	2.7908778031972665e-7	2.731203089575952e-7	2.583978385040429e-7	2.2828706650874293e-7	2.1003229977896248e-7	2.312325012161393e-7	2.130334554089777e-7	2.133966206247042e-7
3.5725398205919807e-9	3.802587673459507e-8	7.142301173134552e-8	1.0286265489819121e-7	1.3152928189057375e-7	1.5672082788691449e-7	1.7786033586372154e-7	1.9448885449676724e-7	2.062621514350839e-7	2.1280991289031758e-7	2.1390039722883923e-7	2.0914018132077146e-7	1.9797565430962806e-7	1.796413830433467e-7	1.528291248366179e-7	1.1536609454627166e-7	6.363850031739291e-8	1.413269251851478e-10	1.6703809915171844e-10	1.8310407790859055e-7	4.6826512563347714e-7	8.230204637841437e-7	1.2532535676935414e-6	1.7287303327565215e-6	2.1806615075658624e-6	2.521726404313147e-6	2.6907026432500648e-6	2.6920892153378323e-6	2.566122826600904e-6	2.3718299524157336e-6	2.1542765625017812e-6	1.940368734754193e-6	1.743634063225816e-6	1.567254059701546e-6	1.4158348870617289e-6	1.2543925444184005e-6	1.1674856244326329e-6	1.0606071755468417e-6	9.792239122513437e-7	8.919064945515998e-7	8.24835367267787e-7	7.848708267994381e-7	7.127077088522017e-7	7.16861916360104e-7	6.287473309937584e-7	5.370957520846705e-7	5.691255319963551e-7	5.322123395438583e-7	5.037754036074998e-7	3.4164934089036306e-7	4.5386744746147295e-7	4.3610532881461784e-7	4.0459124836182296e-7	3.8124192959502926e-7	3.866088204858663e-7	3.5441603181951906e-7	3.5232147353062746e-7	3.430903722901811e-7	3.35792441080944e-7	3.118932446701194e-7	2.7654426043333486e-7	2.87075171678443e-7	2.8405801865035484e-7	2.608005869083746e-7	2.56697015032688e-7	2.573764368669945e-7	2.444011580659533e-7	2.1939158837994073e-7	2.412762580981345e-7	2.1727054676234054e-7	2.2842936557770576e-7
3.6064378033652837e-9	3.844619856764533e-8	7.2307820982941e-8	1.0434873457247679e-7	1.3381121642610124e-7	1.6004281929366903e-7	1.8251200521155998e-7	2.0079836415688699e-7	2.1457984913265893e-7	2.2359019375375275e-7	2.2762086592507693e-7	2.2639488533054322e-7	2.1957571388372228e-7	2.066086329598132e-7	1.8667729434874316e-7	1.5837367048869545e-7	1.1938795030043784e-7	6.581690958096575e-8	1.4132376274221714e-10	1.6912009615273751e-10	2.1257093670243213e-7	5.208973225343955e-7	9.088881318807044e-7	1.3748998693576842e-6	1.8751431609719272e-6	2.32101078287086e-6	2.6221584547234677e-6	2.7318160092735567e-6	2.6680965234830435e-6	2.501998269959563e-6	2.2854687383444827e-6	2.060506512188198e-6	1.847884517614787e-6	1.6558665861149352e-6	1.490742253041289e-6	1.3414921021226846e-6	1.216852629388194e-6	1.111350522074862e-6	1.0079152626812093e-6	9.309907187525885e-7	8.268940383349799e-7	8.084856074975991e-7	7.939619717926491e-7	6.776775091785964e-7	6.142703358247168e-7	6.033302785670302e-7	5.762302099538635e-7	5.108677671365427e-7	5.08474683462488e-7	4.825467819952676e-7	4.654998613597391e-7	4.4759160567281103e-7	4.2630235353703446e-7	4.2421141000362534e-7	4.1216558930260755e-7	3.579629032656307e-7	3.451585122689228e-7	3.435482198492313e-7	3.5832931618537254e-7	3.1299825118686465e-7	3.083003630331465e-7	2.979086508722738e-7	2.6867005983194643e-7	2.8400513178276457e-7	2.7422042319964035e-7	2.424005941428945e-7	2.270026876162093e-7	2.4802887063779443e-7	2.3303848837999255e-7	2.2619847030508688e-7	2.2723425018091998e-7
3.625612506974138e-9	3.870322749257994e-8	7.287027204159575e-8	1.0534127883053652e-7	1.354100209166552e-7	1.6247109441724898e-7	1.8601946453012124e-7	2.0568656228777882e-7	2.2114463376402473e-7	2.3223476708534632e-7	2.3870677929700476e-7	2.4044505028593805e-7	2.3720797129745573e-7	2.285849683043191e-7	2.1411614177013826e-7	1.9284791278659382e-7	1.633036554706643e-7	1.2303081293534375e-7	6.783168314695923e-8	1.4132788299474065e-10	1.7130025325598278e-10	2.4242008835097464e-7	5.759522229364621e-7	9.99052859768258e-7	1.5008747530235252e-6	2.0193353168659735e-6	2.447582229689364e-6	2.6949779723551865e-6	2.7388935497940798e-6	2.6269324908848078e-6	2.4272389057385384e-6	2.1961707820042012e-6	1.96897118994632e-6	1.7615139525366409e-6	1.5755980395850393e-6	1.4146463425515645e-6	1.2697810082180306e-6	1.1312928548243314e-6	1.053997591540667e-6	9.675363588293215e-7	8.935313164409355e-7	8.141547417558579e-7	7.449968553196565e-7	7.014412322358224e-7	6.638887482316161e-7	6.384420837994081e-7	5.488322677410145e-7	5.571816679116298e-7	5.40622703292538e-7	4.557892612654807e-7	4.562239193293803e-7	4.307954958579649e-7	4.451862110240533e-7	4.289196765805715e-7	3.770569721044433e-7	3.6187388149876544e-7	3.6281676072087026e-7	3.3998295903752445e-7	3.383802981360212e-7	3.1751991747528037e-7	3.11508922575115e-7	3.0182787671322633e-7	2.8509707311824014e-7	2.8068299934614327e-7	2.658767143973263e-7	2.5155594274091847e-7	2.4137411836819003e-7	2.3336189930420773e-7	2.551382401118001e-7	2.2669032398080106e-7	2.188426483273604e-7
3.6310879439374377e-9	3.8808060187377775e-8	7.313564299873378e-8	1.0588255654691091e-7	1.3638660803843473e-7	1.640775966355976e-7	1.8849038158479369e-7	2.0927319737858428e-7	2.261684977918139e-7	2.389498551152551e-7	2.4750834782656816e-7	2.5173255038829994e-7	2.514360478829559e-7	2.464416101245625e-7	2.3634638258660994e-7	2.205819687189236e-7	1.9820177940323563e-7	1.6766138547747038e-7	1.2631632374019442e-7	6.969118953948759e-8	1.4132749168120575e-10	1.7358266062119307e-10	2.7284834715691587e-7	6.337779548359135e-7	1.0936195396622744e-6	1.6298491356393653e-6	2.15882973982338e-6	2.559968848658407e-6	2.748416937362326e-6	2.732875572881732e-6	2.5723344017157412e-6	2.3464649755706677e-6	2.1067499920284795e-6	1.8805574076246606e-6	1.6810221653931043e-6	1.5006201676051615e-6	1.3345810901754863e-6	1.2121230588122057e-6	1.12020056463108e-6	9.980470553916203e-7	9.413756348773398e-7	8.531311032996548e-7	7.919364752342376e-7	7.567987880852273e-7	6.67585256080875e-7	6.305543091755593e-7	6.178481584776683e-7	5.782939825423876e-7	5.638886780524506e-7	5.097748421851156e-7	4.811775569909941e-7	4.479590730400684e-7	4.427955340160525e-7	4.09980345006542e-7	3.898624132362106e-7	4.1397267733161876e-7	3.7268489859152615e-7	3.4174458212938824e-7	3.440291342296733e-7	3.262326443447315e-7	2.966749507072578e-7	3.056167542267406e-7	2.8941920680499315e-7	2.7020691225201893e-7	2.8746547350323435e-7	2.4422910177354625e-7	2.3187312941194668e-7	2.2577934274765372e-7	2.3554504492073486e-7	2.298996657101625e-7	2.184912984076192e-7
3.6241471448141306e-9	3.87742087018103e-8	7.313074507349333e-8	1.0600928522042003e-7	1.3679205955941394e-7	1.6494956003280143e-7	1.9004777228235584e-7	2.1171666674813917e-7	2.2976889343489033e-7	2.4399262647717516e-7	2.542962937570489e-7	2.6059303844065496e-7	2.6280612509062393e-7	2.6072662594311265e-7	2.5401391019633115e-7	2.428617207634212e-7	2.261015467649792e-7	2.0283521442656204e-7	1.714896930800848e-7	1.2927034572268737e-7	7.140305158893016e-8	1.413293425232682e-10	1.7597764101741137e-10	3.0389217295368005e-7	6.939877092203998e-7	1.1917302949764286e-6	1.760442290335593e-6	2.29221708952506e-6	2.6542461095611752e-6	2.7816359797684846e-6	2.7043744918565585e-6	2.5062959802387382e-6	2.2632261196598206e-6	2.018798411555704e-6	1.7959487983875712e-6	1.5978173146788424e-6	1.430588902000638e-6	1.2837618724821852e-6	1.1527353214115184e-6	1.0531231561482937e-6	9.857644858741771e-7	8.866698021684145e-7	8.181860763031782e-7	7.618229969533503e-7	7.00296843708833e-7	6.585993929777503e-7	6.286070990372617e-7	5.597649535544876e-7	5.442197199751913e-7	5.211457633511728e-7	4.892987649514456e-7	4.548035866906341e-7	4.382813136846842e-7	4.3689050751963574e-7	3.8776259902760584e-7	3.8015244637480584e-7	3.628009431508564e-7	3.3889855661120145e-7	3.2552320141783525e-7	3.21061601256317e-7	3.297657240620107e-7	3.132086822879036e-7	3.0695666438849067e-7	2.9936900648132473e-7	2.8253650400399605e-7	2.792833692368271e-7	2.440729992119999e-7	2.3856689355156107e-7	2.1739727806730966e-7	2.2948517136537955e-7	2.2985755960474262e-7
3.6057380818457536e-9	3.861495051558065e-8	7.288207056204856e-8	1.0576666110710308e-7	1.3669204431391967e-7	1.6515584039890787e-7	1.9074369840444097e-7	2.1314425757293258e-7	2.3213309940085143e-7	2.4755838603217253e-7	2.593259601332188e-7	2.6732324414622267e-7	2.716550731503552e-7	2.72006236673982e-7	2.684785226649535e-7	2.605912047777536e-7	2.483579952427654e-7	2.307045084636535e-7	2.0679440945197238e-7	1.748261579305047e-7	1.3190960348670527e-7	7.2976910859865e-8	1.4133444474055484e-10	1.7850256128042728e-10	3.3609740372195413e-7	7.57236554548694e-7	1.2939554311731367e-6	1.8911651769339708e-6	2.4175859803796697e-6	2.731588471103369e-6	2.79333494062508e-6	2.66203141278891e-6	2.4340950853878593e-6	2.1780994536410053e-6	1.9336168244024788e-6	1.7150921142265954e-6	1.5256802294326708e-6	1.3642181510377305e-6	1.2297627257268998e-6	1.1337671770740513e-6	1.0138478110795515e-6	9.169514679940931e-7	8.425103690163989e-7	7.864337211808626e-7	7.25857485453671e-7	6.688988838632575e-7	6.372739578209941e-7	6.089748170770902e-7	5.608184341302874e-7	5.285948948698321e-7	4.948595885221813e-7	4.892767615748435e-7	4.5342325333774924e-7	4.28750397054586e-7	4.052225796783573e-7	4.436994081141017e-7	3.731666006748172e-7	3.5951723078294494e-7	3.3741324011031614e-7	3.3278969119299963e-7	3.027376831456597e-7	2.934366017587947e-7	2.923811955468253e-7	2.71244247758821e-7	2.987177146666047e-7	2.5837467426008905e-7	2.6787959833783804e-7	2.461450320036776e-7	2.4822171027522667e-7	2.2588630866026856e-7	2.2497805530672885e-7
3.5773521017388037e-9	3.834337289516201e-8	7.241617390285306e-8	1.0519278777846911e-7	1.3609857437382706e-7	1.6477458504626128e-7	1.907144341141659e-7	2.1365046781356608e-7	2.333867834040619e-7	2.4978683575844703e-7	2.6274798503304836e-7	2.722562316126227e-7	2.782314689624969e-7	2.8075633233842255e-7	2.795130098460322e-7	2.7483081765283813e-7	2.6598715867613603e-7	2.528228331250663e-7	2.3457366623496816e-7	2.1012657490779039e-7	1.7770901527068483e-7	1.3425796818286867e-7	7.441948949524547e-8	1.4133522067895619e-10	1.8117941966436414e-10	3.6945484640373605e-7	8.236823972225841e-7	1.4000545675582453e-6	2.0212546450216816e-6	2.5310398680780712e-6	2.7916193433179453e-6	2.786551895478499e-6	2.610869691317395e-6	2.356223766563121e-6	2.0933396620151526e-6	1.8503916374875201e-6	1.640522646257081e-6	1.4583262749447188e-6	1.3057493004293955e-6	1.176525726749484e-6	1.0669636608901056e-6	9.67923830614938e-7	8.962482210018277e-7	8.167431184361678e-7	7.688538657188214e-7	7.03820575114897e-7	6.518079837297648e-7	6.164215979383054e-7	5.731347029031344e-7	5.37824951066767e-7	5.062015250381819e-7	4.903679633517944e-7	4.552255013491501e-7	4.535736891948201e-7	4.151867981196689e-7	4.275420402496052e-7	3.846910216915969e-7	3.634687234433938e-7	3.520192281911886e-7	3.3082759291884504e-7	3.199873177977831e-7	3.1985749774268773e-7	2.9394877970288544e-7	3.1375416606690135e-7	2.721531938564346e-7	1.5916788485924495e-7	2.5961757124965187e-7	2.548541248137239e-7	2.5661140830075847e-7	2.402816976244076e-7	2.386722727534347e-7
3.5400079061981944e-9	3.797218009552479e-8	7.175486269388042e-8	1.043295523351327e-7	1.3517827240595608e-7	1.6386185471403937e-7	1.900297573117402e-7	2.1338558181451256e-7	2.3369726602196668e-7	2.508821671807275e-7	2.647615026171315e-7	2.75535517553075e-7	2.829992325688719e-7	2.87233546520447e-7	2.8820146399185945e-7	2.857784075087631e-7	2.798297409434592e-7	2.702303017995344e-7	2.563932611562853e-7	2.376851102554909e-7	2.1289575613307114e-7	1.801735418304427e-7	1.3633389363822388e-7	7.573803651855357e-8	1.4133569058150185e-10	1.8404261237882794e-10	4.037676470916415e-7	8.925632791988091e-7	1.5095902934722812e-6	2.1492645964381187e-6	2.6324753603366433e-6	2.8297459945672164e-6	2.7682271935340097e-6	2.546893551266732e-6	2.276856757608978e-6	2.011626796748273e-6	1.773842443096787e-6	1.5684877538110214e-6	1.3983207535013038e-6	1.2483772405984015e-6	1.1328811580288263e-6	1.0245148312231748e-6	9.339686036426023e-7	8.540418599225482e-7	7.91702835507924e-7	7.315206842880385e-7	6.810298774161296e-7	6.378350366320641e-7	6.060581200465627e-7	5.674884391308388e-7	5.399068167964793e-7	4.801298326924239e-7	4.646535890264882e-7	4.383417917242001e-7	4.242885378668663e-7	4.002343244146966e-7	3.994301675108368e-7	3.863727524658944e-7	3.509834531215846e-7	3.458890591022e-7	3.40076693428777e-7	3.228113152578801e-7	3.0442342199505004e-7	2.910783333528906e-7	2.7733763164154673e-7	2.6483872202328393e-7	2.50486513844067e-7	2.5322675462381385e-7	2.4193430273267205e-7	2.3554034829132856e-7	2.411173110814938e-7
3.4948068376031646e-9	3.751311924012025e-8	7.092387450627526e-8	1.0320707836316019e-7	1.3387362969493955e-7	1.6250495120054084e-7	1.8875736122422282e-7	2.1239422374160353e-7	2.3315539412820638e-7	2.509405102837623e-7	2.6533010220674127e-7	2.7746534117289816e-7	2.862041143170028e-7	2.918189768566746e-7	2.94523699813749e-7	2.940672809472081e-7	2.9054817978811845e-7	2.829701975050313e-7	2.7353568784691915e-7	2.591851059289339e-7	2.4013095090811945e-7	2.151391590010357e-7	1.8225277875816746e-7	1.3815686304155265e-7	7.693943101033977e-8	1.4133529756444196e-10	1.8712906309115648e-10	4.392798960143322e-7	9.644551195969784e-7	1.6199872261473572e-6	2.272292319192905e-6	2.720476556461041e-6	2.852279657830712e-6	2.7291176285642284e-6	2.4792064851063294e-6	2.196819860372222e-6	1.93118191451163e-6	1.6995685927263962e-6	1.5035933169154823e-6	1.337536770095259e-6	1.1854984562592599e-6	1.0820839507286404e-6	9.80062610263306e-7	8.963982819682233e-7	8.271437215930758e-7	7.572017715617956e-7	6.952092715490751e-7	6.637775404453794e-7	6.115571227062944e-7	5.755661880461125e-7	4.972395987362508e-7	5.167126711682396e-7	5.000650455031062e-7	4.521416472731844e-7	4.2863771887419077e-7	4.0208012293979696e-7	4.034913877741673e-7	3.7234140351391667e-7	3.4526887313727345e-7	3.455287832438982e-7	3.467007617605734e-7	3.275156186630456e-7	3.130027462419224e-7	2.9981545353852255e-7	2.753930956555489e-7	2.671528304285975e-7	2.67837767666705e-7	2.5861504087496447e-7	2.5349735576019066e-7	2.423092070144767e-7	2.4317166408074953e-7
3.4427993110443335e-9	3.697911997937356e-8	6.994909757530468e-8	1.0185516267054033e-7	1.3224900407593645e-7	1.607329010463648e-7	1.8698796861265776e-7	2.1075020116363003e-7	2.3182778204466765e-7	2.5011563982186837e-7	2.655982792227306e-7	2.7817573318751615e-7	2.878752140329444e-7	2.948076088192959e-7	2.989653298174055e-7	3.0012731882179373e-7	2.985951828252068e-7	2.944318196969541e-7	2.867315658807541e-7	2.759079485464559e-7	2.61309219799041e-7	2.418660273076731e-7	2.1692396155603645e-7	1.8397786180866093e-7	1.3974458646221775e-7	7.803038334241842e-8	1.4133537018780934e-10	1.9044329292349613e-10	4.759127659960486e-7	1.0393559058916404e-6	1.7328594111855508e-6	2.3910377220829113e-6	2.7940331046164834e-6	2.859476353604157e-6	2.6832374668157035e-6	2.4069793829053545e-6	2.1180334365385864e-6	1.8548251721478672e-6	1.6294063579597168e-6	1.43982363029637e-6	1.2791599875306469e-6	1.1528148408842552e-6	1.0372311599922454e-6	9.408455512167872e-7	8.674525179697676e-7	7.938514903949988e-7	7.442013368075618e-7	6.689568156587689e-7	6.354990910163615e-7	6.073654739686216e-7	5.679861607723966e-7	5.264193524433465e-7	4.924392729049325e-7	4.7047518023773377e-7	4.581761107576087e-7	4.1513659407603024e-7	4.0159640280464363e-7	3.9157615801204153e-7	3.6600673471769413e-7	3.4402781743756797e-7	3.4440514147032346e-7	3.2203329579389854e-7	3.209400026405381e-7	2.963552278619187e-7	2.984168895890494e-7	2.9829111635481853e-7	2.7493569238904323e-7	2.583361537803355e-7	2.51581837832003e-7	2.3651406626799482e-7	2.2841158693465726e-7
3.384945658106153e-9	3.637726867101254e-8	6.883724649323222e-8	1.003031059965688e-7	1.3034862153963326e-7	1.586177832823829e-7	1.8477576659072224e-7	2.0859063039687115e-7	2.2991488208232827e-7	2.485260380979877e-7	2.645612455153315e-7	2.779645472170015e-7	2.8835219200178403e-7	2.962892204879024e-7	3.015468992007213e-7	3.043202540076305e-7	3.0441761020652975e-7	3.0142704511880796e-7	2.9697222461934044e-7	2.8873950013507805e-7	2.7759310300340054e-7	2.627093157735761e-7	2.4339048227192014e-7	2.1828174900026164e-7	1.8538113697465675e-7	1.4111209374336e-7	7.901802054987512e-8	1.4133510559920212e-10	3.646435588961347e-8	5.138608013293161e-7	1.1168183366993454e-6	1.8468659939075577e-6	2.5013634410311926e-6	2.849587906698971e-6	2.8474750527674377e-6	2.6301319845985537e-6	2.332450516461741e-6	2.0400741271618477e-6	1.7824454730899403e-6	1.5633922295632593e-6	1.3813379031112832e-6	1.2292222833170593e-6	1.1129142579011288e-6	9.993963770604015e-7	9.136506465756733e-7	8.359999149272944e-7	7.685898854848643e-7	7.143978966394189e-7	6.601317791761183e-7	6.153984100376658e-7	5.823282399716434e-7	5.325832072661325e-7	4.953425161619013e-7	4.7629184810865963e-7	4.5631200075786986e-7	4.3160495634861484e-7	4.2374894556270776e-7	3.9446532174801345e-7	3.6927149009191835e-7	3.6242719835896817e-7	3.4864711676768185e-7	3.4711363331219796e-7	3.20302982056649e-7	3.1005132748579785e-7	2.93004116504043e-7	2.7610251012951795e-7	2.8735228023030185e-7	2.718169901239803e-7	2.414868597784566e-7	2.4655423155098423e-7	2.38885464326405e-7
3.3222370228596906e-9	3.5721388122743515e-8	6.762186409186111e-8	9.859204874257851e-8	1.2823003334402716e-7	1.5618831443747073e-7	1.8218294353813085e-7	2.0596784107728502e-7	2.2744407572057415e-7	2.4633105462336645e-7	2.626112619491921e-7	2.764472339671554e-7	2.877448785503593e-7	2.96503844629059e-7	3.027638352178241e-7	3.068490185201365e-7	3.0796899993487216e-7	3.0746424595165975e-7	3.0427284423576527e-7	2.9828382158502e-7	2.9014003884993854e-7	2.786905619594134e-7	2.635714475600674e-7	2.442891742156041e-7	2.1925279636892045e-7	1.864857443440089e-7	1.4227755416241912e-7	7.990695242259664e-8	1.4133485848983608e-10	6.513635584823323e-8	5.534655152497133e-7	1.1974002491276166e-6	1.9610632211014356e-6	2.6043201906721456e-6	2.894337649135286e-6	2.8278100398630054e-6	2.567724510688262e-6	2.2570294621582513e-6	1.965070637033513e-6	1.711990629152767e-6	1.5023562260725177e-6	1.3261551863692735e-6	1.1843089476037085e-6	1.0635812442477508e-6	9.627561592165133e-7	8.792024736340084e-7	8.043926477481416e-7	7.442207904851335e-7	6.848213846416139e-7	6.387082818972301e-7	5.951387123153017e-7	5.580110086739499e-7	5.343156407221967e-7	4.936838362996825e-7	4.6625965611907617e-7	4.523935359574663e-7	4.197075487802897e-7	4.045908665662901e-7	3.9192445017694696e-7	3.697519833034844e-7	3.5254874590630875e-7	3.3295205715495814e-7	3.393436170822901e-7	3.074494192238458e-7	3.048732696990581e-7	2.8521058757938177e-7	2.7501690219753096e-7	2.676328261940417e-7	2.612918141416959e-7	2.4637022864233027e-7	2.3833504514074726e-7
3.255362865214176e-9	3.501985752809198e-8	6.631717828299992e-8	9.674034899336878e-8	1.2591687658798185e-7	1.5352271865314247e-7	1.7927801348771148e-7	2.0294082028556525e-7	2.2435853748201087e-7	2.434453723554687e-7	2.6020480045024265e-7	2.744738784552526e-7	2.8596292400008843e-7	2.9611593575790486e-7	3.0301738546247174e-7	3.081798730568145e-7	3.1002456223324746e-7	3.1114024336141313e-7	3.0973540258246847e-7	3.055147673873677e-7	2.983276170122831e-7	2.904992217086725e-7	2.7896114349000223e-7	2.6394847580690196e-7	2.4470995601109113e-7	2.1988137288065558e-7	1.873225763169944e-7	1.432539606305962e-7	8.070486320970475e-8	1.4133457796010183e-10	8.686387303176288e-8	5.941705962118354e-7	1.279643417910832e-6	2.07449694869165e-6	2.6970101282687696e-6	2.9194273679697157e-6	2.793223187612129e-6	2.502397609139484e-6	2.1825018661931774e-6	1.8918251878080726e-6	1.6467559151182355e-6	1.4442844888030462e-6	1.2768277711579924e-6	1.1400395403290094e-6	1.0254147711990916e-6	9.319455504863491e-7	8.515329378375246e-7	7.779883592147096e-7	7.121440731898275e-7	6.643746810000519e-7	6.220156003863141e-7	5.906537737454699e-7	5.36390067422254e-7	5.168402580555743e-7	4.7678522485529587e-7	4.5835269655031144e-7	4.23551938940704e-7	4.1438379368053097e-7	3.9404650717340437e-7	3.7210818064140377e-7	3.604843943868705e-7	3.4614107860429993e-7	3.1552396125019085e-7	3.054676366876293e-7	3.145377218405441e-7	2.932494614270736e-7	2.807318118974286e-7	2.8048868858848906e-7	2.5110001087678424e-7	2.52410865892385e-7	2.5072420910897e-7
3.18528917874636e-9	3.428058342470249e-8	6.493751658857065e-8	9.477664758414831e-8	1.2344838090651825e-7	1.506486049457967e-7	1.7609647993212845e-7	1.995954546912579e-7	2.2094252119705777e-7	2.4018770873693087e-7	2.5699785102217466e-7	2.71692843920541e-7	2.8414095051097046e-7	2.9415894323536643e-7	3.021214900010817e-7	3.0715033756456016e-7	3.114885247895362e-7	3.132298935651922e-7	3.131949613483955e-7	3.108278349564558e-7	3.06246091035864e-7	2.9983247533801187e-7	2.9049978426268156e-7	2.7891509755563536e-7	2.641897902968512e-7	2.44795124018705e-7	2.2019510769985622e-7	1.879143358539939e-7	1.4405640603786483e-7	8.141628908473811e-8	1.4133493269804443e-10	1.0589332038978142e-7	6.36341680958574e-7	1.365253692560538e-6	2.1864812526422237e-6	2.778924398534859e-6	2.9330267581007613e-6	2.7509476818655955e-6	2.433985253817225e-6	2.108528545988509e-6	1.8227601236591736e-6	1.5845260467702916e-6	1.3888769594415893e-6	1.2291552170248232e-6	1.099990475746281e-6	9.89761099529295e-7	8.962777679879599e-7	8.22914107909909e-7	7.559525120530598e-7	6.86958873506767e-7	6.387981438510961e-7	6.058737272482266e-7	5.612718644704218e-7	5.558469158972859e-7	4.985331772872083e-7	4.6778289274090076e-7	4.4979580933327116e-7	4.324272735217442e-7	4.0155530955257516e-7	3.7402620138894525e-7	3.6275821686764786e-7	3.4844455723398536e-7	3.328827401502095e-7	3.2449731740175443e-7	3.029123306099151e-7	2.9325613073561604e-7	2.775143609933337e-7	2.829900009260108e-7	2.647472621205555e-7	2.611238501443859e-7	2.439169635775545e-7
3.1125659253121073e-9	3.3511247198111514e-8	6.34997458866798e-8	9.272155665781314e-8	1.2086222020468055e-7	1.4752135862783757e-7	1.7270371095242363e-7	1.9597110946975603e-7	2.1726163827857086e-7	2.3656093049012898e-7	2.5354057236717797e-7	2.682939875169323e-7	2.812122029351104e-7	2.9113482906354487e-7	3.005613809801674e-7	3.083148178291158e-7	3.109856206425502e-7	3.15115565763631e-7	3.146904149688235e-7	3.1371328602063354e-7	3.1100935980230975e-7	3.062763471632865e-7	2.988503083798379e-7	2.8994686727758163e-7	2.783824669897191e-7	2.636041632272708e-7	2.445408740429203e-7	2.2022506391113938e-7	1.8827379696931807e-7	1.446977845664774e-7	8.204693826709892e-8	1.413706143005882e-10	1.2367281475246335e-7	6.799503417511684e-7	1.452803130012966e-6	2.2964311197919987e-6	2.8500427474403538e-6	2.9372528035890854e-6	2.701896098996535e-6	2.3641326567961964e-6	2.0370227396091418e-6	1.7569183242754948e-6	1.5263145131633407e-6	1.3389143132011565e-6	1.186069086937539e-6	1.0587177208495362e-6	9.529639481160626e-7	8.687454212745358e-7	8.010310649927696e-7	7.240656073146158e-7	6.752649022778997e-7	6.262467241449897e-7	5.788841099477337e-7	5.553979809295172e-7	5.141887884560209e-7	4.79285518373455e-7	4.5979890233111605e-7	4.361798909119686e-7	4.1311250803132266e-7	3.9200765175756433e-7	3.7971372038449843e-7	3.5689608278139864e-7	3.4460543877523116e-7	3.3330240756561424e-7	3.258715863793306e-7	2.993124720958475e-7	2.892646962618609e-7	2.853581654296172e-7	2.5905566465408005e-7	2.6283956855743906e-7	2.5087481831469416e-7
3.0379270499706462e-9	3.271924567793837e-8	6.201745644049201e-8	9.060188635662063e-8	1.1816050875102218e-7	1.444175486246159e-7	1.6913005178965314e-7	1.921269560261027e-7	2.1330557221311593e-7	2.323761626820108e-7	2.493550731692101e-7	2.6440126029659407e-7	2.7749806946315357e-7	2.8851640172015256e-7	2.9763794406033677e-7	3.045844207971547e-7	3.0954903164253134e-7	3.132553848579881e-7	3.1433317694156263e-7	3.1311125931586895e-7	3.136267974349224e-7	3.102439981350355e-7	3.0561644400293933e-7	2.983645708571772e-7	2.887100481017122e-7	2.7719693061806464e-7	2.6258376707172703e-7	2.439928749393787e-7	2.2003400749510028e-7	1.8842770988134628e-7	1.4519017981675295e-7	8.260146210198553e-8	1.4137004044804705e-10	1.4086110921615064e-7	7.250974881267399e-7	1.5420108718158727e-6	2.401764214822318e-6	2.9080816455157088e-6	2.922694778015222e-6	2.6466080921427203e-6	2.294164568242424e-6	1.967655512842885e-6	1.6937819589591064e-6	1.4715297618619635e-6	1.2905201561832615e-6	1.1447314204565078e-6	1.0227679457424867e-6	9.224006340703101e-7	8.420854857044106e-7	7.707371148441177e-7	7.064200668561763e-7	6.66565357893766e-7	6.079906753572305e-7	5.837411024010459e-7	5.344038870798549e-7	4.956996704433102e-7	4.715760677963024e-7	4.492887638169987e-7	4.246291767738414e-7	4.0246432569648887e-7	3.891000386543035e-7	3.710241986274048e-7	3.450921859669182e-7	3.3928168541449534e-7	3.2087496440087697e-7	3.081759608679047e-7	3.055598373987611e-7	2.7945117853632566e-7	2.8256884625781467e-7	2.67449040173689e-7	2.542869738035963e-7
2.9619288701048473e-9	3.191129160832402e-8	6.050238810100361e-8	8.842791078040345e-8	1.1540870634447944e-7	1.4113159058399977e-7	1.6541708591763327e-7	1.881102574273371e-7	2.0904168111799305e-7	2.2804929387864142e-7	2.4518830915117145e-7	2.602658026851816e-7	2.735591492331025e-7	2.8526904586179307e-7	2.9432757618351833e-7	3.020021392121161e-7	3.07977572650484e-7	3.118384128074492e-7	3.150926502269855e-7	3.158945184139291e-7	3.146286601046461e-7	3.136960169001868e-7	3.094232274797285e-7	3.023393993787554e-7	2.970253292318812e-7	2.8778374724514085e-7	2.7590203127513905e-7	2.6157327455556573e-7	2.4316580261939516e-7	2.195653300062357e-7	1.883994509585642e-7	1.4554547231864373e-7	8.308490270535537e-8	1.4136952767069866e-10	1.5752940337850553e-7	7.717701870094693e-7	1.6335662624288328e-6	2.502755894623927e-6	2.9553631857132575e-6	2.900686566286623e-6	2.58695434175437e-6	2.224911483729709e-6	1.9001977569430748e-6	1.6342744934200725e-6	1.4195091348507707e-6	1.2446098248495573e-6	1.1058310593554432e-6	9.905046510353915e-7	8.890167171848813e-7	8.142190592644518e-7	7.466636554168235e-7	6.897972723273061e-7	6.381469044864804e-7	5.919679490265672e-7	5.576404483892891e-7	5.237125056807063e-7	4.849899880353405e-7	4.6036264053844426e-7	4.441184750666358e-7	4.1786185663706536e-7	3.9331480703343037e-7	3.7407847238020216e-7	3.6012394622444313e-7	3.452848926688487e-7	3.314893472425979e-7	3.234670173042658e-7	3.0798563861914524e-7	3.029736977538635e-7	3.0066453346766544e-7	2.724675318998413e-7	2.5582741482213666e-7
2.88507638785872e-9	3.109321313385615e-8	5.897007806775591e-8	8.621494571158065e-8	1.1255911004813214e-7	1.3775933983051188e-7	1.6159133207390243e-7	1.8395752711337368e-7	2.0462173390922123e-7	2.2351397607611474e-7	2.406056967820091e-7	2.5564742988615066e-7	2.691253349177242e-7	2.809444482747237e-7	2.9043025463091133e-7	2.985397181139613e-7	3.0586986228212587e-7	3.098262154625714e-7	3.132889481537328e-7	3.1460326595256866e-7	3.1575136792163637e-7	3.1365615526574425e-7	3.1015798847419453e-7	3.089624860323058e-7	3.0192707945651126e-7	2.947799154734643e-7	2.851210382010923e-7	2.7443253346068177e-7	2.6015884295522643e-7	2.42131179429355e-7	2.1891938027215582e-7	1.8820336900079655e-7	1.457749397384938e-7	8.350161491156307e-8	1.4136975039513376e-10	1.7408358324454888e-7	8.199552830534918e-7	1.7254066888599736e-6	2.598647892460709e-6	2.9881329318211573e-6	2.872664409597944e-6	2.5252199624510228e-6	2.1561028671869765e-6	1.836216432435883e-6	1.5771014366915594e-6	1.3702260321418327e-6	1.2031180958572821e-6	1.070306919382506e-6	9.583961168301057e-7	8.694502753926307e-7	7.913696565811727e-7	7.178006398031638e-7	6.699944140369112e-7	6.193446728079199e-7	5.748439193979011e-7	5.378290295717586e-7	5.065598152037049e-7	4.748097984975044e-7	4.530913059789698e-7	4.2969603201742325e-7	4.051515957199036e-7	3.925816826558994e-7	3.625351370636084e-7	3.491960105973206e-7	3.404881023564309e-7	3.2025752768289693e-7	3.106390663207797e-7	3.119505729464404e-7	2.9113747553409255e-7	2.835467686602272e-7	2.8589465274575996e-7
2.808063201335467e-9	3.0268220469402506e-8	5.741836702649985e-8	8.397887036284091e-8	1.0969828694891891e-7	1.3434860547998107e-7	1.5773409883662038e-7	1.7968171178250012e-7	2.0011353943440848e-7	2.1873296400580946e-7	2.3551971080946522e-7	2.5024101575129453e-7	2.6446487299587285e-7	2.7568712148408043e-7	2.8644666836416684e-7	2.9511840968038754e-7	3.0194826266429747e-7	2.9401690367855187e-7	3.1069634053784835e-7	3.022867704129476e-7	3.150806125772283e-7	3.139999403379375e-7	3.1255423291375037e-7	3.10262114276662e-7	3.058906910608641e-7	2.9959647778582104e-7	2.9371044923710553e-7	2.8387756306519234e-7	2.7260348570490324e-7	2.5857988851310275e-7	2.4088887306659333e-7	2.180902183898782e-7	1.878546897927122e-7	1.4588763240394906e-7	8.385549921456205e-8	1.4136765196450337e-10	1.905644147533621e-7	8.695823618737048e-7	1.819293660367381e-6	2.6874163384613522e-6	3.0148717951115314e-6	2.8331726577795965e-6	2.4615819852767587e-6	2.088917503417066e-6	1.7756068741725046e-6	1.5236038505698256e-6	1.324291015934476e-6	1.1644209753862449e-6	1.0361823923224106e-6	9.289312059451409e-7	8.417555210762677e-7	7.68321509332084e-7	7.050254303351017e-7	6.502549715483422e-7	6.044634638575133e-7	5.665612029070187e-7	5.274379045178404e-7	4.91375350839958e-7	4.6396956037146057e-7	4.410465582157087e-7	4.173802769148483e-7	4.014712071294919e-7	3.6274547999346335e-7	3.616109834778351e-7	3.4435237585912585e-7	3.194665006012109e-7	3.2417664800860437e-7	3.0797678538994503e-7	2.887590896070163e-7	2.7943899333542575e-7	2.704467512183936e-7
2.7306373399416e-9	2.9444110595530122e-8	5.5867678826402974e-8	8.173957342689795e-8	1.068207971834163e-7	1.309200894070681e-7	1.5379542348632482e-7	1.753728931989525e-7	1.9530198852027987e-7	2.1405455109432483e-7	2.307533451772244e-7	2.460681562860104e-7	2.5945635350010247e-7	2.715743978784116e-7	2.814096601788516e-7	2.8973112459185277e-7	2.97746178028404e-7	3.074519582469536e-7	3.075812683167885e-7	3.1286398918577383e-7	3.1253666802180925e-7	3.1336460155044834e-7	3.1359833055678306e-7	3.0986684711812325e-7	3.0803476998143116e-7	3.0369265038948583e-7	2.9746428270926673e-7	2.907407677040226e-7	2.819358576611541e-7	2.706418788383546e-7	2.568079298150965e-7	2.3946545371227724e-7	2.171087937828827e-7	1.8736823033225008e-7	1.4589325527855377e-7	8.415130362175765e-8	1.413636296070279e-10	2.0709003842540715e-7	9.209413078854044e-7	1.913156699962702e-6	2.7698334954457593e-6	3.024040315245056e-6	2.7883077793271017e-6	2.396918754345639e-6	2.0241445228336297e-6	1.7175058046016799e-6	1.4737448602158162e-6	1.2796153685009387e-6	1.1571187975796954e-6	1.0029425544572247e-6	9.031226810399011e-7	8.131496951742222e-7	7.456939026244114e-7	6.849627592364036e-7	6.346896562609109e-7	5.925932254979947e-7	5.584130999577904e-7	5.073259479031583e-7	4.868200711024763e-7	4.572571204249264e-7	4.293115327456681e-7	4.076140426789466e-7	3.883073404686798e-7	3.8734524618135854e-7	3.557701741180836e-7	3.354064572025885e-7	3.237864378881606e-7	3.202666004016903e-7	3.3185986976804555e-7	2.8774805961258044e-7	2.8007163760072254e-7
2.653795029644862e-9	2.8622168549606305e-8	5.431869566897612e-8	7.950176052848188e-8	1.0394721144285027e-7	1.2746977738720163e-7	1.4986767453731046e-7	1.7099371229509875e-7	1.9101668399604146e-7	2.090656721418957e-7	2.2560941897328503e-7	2.4100817333021304e-7	2.545586234823626e-7	2.665898171746049e-7	2.7679720724951655e-7	2.854448271416941e-7	2.9256061634635974e-7	2.9989393406642406e-7	2.887984550947006e-7	3.085342047826934e-7	3.087639437450657e-7	3.1159684537914296e-7	3.1202110836641397e-7	3.110258966967337e-7	3.0570415129820913e-7	3.0555958631612834e-7	2.9885420015557957e-7	2.948502936792014e-7	2.8775740029816737e-7	2.79197095589288e-7	2.6838279949673364e-7	2.548557937908004e-7	2.3792968647841547e-7	2.1598281118650722e-7	1.867568295394769e-7	1.4580124874882892e-7	8.43921798060899e-8	1.4136129548056818e-10	2.2369173203206263e-7	9.733124935619875e-7	2.0071381704156543e-6	2.8444215852793672e-6	3.0254887115092683e-6	2.740119814903153e-6	2.3321215659204418e-6	1.961700474954733e-6	1.6616547526020273e-6	1.425937345004498e-6	1.2345252572725032e-6	1.0927680865956014e-6	9.729180331110671e-7	8.774660143596632e-7	7.937011188374392e-7	7.243821509143359e-7	6.650413992319023e-7	6.172507419658531e-7	5.856046978344755e-7	5.388565578855284e-7	4.97293281286796e-7	4.695296323716644e-7	4.475999565867134e-7	4.2805404351684423e-7	4.023691886808774e-7	3.8203793790688655e-7	3.698821245755382e-7	3.6035329333113266e-7	3.32114663414339e-7	3.18734277136423e-7	3.117183117755837e-7	2.933041245043079e-7	2.781300734796013e-7
2.577623491871788e-9	2.7806504498095653e-8	5.278018244832424e-8	7.727602138175334e-8	1.0108621827935892e-7	1.2401558498555448e-7	1.4588194602928418e-7	1.665840587173536e-7	1.858845117546055e-7	2.0408031243766246e-7	2.2051898333403603e-7	2.3552928992400742e-7	2.486011920125121e-7	2.606916503020338e-7	2.7149031058686796e-7	2.810347414620962e-7	2.8870727183477384e-7	2.946849732702575e-7	2.9998913950645977e-7	3.0349458213877187e-7	3.0811470233016723e-7	3.094605664760836e-7	3.106201833414787e-7	3.1083186354426893e-7	3.0762079287148325e-7	3.050654523522991e-7	3.0331576765200397e-7	2.982328778415385e-7	2.914874057041194e-7	2.854932365678787e-7	2.764473916741924e-7	2.661998262304658e-7	2.5272772876984477e-7	2.3616643122417598e-7	2.1474481226204276e-7	1.8603819468302696e-7	1.4561899200826876e-7	8.458258325579936e-8	1.4136068262240904e-10	2.403620294197366e-7	1.027658753417334e-6	2.100976588172044e-6	2.910856101102509e-6	3.0211545469517746e-6	2.6887306633598553e-6	2.267902084843746e-6	1.89999323175919e-6	1.6081783994082718e-6	1.3806696531822094e-6	1.2009829401919497e-6	1.0603096360485569e-6	9.433672404370247e-7	8.51698141099163e-7	7.738051064529901e-7	7.063334581927932e-7	6.451326313348963e-7	6.023454106643723e-7	5.546563742583165e-7	5.258907676625182e-7	4.953289230480037e-7	4.5789194248944654e-7	4.389943366880035e-7	4.135610566776463e-7	3.9378721763243964e-7	3.711630749054603e-7	3.6195043472313333e-7	3.357222097086738e-7	3.323575238290807e-7	3.128971930293773e-7	3.016604659111402e-7	2.867490588279114e-7
2.502413274703614e-9	2.6999931200730514e-8	5.125836752668457e-8	7.507768338379533e-8	9.823315352332417e-8	1.2060145508226936e-7	1.4199647402158517e-7	1.622574545932796e-7	1.8126683038042465e-7	1.9882831082875924e-7	2.1531810896097573e-7	2.3013575126253938e-7	2.4368957254163296e-7	2.5474604902992005e-7	2.659783507751701e-7	2.7577611976899723e-7	2.839700715013575e-7	2.8956405748642773e-7	2.980570763577882e-7	2.8431031540810086e-7	3.048764504119039e-7	3.0321830352929794e-7	3.0728938504625916e-7	3.0696435286633566e-7	3.0694190990029095e-7	3.0521871119139965e-7	3.026474636581194e-7	2.992378293594489e-7	2.9424218926954374e-7	2.8757972044793927e-7	2.820220693406738e-7	2.735989358502262e-7	2.6399668619873095e-7	2.505385125969899e-7	2.3433486653317024e-7	2.133829002444806e-7	1.8521494904622882e-7	1.4535604069977355e-7	8.472480920229939e-8	1.413600114144136e-10	2.573106863608866e-7	1.0833242667082921e-6	2.1939735544484392e-6	2.9679495297365836e-6	3.004292281738393e-6	2.6322232555450443e-6	2.204752449147952e-6	1.8422249243844159e-6	1.5574658672648467e-6	1.3378206544682054e-6	1.1653480778187307e-6	1.02877561966825e-6	9.175235348262219e-7	8.28383078371558e-7	7.535644803824557e-7	6.860529066203821e-7	6.332025633402284e-7	5.894396274664004e-7	5.468095365723337e-7	5.140751672879006e-7	4.817713522273643e-7	4.5188220447492353e-7	4.2870024135590736e-7	4.1255183069681154e-7	3.8964981024104143e-7	3.675854201981305e-7	3.484926560849764e-7	3.340994837763756e-7	3.2469601809315493e-7	3.0299597269411857e-7	2.898713508818304e-7
2.428321432979618e-9	2.6205583319310063e-8	4.9740478198374025e-8	7.290180800484932e-8	9.542993323489638e-8	1.1721645873040001e-7	1.380238561653893e-7	1.5788959415672121e-7	1.7651604198659508e-7	1.93849408370967e-7	2.1004138466592554e-7	2.243026192310459e-7	2.383306143188007e-7	2.501266803941773e-7	2.6087176304998e-7	2.7077093576937796e-7	2.78361106338526e-7	2.861479265584058e-7	2.9618634244190516e-7	2.970414175485046e-7	3.00494066853833e-7	3.0455011645159007e-7	3.0483031686854286e-7	3.0479788533559666e-7	3.0114553913005935e-7	3.0316158865622635e-7	3.0269571478375275e-7	2.994752888898602e-7	2.9703392967620045e-7	2.917754580654724e-7	2.8534044337116614e-7	2.7903827733812643e-7	2.708264798552554e-7	2.6071258403039886e-7	2.4821965415355167e-7	2.3242473465832857e-7	2.1193016350374026e-7	1.8430872182103656e-7	1.4501745488087952e-7	8.482333652381362e-8	1.4135928123473257e-10	2.7434355586800086e-7	1.1403486956036072e-6	2.2853823173134453e-6	3.0175432247308653e-6	2.9796118624264805e-6	2.5749831092031333e-6	2.143189802593673e-6	1.7860369585144452e-6	1.5092381916340347e-6	1.2970518630141948e-6	1.131292219577209e-6	9.985224888288998e-7	8.927125610627922e-7	8.057444042989817e-7	7.328570353606085e-7	6.723496715270073e-7	6.193218172592268e-7	5.752347243083594e-7	5.360149894908102e-7	5.029532199216669e-7	4.7193048894124116e-7	4.4311382392550065e-7	4.20163026740467e-7	4.006672650919558e-7	3.7465937998492395e-7	3.665120381155579e-7	3.389411986615834e-7	3.3210534635144586e-7	3.1621562772858325e-7	3.130543851237673e-7
2.3555993424472117e-9	2.5424376250073584e-8	4.828871526474588e-8	7.075973060251161e-8	9.264791300213431e-8	1.1387767278720578e-7	1.3477764535470852e-7	1.5348887593393363e-7	1.7181197515405236e-7	1.88920530156398e-7	2.0488430460293334e-7	2.191010208627989e-7	2.3280466315829568e-7	2.4476468157275274e-7	2.571488022245344e-7	2.6497267772987616e-7	2.719552886979953e-7	2.800129443735197e-7	2.847623531457453e-7	2.9064054421124406e-7	2.810303894318928e-7	3.0655752934140414e-7	3.005281494926463e-7	3.030883551497628e-7	3.0158801062566006e-7	3.0239360178232824e-7	3.004167785454413e-7	2.996222530211944e-7	2.9877420725383437e-7	2.882978601661926e-7	2.862167120655794e-7	2.822464761024085e-7	2.758844987792388e-7	2.6787583119765917e-7	2.5805783894067865e-7	2.458148015789907e-7	2.3040905626172678e-7	2.103893430183239e-7	1.8331454908712224e-7	1.446102954866135e-7	8.488037516536205e-8	1.4134869286262236e-10	2.91848521975749e-7	1.1989266503859567e-6	2.375210998120151e-6	3.0568035647172733e-6	2.9510935429834896e-6	2.5170158740185026e-6	2.082749651902356e-6	1.7339948475778017e-6	1.4657281383327217e-6	1.2581906399559636e-6	1.0988497308380298e-6	9.706086112731722e-7	8.692670471832339e-7	7.849990965501098e-7	7.137842481052314e-7	6.531038671071599e-7	6.053841598234162e-7	5.599399203360306e-7	5.253648853938931e-7	4.895926014859857e-7	4.6270970566053914e-7	4.385673664592827e-7	4.115204952740035e-7	3.911635079633276e-7	3.714225292726312e-7	3.5532115879662755e-7	3.317555017289432e-7	3.222720465043373e-7	3.0970445483862025e-7
2.2843761914461323e-9	2.4659151115252416e-8	4.6861674774939903e-8	6.865531087989486e-8	8.99422807505465e-8	1.1056445251059364e-7	1.3035567768937436e-7	1.4929390647737206e-7	1.6752135011694897e-7	1.8396427532998115e-7	1.9903284452150884e-7	2.1399505782209767e-7	2.2656651203786983e-7	2.402652438847872e-7	2.492773179828772e-7	2.598391695121415e-7	2.6829757833124286e-7	2.7665749247754786e-7	2.8055336093854657e-7	2.912616592914863e-7	2.900995488530897e-7	2.9456118034328377e-7	2.9648678337563466e-7	2.946287920179086e-7	2.989353103900888e-7	2.994465443769559e-7	2.977559396969075e-7	2.968490322325067e-7	2.949693920172957e-7	2.9178451908515055e-7	2.896145832488247e-7	2.864003686796837e-7	2.795938336813703e-7	2.726938338144434e-7	2.64717723499061e-7	2.551679132548082e-7	2.433323588844723e-7	2.2832185027252108e-7	2.0879247591397567e-7	1.822664101913558e-7	1.4414093954247265e-7	8.489891266158022e-8	1.4134773334263334e-10	3.09418981355891e-7	1.2587163474704106e-6	2.462551218834822e-6	3.0902484817925557e-6	2.9180404709344687e-6	2.4585292745115456e-6	2.0244825811782328e-6	1.6819836766372028e-6	1.4224161135270563e-6	1.2213581669846567e-6	1.0685151641639004e-6	9.442335712728542e-7	8.46815443256203e-7	7.655081727432409e-7	7.641389677717963e-7	6.400766478371506e-7	5.927220350037093e-7	5.491047529033054e-7	5.080824731543476e-7	4.788709778672914e-7	4.548410047850445e-7	4.264736982566141e-7	4.0269890684244153e-7	3.831694381423889e-7	3.6342780850373146e-7	3.4773551545506236e-7	3.273052930054389e-7	3.2121959762984934e-7
2.2147834214219785e-9	2.3911707904987354e-8	4.542572650218323e-8	6.660645934969356e-8	8.728475979719761e-8	1.0731652952531597e-7	1.2673825304323552e-7	1.4509771198790218e-7	1.6250701604424973e-7	1.7866571706236444e-7	1.9445490386387034e-7	2.085765966039841e-7	2.2163077037129016e-7	2.3280997865429346e-7	2.441042207260742e-7	2.536799698937855e-7	2.6196617714918655e-7	2.695522131920817e-7	2.749089723330072e-7	2.8220186590357294e-7	2.8432564667259444e-7	2.7295001875977186e-7	2.93164868794081e-7	2.933058814266597e-7	2.975374405492507e-7	2.9498569153031855e-7	2.943117154634433e-7	2.94739572759484e-7	2.9382013612125984e-7	2.9244169015384795e-7	2.910432158410222e-7	2.8699501134715695e-7	2.801259987265911e-7	2.759885672510452e-7	2.6905001707180097e-7	2.6176525082675267e-7	2.5236802973363554e-7	2.408103994313346e-7	2.261737506620362e-7	2.0712080777345798e-7	1.8113276063085607e-7	1.4361507785750706e-7	8.488164512954697e-8	1.4134671976621464e-10	3.271844567918555e-7	1.3197614983462645e-6	2.546959314623715e-6	3.110885410293052e-6	2.8775852692161323e-6	2.3996187518916206e-6	1.9681781015686176e-6	1.6328653724164967e-6	1.3808110537861787e-6	1.1871733267223082e-6	1.0394502897865353e-6	9.1990106417132e-7	8.254174479461499e-7	7.471618840074226e-7	6.784907166222465e-7	6.258889540919091e-7	5.785000386997769e-7	5.380254515802333e-7	5.013210474398119e-7	4.712806272535326e-7	4.326650785589392e-7	4.192808347163498e-7	4.000838422408586e-7	3.7394810733801284e-7	3.5323198463906655e-7	3.4141706820900475e-7	3.2529412096259576e-7
2.146928769872378e-9	2.3181097076796218e-8	4.404679378589411e-8	6.4598728707094e-8	8.464966285914924e-8	1.042329356656414e-7	1.2285291754979576e-7	1.4095493572648527e-7	1.581156584623259e-7	1.7416321896515873e-7	1.8939078167491572e-7	2.031926484966105e-7	2.164062759820561e-7	2.2859093761162004e-7	2.4131663700250205e-7	2.4735619869322975e-7	2.565049372250706e-7	2.64533962259688e-7	2.736300433228431e-7	2.748883208148806e-7	2.803800200614919e-7	2.823784649038665e-7	2.8639382352237084e-7	2.894763331440222e-7	2.799715033781834e-7	2.9472148284455184e-7	2.934380897611321e-7	2.9374975183365924e-7	2.9289176790618113e-7	2.908194522334849e-7	2.847540729835348e-7	2.856584362464575e-7	2.8161481705077e-7	2.767964339297844e-7	2.7175695016659263e-7	2.659511128801977e-7	2.5848807570921406e-7	2.4938558686053583e-7	2.3820665890521076e-7	2.2399011786842567e-7	2.054008434218578e-7	1.7996660060127183e-7	1.430383457015077e-7	8.483137243488477e-8	1.4134584826252527e-10	3.4539675811906033e-7	1.3818968211061418e-6	2.6282903384898296e-6	3.1261576985223397e-6	2.8333817967135527e-6	2.341118674145778e-6	1.9139785649685965e-6	1.5862080675163897e-6	1.3422050618061796e-6	1.1550728562264705e-6	1.0113668986867256e-6	8.968849605677253e-7	8.050635530959187e-7	7.278377982303906e-7	6.651999361454021e-7	6.120309932959479e-7	5.666545054600794e-7	5.266820816858925e-7	4.909217910470422e-7	4.708385493608603e-7	4.335746809277487e-7	4.1236713176293375e-7	3.9005257399973313e-7	3.6827091019839314e-7	3.5101128223837525e-7	3.3543870130474323e-7
2.0808917375198707e-9	2.2469937294251866e-8	4.270374773345031e-8	6.264587200607389e-8	8.216643330629637e-8	1.0119480910774145e-7	1.193968216884876e-7	1.3695370376326264e-7	1.536939054674675e-7	1.694031373783713e-7	1.8418045736201766e-7	1.981920627068902e-7	2.10832570666914e-7	2.2239755830071611e-7	2.3283531571484838e-7	2.448755066586624e-7	2.525317809229401e-7	2.6082844829294854e-7	2.6485836854861023e-7	2.7174122951969456e-7	2.796349337563988e-7	2.794955726012219e-7	2.855604631331462e-7	2.8893616526276535e-7	2.9459335024679795e-7	2.9119295417933585e-7	2.901980811757342e-7	2.909485636085509e-7	2.897825718313212e-7	2.8863349526252175e-7	2.8365945572453046e-7	2.839633616901917e-7	2.798258188134169e-7	2.7604696603547066e-7	2.7319545632160964e-7	2.6877095415215397e-7	2.621500343201942e-7	2.5542371412727556e-7	2.465300471768542e-7	2.3557993899595964e-7	2.2176338679775958e-7	2.0363714528649053e-7	1.7874287600505883e-7	1.424152324575182e-7	8.475034496228364e-8	1.4134456752997925e-10	3.640126364434682e-7	1.4451658435172631e-6	2.7055183891955345e-6	3.135843563793525e-6	2.787069648959988e-6	2.2832960370184015e-6	1.8605477992465396e-6	1.541924208271048e-6	1.3050776992600026e-6	1.1254408289121845e-6	9.844176485467717e-7	8.751269856892027e-7	7.860569683956782e-7	7.120723860080605e-7	6.509145564217866e-7	5.949981366105223e-7	5.54244500686883e-7	5.152381967500485e-7	4.817358877505925e-7	4.550335133621877e-7	4.280989506499027e-7	3.9570923131447856e-7	3.866434980794344e-7	3.6753015756823787e-7	3.4772383412943746e-7
2.016708964478992e-9	2.1779064992202734e-8	4.139320578110251e-8	6.073680160490195e-8	7.967460611018696e-8	9.816525086385542e-8	1.1589921423707606e-7	1.3296034769895648e-7	1.5039505223121447e-7	1.650217643209965e-7	1.7968806542100175e-7	1.9205282538798175e-7	2.0523115230718395e-7	2.167707715299153e-7	2.2755094582531471e-7	2.3732240137126183e-7	2.459736624625846e-7	2.536710336754911e-7	2.5662562424408795e-7	2.6539848616099687e-7	2.7477250979319883e-7	2.748991413451454e-7	2.767049490038726e-7	2.819237847688842e-7	2.790586726647285e-7	2.776208142950602e-7	2.8508151533706427e-7	2.8475903417064835e-7	2.8471994779203583e-7	2.89567637150682e-7	2.817832788267065e-7	2.8683905147771657e-7	2.829809023236863e-7	2.7636053842557785e-7	2.7197564424300523e-7	2.698256628551851e-7	2.6484007769612587e-7	2.592948965642375e-7	2.5203481423771377e-7	2.434912997880871e-7	2.329558437854516e-7	2.195041478786109e-7	2.0184335357211805e-7	1.7744755787273743e-7	1.4175004505132097e-7	8.4640521803476e-8	1.4133927018718015e-10	3.8269747039698104e-7	1.510110400434709e-6	2.778636128685158e-6	3.133845295852084e-6	2.739267369872188e-6	2.2274197140253193e-6	1.8100810028879221e-6	1.5001116073094765e-6	1.270107891369764e-6	1.096265040073071e-6	9.595345192213492e-7	8.539292431264837e-7	7.676833916952901e-7	6.972930551168903e-7	6.533659194960786e-7	5.867479373180956e-7	6.206923269129937e-7	5.041880488597784e-7	4.7247619672021446e-7	4.4339587111040473e-7	4.2721481500608754e-7	3.9538983600031984e-7	3.7376225921462457e-7	3.559939876895384e-7
1.9544376375149835e-9	2.1108054104694033e-8	4.0125906980106205e-8	5.887202975498601e-8	7.726967958785854e-8	9.51645610534527e-8	1.1284165421652084e-7	1.2900471339125384e-7	1.4503222075395927e-7	1.6017501353335937e-7	1.7469625185023426e-7	1.8776070687953686e-7	1.9991201640933577e-7	2.1147507539395393e-7	2.2283398858016736e-7	2.3121370043882746e-7	2.39664717235298e-7	2.4700461325060347e-7	2.548678734080251e-7	2.635062020457344e-7	2.6959870014068257e-7	2.7528892188095935e-7	2.7417515015049046e-7	2.774617030452984e-7	2.7736181577020485e-7	2.852190814071043e-7	2.8128206878100135e-7	2.836363906362343e-7	2.8395117512553116e-7	2.850661351848903e-7	2.8360608185157787e-7	2.7989184778962304e-7	2.779805161201768e-7	2.74917906175388e-7	2.7755573434866945e-7	2.7024734382305363e-7	2.663531022623614e-7	2.6144144588318955e-7	2.5568964642191544e-7	2.4872240226938024e-7	2.405630284093582e-7	2.3030108521877647e-7	2.172239308580927e-7	2.0001003169435667e-7	1.761555767730672e-7	1.4104754757657763e-7	8.450431797465978e-8	1.4133815405654445e-10	4.0189295484056223e-7	1.5750820943489895e-6	2.8472839593635412e-6	3.1257770487809406e-6	2.689091018534686e-6	2.172038574729903e-6	1.7625078448036875e-6	1.460190650299816e-6	1.235554306313101e-6	1.068316157694818e-6	9.358765939485385e-7	8.333781670144244e-7	7.501898753498166e-7	6.722994957510145e-7	6.238967080968128e-7	5.738476560326788e-7	5.325811354226398e-7	4.971035593427312e-7	4.6256587339483806e-7	4.4181959532561067e-7	4.133758189168736e-7	3.9009133256753434e-7	3.640200435080746e-7
1.8945100560391707e-9	2.0457752288709e-8	3.889790747416727e-8	5.71049281113524e-8	7.493529292385884e-8	9.233041893538914e-8	1.0977104081191824e-7	1.256901060530794e-7	1.4085222568368475e-7	1.5554969513400526e-7	1.700819981572106e-7	1.8268540571018137e-7	1.940493887454053e-7	2.0589513038283541e-7	2.1611161595277353e-7	2.2525546141120413e-7	2.3420627859638889e-7	2.4281676085041277e-7	2.4711200232624e-7	2.558790137632444e-7	2.6053258387565384e-7	2.677050372060334e-7	2.7155662963610097e-7	2.711037437331675e-7	2.7712309020996895e-7	2.7311810015093565e-7	2.75892903783948e-7	2.837009656892631e-7	2.9195256840115413e-7	2.778841762454966e-7	2.7497562856328857e-7	2.7762944489553895e-7	2.730180052917817e-7	2.781036759482578e-7	2.7325558944277296e-7	2.6829557304525747e-7	2.6709526368147043e-7	2.639700550321978e-7	2.577391928003787e-7	2.5230211496863125e-7	2.4565877998906344e-7	2.3757922841136821e-7	2.276453483997259e-7	2.1496054998673938e-7	1.9814691960813612e-7	1.7482828657699645e-7	1.4031156816165503e-7	8.434385430064109e-8	1.4133548522010855e-10	4.214155503972743e-7	1.641495951254176e-6	2.9105081510700195e-6	3.1144827605025033e-6	2.6374781716959276e-6	2.1176958323535213e-6	1.716570132532412e-6	1.422400325322848e-6	1.2048808369173676e-6	1.0422684723757946e-6	9.143573942727186e-7	8.150190310905663e-7	7.338485021690063e-7	6.659315720690995e-7	6.101146509722446e-7	5.616948553449742e-7	5.220698855871834e-7	4.880324553124589e-7	4.5530893049505804e-7	4.2781753978758595e-7	4.010476651328878e-7	3.82539958560705e-7
1.8360272494261392e-9	1.9827352542448296e-8	3.7697153085928755e-8	5.5362197632950965e-8	7.267605923582607e-8	8.957615221897598e-8	1.0600203320675427e-7	1.216428220427018e-7	1.3690852535395164e-7	1.5128468049964184e-7	1.6481972572062897e-7	1.7863927225094812e-7	1.885987517826626e-7	2.038271578211927e-7	2.1416723849097844e-7	2.2209890649962795e-7	2.288918463262336e-7	2.3455736744721443e-7	2.46522213547905e-7	2.4954810456393205e-7	2.5430459717385573e-7	2.602637345515233e-7	2.671510402566374e-7	2.67769160380865e-7	2.730522593881099e-7	2.699867161050272e-7	2.7561310603607504e-7	2.837846950745677e-7	2.754432785637144e-7	2.7892868126421796e-7	2.784723192485433e-7	2.728985305565523e-7	2.7071724487467707e-7	2.780859452305023e-7	2.7023138501670603e-7	2.676051611620176e-7	2.6744791224585504e-7	2.6287936318401145e-7	2.5997991503567204e-7	2.5403431791322534e-7	2.488781708243431e-7	2.424523777342098e-7	2.3464604935775253e-7	2.2501104025255197e-7	2.1265455384333958e-7	1.9627683992211104e-7	1.734689385275213e-7	1.3954554106087006e-7	8.416047250590845e-8	1.4133391302890228e-10	4.411989891674316e-7	1.7086074382390631e-6	2.9694296642074294e-6	3.0978316019454764e-6	2.5858493577976815e-6	2.065125414380215e-6	1.671980938924462e-6	1.386004526128355e-6	1.1751465623720617e-6	1.0172585423509382e-6	8.934787905393532e-7	7.965917539237622e-7	7.178727474608532e-7	6.53152951445782e-7	6.028056633036495e-7	5.564914605543124e-7	5.127490528630012e-7	4.773637358842342e-7	4.4752834543483243e-7	4.205483063431517e-7	3.945601383376959e-7
1.7797446265893574e-9	1.9220398881369026e-8	3.653025129578473e-8	5.367725746830168e-8	7.046645015659672e-8	8.688147879512147e-8	1.0280522233418582e-7	1.18085928663237e-7	1.3281291149626438e-7	1.449903387284395e-7	1.6053937356925565e-7	1.7342839386610562e-7	1.8478957054377922e-7	1.9580552916756798e-7	2.0607690428655307e-7	2.166570971251806e-7	2.2365006355782314e-7	2.3152084787549828e-7	2.3805107707905997e-7	2.4321008867767725e-7	2.5845774939958783e-7	2.5498786592784176e-7	2.611864658139064e-7	2.6123485081087087e-7	2.6303350149973974e-7	2.6624040824622727e-7	2.7279655818278274e-7	2.622447494366115e-7	2.7223778241991093e-7	2.7386455474753553e-7	2.7312150981578005e-7	3.0644575608866657e-7	2.726206175603717e-7	2.686691198727388e-7	2.6885918646515884e-7	2.711389331459457e-7	2.6370204469954436e-7	2.6235513245697623e-7	2.5744427780752745e-7	2.549983518293635e-7	2.507333416814406e-7	2.454185641054052e-7	2.3940314534753064e-7	2.3173148503563548e-7	2.2235378507347568e-7	2.1034858771871369e-7	1.944093618747259e-7	1.7208771712162123e-7	1.3875279409465434e-7	8.395637230316676e-8	1.4133315290189658e-10	4.612743656367678e-7	1.7755167021368064e-6	3.0223721249544636e-6	3.073635396303322e-6	2.5334356860577247e-6	2.0149806642555388e-6	1.6292785178228335e-6	1.35027083589131e-6	1.1457182126221608e-6	9.9209288003687e-7	8.730355584500492e-7	7.79733720109938e-7	7.021966321604726e-7	6.397545585743456e-7	5.85038950971689e-7	5.447371554465349e-7	5.01464210023762e-7	4.779319205725058e-7	4.398393918735217e-7	4.124262088615988e-7