5.877873712329656e-11
6.466463846562266e-10
1.2352847843408949e-9
1.825125571093891e-9
2.4170329048155064e-9
3.0092461479570113e-9
3.6164088352946465e-9
4.204229836951391e-9
4.8115422590444805e-9
5.419820349479315e-9
6.0351217091766655e-9
6.653199407353767e-9
7.278996230534265e-9
7.917891057464477e-9
8.548251325981565e-9
9.21097736433863e-9
9.856740431991043e-9
1.0500675042559758e-8
1.1193852533397497e-8
1.1882288718559191e-8
1.2558397848812143e-8
1.3342555911053338e-8
1.4000654845859907e-8
1.4783711022840896e-8
1.5436767351281057e-8
1.6188903834778034e-8
1.696824944383844e-8
1.775866038755042e-8
1.8511119222687018e-8
1.9392986501056297e-8
2.0144494196046735e-8
2.1059879372798724e-8
2.204445912757067e-8
2.263459921750955e-8
2.2874415627417878e-8
2.4397684200162475e-8
2.529729988089471e-8
2.747884696012017e-8
2.736312864298206e-8
2.8319699160862616e-8
2.96806498067654e-8
3.129272751861798e-8
3.0931249665054924e-8
3.219330179163018e-8
3.306293570601569e-8
3.504538328591096e-8
3.572398291986871e-8
3.5694932743573916e-8
3.711561757078332e-8
3.8471818718468536e-8
3.9754207320892175e-8
4.036888648812761e-8
4.198364205991383e-8
4.2555984138145835e-8
4.1593834215977184e-8
4.5324117779769456e-8
4.850002455306676e-8
4.5412736906705445e-8
4.7111273441944207e-8
4.6815905236786796e-8
5.0535823467895306e-8
4.901367450796206e-8
5.049266777739657e-8
5.344151894484708e-8
5.252875333041034e-8
5.2395974896352056e-8
5.332980481557028e-8
5.3680570309537495e-8
5.449736710129841e-8
5.436400511874374e-8
5.348766415673522e-8
5.2674511543069066e-8
5.163440529142037e-8
5.023385995073612e-8
4.805318088678977e-8
4.516140892631998e-8
4.135264852287466e-8
3.642493274039556e-8
3.0410416958547276e-8
2.360933875984448e-8
1.7356750558361916e-8
1.565835651488548e-8
3.075876639898707e-8
1.7577797803635296e-7
8.948893887982447e-7
4.652928661309065e-8
1.4248082458778666e-8
6.597445924446952e-9
3.684188058605684e-9
2.285194528959124e-9
1.512298244159677e-9
1.042353362376537e-9
7.348945780918374e-10
5.197705849290303e-10
3.531738102308909e-10
6.742385910869898e-8
1.0618624427416674e-7
1.2487963514479201e-7
1.3527581604870873e-7
1.411692772472021e-7
1.4403048639902416e-7
1.4538738185169484e-7
1.454117349842339e-7
1.4494669974442324e-7
1.4334666701693574e-7
1.412675389672172e-7
1.3926800850991932e-7
1.3581994351839574e-7
1.3523917016480412e-7
1.3396786122543316e-7
1.3137768480503644e-7
1.2858617221411677e-7
1.2523101536499538e-7
1.2331652884208908e-7
1.219254382180053e-7
1.1998734380356113e-7
1.1671563585513966e-7
1.1543480430028298e-7
1.1409485216045821e-7
1.1235819590978248e-7
1.0977584498639502e-7
1.0679355375959648e-7
1.0456549984916521e-7
1.0328083584254671e-7
1.018756255274405e-7
9.93776109879153e-8
9.840564692738842e-8
9.527818050949874e-8
9.461780848035695e-8
9.411329764749256e-8
9.169072969695065e-8
9.088617336263887e-8
8.846018136900889e-8
8.733095170102445e-8
8.574513159684742e-8
8.567455404093525e-8
8.394713184817549e-8
8.157868877773464e-8
8.109431041963105e-8
7.96667517294329e-8
7.89148145943353e-8
7.735092851335802e-8
7.612207696294773e-8
7.534461892695192e-8
7.495579904885917e-8
7.331676738996725e-8
7.2130674613644e-8
7.082599234687791e-8
7.012351596237724e-8
6.898733750079983e-8
6.777813782229398e-8
6.705422245612171e-8
6.677781600814963e-8
6.592995058159245e-8
6.500711648658332e-8
6.391522422375927e-8
6.343517374876106e-8
6.262956829587155e-8
6.158432471870549e-8
6.070909956414117e-8
5.993887743683225e-8
5.920792084953829e-8
5.8510914425331056e-8
5.7717741030572444e-8
5.692076623873929e-8
5.623251182183763e-8
5.5671929479354994e-8
5.50165382057406e-8
5.4362304966089217e-8
5.366468287722448e-8
5.3207242830874085e-8
5.237697228129566e-8
5.1788859259588625e-8
5.111775340566429e-8
5.069982920973065e-8
5.0088532321696386e-8
4.938166652002329e-8
4.888341682454431e-8
4.8283545755320125e-8
4.7751844145269525e-8
4.716503981554801e-8
4.657968217101882e-8
4.606537310317829e-8
4.534885475938592e-8
4.502922836463257e-8
4.460455146614046e-8
4.416944620660925e-8
4.3559951326632556e-8
4.3041283232308595e-8
4.258656177287031e-8
4.215783920595586e-8
4.161707024511138e-8
4.127331991314766e-8
4.080516245728613e-8
4.035467155548456e-8
3.992464547377238e-8
3.9517573557424114e-8
3.908297469780766e-8
3.862832336857212e-8
3.821412392775471e-8
3.780433367195226e-8