2.502062778005786e-11
2.752716998856611e-10
5.258372588441368e-10
7.770659884792791e-10
1.0290408989269851e-9
1.2821846046756537e-9
1.5371409647427476e-9
1.7952905939905942e-9
2.0515607598971194e-9
2.313501170998395e-9
2.5787156523357598e-9
2.843855812569055e-9
3.0981254535508036e-9
3.3768258574111348e-9
3.6672365382510165e-9
3.940404769414848e-9
4.234858749065258e-9
4.519072648486094e-9
4.826315254916054e-9
5.10901901369188e-9
5.396026886799591e-9
5.699222217641032e-9
6.03018844535e-9
6.370975495468452e-9
6.7328222148104275e-9
7.049498646871549e-9
7.408520916359799e-9
7.638601449403367e-9
8.071596924030834e-9
8.44367356479375e-9
9.059989413197345e-9
9.564866915154568e-9
9.629830773794418e-9
9.983528511903811e-9
1.0575096399342732e-8
1.078199909582759e-8
1.0613584536011076e-8
1.1731016134711688e-8
1.1844049482724542e-8
1.2682162262861967e-8
1.3020983362303504e-8
1.3672345572780777e-8
1.479850928300178e-8
1.4412234785901503e-8
1.510544164845274e-8
1.5519036309914423e-8
1.6096634888538922e-8
1.6611451984445746e-8
1.7700884969152943e-8
1.7599535383901113e-8
1.8725123754821606e-8
1.930484437765396e-8
1.9975630080816576e-8
2.0798215302998172e-8
2.092291435067465e-8
2.1619066939814807e-8
2.2549786336066557e-8
2.267586182558643e-8
2.3464752010323795e-8
2.44940680688983e-8
2.498609957029449e-8
2.629644789043241e-8
2.6237513881557428e-8
2.7342650631544023e-8
2.702323395393105e-8
2.7972760346930975e-8
2.8447638651686455e-8
3.019730516354371e-8
3.043880979167971e-8
3.137195372426814e-8
3.2656296389013625e-8
3.1421227895036035e-8
3.246578287526067e-8
3.409454377867738e-8
3.581171812764036e-8
3.5622840998908254e-8
3.55511915366141e-8
3.6669929770871924e-8
3.609518550831888e-8
3.656339155967325e-8
3.767700872954865e-8
3.6904291913259854e-8
3.575957424255823e-8
3.689654336902985e-8
3.6494416314596926e-8
3.549458971989741e-8
3.4291968112029924e-8
3.2748868911631116e-8
3.065130997188805e-8
2.7962318752990576e-8
2.454867384602874e-8
2.0446461528887552e-8
1.5987415755440766e-8
1.2309014266462257e-8
1.2696596613994028e-8
2.8448745353879857e-8
2.1701941452875948e-7
3.1106533990490496e-7
2.8607937907046767e-8
9.523652249069034e-9
4.540093845788473e-9
2.5624304541367116e-9
1.5902747209924743e-9
1.0441448587417793e-9
7.062699545062555e-10
4.779240695107612e-10
2.9092926468569565e-10
8.421126465433031e-8
1.099353379105456e-7
1.2302979852244976e-7
1.300394425189652e-7
1.3363904440466962e-7
1.3534208253956356e-7
1.357440229118263e-7
1.3484933620749723e-7
1.3315509904734892e-7
1.3154452651251222e-7
1.298051914060548e-7
1.267483944828969e-7
1.2448846346718415e-7
1.2260778828023795e-7
1.2047470009117534e-7
1.1772018527955258e-7
1.1668804984083027e-7
1.1418153093480222e-7
1.1190154146720402e-7
1.1111432342997267e-7
1.0754397742414304e-7
1.061848030455876e-7
1.0370549462103735e-7
1.0001450057171984e-7
9.975802906238372e-8
9.769228558199425e-8
9.67224555710335e-8
9.52237957748178e-8
9.308638997735987e-8
8.900129428217212e-8
8.893881893306278e-8
8.743749181583406e-8
8.54113125703592e-8
8.505677142583648e-8
8.367086842950627e-8
8.28242853747045e-8
8.103975362655077e-8
8.04023579065095e-8
7.884275931251839e-8
7.666976176527418e-8
7.635068561882046e-8
7.419882784361879e-8
7.438924385276912e-8
7.277696286067816e-8
7.189652791868941e-8
7.090922033721014e-8
6.99959938192566e-8
6.902104982390323e-8
6.851295114641596e-8
6.745275920826793e-8
6.628202873578212e-8
6.425359602219642e-8
6.410107479392838e-8
6.330012812099511e-8
6.208479649535923e-8
6.121943125968757e-8
6.09870944825598e-8
5.9806373714464e-8
5.889723036384316e-8
5.852746879984764e-8
5.7778523632362976e-8
5.710845912642505e-8
5.6035770686199925e-8
5.561423017361444e-8
5.4881198564731686e-8
5.45842603207628e-8
5.365875103248658e-8
5.302477893924716e-8
5.2264143775008346e-8
5.1524549221686666e-8
5.104478179403779e-8
5.038902831435372e-8
4.9843864946729204e-8
4.9291340101319226e-8
4.866010685698309e-8
4.8117879563024665e-8
4.745005275953196e-8
4.6921025113296545e-8
4.6419498630855495e-8
4.596932261048972e-8
4.543459241432217e-8
4.477446679514181e-8
4.433310490228724e-8
4.378836406824478e-8
4.3346201521136906e-8
4.2867749913615103e-8
4.2318957121848687e-8
4.196791186288181e-8
4.154390768075154e-8
4.099254424188193e-8
4.049868698614487e-8
4.014104753219476e-8
3.96799188630146e-8
3.926237279190621e-8