1.6525167483047465e-9
1.8164898693334496e-8
3.461388221659131e-8
5.093922508439155e-8
6.709363996975523e-8
8.301457642759661e-8
9.865911754619581e-8
1.1394237587303753e-7
1.2882919576654254e-7
1.4335235210114344e-7
1.573414749676326e-7
1.7085198756600645e-7
1.8370106271247499e-7
1.960360616643785e-7
2.0778815113470463e-7
2.1899531629727806e-7
2.293410339458306e-7
2.3929193931991435e-7
2.4775834589276486e-7
2.557043690408875e-7
2.628033701594373e-7
2.6923102744600345e-7
2.7450478167423765e-7
2.786192240089993e-7
2.8198167037858324e-7
2.8377058525349865e-7
2.837295082563946e-7
2.8239496300850975e-7
2.789387320358875e-7
2.7295673335402175e-7
2.639597092569917e-7
2.511148966900465e-7
2.3352740852660393e-7
2.0989543943500896e-7
1.7888042621993153e-7
1.3953180460969393e-7
9.330453314333036e-8
4.948286725457374e-8
3.365551097422399e-8
6.981793748904013e-8
2.7438309641219705e-7
0.0016410079727875785
2.6996570591255043e-7
6.566555130222035e-8
2.8417178240326523e-8
1.553973912679398e-8
9.648768756149864e-9
6.485966069993712e-9
4.6013799213182274e-9
3.3928639337734786e-9
2.574354921666762e-9
1.9959950464561343e-9
1.573196738488646e-9
1.2553023314941887e-9
1.010457127262622e-9
8.177620730015573e-10
6.629281975820316e-10
5.356666768992092e-10
4.2777007691878376e-10
3.301176894661149e-10
5.652378978225689e-8
1.191853917764849e-7
1.478198421643701e-7
1.6496564267352309e-7
1.7541357021673065e-7
1.8217546081521617e-7
1.8615999899100818e-7
1.880195050604224e-7
1.8918691426196446e-7
1.8885461361781268e-7
1.87930082872072e-7
1.8666595699446852e-7
1.849065525029394e-7
1.827842927584238e-7
1.8074962937286613e-7
1.7831525364737535e-7
1.748393164186016e-7
1.7324470156469586e-7
1.7041145801951593e-7
1.6785477262119804e-7
1.6541541417761343e-7
1.627163791988942e-7
1.603128749339155e-7
1.577002574134175e-7
1.5525863254104575e-7
1.5249808894280656e-7
1.5017985956853694e-7
1.4766135003904733e-7
1.454592637799216e-7
1.4319113227774878e-7
1.4103008193751286e-7
1.3834515436434385e-7
1.3654556029202843e-7
1.3374317772176478e-7
1.3238109564752966e-7
1.3056857731329153e-7
1.2863892417259464e-7
1.2507359769806073e-7
1.246824744184128e-7
1.2227270619696549e-7
1.2034650541335106e-7
1.1903491730392196e-7
1.1702952796719843e-7
1.1494079680402968e-7
1.1306821539641166e-7
1.1192353379116287e-7
1.1025817988820196e-7
1.0880302313184523e-7
1.0674275461755188e-7
1.0556980773577328e-7
1.041116306613388e-7
1.024101251265026e-7
1.003628945532535e-7
9.977259642338708e-8
9.789543378999138e-8
9.703147750020026e-8
9.596533037112397e-8
9.3970166718549e-8
9.236386347729518e-8
9.140422975052142e-8
9.029107158070341e-8
8.95180697686546e-8
8.742823207206734e-8
8.643300481736975e-8
8.546996676616254e-8
8.428743857129518e-8
8.313214307951824e-8
8.181714066730008e-8
8.117047688115134e-8
8.020916995895488e-8
7.887366793457824e-8
7.789175654236516e-8
7.652597129313868e-8
7.577335020076338e-8
7.468374764104531e-8
7.385460275564608e-8
7.26403075778402e-8
7.110601191060439e-8
7.090128574506243e-8
6.983876615466375e-8
6.89528640970406e-8
6.800958173250712e-8
6.708357653718814e-8
6.63362807833763e-8
6.540877139841012e-8
6.472606940555664e-8
6.380529312530385e-8
6.295359057407936e-8
6.222089485492671e-8
6.143479332540553e-8
6.062460565431058e-8
5.990667436174513e-8
5.9188691585579776e-8
5.8454524196176884e-8
5.76631119090183e-8
5.6910442521720143e-8
5.6281854849258454e-8
5.554874482984026e-8
5.488221735798768e-8
5.422612630457105e-8
5.3517139463431005e-8
5.291942612387107e-8
5.226097246927165e-8
5.1635936414490794e-8
5.0998173941963586e-8
5.0381192859162665e-8
4.973529526088994e-8
4.913146998920985e-8
4.860290346807046e-8
4.802028536125511e-8
4.7434489142751905e-8
4.6901729633438087e-8
4.63189789293329e-8
4.5766081347967875e-8
4.5235757365676704e-8
4.470434771082712e-8
4.4182995779470854e-8
4.363896403824098e-8
4.31496050738103e-8
4.266548305947171e-8
4.216056458619751e-8
4.167586262189001e-8
4.1202419804827524e-8
4.072979318691457e-8
4.025281437448178e-8
3.9795892601410095e-8
3.9346867307098785e-8
3.889844454809833e-8
3.8459805186560994e-8
3.8023955040603185e-8
3.759493896081654e-8
3.717205905412784e-8
3.6757345734680165e-8
3.63508875960375e-8
3.595015140802233e-8
3.555149279261139e-8
3.515457564300896e-8
3.4777374725309344e-8
3.43930468757256e-8
3.401154702268078e-8
3.363857305477698e-8