3.127474443543823e-9
1.7921556717540374e-9
3.5283440281883824e-9
5.479663150061729e-9
7.792894919046732e-9
1.0681254957193132e-8
1.4481010618345006e-8
1.9764049012636785e-8
2.7584513295869947e-8
4.0082558124522996e-8
6.21911721457772e-8
1.0754422623789082e-7
2.265099211190758e-7
7.477088252049359e-7
0.000022942259629859158
1.784417869873993e-6
3.385496058893665e-7
1.3657571434072945e-7
7.250625880557801e-8
4.4409370308777446e-8
2.969080938319815e-8
2.1057680425727917e-8
1.5581081218900814e-8
1.1901046287987146e-8
9.316849667501367e-9
7.437934626334786e-9
6.032809217200805e-9
4.957295548854299e-9
4.117860286498734e-9
3.4517165930453064e-9
2.915474736223634e-9
2.478389705069162e-9
2.1181959025463873e-9
1.8184555556730236e-9
1.5668235256033576e-9
1.3538834483300342e-9
1.1723493662490543e-9
1.0165062727399392e-9
8.818093214298881e-10
7.645888070465699e-10
6.618234492811268e-10
5.70950281021478e-10
4.896708918117741e-10
4.1566126939220657e-10
3.4580229715490013e-10
2.712792262420446e-10
1.0414814945984757e-7
1.514858924041016e-7
1.774605625013072e-7
1.9351397408866662e-7
2.0371942066304878e-7
2.1033781891070229e-7
2.1434232821312604e-7
2.1656561049729976e-7
2.1722825122115228e-7
2.167633756029256e-7
2.1582505895386078e-7
2.1473018703784361e-7
2.1258109524366707e-7
2.0985111052061064e-7
2.0795917507783326e-7
2.0583822507008895e-7
2.0295711174785475e-7
2.000853029242267e-7
1.9767050047143038e-7
1.9472158682823972e-7
1.914684680090495e-7
1.882954683204779e-7
1.8622557089107508e-7
1.8322817700347277e-7
1.8074829053118486e-7
1.7807810699216627e-7
1.7543680448698792e-7
1.7256754170989065e-7
1.6891253036331307e-7
1.6734816488280517e-7
1.6492412080003314e-7
1.6235507340911615e-7
1.5977999251375583e-7
1.574305738499432e-7
1.5521763086563627e-7
1.5268914161137113e-7
1.5047430085167578e-7
1.483049638685328e-7
1.4605974377107357e-7
1.4383793608759094e-7
1.4187004605342099e-7
1.3927472154092498e-7
1.3774561236935858e-7
1.350751925132239e-7
1.336695467665766e-7
1.3139410853418664e-7
1.2974523502746338e-7
1.277677001714453e-7
1.2589943257698544e-7
1.240585217313549e-7
1.223322450926698e-7
1.2053339756296308e-7
1.1873517026128501e-7
1.1713429192599335e-7
1.1540390642314596e-7
1.1383964819884992e-7
1.1219528696066504e-7
1.1060140680669871e-7
1.0907218634000438e-7
1.0743028377187101e-7
1.059129210932876e-7
1.0439315052684348e-7
1.0300815201132445e-7
1.0155514279172451e-7
1.0011190047519144e-7
9.86940764666884e-8
9.736030861716747e-8
9.598464990269687e-8
9.469576629808073e-8
9.333400249524104e-8
9.198887997278244e-8
9.080292124906983e-8
8.956087246831364e-8
8.825391930538799e-8
8.705749157897471e-8
8.58850501850607e-8
8.473754027064562e-8
8.31084403516578e-8
8.234549593177942e-8
8.11467088790057e-8
8.018469527801967e-8
7.913018237425569e-8
7.805903168968403e-8
7.696438555978354e-8
7.597625753101344e-8
7.493866559395917e-8
7.39403095706969e-8
7.299193955891358e-8
7.195105026616997e-8
7.099120488929706e-8
7.018938283905636e-8
6.916375887167523e-8
6.81721093503679e-8
6.721570914072701e-8
6.639464455650722e-8
6.553997535698442e-8
6.464455008403787e-8
6.381297284621615e-8
6.297216907276224e-8
6.217685400833712e-8
6.136876348084001e-8
6.054947741642425e-8
5.980032936425774e-8
5.9013388998526264e-8
5.819987639903164e-8
5.74934929578637e-8
5.674826150461618e-8
5.6012862016335496e-8
5.530915198631378e-8
5.4622834120306166e-8
5.393032181001931e-8
5.3231678120200414e-8
5.257769529243523e-8
5.189903273832084e-8
5.1252760934717955e-8
5.060620979310571e-8
4.999651313353538e-8
4.9353691861343335e-8
4.8750325822740556e-8
4.8154521886326104e-8
4.755947104421667e-8
4.6966539900976044e-8
4.639270181803142e-8
4.5833862445153786e-8
4.526083006640266e-8
4.471248280697292e-8
4.417366902551565e-8
4.364187641497489e-8
4.3111830544548814e-8
4.260447651031659e-8
4.20844073420395e-8
4.157427167528525e-8
4.10840598818315e-8
4.059590125009175e-8
4.0117155041766454e-8
3.964512357350083e-8
3.9165619901873185e-8
3.871192401134417e-8
3.826966952083925e-8
3.782028821440949e-8
3.737728057423574e-8
3.694746064879162e-8
3.653286483071187e-8
3.610172876142221e-8
3.567958623284928e-8
3.5276426680563505e-8
3.488596868324363e-8
3.448207866401933e-8
3.408488787907019e-8
3.3692194709064486e-8
3.330955382322537e-8
3.293822664521359e-8
3.256719751295935e-8
3.219676123621497e-8
3.184337296924475e-8