2.202160781858502e-11
2.4230772772011584e-10
4.6283638003895253e-10
6.839274124696514e-10
9.057695905444915e-10
1.1285995996155462e-9
1.352912122106143e-9
1.5787583757368663e-9
1.806246497131832e-9
2.035695103578025e-9
2.266848172643768e-9
2.505381750077288e-9
2.746540441303441e-9
2.9817761807873824e-9
3.211247350725423e-9
3.4588326532140824e-9
3.7270805498329774e-9
3.990440782245491e-9
4.241765608514686e-9
4.494326134923009e-9
4.7309817306890545e-9
5.0234092005164646e-9
5.304905063350138e-9
5.6451521115806054e-9
5.886742068481408e-9
6.293210300352159e-9
6.615887865521457e-9
6.794812906823287e-9
7.147800112883476e-9
7.683266118191327e-9
7.793427522577736e-9
8.165362061924576e-9
8.482526083485701e-9
8.734225152158479e-9
9.102010855210803e-9
9.569840240283033e-9
1.012077917814037e-8
1.0387415405013518e-8
1.0828774500930292e-8
1.118183344106303e-8
1.1730871464252442e-8
1.223112636804533e-8
1.2483778850987956e-8
1.291767665586708e-8
1.3276140327214412e-8
1.3749436701556572e-8
1.4001279259923045e-8
1.4989674230810766e-8
1.584483036453759e-8
1.4738055646100829e-8
1.6754364348822973e-8
1.689156320077252e-8
1.724884951515109e-8
1.7793460424250898e-8
1.9242586717281363e-8
1.9666662444682042e-8
2.0069918853578868e-8
2.0527507179796936e-8
2.1073180610662567e-8
2.240121485563703e-8
2.1841403327766102e-8
2.2645383020063674e-8
2.3580994348468182e-8
2.4729270606236094e-8
2.45832661330026e-8
2.6378066584171318e-8
2.6041496217479075e-8
2.7013557124999733e-8
2.7341842295070158e-8
2.8594903839773462e-8
2.82787675506362e-8
2.928687484195593e-8
2.9942459725020745e-8
3.1112073676394766e-8
3.049547427388975e-8
3.175080993279697e-8
3.2300549223037405e-8
3.4282026506304366e-8
3.321413566436446e-8
3.390822770709751e-8
3.4329508042211085e-8
3.4762507574511614e-8
3.5246206669947464e-8
3.465242824290452e-8
3.451159011741422e-8
3.481044328192845e-8
3.416449120214799e-8
3.3760269554892e-8
3.240575429400868e-8
3.101190892914554e-8
2.9022853136417837e-8
2.6442484083157048e-8
2.3196546668124862e-8
1.9314634705544564e-8
1.512245471499161e-8
1.1728661345350084e-8
1.2324590477226088e-8
2.808241939214045e-8
2.239196191993242e-7
2.7597795253045327e-7
2.6811937494149593e-8
9.010387211551629e-9
4.309244032244821e-9
2.4343888325122615e-9
1.5100702210751302e-9
9.89580271650034e-10
6.665065450658516e-10
4.461060307092538e-10
2.8957864560504392e-8
9.022953517388141e-8
1.1220178252472041e-7
1.2368671928852878e-7
1.297881650420611e-7
1.3254493648363184e-7
1.3401910745797477e-7
1.3328481775488136e-7
1.3356055653500157e-7
1.3189256053218423e-7
1.2961516151349415e-7
1.2764171827982084e-7
1.2672901422301638e-7
1.222864712654699e-7
1.200966661425799e-7
1.1922344981775025e-7
1.1644225591851529e-7
1.1314349664995095e-7
1.1228133221697835e-7
1.0933720073651469e-7
1.0699861081379579e-7
1.054402910193013e-7
1.0380053564334548e-7
1.0100473899575957e-7
1.0039245994267034e-7
9.824247874704448e-8
9.62294572351907e-8
9.549405578622115e-8
9.315321770287572e-8
9.077499854126998e-8
8.5700671693239e-8
8.822208037448214e-8
8.584979238993559e-8
8.485374404878499e-8
8.388957186391221e-8
8.127011403887683e-8
8.151322507830497e-8
7.933275978301944e-8
7.795398629549415e-8
7.685391900098299e-8
7.631701998191182e-8
7.461842368819705e-8
7.344465289168896e-8
7.286537954322251e-8
7.182832032428226e-8
7.031660596214295e-8
7.043666316314682e-8
6.885727304549567e-8
6.762463891478131e-8
6.66437667360146e-8
6.560663418289296e-8
6.455216384980087e-8
6.340205326564373e-8
6.30098305909895e-8
6.215173799713773e-8
6.146283914060364e-8
6.042992293174859e-8
5.970067767713266e-8
5.8650711624379144e-8
5.8043010434278704e-8
5.7510094724818845e-8
5.7057147233368466e-8
5.602503190754639e-8
5.5729547246251544e-8
5.452978293014447e-8
5.375202074909591e-8
5.32693188456299e-8
5.276568917189825e-8
5.202139789990255e-8
5.142957011495607e-8
5.0656946263914023e-8
5.0160996388802304e-8
4.943014537085299e-8
4.893440822350119e-8
4.836804311195413e-8
4.761085079162713e-8
4.7294340612553074e-8
4.675097721354846e-8
4.613385144703433e-8
4.614349656443181e-8
4.521976965619655e-8
4.472274369862439e-8
4.419906789945735e-8
4.3677299694351044e-8
4.3188595778286136e-8
4.248411325061271e-8
4.2176190338324687e-8
4.173110197818066e-8
4.1259012113951286e-8
4.0780734503508076e-8
4.03378554237177e-8
3.9922559826183464e-8
3.951307632648316e-8