1.7918234593111033e-12
1.9715043761887294e-11
3.7664100500864495e-11
5.568587629813619e-11
7.378084670623857e-11
9.191393254588716e-11
1.1024670617878804e-10
1.28604084976046e-10
1.472256652978528e-10
1.6605576510232563e-10
1.8459038770219916e-10
2.0414357576479567e-10
2.2393375290958506e-10
2.4340127355246055e-10
2.6401541499925164e-10
2.844870854896263e-10
3.045854439572829e-10
3.2642151784036444e-10
3.4814659431089714e-10
3.704688586308438e-10
3.925801612303476e-10
4.1530730844018324e-10
4.3962683844634636e-10
4.6315162691749937e-10
4.868111459650669e-10
5.159547227405165e-10
5.397492308527846e-10
5.685830303521694e-10
5.928063264505173e-10
6.215754549570883e-10
6.52067590839291e-10
6.869190258348939e-10
7.139089868396696e-10
7.446177108581367e-10
7.787437957184712e-10
8.122056808493883e-10
8.471262359973739e-10
8.797850201871065e-10
9.21638227690388e-10
9.587324305711367e-10
9.954529345826297e-10
1.0273377250633635e-9
1.0776136876259044e-9
1.1161582986532684e-9
1.1668966012927569e-9
1.2145449915335533e-9
1.2639068887554437e-9
1.3199014971994754e-9
1.357953024293663e-9
1.4031617181004274e-9
1.4658815601023746e-9
1.521278803725465e-9
1.5641857379855726e-9
1.636318287318482e-9
1.6962653463114122e-9
1.7648769306032415e-9
1.8236026259261257e-9
1.912087795210733e-9
1.936373199250877e-9
2.033438237754078e-9
2.115018732803766e-9
2.1865444694098344e-9
2.276145259358064e-9
2.3492881714281755e-9
2.422455308896955e-9
2.539502451320009e-9
2.683956545309349e-9
2.714647096315078e-9
2.790357723078152e-9
2.9769643453779416e-9
3.017901773527861e-9
3.098937392618924e-9
3.2415296563495144e-9
3.3228418661122635e-9
3.443149844591604e-9
3.562957917315492e-9
3.800431093729119e-9
3.8546409246878854e-9
3.95369845299942e-9
4.025057983032498e-9
4.278696904247721e-9
4.408354997318082e-9
4.5258202133839825e-9
4.638129116543644e-9
4.772235442209011e-9
4.916601446634837e-9
5.136048427930448e-9
5.3533828802037875e-9
5.59531109857141e-9
5.622617829274767e-9
5.809198026552571e-9
6.1624390399933895e-9
6.4386737176039585e-9
6.570697765541084e-9
6.644837549974001e-9
6.882404341707516e-9
7.0308672184770254e-9
7.309461281155759e-9
7.423538450104829e-9
7.664948578022463e-9
8.25283178573229e-9
8.658031708889944e-9
8.372985657651925e-9
8.676771908698847e-9
9.182265273032995e-9
8.96394700838761e-9
9.27052705998263e-9
9.501346895784099e-9
1.0026126233088492e-8
1.0015881242079725e-8
1.0266391183368677e-8
1.0544734903758735e-8
1.0611324352604899e-8
1.1036950899988637e-8
1.1421690481431086e-8
1.1557222380411817e-8
1.1808535798629773e-8
1.2173214120447267e-8
1.2152582634845546e-8
1.2524461778707834e-8
1.2746432657962214e-8
1.2895449354247881e-8
1.372775520800621e-8
1.3394114168298831e-8
1.3486247998461176e-8
1.3432482216553086e-8
1.3480588793659253e-8
1.3285774279983311e-8
1.3066330273434407e-8
1.2767260911689936e-8
1.2299203234901857e-8
1.1673889020458046e-8
1.0981776189696223e-8
9.890503378587056e-9
8.548477718998193e-9
7.1359039753999e-9
5.811634882717092e-9
5.236408793912009e-9
7.304496742220357e-9
2.0917523079259407e-8
4.172529639778401e-7
5.91611321008952e-8
9.747021216865857e-9
3.6275450625754854e-9
1.7819693616645182e-9
9.969665369547375e-10
5.884462633307438e-10
3.180949117520483e-10
7.632576203595764e-8
9.601985923198283e-8
1.0470402687655932e-7
1.0845901578453843e-7
1.0968690371176799e-7
1.0923952127585313e-7
1.0797651209911693e-7
1.065391393936281e-7
1.0463106539375771e-7
1.0279464612457026e-7
1.0039084543810927e-7
9.818491432757559e-8
9.603885168370883e-8
9.310713980294703e-8
9.147809770418168e-8
8.963967307696982e-8
8.722476604452924e-8
8.513544241546187e-8
8.336555119146253e-8
8.211462176533649e-8
8.00093729728513e-8
7.816284218466212e-8
7.684697825150429e-8
7.581252479880113e-8
7.393119503703773e-8
7.231601931983125e-8
7.104694715380674e-8
6.96810175005252e-8
6.851351295475228e-8
6.741094619679942e-8
6.634030407203978e-8
6.471683899867636e-8
6.410994770143332e-8
6.249023350546974e-8
6.199713052385758e-8
6.040188805135881e-8
5.966975255862734e-8
5.875500899135749e-8
5.7718774441535686e-8
5.6858233723008825e-8
5.583532047071175e-8
5.55065172877311e-8
5.3661802521497444e-8
5.371084339912923e-8
5.2776480300122576e-8
5.2179114002507426e-8
5.1468529242172465e-8
5.076650275954496e-8
4.970368718906274e-8
4.906837803383519e-8
4.888076974192256e-8
4.79528950935137e-8
4.6777297947885694e-8