5.053043866902675e-13
5.5601353152950884e-12
1.062201983160156e-11
1.569905516143484e-11
2.0795521473607056e-11
2.5923635683742406e-11
3.109082705924523e-11
3.62881912092241e-11
4.1535568061971195e-11
4.683237981579369e-11
5.218937764761297e-11
5.763506959218733e-11
6.314570443912169e-11
6.873531642269981e-11
7.442777348832544e-11
8.02039325123221e-11
8.612906458038226e-11
9.216988492944701e-11
9.826842200319632e-11
1.0449851886165091e-10
1.108647255719467e-10
1.1748977070327458e-10
1.2407814380424465e-10
1.3106991166697612e-10
1.3813887643455613e-10
1.4522586056860079e-10
1.5253817044168597e-10
1.602012181595782e-10
1.6829279847576606e-10
1.764664626731867e-10
1.84362992288764e-10
1.92808413514039e-10
2.016667808467569e-10
2.1069848356538133e-10
2.198234453369388e-10
2.2966626982007436e-10
2.396228996668069e-10
2.497174448671771e-10
2.5968365567767937e-10
2.7110229703474986e-10
2.826747919369327e-10
2.942505954235101e-10
3.0614819979066237e-10
3.180009950679068e-10
3.307946252916106e-10
3.4386361010352366e-10
3.5907561271551525e-10
3.7206364189614626e-10
3.867369554634342e-10
4.01115975739761e-10
4.167833489994839e-10
4.3423703242481255e-10
4.5033486378700456e-10
4.671776381728777e-10
4.834941561949658e-10
5.034718998081176e-10
5.223929167206556e-10
5.428065880410399e-10
5.614936903849757e-10
5.809645747267475e-10
6.072763429573265e-10
6.288564782799433e-10
6.484627791111977e-10
6.664119071381762e-10
7.017960959086609e-10
7.240024747454923e-10
7.532601922316178e-10
7.780064210260356e-10
8.090079887707007e-10
8.408916012107628e-10
8.687567966950112e-10
8.995258003081975e-10
9.336428394679253e-10
9.61940191002433e-10
9.965587401269357e-10
1.0334180154157928e-9
1.076698412280222e-9
1.121763334197405e-9
1.1635033272864461e-9
1.200672523195432e-9
1.2448719694018876e-9
1.2952768764430258e-9
1.3396126278117822e-9
1.379553134080385e-9
1.4264859295330495e-9
1.470226445365598e-9
1.5277527175640901e-9
1.5712606010234625e-9
1.6357350468398163e-9
1.6857797780993021e-9
1.7744083943948664e-9
1.7914468451833528e-9
1.8858032324747812e-9
1.96297041979042e-9
2.0509128649722292e-9
2.0877955280864123e-9
2.170463647089846e-9
2.188670110692502e-9
2.2652892292193858e-9
2.3903176737868567e-9
2.477485872169316e-9
2.563787761056818e-9
2.635209491631229e-9
2.712216734641555e-9
2.7958912020052656e-9
2.9000564535742463e-9
3.0143914193603653e-9
3.1185801436809723e-9
3.229042005545703e-9
3.347109347399523e-9
3.493076471639957e-9
3.522062560853473e-9
3.7091343513692173e-9
3.774608818901915e-9
3.965651860832367e-9
4.004272969592743e-9
4.196030036174e-9
4.3270752398517856e-9
4.3664921788874066e-9
4.515005570686475e-9
4.766895793883385e-9
4.945862842522512e-9
4.991928144620177e-9
5.21552960905955e-9
5.294017200646746e-9
5.436991355796432e-9
5.526364463102229e-9
5.904497388723622e-9
5.80514592077792e-9
6.0898924795832766e-9
6.47965917288881e-9
6.502450544867163e-9
6.617623409821522e-9
6.850741672666954e-9
7.045148283851905e-9
7.16417432230849e-9
7.329842808836062e-9
7.427070041792073e-9
7.62013713410992e-9
7.907663796567403e-9
8.075094061369626e-9
8.2697967867321e-9
8.355452473196755e-9
8.465108313953944e-9
8.784671828639804e-9
8.673456566836168e-9
8.793257880124262e-9
8.86316435829946e-9
8.854696506145449e-9
8.851444831917929e-9
8.750649117819192e-9
8.636633408298534e-9
8.401182298674296e-9
8.085143973930674e-9
7.660053995574517e-9
7.104516970382728e-9
6.405190085460605e-9
5.57945430339204e-9
4.684780650403483e-9
3.917342693954183e-9
3.791026079039645e-9
5.80386705403573e-9
1.779849796972887e-8
5.83049347953576e-7
3.624764572919973e-8
6.6229118966370244e-9
2.5111095385649443e-9
1.2274632284932555e-9
6.669996958672267e-10
3.435046575716786e-10
7.22794427034182e-8
9.001231142770185e-8
9.711944836804419e-8
9.967725403622626e-8
1.0004374724677964e-7
9.908668616466705e-8
9.763449767113387e-8
9.565134877626307e-8
9.365432174785635e-8
9.10628698590886e-8
8.888990219211774e-8
8.678582514795371e-8
8.447939948361983e-8
8.263630343481395e-8
8.101070739118584e-8
7.800801845345716e-8
7.734679535031854e-8
7.470168501509025e-8
7.32589388861722e-8
7.147471552745484e-8
6.982828552490707e-8
6.850587186871487e-8
6.74268075925588e-8
6.530513661663405e-8
6.442164624899269e-8
6.294729684807618e-8
6.223314056939814e-8
6.060726056227528e-8
5.9475838481537354e-8
5.8839092807639236e-8
5.743645106175119e-8