1.8017487181030234e-9
1.9804006943890796e-8
3.772979277966707e-8
5.5510784265772274e-8
7.308218380577391e-8
9.037173705009981e-8
1.0731669931246922e-7
1.2390510630651635e-7
1.399743833417112e-7
1.5552185455278006e-7
1.705317802560431e-7
1.849443555360508e-7
1.9865843969028578e-7
2.1176116262563716e-7
2.2410248064935758e-7
2.3534353811519493e-7
2.4609446769663294e-7
2.5608543983787026e-7
2.651463878457227e-7
2.729384243601968e-7
2.81314949583081e-7
2.8641704886187585e-7
2.907287980185739e-7
2.9361917801902324e-7
2.966399021042886e-7
2.9683831623095257e-7
2.9556629399570723e-7
2.9192214142171565e-7
2.8591170348169703e-7
2.765837209443985e-7
2.632556882851633e-7
2.449088080491313e-7
2.202582266432296e-7
1.8783842871597097e-7
1.46631986814883e-7
9.804450569357565e-8
5.154820096521902e-8
3.3588346825116136e-8
6.783172737933719e-8
2.509399350394576e-7
0.00005656312592299557
3.203047667303198e-7
7.280165941792246e-8
3.083237400154664e-8
1.6686852218681052e-8
1.0300263580191125e-8
6.8988065761381395e-9
4.8829420342683966e-9
3.5952444258970723e-9
2.725651931306809e-9
2.112610866565174e-9
1.6653154272215422e-9
1.3295725227538965e-9
1.0714102502241045e-9
8.686154102371935e-10
7.060774059747984e-10
5.730403724427838e-10
4.6123554784355336e-10
3.6279498367562286e-10
2.5843115844318653e-10
1.0414154342844485e-7
1.402690165061052e-7
1.604982952615583e-7
1.732392909779203e-7
1.8110742369527827e-7
1.8603686184659054e-7
1.887474633188074e-7
1.897034293266529e-7
1.8980761693398396e-7
1.8922590047976453e-7
1.8832937254739686e-7
1.8641033953274897e-7
1.8467492295685398e-7
1.8240619532898248e-7
1.7999901767632733e-7
1.778850542196175e-7
1.7526632864254935e-7
1.7194276791408402e-7
1.6987551091553187e-7
1.6734191507428508e-7
1.6416463656574145e-7
1.616958961291556e-7
1.5854397039040163e-7
1.5689952566803356e-7
1.5460720992436954e-7
1.5215183195782107e-7
1.4958829181928182e-7
1.4705431909873776e-7
1.4466078149533997e-7
1.4243645288382646e-7
1.4054140564969868e-7
1.3800775551891347e-7
1.3621046742600686e-7
1.3379904023255425e-7
1.3193619566843662e-7
1.2976827393315228e-7
1.2755283751717028e-7
1.2561266701839336e-7
1.2403566086403755e-7
1.218962954954699e-7
1.1941332357877517e-7
1.185226919342507e-7
1.1656187733965886e-7
1.1495012489613537e-7
1.1379952411671891e-7
1.114675807493851e-7
1.0988810705093199e-7
1.0826589664724439e-7
1.0668314622238988e-7
1.0527499166585721e-7
1.0371407595770072e-7
1.0230655152451849e-7
1.009888025299861e-7
9.91273411637489e-8
9.789237787840482e-8
9.652802979056358e-8
9.579585885254338e-8
9.36112651955501e-8
9.267624095781648e-8
9.132295200050278e-8
9.017919303894753e-8
8.872161511199672e-8
8.780889780747217e-8
8.669376772703666e-8
8.547614713721723e-8
8.347541593353029e-8
8.288554351471155e-8
8.196606052041782e-8
8.080802119397269e-8
7.983061481543154e-8
7.863810656331014e-8
7.773333047321484e-8
7.664619007486773e-8
7.563216694399408e-8
7.4592689115545e-8
7.357874224344189e-8
7.216283710060273e-8
7.149094627153706e-8
7.073144753793227e-8
6.966246494681815e-8
6.883511082625069e-8
6.78799489659698e-8
6.663394226979373e-8
6.63498071052333e-8
6.543312121128795e-8
6.475179661349492e-8
6.37621853715815e-8
6.283820196864966e-8
6.199455527320424e-8
6.139177513529333e-8
6.05741184264364e-8
5.980711596645204e-8
5.906349012249215e-8
5.829309336378905e-8
5.756006532229457e-8
5.682079964254755e-8
5.613360648716923e-8
5.551829792969966e-8
5.476883290570788e-8
5.409517100937981e-8
5.343401183933729e-8
5.280725678798015e-8
5.2214763346947026e-8
5.153506830750596e-8
5.0919963782141945e-8
5.030670257452413e-8
4.9659210757847984e-8
4.9063898702150955e-8
4.850023274319451e-8
4.7899296699204713e-8
4.7336084267030764e-8
4.678322743812434e-8
4.623286173892114e-8
4.5685689522734406e-8
4.514098648114904e-8
4.460930210738416e-8
4.40684769030162e-8
4.355790951340671e-8
4.307086577214818e-8
4.2566943242500416e-8
4.206672608304754e-8
4.157859591091621e-8
4.110108153772444e-8
4.063232368809561e-8
4.0163650990792956e-8
3.9710322599768075e-8
3.92533187508422e-8
3.881329760268553e-8
3.837634875134474e-8
3.7941833523832153e-8
3.7512869046632996e-8
3.709090869709746e-8
3.667691110766752e-8
3.627058620740614e-8
3.586723843105467e-8
3.547397520745885e-8
3.507524076667816e-8
3.468985070198909e-8
3.431388371204651e-8
3.3934943208781476e-8
3.35611466218587e-8