8.857639727180413e-11
9.744977457523967e-10
1.8609646933915224e-9
2.7496354420298412e-9
3.6404397350886684e-9
4.534614653692145e-9
5.429918235280102e-9
6.3323973075930525e-9
7.221521514036106e-9
8.15858616586739e-9
9.071088782204935e-9
1.0005822370774629e-8
1.0944137322959865e-8
1.1876314728199809e-8
1.284940442899011e-8
1.3793195923625325e-8
1.4737839157226377e-8
1.5751462771675098e-8
1.6737158803764327e-8
1.7762558159487228e-8
1.8907453351333928e-8
1.9824354987879604e-8
2.0954216958402715e-8
2.198012792902544e-8
2.3057428977128403e-8
2.4091530578198097e-8
2.5095705265596836e-8
2.629555292384968e-8
2.7433293984384613e-8
2.8714212565590736e-8
2.981780515770503e-8
3.092814669658211e-8
3.205389028721804e-8
3.3169425619568844e-8
3.4782656077789915e-8
3.558586635025585e-8
3.596695415022658e-8
3.837919688205215e-8
4.1105572184538926e-8
4.034367459313927e-8
4.229051664876614e-8
4.355361271162219e-8
4.43986298790173e-8
4.510113993797498e-8
4.644810822710712e-8
4.828271383345001e-8
4.9500539619588656e-8
5.063782443809231e-8
5.262387098992966e-8
5.2882036800153824e-8
5.398840915488959e-8
5.562876543162656e-8
5.690297978666758e-8
5.64138823829852e-8
5.8530838948269496e-8
6.015576297879072e-8
6.248315888099585e-8
6.097630877912331e-8
5.8880615962721464e-8
6.392404746675026e-8
6.483123990984006e-8
6.437508911760672e-8
6.465315008779763e-8
6.518823050236849e-8
6.463373721787904e-8
6.402511341867525e-8
6.271811023915034e-8
6.083039938098319e-8
5.814494826493493e-8
5.490351846721747e-8
5.028678198618798e-8
4.443375143637063e-8
3.7146083667148465e-8
2.878006316759897e-8
2.074054603080047e-8
1.74548420457333e-8
3.173088434627008e-8
1.58615966860857e-7
2.0093996499304052e-6
6.127987840749625e-8
1.7706867950630412e-8
8.035468041014378e-9
4.449414248460054e-9
2.75212682801788e-9
1.8232461440639827e-9
1.2627208648813517e-9
8.991366488013988e-10
6.487502373328608e-10
4.651995082885168e-10
3.1214741509857983e-10
8.075518283766854e-8
1.1386268548842187e-7
1.310138488296356e-7
1.4074044545334225e-7
1.463967529802382e-7
1.493880219163222e-7
1.5053593700180312e-7
1.5042319713613116e-7
1.4953363890505222e-7
1.485374001516147e-7
1.4664118021822815e-7
1.449925621784662e-7
1.410112324428019e-7
1.4814887824365286e-7
1.3817404501273136e-7
1.3564758620221612e-7
1.3369227088303542e-7
1.3072064528849927e-7
1.2767393540135704e-7
1.2654828127665866e-7
1.2245312132691634e-7
1.2110356294756628e-7
1.2213051528778014e-7
1.1739141146749412e-7
1.1431226178995087e-7
1.1337688037242708e-7
1.1016976732557331e-7
1.085803736462144e-7
1.0754839617137119e-7
1.0696423039029716e-7
1.0372726718935e-7
1.0182790344551499e-7
1.0017776806678839e-7
9.845783589483433e-8
9.714030846589209e-8
9.512894650572796e-8
9.463393049511397e-8
9.489836543897095e-8
9.26860605761468e-8
8.922697713203385e-8
8.850706877410773e-8
8.69699163316118e-8
8.636341377359906e-8
8.369242119918894e-8
8.300253249329718e-8
8.13753914323431e-8
7.738850200737482e-8
7.942095330598105e-8
7.875007209925832e-8
7.799044954274991e-8
7.71106993037884e-8
7.57266707132043e-8
7.444032698725904e-8
7.345279567351425e-8
7.231700247524834e-8
7.114211984351651e-8
7.033821500855666e-8
6.879441861178647e-8
6.876694120250786e-8
6.771920446985537e-8
6.684032288406218e-8
6.592710734724393e-8
6.513099645470369e-8
6.423619170294499e-8
6.346073654107616e-8
6.278541125567642e-8
6.197991501520654e-8
6.08060708494881e-8
6.043628748142529e-8
5.966136251104568e-8
5.8932314528917073e-8
5.820041109554189e-8
5.728133623282162e-8
5.6601608524831196e-8
5.604545845082021e-8
5.541717710686108e-8
5.4709082133205166e-8
5.396542946884722e-8
5.3483905532087976e-8
5.268429382422094e-8
5.204370816444133e-8
5.154926968548389e-8
5.08990812599623e-8
5.016583430544426e-8
4.947360121627156e-8
4.909430685370551e-8
4.868032555926248e-8
4.800465922579995e-8
4.744497588894157e-8
4.689261598269311e-8
4.633578809219741e-8
4.583854636129179e-8
4.530558248839207e-8
4.487974352217403e-8
4.421049219717967e-8
4.3831774191041365e-8
4.3329744408760295e-8
4.283441913052976e-8
4.2372190038376063e-8
4.185991574158145e-8
4.142843546367781e-8
4.103097543758875e-8
4.051308306608972e-8
4.006229797897251e-8
3.963760747723676e-8
3.921068814734278e-8
3.8809880546114404e-8
3.841411166963923e-8
3.799224169349855e-8
3.758582039156181e-8
3.7169297021700414e-8