7.2436819365740735e-12
7.969616069351028e-11
1.5237672321963067e-10
2.251365860798463e-10
2.9803068994395125e-10
3.716701575688267e-10
4.4514388967873865e-10
5.19103074786871e-10
5.952516295753052e-10
6.70477692261966e-10
7.459647431762919e-10
8.244088423936379e-10
9.04681139923887e-10
9.834779727325616e-10
1.0682050054623253e-9
1.14564184328704e-9
1.2278096927594658e-9
1.3107950219533742e-9
1.4028895047233098e-9
1.490642524196592e-9
1.580090315497442e-9
1.6736042690305976e-9
1.7612906333146132e-9
1.8665422994671563e-9
1.9627834138328843e-9
2.0659293082676445e-9
2.181054297595651e-9
2.2777927189749635e-9
2.386277996254877e-9
2.4686867824695885e-9
2.6142420863779927e-9
2.731428101375755e-9
2.85485502947514e-9
2.9696545666375144e-9
3.116026664378274e-9
3.1815265968652597e-9
3.3457339578513144e-9
3.5282186862282895e-9
3.6700622217112274e-9
3.784197227484187e-9
3.97267115806451e-9
4.093135073394923e-9
4.201950899088936e-9
4.403442835985932e-9
4.607484205803522e-9
4.873007919401639e-9
4.917034601374843e-9
5.1549282502192045e-9
5.346934190930515e-9
5.5083633278782924e-9
5.736332217450249e-9
6.141224648081889e-9
6.063862511378904e-9
6.46543080843735e-9
6.646410632250659e-9
6.852593426133658e-9
7.0839302018638935e-9
7.351176116842183e-9
7.579009382410607e-9
7.827279960660242e-9
7.884120438058618e-9
8.311089703945944e-9
8.470962281652403e-9
9.02485201194333e-9
9.180757575257139e-9
9.579037194265512e-9
9.856624374900418e-9
1.03099102769071e-8
1.0337439421783313e-8
1.1046934055950508e-8
1.1185829605478887e-8
1.1801737271909148e-8
1.187064478540705e-8
1.2478291096023415e-8
1.281939498893815e-8
1.2970219050205249e-8
1.3144763347416284e-8
1.339377730878799e-8
1.3829211425110211e-8
1.4883447007332879e-8
1.517917736927781e-8
1.5331572402347652e-8
1.5610602070406628e-8
1.5803064408304566e-8
1.667529249359636e-8
1.71417815261614e-8
1.7463518313078732e-8
1.7927926187501122e-8
1.877350578492687e-8
1.8837292855159347e-8
1.8889852774072763e-8
1.9578490114899482e-8
1.9808674397294055e-8
2.0974526349903846e-8
2.071131469826898e-8
2.088863949949676e-8
2.132340067066391e-8
2.1701977253793035e-8
2.1832799278062828e-8
2.2083142863248796e-8
2.3631465005190063e-8
2.2143163431265066e-8
2.237832027211413e-8
2.189442689276299e-8
2.1749710031715693e-8
2.1359252478817177e-8
2.0570162256986233e-8
1.9600522441999114e-8
1.8286878001290462e-8
1.6601403457660336e-8
1.4507125071681416e-8
1.2073818061812877e-8
9.593694293304709e-9
7.949323044843078e-9
9.64855490640498e-9
2.4826862981776914e-8
2.94094419547238e-7
1.211063177131043e-7
1.6246610864303242e-8
5.801234000000904e-9
2.828031969287033e-9
1.6009100469490134e-9
9.823028567062565e-10
6.252911027047807e-10
3.8857496851438103e-10
6.430418723014627e-8
9.636373948602994e-8
1.1057437258260253e-7
1.1769012152036605e-7
1.211652059716169e-7
1.2230127477996948e-7
1.2243211557776683e-7
1.210431865376746e-7
1.1930196013730982e-7
1.1754315649748657e-7
1.1674912209728162e-7
1.1335134138569148e-7
1.1102787922492018e-7
1.090261763809197e-7
1.065672581499281e-7
1.0486481209953726e-7
1.0286309177641855e-7
9.962123509120306e-8
9.762600435668812e-8
9.56800779835156e-8
9.382408491202303e-8
9.18293854606497e-8
9.028574571934463e-8
8.814193180868991e-8
8.699381594911563e-8
8.573904027786395e-8
8.405245206187197e-8
8.317555917504114e-8
8.172376572878175e-8
7.977592457497182e-8
7.783548613824994e-8
7.690853099464681e-8
7.513526958525485e-8
7.353123628917712e-8
7.25993144764528e-8
7.188886255902255e-8
7.085241913487298e-8
6.909480517424968e-8
6.765107409373595e-8
6.72499857236181e-8
6.605438921523852e-8
6.466757957248039e-8
6.393911866715169e-8
6.343772288550054e-8
6.23576474882538e-8
6.124901574414475e-8
6.04409952776697e-8
6.021092465729962e-8
5.9201526461589715e-8
5.836200768491927e-8
5.6644472588548825e-8
5.666908155905967e-8
5.597362853320321e-8
5.5501309855424864e-8
5.4458760599046834e-8
5.3264777966036735e-8
5.280955212635561e-8
5.2223920420918365e-8
5.143518059628592e-8
5.1042543563244384e-8
5.049391523352703e-8
4.948859636370116e-8
4.9010970286280075e-8
4.8520979707723455e-8
4.760641222114668e-8
4.7270247936819805e-8
4.669437786952015e-8
4.59559110848099e-8
4.555998725712315e-8
4.506015719137906e-8
4.468730881942068e-8
4.4138253484679696e-8
4.351312013520087e-8
4.311635484488713e-8
4.244147821481743e-8
4.216964637238103e-8