3.268008512923045e-10
3.5949191034191225e-9
6.862667850797313e-9
1.0131248462590963e-8
1.340097866433481e-8
1.666511754957871e-8
1.993820943893193e-8
2.320483716320851e-8
2.646778987968024e-8
2.9748558167734522e-8
3.302791624383818e-8
3.6268179743169276e-8
3.968236378683759e-8
4.283613622294684e-8
4.606426734492449e-8
4.927423442422509e-8
5.217577820406051e-8
5.5806467995812726e-8
5.898592776706466e-8
6.238820743110938e-8
6.547411101642893e-8
6.862616586398263e-8
7.107722704561229e-8
7.501025532741401e-8
7.817801906075622e-8
8.219884156799717e-8
8.453603935295038e-8
8.677523487146131e-8
9.039243896056504e-8
9.307990997030193e-8
9.515697943091949e-8
9.88754305402547e-8
1.0054657557236365e-7
1.0381732539626386e-7
1.066123384951318e-7
1.0928751354028034e-7
1.1155878274770656e-7
1.1350539912780838e-7
1.1574669204478374e-7
1.1753288796982989e-7
1.1944696824497383e-7
1.2113130644804358e-7
1.2184675618241877e-7
1.2255812835845025e-7
1.2298757378142485e-7
1.2203863739440975e-7
1.2489608139480503e-7
1.2127333692173586e-7
1.1879606193302573e-7
1.160390179409029e-7
1.1166213429347232e-7
1.0493736172283118e-7
9.738049912381673e-8
8.665462184895874e-8
7.297368787575823e-8
5.64332137934001e-8
3.869914341224598e-8
2.59008211688528e-8
3.3808118560458837e-8
1.1286740806735476e-7
5.6505711048676454e-6
2.0537185596198572e-7
4.136995237873569e-8
1.6759951017155938e-8
8.823732051538253e-9
5.329176887242839e-9
3.499543446297695e-9
2.42899476655672e-9
1.7518503012587129e-9
1.297861766186448e-9
9.791151464959119e-10
7.463558260413307e-10
5.6983116651211e-10
4.2945030525950865e-10
3.043810806101625e-10
8.294534241302984e-8
1.2118355089565933e-7
1.4138030932075816e-7
1.5312831432095634e-7
1.6048406424551905e-7
1.6477810676660572e-7
1.6671174603377615e-7
1.6783066399196885e-7
1.6753178000451258e-7
1.668120297496829e-7
1.650234031437359e-7
1.634307445587611e-7
1.618653808255233e-7
1.587623661130139e-7
1.5688855758042007e-7
1.544791651531429e-7
1.5188157889812236e-7
1.4977510766505125e-7
1.4792563028380477e-7
1.4334340304527007e-7
1.420865757338565e-7
1.4117961170822028e-7
1.3779574016474757e-7
1.352431540970872e-7
1.3250673913276772e-7
1.2922536561977376e-7
1.2943922398037567e-7
1.2512500806146276e-7
1.2346753561204818e-7
1.2180052590237365e-7
1.2033311773476365e-7
1.1863789752125323e-7
1.1547537673582417e-7
1.1464954795615421e-7
1.1319536267054432e-7
1.0986766778195661e-7
1.0881582474678131e-7
1.0785263673280068e-7
1.058415673446856e-7
1.0411165780870872e-7
1.028716729160184e-7
1.0265118037858862e-7
9.961173847872604e-8
9.731680913940804e-8
9.756962513679129e-8
9.502675968563993e-8
9.433744814547639e-8
9.243442899814309e-8
9.12661623238539e-8
8.985416643025508e-8
8.844163828517564e-8
8.635316561996526e-8
8.607768258195472e-8
8.400261161264099e-8
8.378268322851576e-8
8.216821610311526e-8
8.133859979845655e-8
7.996844829319277e-8
7.928680415548154e-8
7.807384582684893e-8
7.661414187576106e-8
7.654366275782555e-8
7.409231868284984e-8
7.380371897584335e-8
7.317830843970893e-8
7.273565105368514e-8
7.114403063461201e-8
7.066808704294923e-8
6.963245833255634e-8
6.816507482487207e-8
6.758137178694958e-8
6.675825784111157e-8
6.578117477454249e-8
6.493113345142524e-8
6.412806254269958e-8
6.336578849382874e-8
6.252414963943538e-8
6.172680109811233e-8
6.139487538003872e-8
6.024389362630702e-8
5.956653534768873e-8
5.874376936531893e-8
5.813217145095431e-8
5.7298088363602785e-8
5.6496405549012616e-8
5.594654945313672e-8
5.5054365823459966e-8
5.457845658941462e-8
5.400798130716011e-8
5.334666966693302e-8
5.2763328520302726e-8
5.201729220659627e-8
5.1437444904549504e-8
5.081553910679106e-8
5.016448700348295e-8
4.9649544580739485e-8
4.9081980325320635e-8
4.846797099545697e-8
4.792890284845109e-8
4.7380894023284954e-8
4.681516812376343e-8
4.627215611771514e-8
4.570596330564056e-8
4.5253047579601974e-8
4.4712982423426283e-8
4.419306159518018e-8
4.367176406296662e-8
4.314745228810936e-8
4.269730254536287e-8
4.222325416836563e-8
4.175372066454961e-8
4.1315733446268244e-8
4.086054085545517e-8
4.0409700318152556e-8
3.993920943802084e-8
3.949686853863829e-8
3.905726964276723e-8
3.8619369256824656e-8
3.820726815487367e-8
3.778651161980792e-8
3.73621622978433e-8
3.6952100242310356e-8
3.654985155795911e-8
3.616008838753315e-8
3.5784158387450197e-8
3.539057274807225e-8