2.412981089430169e-13
2.655025318547981e-12
5.072445269669796e-12
7.496157738740067e-12
9.931121891008564e-12
1.237823653467064e-11
1.484302167930348e-11
1.732004251559196e-11
1.98307553146948e-11
2.23604626895739e-11
2.491988976076589e-11
2.752264123274632e-11
3.014369785076895e-11
3.281604055261953e-11
3.5535449980826294e-11
3.8284444080625284e-11
4.110748023544597e-11
4.449410823602128e-11
4.6894884328296334e-11
4.9868544859768334e-11
5.292847954389542e-11
5.606736558614179e-11
5.922796619897189e-11
6.255200903428793e-11
6.586179436809833e-11
6.929701413926442e-11
7.282172572955161e-11
7.645900653843005e-11
8.025042427356654e-11
8.408191928253482e-11
8.803447709324812e-11
9.206668889268812e-11
9.612082953650996e-11
1.0043122750349219e-10
1.0490058926349651e-10
1.0944436869188053e-10
1.1428486568091595e-10
1.1903227638674416e-10
1.242283821051631e-10
1.2925507281158107e-10
1.3474323207731062e-10
1.4021666291849544e-10
1.458249962645131e-10
1.5184006692039768e-10
1.5790847504929273e-10
1.6420586683542228e-10
1.7074960376535505e-10
1.7710772950856597e-10
1.8431948126908865e-10
1.9158155445147112e-10
1.9899677265998638e-10
2.0624129046188053e-10
2.14722531039343e-10
2.229249130140397e-10
2.3184103080585785e-10
2.4071256137919625e-10
2.4939744869734646e-10
2.5843844927571524e-10
2.6877825019053866e-10
2.7905184857424244e-10
2.8925309817977657e-10
2.99751334257595e-10
3.11400086540713e-10
3.241451598307823e-10
3.3602748570281384e-10
3.477872320390068e-10
3.5974073737253376e-10
3.725772765280721e-10
3.867099669047936e-10
4.022059178452904e-10
4.1688812972793734e-10
4.340423480998057e-10
4.46738112798353e-10
4.6313415045706807e-10
4.798504328750327e-10
4.971724525290607e-10
5.180835429433715e-10
5.376675034031797e-10
5.560795193030219e-10
5.759944494409823e-10
5.969400861913048e-10
6.180407701862427e-10
6.417998579443072e-10
6.617355559195643e-10
6.94143758105396e-10
7.126350658104353e-10
7.377570836035677e-10
7.669691238077131e-10
7.873235652574268e-10
8.180821484181133e-10
8.483100261528749e-10
8.839301494618629e-10
9.086352619915646e-10
9.474801085035504e-10
9.820781816541064e-10
1.0166710965612643e-9
1.054560938003238e-9
1.082766137152269e-9
1.1275562595468743e-9
1.1635608237987418e-9
1.2040195774887557e-9
1.2510168622983806e-9
1.2988125434579114e-9
1.3240009768709346e-9
1.3775744671122706e-9
1.410757697880169e-9
1.4928282698741977e-9
1.5338279344669219e-9
1.5931203025203958e-9
1.6553848478646302e-9
1.7084205879138153e-9
1.7707556760808356e-9
1.8432822895605081e-9
1.9002837406041505e-9
1.9524512825998333e-9
2.00840154872349e-9
2.1524344518332642e-9
2.12904957182753e-9
2.241000285713517e-9
2.3164939899304526e-9
2.4211138468401797e-9
2.464105336032385e-9
2.5449309407841443e-9
2.622027449566754e-9
2.7297320333305133e-9
2.8219237076967692e-9
2.9071100416229586e-9
3.038838558569391e-9
3.0938581699184216e-9
3.223803653156112e-9
3.3234365589901736e-9
3.4527938003758746e-9
3.532914346687184e-9
3.607191540727376e-9
3.738661377438524e-9
3.860155138056661e-9
3.971955779432484e-9
4.121802699555737e-9
4.228339748025109e-9
4.32369048875576e-9
4.468652544098425e-9
4.538460309195371e-9
4.725979585667754e-9
4.832975751496831e-9
4.9961308333370984e-9
5.170296789928086e-9
5.337643116267061e-9
5.486589477407774e-9
5.548117874709261e-9
5.7369662715836985e-9
5.877069901442548e-9
6.0532960875005e-9
6.131590438295433e-9
6.280072958561056e-9
6.404649105293563e-9
6.45308478094488e-9
6.701911090290132e-9
6.760437583076127e-9
6.782546411116722e-9
6.781901878208081e-9
7.009326817407917e-9
7.068058110410495e-9
7.042455353798846e-9
7.062992659056032e-9
7.029620523536047e-9
6.866149875222753e-9
6.698172619702585e-9
6.443951988645635e-9
6.0992775685972135e-9
5.652070996628472e-9
5.092003652744076e-9
4.43626640831869e-9
3.742059502455959e-9
3.1813335498507714e-9
3.20038312353935e-9
5.11549177611386e-9
1.6188562471630605e-8
7.182243830882669e-7
2.844336846828861e-8
5.414250926171839e-9
2.0637093360574447e-9
1.0005918619333436e-9
5.257979368417872e-10
5.008840058062372e-8
8.04102841935508e-8
9.069394851537896e-8
9.435943789145036e-8
9.513121294107763e-8
9.433814387552312e-8
9.290995688507303e-8
9.088460566106103e-8
8.898517806868828e-8
8.637371991713692e-8
8.433431267473391e-8
8.214934789259908e-8
8.0312432325796e-8
7.771231389421476e-8
7.597283546034315e-8
7.41006115274313e-8
7.210708296102507e-8
7.058751860765043e-8