5.203581264753246e-10
5.723097025505095e-9
1.0923101532259576e-8
1.6116658599901418e-8
2.1301149719783013e-8
2.6472000250449548e-8
3.163132770570062e-8
3.6763568832234824e-8
4.1904428709714924e-8
4.6970335022144466e-8
5.204449632809784e-8
5.7116430829499595e-8
6.211746909146367e-8
6.689934237170141e-8
7.198216119114313e-8
7.68669771169021e-8
8.172045232829306e-8
8.623108827662074e-8
9.098774683807919e-8
9.581508495128083e-8
1.0005801482734103e-7
1.047450640685844e-7
1.0865753240958916e-7
1.1345501962947422e-7
1.1565245291288366e-7
1.2185653740641693e-7
1.2586515483001529e-7
1.2886830964706668e-7
1.3322031190914255e-7
1.3612694945166776e-7
1.396016659689281e-7
1.433301900534847e-7
1.4561673079038862e-7
1.4807955097166587e-7
1.501884474680168e-7
1.5233607673406404e-7
1.54634374026698e-7
1.5517656038148898e-7
1.558870473459954e-7
1.560928474853858e-7
1.554401890854925e-7
1.5398457454926153e-7
1.5152968663423506e-7
1.476613084720985e-7
1.4229575351820335e-7
1.3469192996932016e-7
1.2457162367408364e-7
1.1114572305041894e-7
9.392433275073025e-8
7.272002871279842e-8
4.929111587129205e-8
3.053441572645176e-8
3.406718931549613e-8
9.921818041931974e-8
1.4536802234241942e-6
4.048501653697737e-7
6.128557039879224e-8
2.304852335414064e-8
1.1747251869903224e-8
6.976978699985886e-9
4.540883986269085e-9
3.138688774482347e-9
2.262155595181507e-9
1.6799215654499335e-9
1.2745595619847526e-9
9.813346409755917e-10
7.62073432768679e-10
5.927885878894609e-10
4.569954136628639e-10
3.3985101629883056e-10
6.009886746292579e-8
1.1405782470504281e-7
1.3952489850797455e-7
1.544027566314619e-7
1.6356611503026307e-7
1.6900004875444982e-7
1.7204736662642304e-7
1.7331861772081795e-7
1.7360078791531896e-7
1.7326887325419422e-7
1.7228089709448854e-7
1.7020092136361595e-7
1.68794568008469e-7
1.666972092690699e-7
1.6366961050918263e-7
1.620276391712131e-7
1.5925320687490436e-7
1.569928077743088e-7
1.5416448735333143e-7
1.514531371816726e-7
1.491754236880685e-7
1.4600772488517733e-7
1.4381927743500065e-7
1.4165225009378726e-7
1.3966955458514905e-7
1.3728504674742273e-7
1.3573579142719403e-7
1.3474536752291813e-7
1.2983490612910058e-7
1.2734096207250745e-7
1.2658127947674426e-7
1.245263713359426e-7
1.2350475750380653e-7
1.2010437898704958e-7
1.1973204801009832e-7
1.1740566127355935e-7
1.1465810286911968e-7
1.1272331151789095e-7
1.1171366220807678e-7
1.0966095077860945e-7
1.0819889289661845e-7
1.0536067583007508e-7
1.0466062288768173e-7
1.0353008792354958e-7
1.013240499977878e-7
1.0033526997153747e-7
9.909733326989995e-8
9.835774379269977e-8
9.689109789020902e-8
9.56273466270947e-8
9.409723450096385e-8
9.076375324937291e-8
9.040286593694248e-8
8.85539804167239e-8
8.818087946643039e-8
8.638183036369814e-8
8.497583897874861e-8
8.42600209359914e-8
8.320823680721562e-8
8.257183736490261e-8
8.133807510420131e-8
7.99401322131964e-8
7.940052591954579e-8
7.778655419538537e-8
7.69189959786828e-8
7.584227412691715e-8
7.467654689335797e-8
7.363098105554824e-8
7.295796435376621e-8
7.168865745247257e-8
7.102694541374713e-8
7.010417724894669e-8
6.915643089762307e-8
6.83705696266317e-8
6.755375608009217e-8
6.676776905530745e-8
6.570303329389679e-8
6.474308074052505e-8
6.42314472961562e-8
6.29393707445834e-8
6.24411386322838e-8
6.168483912186289e-8
6.080150712050037e-8
5.975572530981779e-8
5.916851755882162e-8
5.856937995621874e-8
5.801507587746314e-8
5.724539911686057e-8
5.658526840626293e-8
5.5932774370942974e-8
5.518563358135338e-8
5.44851438446567e-8
5.381613703788619e-8
5.315981280978327e-8
5.2524293651772337e-8
5.198911028829235e-8
5.137096566894173e-8
5.0736359356856096e-8
5.014060431838474e-8
4.9526302671761025e-8
4.888121769811253e-8
4.8356048661503895e-8
4.781155786889018e-8
4.723059175772289e-8
4.668198009180198e-8
4.6147480681960345e-8
4.560560442465657e-8
4.507561223326871e-8
4.455642015370464e-8
4.405651349543165e-8
4.3522501590857436e-8
4.307404340879818e-8
4.257674330515993e-8
4.206790015293816e-8
4.159443625540671e-8
4.113042224938083e-8
4.067372556993775e-8
4.0216265808974224e-8
3.9771673660509065e-8
3.932877687994984e-8
3.8896174553836115e-8
3.8452621961030706e-8
3.801589501929626e-8
3.762021605175073e-8
3.719995049678823e-8
3.680560505529311e-8
3.6391989775353696e-8
3.5998140349061636e-8
3.560912356493324e-8
3.522734973834227e-8
3.4850201612236307e-8