1.1341585907162102e-12
1.2499391137572453e-11
2.3985120635761044e-11
3.569736484966474e-11
4.775500707605259e-11
6.026523739923768e-11
7.335345732285486e-11
8.71465803834764e-11
1.017630745014134e-10
1.1736867103569204e-10
1.34087958423422e-10
1.5207346119239466e-10
1.715888393230407e-10
1.9267141464503856e-10
2.156398746413553e-10
2.406998980778862e-10
2.680084230847323e-10
2.979772158842386e-10
3.3070764511972337e-10
3.666489388936274e-10
4.060562128702289e-10
4.49469414471695e-10
4.970905883171339e-10
5.493705797958403e-10
6.071695933367115e-10
6.705372254435307e-10
7.403860745334725e-10
8.171358655119074e-10
9.016367003815291e-10
9.946166557163516e-10
1.095656788294034e-9
1.2095014401093454e-9
1.3329437012426105e-9
1.4683091046873457e-9
1.6182806753461266e-9
1.7814370821635354e-9
1.960847606301676e-9
2.157881050429711e-9
2.3721042278014786e-9
2.60814359581043e-9
2.8658863925435797e-9
3.1485214592506576e-9
3.4549429711609925e-9
3.786531728475786e-9
4.152398751502205e-9
4.5492423136494175e-9
4.976051036290337e-9
5.437860971575928e-9
5.9369792711513595e-9
6.476948878125959e-9
7.057523094908244e-9
7.68037483884324e-9
8.34337843767084e-9
9.057156388640195e-9
9.816512789136989e-9
1.0616401822143234e-8
1.1465354225318355e-8
1.2364046570955479e-8
1.3311137687109679e-8
1.4292200514367683e-8
1.5333364256224885e-8
1.6415113801749446e-8
1.753066001488456e-8
1.8692077662924428e-8
1.989500538057537e-8
2.1124562815199505e-8
2.2390689316947065e-8
2.3662609583640776e-8
2.500771729317532e-8
2.635152526953489e-8
2.769317828339469e-8
2.9066756026514937e-8
3.044260799055726e-8
3.187575656761961e-8
3.324085071492263e-8
3.465288754018474e-8
3.602286027920403e-8
3.186515829683916e-8
3.8801181900881835e-8
4.01752430833616e-8
4.154575308612498e-8
4.289983784517496e-8
4.424145834772329e-8
4.558761235638026e-8
4.690710367510342e-8
4.818075588096684e-8
4.952173239803627e-8
5.080948510733032e-8
5.208490809090149e-8
5.3360509043884786e-8
5.4632505692831706e-8
5.5893099426708204e-8
5.714987019223937e-8
5.8427611514256794e-8
5.969676066936286e-8
6.098654223139206e-8
6.229237672674385e-8
6.361024766352431e-8
6.495888473047901e-8
6.633781983209593e-8
6.777242249519725e-8
6.925200030412293e-8
7.079716779634723e-8
7.241156705530951e-8
7.410866765661989e-8
7.591331074146554e-8
7.782293771633942e-8
7.987629878637343e-8
8.205036755470423e-8
8.437019602527514e-8
8.680129310728554e-8
8.924610292073321e-8
9.145806653309372e-8
9.27470334310814e-8
9.107730272301688e-8
7.945546172170309e-8
3.088510520769115e-8
3.194521254132891e-8
1.5171430627968195e-6
1.0726406301194116e-6
7.16180461023595e-7
5.454940574241761e-7
4.445717601472433e-7
3.7866599219134666e-7
3.362720951170525e-7
3.002532133451187e-7
3.0686504165569615e-7
2.3533743610299667e-7
2.0577901993559167e-7
2.1455531301895136e-7
2.0450891557566395e-7
1.8633427876415184e-7
1.7499767305635431e-7
1.72273663714274e-7
1.5943187482635106e-7
1.4071357951597317e-7
8.661641588542547e-8
1.237987502504445e-7
1.2493449886931947e-7
1.258372887836205e-7
1.1646205307801303e-7
8.937890221678703e-8
1.1224531105512836e-7
1.1221056708884903e-7
1.090934213867991e-7
1.2197970926376856e-7
1.0837794122564987e-7
9.858701580243106e-8
9.366356755142565e-8
9.498084274367259e-8
8.977694235063066e-8
9.095195666424475e-8
8.13268414555471e-8
8.446427695166911e-8
7.431653216190063e-8
7.54362303162659e-8
8.006263080739128e-8
7.2798013502893e-8
7.12584828390184e-8
7.013781885099164e-8
6.924961063627903e-8
7.11756037621718e-8
6.85139741444176e-8
6.892886998306872e-8
6.53536112665108e-8
6.536556497391131e-8
6.474548422611235e-8
6.397642147012006e-8
6.30062639102897e-8
6.167069407472657e-8
6.106102701777281e-8
5.9173311371020746e-8
5.914129517474249e-8
5.775311693762551e-8
5.737015900385774e-8
5.6524803007370614e-8
5.635640452176868e-8
5.4511018340935926e-8
5.4728847447244594e-8
5.3300484331096e-8
5.292956199072521e-8
5.2964328456788274e-8
5.136246596845695e-8
5.1288949219065395e-8
4.990573595734142e-8
4.956051911921761e-8
4.89812843323572e-8
4.876321630854101e-8
4.81201126335053e-8
4.7514865922994596e-8
4.670469336812855e-8
4.6330706290155105e-8
4.574308056310929e-8
4.533397635681209e-8
4.4594393874871094e-8
4.417496587192435e-8
4.372265935532771e-8
4.3164300601107054e-8
4.2744720851766684e-8
4.220004275746354e-8
4.173785714392318e-8