1.849347413223401e-8
2.008086283018914e-7
3.70526473328521e-7
5.182744820181583e-7
6.378561470556239e-7
7.264264053015974e-7
7.838439098462888e-7
8.117304016270337e-7
8.123004552765299e-7
7.875327706382198e-7
7.383062970864907e-7
6.635834781517249e-7
5.590313907930381e-7
4.137281084929118e-7
1.9706183201099774e-7
3.235692259402427e-9
4.262866234446467e-9
5.595295021630569e-9
7.495039395259168e-9
1.0417110446335264e-8
1.5346048561142753e-8
2.4866850354944612e-8
6.288418277174768e-6
7.507127755356838e-6
6.22317864659867e-6
4.925048732453037e-6
3.932261861993614e-6
3.206720122553702e-6
2.665404032179843e-6
2.2540423203253014e-6
1.9367406576292396e-6
1.6817588092153585e-6
1.47405236112654e-6
1.3107289423066913e-6
1.1667263487451224e-6
1.0508590350476476e-6
9.493343441282437e-7
8.625547150977605e-7
7.872101587898362e-7
7.21082151494787e-7
6.638194345527797e-7
6.125252803682183e-7
5.676257980591294e-7
5.272781713484789e-7
4.90463210512798e-7
4.5816581744183716e-7
4.292542508952008e-7
4.022188238653948e-7
3.789041950610823e-7
3.5683935124976385e-7
3.374285261422063e-7
3.193746502695896e-7
3.0312290012018467e-7
2.880513340706486e-7
2.7448252736666867e-7
2.6210983776259435e-7
2.508942423264837e-7
2.402934882894391e-7
2.308039862684291e-7
2.2225834208149026e-7
2.1413889128177963e-7
2.0620387682657725e-7
1.99906206144671e-7
1.938186209976853e-7
1.88032353757182e-7
1.8269133298274554e-7
1.7751016999332505e-7
1.731953063182575e-7
1.6913376818134056e-7
1.6541607062085225e-7
1.618974193852004e-7
1.5857137962591092e-7
1.5539326431796997e-7
1.523722344302556e-7
1.4970788538270858e-7
1.4751723515444263e-7
1.452833104316783e-7
1.4312986280692293e-7
1.4105427084420882e-7
1.392058461489038e-7
1.3723539687484843e-7
1.3549814577267874e-7
1.337944892638875e-7
1.3210124272225078e-7
1.3027332526250356e-7
1.2893482269087117e-7
1.274635316561943e-7
1.2609459388251632e-7
1.2463458447550474e-7
1.2325538472904488e-7
1.218624332290827e-7
1.2048620268500553e-7
1.19098892483532e-7
1.1769779186087346e-7
1.1633450005955236e-7
1.1485430500554355e-7
1.1358591565581043e-7
1.1221868887380111e-7
1.110447401385722e-7
1.0959583604428828e-7
1.0826152651235946e-7
1.0710388228561873e-7
1.0566675742157339e-7
1.0452659294966516e-7
1.0319398355891829e-7
1.018494078204523e-7
1.0052765144453396e-7
9.923883058255719e-8
9.804595330872577e-8
9.675175149601856e-8
9.54928527235003e-8
9.431550457757998e-8
9.302447478878699e-8
9.187400088304022e-8
9.064878561034512e-8
8.949111146682771e-8
8.82853170802121e-8
8.719296532047056e-8
8.598735266509635e-8
8.489842527570242e-8
8.379687165881632e-8
8.267260028171465e-8
8.161814413857739e-8
8.043619234322792e-8
7.945593004731366e-8
7.839464924352351e-8
7.73670717296075e-8
7.636082580612671e-8
7.53219619280373e-8
7.432753585584606e-8
7.336414551629496e-8
7.238150626840327e-8
7.145483799867468e-8
7.051677828305791e-8
6.959681212439275e-8
6.868419823808675e-8
6.7783800664546e-8
6.69158819170208e-8
6.603332677061425e-8
6.517062270072207e-8
6.433186860130609e-8
6.349959044080586e-8
6.267574750016697e-8
6.187298914223267e-8
6.107581843905575e-8
6.030209849491136e-8
5.9521908590457614e-8
5.877039711660176e-8
5.8016306485764084e-8
5.728124333591615e-8
5.6560272883341774e-8
5.5841455648788386e-8
5.5139033952913504e-8
5.444304806851398e-8
5.3758201379865225e-8
5.308836334366514e-8
5.242253311755463e-8
5.1775067642918134e-8
5.113698099254486e-8
5.050149703281817e-8
4.987778840761472e-8
4.926599854493309e-8
4.8659322171861955e-8
4.806692555475353e-8
4.7477388943514943e-8
4.690256014735953e-8
4.633626459583448e-8
4.5771140108541156e-8
4.522162102394969e-8
4.468028209035055e-8
4.413924439516258e-8
4.361397387972512e-8
4.309597225852448e-8
4.2582620607660096e-8
4.2076114763176383e-8
4.1581107236083856e-8
4.109423565445513e-8
4.0607911757586245e-8
4.013306046448115e-8
3.966644694344814e-8
3.920659699863922e-8
3.8747942032870125e-8
3.830166039364473e-8
3.786191322518708e-8
3.742463545917669e-8
3.699825932971093e-8
3.657920387522025e-8
3.615860825130005e-8
3.5747280267908804e-8
3.53408548280154e-8
3.494267858872425e-8
3.454698918631777e-8
3.416000013420669e-8
3.377880972677487e-8
3.340302278461829e-8
3.3028335499009616e-8
3.266322596557666e-8
3.230330163192188e-8
3.194851888711948e-8
3.1594363176735084e-8
3.124999014036409e-8