7.79752155536214e-9
8.245852443813992e-8
1.4104876262927286e-7
1.7088672270090792e-7
1.6152041074104322e-7
1.0236480718905381e-7
1.287808615334431e-9
1.6098550327359541e-9
1.9725118718871188e-9
2.4010140134418597e-9
2.9219258670102484e-9
3.5725148256581893e-9
4.4088574743188784e-9
5.5197393996134656e-9
7.053719879284963e-9
9.277140556306223e-9
1.2717639738126355e-8
3.2919591653330275e-6
5.656530561844649e-6
5.9914685412832295e-6
5.504262226419422e-6
4.796982026568291e-6
4.106638394816566e-6
3.5116887574114708e-6
3.0156880699407135e-6
2.6117796979377973e-6
2.276143709306207e-6
2.00115217360584e-6
1.7719876963362231e-6
1.5759470445578764e-6
1.414990878174926e-6
1.2731825452261273e-6
1.1520848385197013e-6
1.047103792544722e-6
9.555294710156738e-7
8.739523584411773e-7
8.033868223726819e-7
7.40019546314384e-7
6.832253631946945e-7
6.324709390909339e-7
5.867356308330176e-7
5.463579338134642e-7
5.091017535316335e-7
4.7483280234363033e-7
4.4506686341822416e-7
4.164191382809527e-7
3.9185376332546807e-7
3.684121914291256e-7
3.474697973663904e-7
3.282131429978426e-7
3.104711190912963e-7
2.943171200109868e-7
2.796604762426391e-7
2.662215801516115e-7
2.539096693056555e-7
2.4268743005756034e-7
2.3218756605255016e-7
2.2311222726805302e-7
2.145045076927089e-7
2.065055061932235e-7
1.9933615104965497e-7
1.9304023724255948e-7
1.8707305488844617e-7
1.8168031634528867e-7
1.7661502399592803e-7
1.717618106266146e-7
1.6767062993586878e-7
1.64371750954463e-7
1.6101633929052418e-7
1.5788612706753264e-7
1.5495213569957559e-7
1.521228535378488e-7
1.4957815355357242e-7
1.4741572569892186e-7
1.4548310157455434e-7
1.4358513858545405e-7
1.4174244864939563e-7
1.3995096069878968e-7
1.3838373636056273e-7
1.3669496484405014e-7
1.3517410941103072e-7
1.3367495098680348e-7
1.3215225284362482e-7
1.3044997583489237e-7
1.2932462772263287e-7
1.2796698901312637e-7
1.2671462020435382e-7
1.253458146542501e-7
1.2404149784321068e-7
1.227113275416364e-7
1.213813585315197e-7
1.2004115275649527e-7
1.1869189209793475e-7
1.1733261805958166e-7
1.1585936898078422e-7
1.1459296882516192e-7
1.1323068902696454e-7
1.1188188755477611e-7
1.106448632304394e-7
1.0935041676795277e-7
1.0804373999586553e-7
1.067322264117039e-7
1.0542010239827944e-7
1.0410520825979699e-7
1.0282181673917917e-7
1.0152070052266852e-7
1.002310525240965e-7
9.893492026914352e-8
9.767083450701086e-8
9.641143187588914e-8
9.515397277055512e-8
9.385690317034661e-8
9.266793864562644e-8
9.138703134971472e-8
9.021245143014019e-8
8.9087390664007e-8
8.790254252455887e-8
8.674835266443301e-8
8.563729832011144e-8
8.448943662492557e-8
8.338879814870148e-8
8.227813558335681e-8
8.11714003144929e-8
8.011315844535169e-8
7.904752212256713e-8
7.799141422533732e-8
7.697637805004757e-8
7.5942333662349e-8
7.491837720999669e-8
7.39262365596055e-8
7.295142510948651e-8
7.200287565006471e-8
7.10533789900936e-8
7.011751367091185e-8
6.920131461819624e-8
6.828724960076381e-8
6.739647745693362e-8
6.650849883647274e-8
6.563917153424838e-8
6.478538870965548e-8
6.394352376525081e-8
6.311849654006071e-8
6.229753230610867e-8
6.148991206218089e-8
6.070408505308311e-8
5.991790000958266e-8
5.915406633831977e-8
5.8394016793287805e-8
5.764948746979463e-8
5.6919022258853813e-8
5.619254483083916e-8
5.5478522660458744e-8
5.4776654665282166e-8
5.408978787959794e-8
5.340589864133914e-8
5.2739215879385165e-8
5.2075559955138754e-8
5.143021367549841e-8
5.078741985356445e-8
5.016053881215584e-8
4.9539141509088685e-8
4.8928128296361265e-8
4.832522835076142e-8
4.7735111164309776e-8
4.7147906677822224e-8
4.657536209679357e-8
4.600409086191878e-8
4.544861529301501e-8
4.490139337510033e-8
4.435459176683454e-8
4.38236626418966e-8
4.330073071732574e-8
4.2784741766551426e-8
4.2269514243895505e-8
4.1769406149798953e-8
4.1276644024435443e-8
4.078988234254229e-8
4.030666077925182e-8
3.9835187983905434e-8
3.937076222995861e-8
3.8907551884856634e-8
3.845674502399248e-8
3.801259260517517e-8
3.7571010925846606e-8
3.714021089447701e-8
3.6715983694098416e-8
3.629534480370735e-8
3.587834171296212e-8
3.5468532538451236e-8
3.5065737877149895e-8
3.466957808171906e-8
3.4275637587586e-8
3.389087012531643e-8
3.3511649365037153e-8
3.313356948923255e-8
3.276515338216687e-8
3.2401985772459505e-8
3.2044016353743634e-8
3.169032610228828e-8
3.133913241423931e-8
3.0993306994872036e-8