7.955598183632748e-13
8.767431720096745e-12
1.6822382301013314e-11
2.503602209360822e-11
3.348590827814267e-11
4.225197412694737e-11
5.1417443845241583e-11
6.107460532753149e-11
7.129731225774772e-11
8.220085929300031e-11
9.388141880550585e-11
1.0646284311221981e-10
1.2006557768661774e-10
1.3479446302638603e-10
1.507891550909311e-10
1.6822934978131534e-10
1.8728671606315955e-10
2.0809642203263186e-10
2.3096232037123632e-10
2.5595592070143643e-10
2.834246274638097e-10
3.1360379235564553e-10
3.46772023616454e-10
3.832447321562964e-10
4.2337366299013236e-10
4.675225287869464e-10
5.160672488258458e-10
5.697013609939815e-10
6.285954975958212e-10
6.934853438922529e-10
7.648625122086586e-10
8.436728270231111e-10
9.299388130898705e-10
1.0245046709356958e-9
1.1299879514825266e-9
1.2446787245032593e-9
1.3708985425192098e-9
1.5101366451800404e-9
1.6620770932600958e-9
1.829248810715612e-9
2.012720468528807e-9
2.2127740481561425e-9
2.4325017793841997e-9
2.671799299546529e-9
2.933472000112175e-9
3.2190115218663326e-9
3.5300206211402387e-9
3.868766722787136e-9
4.235076902513784e-9
4.633000626615387e-9
5.064618789120355e-9
5.529609149676699e-9
6.031715508067286e-9
6.56779204758894e-9
7.14454039288742e-9
7.764516072730267e-9
8.428103552007144e-9
9.128692556152858e-9
9.862480926700656e-9
1.0667449678050142e-8
1.1501936109546467e-8
1.2374573557656801e-8
1.3296392097626494e-8
1.4257356046437287e-8
1.5269663176560787e-8
1.630396966569394e-8
1.7385212450317646e-8
1.8502374762644966e-8
1.9654224262622152e-8
2.0826065258514196e-8
2.2030549032860523e-8
2.326228599182776e-8
2.4519019900694167e-8
2.5747535582014017e-8
2.7050286015044208e-8
2.8349619795055065e-8
2.9647390694540252e-8
3.0953043630732374e-8
3.227668159346999e-8
3.357288746939738e-8
3.4884590545561255e-8
3.618710954090681e-8
3.747671712210771e-8
3.877256013993179e-8
4.00548396837659e-8
4.132963475345022e-8
4.2595954941416285e-8
4.385351945613274e-8
4.5067203275589155e-8
4.633807178434415e-8
4.756429037863107e-8
4.8785862525743226e-8
5.00071705259612e-8
5.121473275822463e-8
5.242917918790723e-8
5.364694722586626e-8
5.48669041729817e-8
5.6098371743840716e-8
5.7333417310327016e-8
5.8593016736064384e-8
5.987354247961617e-8
6.117090290212923e-8
6.251996168199121e-8
6.390882906083452e-8
6.53446075687898e-8
6.684286348428383e-8
6.841344740177132e-8
7.007533075573954e-8
7.182721726272973e-8
7.369264367950392e-8
7.569378341264483e-8
7.782491396134769e-8
8.010850984935478e-8
8.249442890400804e-8
8.493244561986088e-8
8.716324928403761e-8
8.855166231817415e-8
8.717222608909435e-8
7.630404790398123e-8
2.9755837109514974e-8
3.3070166261423416e-8
1.5740462043111463e-6
1.0276621578836849e-6
6.910867341675049e-7
5.265319300837451e-7
4.3311599782244304e-7
3.7290250104788905e-7
3.23464387511224e-7
3.0340864153849927e-7
2.614156191118339e-7
2.3341300456513735e-7
2.2067013450552148e-7
2.0749727214511573e-7
1.782370745244601e-7
1.8111446014599742e-7
1.793227344705402e-7
1.557861003735299e-7
1.4642381318228448e-7
1.4284276125476335e-7
1.3630058255117105e-7
1.5709965005100107e-7
1.3248358559457344e-7
1.244763622871271e-7
1.16164459379983e-7
1.1622267151174808e-7
1.1073310582743305e-7
9.237922133294641e-8
1.059281998046082e-7
9.800178556672656e-8
9.894968239101899e-8
9.718571284287195e-8
9.289270173406505e-8
9.564560346530067e-8
8.649802141938452e-8
8.600013588522257e-8
8.521341827010302e-8
7.606348290248327e-8
7.646386250691337e-8
7.713917014866078e-8
7.464520466321744e-8
7.523744997682628e-8
7.261230912449687e-8
7.327295131225345e-8
6.68116171394923e-8
6.678249372949484e-8
6.787947166374334e-8
6.786183438452948e-8
6.672497354586374e-8
6.197233727662706e-8
6.296584812342942e-8
6.018346468363789e-8
6.106591368541631e-8
6.059690180419774e-8
5.985369091789447e-8
5.877022216441133e-8
5.711743037352801e-8
5.674754149343527e-8
5.639936513073809e-8
5.430920932501606e-8
5.5824490523502534e-8
5.451342767582822e-8
5.433477493888341e-8
5.174444530622362e-8
5.143539818494128e-8
5.0987332819392024e-8
5.065301492735599e-8
5.0026028697344514e-8
5.0398319837660016e-8
4.8656868453852616e-8
4.838630280824004e-8
4.7524222810939325e-8
4.7030320734014606e-8
4.634399286785022e-8
4.5838653351108514e-8
4.5271901207146634e-8
4.4682733811204884e-8
4.4247444020385365e-8
4.376200327045418e-8
4.326680721698045e-8
4.2853534161373526e-8
4.231729468094259e-8