9.515882782229427e-9
1.0401008911662545e-7
1.9467742942305093e-7
2.8047791847875154e-7
3.579501307320078e-7
4.2572306155370143e-7
4.840958464450282e-7
5.323198770619181e-7
5.708514660370165e-7
6.010971580026928e-7
6.235121212864155e-7
6.389692057249573e-7
6.491282535249984e-7
6.549716524909785e-7
6.560368328064732e-7
6.54951234961052e-7
6.511553435446676e-7
6.458456507277554e-7
6.391500401719069e-7
6.314685016059848e-7
6.230075849421066e-7
6.14205378139962e-7
6.051274404517744e-7
5.958568959463078e-7
5.866719885585104e-7
5.776128746835698e-7
5.686727218092488e-7
5.598758238166123e-7
5.513378712890709e-7
5.428664689786251e-7
5.34831349434426e-7
5.268530567718096e-7
5.189079634660735e-7
5.109226955561798e-7
5.02734358913188e-7
4.93946972406024e-7
4.841937098854453e-7
4.726567128662458e-7
4.5807897684150513e-7
4.381748265134342e-7
4.0870233469033275e-7
3.609707844874035e-7
2.7518812081802644e-7
1.0499599384178667e-7
9.971775879187687e-9
2.6907263347244252e-8
2.2623592229864113e-7
7.963790442605627e-6
3.288438784475557e-6
2.1113966251723616e-6
1.5621874639816265e-6
1.2421616138276652e-6
1.0323638583675818e-6
8.829835651903161e-7
7.698441913980326e-7
6.853136231239451e-7
6.159773656265941e-7
5.59594929633773e-7
5.115220142771353e-7
4.6277138397579587e-7
4.357975593411378e-7
4.0751466106410673e-7
3.820101025660641e-7
3.5840347674429965e-7
3.379430462669803e-7
3.205481968412415e-7
3.033713004317277e-7
2.895656848254056e-7
2.74760965219236e-7
2.6376637151912564e-7
2.5078227772985137e-7
2.4088048196268277e-7
2.312473805307523e-7
2.2117975322093415e-7
2.1411565826687196e-7
2.0502475808401232e-7
1.933012701173141e-7
1.963407578047391e-7
1.881580948396908e-7
1.8343342023557618e-7
1.7819158288275556e-7
1.6829156584245258e-7
1.694810985816705e-7
1.598369243923987e-7
1.5697304110283147e-7
1.5324190653689109e-7
1.4854705292910884e-7
1.546828389429923e-7
1.4160814467004115e-7
1.4396994476455726e-7
1.3069916133279173e-7
1.3539986266913076e-7
1.4613145999981252e-7
1.317109972018862e-7
1.2244454223978025e-7
1.2484999330184669e-7
1.217612779752336e-7
1.2251040447382045e-7
1.1617981031291655e-7
1.1711555904407098e-7
1.1970711912856203e-7
1.1285992648140747e-7
1.1228795148965907e-7
1.0948968130034226e-7
1.0987149436121185e-7
1.0084776210804345e-7
1.0308442197369089e-7
1.0254640596522412e-7
1.023202338802199e-7
9.990007774152237e-8
9.698267235514514e-8
9.876618833693142e-8
9.684230906744676e-8
9.436322053177742e-8
9.431990225662556e-8
9.323678351761189e-8
9.10050630195486e-8
9.186060512932265e-8
8.924264498563086e-8
8.792679709738269e-8
8.71537336494192e-8
8.562490626886449e-8
8.48159603710696e-8
8.377336804953741e-8
8.28404061499683e-8
8.179123607964398e-8
8.092603148881044e-8
8.005206084046523e-8
7.904019617482765e-8
7.747369847157129e-8
7.682964137118892e-8
7.588343682209361e-8
7.474326559565938e-8
7.379110704197491e-8
7.264432094707063e-8
7.181498569596525e-8
7.091562487962557e-8
6.99590207202079e-8
6.923441640903958e-8
6.839979023697706e-8
6.744386565183721e-8
6.658276360031907e-8
6.565873695920184e-8
6.493407909627877e-8
6.40268220750193e-8
6.327479850965598e-8
6.255244381000658e-8
6.170368579770863e-8
6.092401151494497e-8
6.015758108768966e-8
5.9421023195513485e-8
5.8685106063943893e-8
5.797266257524656e-8
5.725416460169836e-8
5.654020650027711e-8
5.585541064815466e-8
5.5166338114940354e-8
5.4498737087090845e-8
5.383430294674878e-8
5.3175125148214515e-8
5.252737525045322e-8
5.18932734944992e-8
5.126754986542351e-8
5.0654816202081494e-8
5.004753622193234e-8
4.94550797750573e-8
4.886376661339134e-8
4.828474762701982e-8
4.7711425994184185e-8
4.7146847532612987e-8
4.6592517448642396e-8
4.604957802017375e-8
4.550580629341365e-8
4.497632537024135e-8
4.4454915053101574e-8
4.3933677929161746e-8
4.342774018443087e-8
4.292925433507272e-8
4.243066663335426e-8
4.194625172155375e-8
4.1468632550395154e-8
4.0997402970078825e-8
4.0527461200998034e-8
4.007006642868063e-8
3.961977198063306e-8
3.9169374078463373e-8
3.873220558439402e-8
3.830051739675507e-8
3.7872390800861415e-8
3.745116877243269e-8
3.703683033763074e-8
3.662756861800316e-8
3.622385129562897e-8
3.582583170895954e-8
3.5434199989073985e-8
3.5048698553313144e-8
3.466490084941599e-8
3.429001674655455e-8
3.392031214464555e-8
3.3551245329284306e-8
3.319167835571019e-8