3.706872677440092e-14
4.081628860739667e-13
7.813200291120689e-13
1.1584283610986195e-12
1.5414050192097397e-12
1.9322784625969173e-12
2.333030255331989e-12
2.7459209831941685e-12
3.173172356203127e-12
3.6172155020477418e-12
4.0805923266343544e-12
4.566190805015836e-12
5.076663091043813e-12
5.615677547170184e-12
6.186538819918476e-12
6.7930928264571515e-12
7.43908881739735e-12
8.129743213292772e-12
8.870348870664495e-12
9.664420695972008e-12
1.0519230354231217e-11
1.1443064984399908e-11
1.2439278367622393e-11
1.3519408553190324e-11
1.4690207958532037e-11
1.5962093635910818e-11
1.7345508334376132e-11
1.8851891193637664e-11
2.0498528430505627e-11
2.2288514672907156e-11
2.4248542422824713e-11
2.6391459828981793e-11
2.8736349822972077e-11
3.130367795635316e-11
3.411943590855436e-11
3.7213557874985815e-11
4.0595575639507005e-11
4.4320127166911965e-11
4.840885799035765e-11
5.2895962167054425e-11
5.783139588780991e-11
6.327366833138401e-11
6.923986925345684e-11
7.581406499933325e-11
8.304287362090882e-11
9.10082190522565e-11
9.978040297949911e-11
1.0943795721536184e-10
1.2006416773009862e-10
1.3177513645722356e-10
1.4468420038676627e-10
1.589076071451021e-10
1.7455785692260155e-10
1.9179329113498048e-10
2.108003812967296e-10
2.317216176701338e-10
2.547545243718947e-10
2.801976265528626e-10
3.081237265701775e-10
3.3890060701616e-10
3.7278473701123887e-10
4.101115905559307e-10
4.5118270083687586e-10
4.962047886322069e-10
5.450571360450645e-10
6.003759919788118e-10
6.603027369628651e-10
7.260566579534318e-10
7.98233086093435e-10
8.773606801926926e-10
9.641820976755591e-10
1.0591272875414037e-9
1.1629307568961966e-9
1.276596483506577e-9
1.400701912295896e-9
1.5359325508568965e-9
1.6833095597058624e-9
1.843770813293388e-9
2.0169887186143883e-9
2.2074456961364848e-9
2.4124300961761865e-9
2.6330733336445926e-9
2.871759301334655e-9
3.1302309579443883e-9
3.4064377081653043e-9
3.703159992860099e-9
4.020604442450665e-9
4.359177025573621e-9
4.7195056881846934e-9
5.101680984407167e-9
5.508558296592374e-9
5.937391686015161e-9
6.388760642840957e-9
6.861637280312836e-9
7.360749754209956e-9
7.877061609209284e-9
8.419371156537208e-9
8.978811305547654e-9
9.562927939254942e-9
1.016132783894088e-8
1.0785984669661245e-8
1.1411496298511596e-8
1.2059428298086974e-8
1.2726623680757376e-8
1.3402574920625462e-8
1.4086134509694409e-8
1.479237435746675e-8
1.5502911675756567e-8
1.6219793118470805e-8
1.694714394367184e-8
1.7678197793395077e-8
1.841672591633796e-8
1.915735957959697e-8
1.9903149223910725e-8
2.065191329476149e-8
2.1405249930421434e-8
2.2160374035130316e-8
2.291935752218722e-8
2.368014616897116e-8
2.444210406313669e-8
2.5209925214558486e-8
2.5981504859686016e-8
2.67596345386052e-8
2.7540362500520954e-8
2.832975058195645e-8
2.9127983933331313e-8
2.993608496695221e-8
3.075497606878408e-8
3.1589824452540895e-8
3.244233413821725e-8
3.331552358506259e-8
3.421072971965699e-8
3.513659122158955e-8
3.609632897875086e-8
3.7093075528694197e-8
3.813511766065435e-8
3.923305890144014e-8
4.0390388179656606e-8
4.162255417884866e-8
4.294208790705517e-8
4.435217356590212e-8
4.5879259790431536e-8
4.754010195801989e-8
4.9341296152667544e-8
5.129467380549982e-8
5.3370337643243165e-8
5.547302984348571e-8
5.725221100316103e-8
5.75545891922485e-8
5.189917250776349e-8
2.1037064901753465e-8
4.613817857535657e-8
1.2610451859524693e-6
7.107139788466406e-7
4.946943791544672e-7
3.864345337373805e-7
3.1988076352990793e-7
2.7601423092795984e-7
2.4187614597528817e-7
2.1811096960040793e-7
1.962586825574582e-7
1.7698589745344659e-7
1.6643640505459128e-7
1.5809681010950668e-7
1.5308532528089617e-7
1.4350883470508094e-7
1.3471335507597466e-7
1.2411532690827596e-7
1.1691858813295585e-7
1.2311794617339502e-7
1.138425290649696e-7
1.025279717082844e-7
1.0401177118304679e-7
9.578026341592641e-8
9.485107777287194e-8
9.021399877164181e-8
9.042607361741843e-8
8.555971720032522e-8
7.925314321979864e-8
8.394560156695582e-8
7.940986027222116e-8
7.435013390576369e-8
7.067635875316196e-8
7.115997305108463e-8
6.908191811358781e-8
7.511001151818388e-8
7.006519501013111e-8
5.995967224255707e-8
6.614243560285118e-8
6.213651918525897e-8
6.012240965797046e-8
6.033269361680823e-8
6.075511519626706e-8
5.887801374169448e-8
5.705589366193406e-8
5.7710099073389364e-8
5.52695458540468e-8
5.0942569791409015e-8
5.111500873933848e-8
5.1433680983210646e-8
5.222659435869952e-8