1.829013391842574e-8
1.9910704923949036e-7
3.701342755637085e-7
5.237417889570268e-7
6.555505371904864e-7
7.626230153300241e-7
8.457708172605796e-7
9.071925084046631e-7
9.49192733765972e-7
9.74999895413489e-7
9.87857041229075e-7
9.908884842450607e-7
9.861321651380527e-7
9.757071766737904e-7
9.611239341057432e-7
9.436689925745859e-7
9.242708157378451e-7
9.038376492854227e-7
8.826315065023402e-7
8.611413674863708e-7
8.394849920808707e-7
8.180783916734287e-7
7.965468675806753e-7
7.75152989288212e-7
7.535233906652743e-7
7.31560089079038e-7
7.087722335739101e-7
6.841687837832717e-7
6.571410380385112e-7
6.254470933797654e-7
5.861047676770032e-7
5.339614927611501e-7
4.586293530669012e-7
3.3898741025861474e-7
1.307438268414987e-7
7.796538476464406e-9
1.5653438744592202e-8
4.29968497322757e-8
4.333651682884143e-7
8.114707459793229e-6
3.999614003753545e-6
2.631027983013593e-6
1.9513747306520164e-6
1.5455221695659922e-6
1.2754648865527868e-6
1.0820210903592043e-6
9.394573748103846e-7
8.290950999239333e-7
7.405722375627745e-7
6.682377754352405e-7
6.1120822085589e-7
5.550847814991413e-7
5.130549649135063e-7
4.7465292936873924e-7
4.4263590073131327e-7
4.1387596066584774e-7
3.8976380721673e-7
3.6586882485371964e-7
3.4627424414368313e-7
3.284611304105007e-7
3.073656154906155e-7
2.956679883347014e-7
2.8365995147802645e-7
2.6986449481118165e-7
2.574561609910437e-7
2.470423919166376e-7
2.3802376917068214e-7
2.295869935060317e-7
2.2139546232241294e-7
2.1453534820910157e-7
2.0521205114239754e-7
1.9950351022405843e-7
1.9417568948306687e-7
1.871527829770651e-7
1.8186341760034728e-7
1.7702793004711602e-7
1.7211049953193895e-7
1.678167569004278e-7
1.63829891353529e-7
1.585569879333808e-7
1.5578949803572925e-7
1.5192094575251793e-7
1.4954906750918355e-7
1.450768942416813e-7
1.4354265845389328e-7
1.404626266535298e-7
1.408839947040733e-7
1.356652079938002e-7
1.3364885778356497e-7
1.2883755263376275e-7
1.285754330497246e-7
1.2509146766522513e-7
1.2474839935252838e-7
1.2345181408455996e-7
1.2052615573193844e-7
1.193508978149998e-7
1.1483601422189527e-7
1.1436909150439773e-7
1.1283831705334201e-7
1.1103272022080552e-7
1.1039190070854169e-7
1.0913992722033644e-7
1.0383037182696087e-7
1.0507461615534346e-7
1.0542267814266526e-7
1.0339450951598171e-7
1.0355152426900827e-7
1.0163118288619143e-7
1.0104584312497049e-7
9.997526634784519e-8
9.751885458974805e-8
9.794606368263727e-8
9.49756210315646e-8
9.398088568361829e-8
9.281809268198424e-8
9.147673742658254e-8
9.02103458374633e-8
9.010815369293825e-8
8.75088885833918e-8
8.676581637341498e-8
8.564660285667869e-8
8.454288263610042e-8
8.352064360058373e-8
8.2515231793138e-8
8.135438405527297e-8
8.025530612493266e-8
7.928774129494407e-8
7.827194482572578e-8
7.736010420882486e-8
7.644163423793183e-8
7.54393893604565e-8
7.429049376686485e-8
7.335483890940552e-8
7.246915555946933e-8
7.151439715038551e-8
7.058170916829074e-8
6.971278718416847e-8
6.878829138673193e-8
6.791766387426447e-8
6.706798030765286e-8
6.623312607340476e-8
6.535742541707855e-8
6.453043810248988e-8
6.369888631161654e-8
6.289660105636604e-8
6.211421034881479e-8
6.130789419479776e-8
6.053334497200098e-8
5.979956249767801e-8
5.904123815940981e-8
5.830951717517565e-8
5.7581656597112013e-8
5.686586062435171e-8
5.6164309448303234e-8
5.546401902747539e-8
5.4782844068239024e-8
5.410185133929642e-8
5.344322645917093e-8
5.278072672025413e-8
5.212906817310754e-8
5.149967870130839e-8
5.0879138532520726e-8
5.0261570567763305e-8
4.965302090985366e-8
4.9057494842561155e-8
4.8466080711596877e-8
4.7888084475159045e-8
4.731272563466368e-8
4.675196947410444e-8
4.6199120574601126e-8
4.564712322697279e-8
4.5110292516282766e-8
4.458132638790009e-8
4.4052410050512474e-8
4.353889826178311e-8
4.303311660536787e-8
4.252705955175085e-8
4.2035670625831194e-8
4.155141063826228e-8
4.107394467134094e-8
4.0596901149458144e-8
4.0133442133091066e-8
3.967661571681587e-8
3.9223153827776804e-8
3.87768830616345e-8
3.833947650685874e-8
3.790806298276094e-8
3.747934456782342e-8
3.706081323172708e-8
3.6645860004766934e-8
3.623643055807314e-8
3.5833623666739176e-8
3.543556715636824e-8
3.5045017546871466e-8
3.4656301976888123e-8
3.427671060343319e-8
3.390237767888805e-8
3.352882422664136e-8
3.3164892446605895e-8
3.2806014186225336e-8
3.2452144040663615e-8