6.300606795713289e-13
6.9435547612627015e-12
1.332224620481893e-11
1.9823762015984987e-11
2.651103407140804e-11
3.344690074187814e-11
4.0697347135846747e-11
4.832451973689409e-11
5.6408163084968867e-11
6.502144368493526e-11
7.424453017338962e-11
8.416734229854305e-11
9.487398900372362e-11
1.0650852629911255e-10
1.1910142696373548e-10
1.3282024925806034e-10
1.478333756158039e-10
1.6422619454671954e-10
1.821899095139923e-10
2.0190407469702789e-10
2.2348590272227604e-10
2.4720275380625394e-10
2.7328085015727255e-10
3.01952873908661e-10
3.3351358386156576e-10
3.6825494115707283e-10
4.064658557830449e-10
4.4843526319388805e-10
4.949093826538267e-10
5.4596884068386e-10
6.02111282044231e-10
6.64126866171925e-10
7.32116130795601e-10
8.073302088831493e-10
8.89360994335888e-10
9.801299038532027e-10
1.080165702024967e-9
1.1900454701117926e-9
1.3108815147847572e-9
1.4431595765296243e-9
1.5881369347420404e-9
1.7474820147612542e-9
1.922756962807542e-9
2.1130287770757863e-9
2.3231471175731528e-9
2.551579223703987e-9
2.8008220789013962e-9
3.072625120855942e-9
3.3699114961270937e-9
3.6918633678736144e-9
4.041639807537647e-9
4.422241869232281e-9
4.832545989952814e-9
5.274935231448574e-9
5.75353581803822e-9
6.262770033388194e-9
6.817853164755734e-9
7.404440310471556e-9
8.03606374752823e-9
8.70583158820036e-9
9.419120104562598e-9
1.017158584731952e-8
1.0958463583641625e-8
1.1801933496009835e-8
1.2678982873091256e-8
1.3599252606866123e-8
1.4554915612346605e-8
1.5549695031602094e-8
1.6579032801850955e-8
1.7643200594498355e-8
1.8737991183073383e-8
1.986512761268259e-8
2.1012577419352114e-8
2.2178149087351146e-8
2.339946132054918e-8
2.4591312427645007e-8
2.581338138662354e-8
2.7051352390159977e-8
2.829447524444323e-8
2.9550710079577764e-8
3.080233590030375e-8
3.206029769451001e-8
3.332188919228632e-8
3.45724390813714e-8
3.5718275052482784e-8
3.706271030750799e-8
3.8294380784202605e-8
3.952781310169762e-8
4.0750422219992555e-8
4.1956279683536525e-8
4.3167923145413566e-8
4.436762738627136e-8
4.555308208171259e-8
4.67386464561268e-8
4.7923005315894264e-8
4.910150277274945e-8
5.028335162358787e-8
5.146459501435581e-8
5.2649486055502416e-8
5.385623921234566e-8
5.505400560621707e-8
5.629071967896428e-8
5.754439388774755e-8
5.881518742625545e-8
6.013316040257665e-8
6.149183783732735e-8
6.289883264888154e-8
6.43763536397844e-8
6.591716386186753e-8
6.754384203158339e-8
6.927169435324216e-8
7.11087168647616e-8
7.307441512987213e-8
7.517924890712647e-8
7.743020842208856e-8
7.979890353062907e-8
8.222556421628734e-8
8.446130991925112e-8
8.590156825477218e-8
8.469535142726583e-8
7.429784083033902e-8
2.9037601970313223e-8
3.383259835550886e-8
1.5843386970941144e-6
9.996198602971019e-7
6.740396962773506e-7
5.160686211675477e-7
4.2327894456626974e-7
3.62548393960899e-7
3.1683183861361106e-7
2.76728243226752e-7
2.576491535124049e-7
2.3258472027099155e-7
2.124942893647885e-7
1.9435854263623726e-7
1.922987435736147e-7
1.7435840764985898e-7
1.7919433792019173e-7
1.4347911384523943e-7
1.524337767878452e-7
1.385145489946731e-7
1.2926047061430135e-7
1.2682575353531368e-7
1.2930506706254982e-7
1.2385434249442702e-7
1.1223305589827296e-7
1.1462367221814338e-7
1.0981885111737705e-7
1.0387370574084732e-7
1.037812028717233e-7
1.0642040846949401e-7
1.093185935331042e-7
9.894320642312061e-8
8.485567003642731e-8
9.325645186868593e-8
8.660405793806737e-8
8.488407936266668e-8
8.1448003666913e-8
7.84541279020625e-8
7.375190244106348e-8
7.817007936464093e-8
7.689853612420571e-8
7.276550147900622e-8
6.790550103558592e-8
7.228521830673603e-8
7.176675106783772e-8
6.62272802273283e-8
6.888609880384059e-8
6.645784680142472e-8
6.600488252612795e-8
6.212556952958777e-8
6.481417258957222e-8
6.097079449068779e-8
6.10198197996575e-8
5.856076791024697e-8
5.902035590333528e-8
5.7325783511593084e-8
5.806490137754726e-8
5.537115621903514e-8
5.5136989666300984e-8
5.554998754279012e-8
5.4346388768892014e-8
5.3109206448280774e-8
5.2634450149401773e-8
5.148365184372437e-8
5.150615018273067e-8
5.087637281954168e-8
4.984361038915963e-8
4.9355926146275025e-8
4.8428798749880013e-8
4.805110361772329e-8
4.570262083123675e-8
4.6961702717276465e-8
4.622185732880599e-8
4.5920682823705715e-8
4.512032684339389e-8
4.466096930686657e-8
4.423357368023157e-8
4.36827996579756e-8
4.312486164702348e-8
4.260940141756729e-8