6.427418401570128e-14
7.079459422936063e-13
1.3562829109677653e-12
2.0135264617176654e-12
2.684152637837708e-12
3.3726251385238428e-12
4.083509301706776e-12
4.8214885052955374e-12
5.59270668963521e-12
6.401251575042543e-12
7.25418929983997e-12
8.157620245635131e-12
9.117090254024548e-12
1.0141816086776862e-11
1.123808417496095e-11
1.2416123966801908e-11
1.3682969261727957e-11
1.505140812156231e-11
1.6530693372783993e-11
1.813612485917742e-11
1.9876352373814843e-11
2.1774652636438127e-11
2.3838498545495885e-11
2.6094624506210916e-11
2.855379127115491e-11
3.124212228002139e-11
3.4188808174669627e-11
3.7407769042544757e-11
4.0945406034994447e-11
4.4818905859909294e-11
4.907341001167728e-11
5.374967133408847e-11
5.889069230339596e-11
6.45136944108429e-11
7.072460759193389e-11
7.75512546786178e-11
8.506689605197874e-11
9.333201357360029e-11
1.0242923720095826e-10
1.1243736408814871e-10
1.2347886517607742e-10
1.3562488158458985e-10
1.4901829044762951e-10
1.6375794045616068e-10
1.8000879133229948e-10
1.9791245999638464e-10
2.1762441071517557e-10
2.393211122767919e-10
2.6327103158406054e-10
2.89658050417558e-10
3.186314427969698e-10
3.506795083821768e-10
3.857495467763854e-10
4.2463698855345185e-10
4.67372016262521e-10
5.138823893777092e-10
5.65876752334453e-10
6.226961525886421e-10
6.8509890530246e-10
7.537918126533423e-10
8.290878040463053e-10
9.118136667665713e-10
1.0025009578891202e-9
1.101864347837487e-9
1.210772809942392e-9
1.3298066783435647e-9
1.459963716285822e-9
1.6024140675180572e-9
1.7571032070408303e-9
1.926466532486698e-9
2.1106274466274227e-9
2.3104291796542992e-9
2.527522936568987e-9
2.7628088980258065e-9
3.016784147573258e-9
3.290410942441573e-9
3.585908893120188e-9
3.903583611465148e-9
4.244249430632642e-9
4.608702807313936e-9
4.9965927493746275e-9
5.4111482154472726e-9
5.85202370838724e-9
6.3162020214636064e-9
6.8100705042398586e-9
7.326098655885915e-9
7.872680070161838e-9
8.440731279219166e-9
9.034685204939135e-9
9.648335052772122e-9
1.0294593430097787e-8
1.096060859125386e-8
1.1644053588477234e-8
1.2352493663284004e-8
1.3075066580918532e-8
1.3816258176781605e-8
1.4572249450389867e-8
1.5344163066571784e-8
1.6128352703031242e-8
1.6920949574826767e-8
1.772768956006337e-8
1.8553418401962716e-8
1.9360136202029216e-8
2.0188026148509198e-8
2.1018090817191122e-8
2.185816894697745e-8
2.2693002274616606e-8
2.3531760319373447e-8
2.4374965493996792e-8
2.5222053592433428e-8
2.6044966731797346e-8
2.6911990463866536e-8
2.775810823824653e-8
2.8605694816006845e-8
2.946193341517455e-8
3.031787708860085e-8
3.117982164560367e-8
3.2042598689570596e-8
3.291801494270786e-8
3.379639365378016e-8
3.4703839125172354e-8
3.560859757134067e-8
3.653547786545443e-8
3.748006419430554e-8
3.844962463365942e-8
3.945219540578513e-8
4.049153206681794e-8
4.156110927981202e-8
4.268799950895682e-8
4.3866839059632e-8
4.510764688585515e-8
4.6425959683301795e-8
4.7832742319570946e-8
4.9338656668251753e-8
5.096591075352973e-8
5.27306912177346e-8
5.4641141980948844e-8
5.669897314147127e-8
5.886598426288895e-8
6.10350011145969e-8
6.28003229063794e-8
6.286198065021136e-8
5.63443926342641e-8
2.2624403048044894e-8
4.293622491810182e-8
1.3514811087081439e-6
7.651011759364019e-7
5.275495542554793e-7
4.145688372828374e-7
3.393957337137159e-7
2.913924802881813e-7
2.589334479408755e-7
2.3104450109046932e-7
2.2375987034014082e-7
1.925694708296112e-7
1.8780986342982157e-7
1.6745825885763992e-7
1.5107130425269866e-7
1.5201088082166236e-7
1.2976381137467012e-7
1.277321164357489e-7
1.2737940446971278e-7
1.2181683884449823e-7
1.229574403104156e-7
1.3355536439415352e-7
1.0774883729146032e-7
1.047753661754458e-7
9.231642116824938e-8
8.957331005462799e-8
8.75363572783445e-8
9.172612861508383e-8
8.755008455368627e-8
8.641430032050509e-8
8.253579506681547e-8
8.056283661419474e-8
7.658567774426482e-8
7.501819232070396e-8
7.309877129434889e-8
7.14346485970026e-8
6.883071245117933e-8
6.775147387355844e-8
6.621287730082607e-8
6.593865934167027e-8
6.395590121930889e-8
6.339865452475404e-8
6.178313158255945e-8
6.131288332088263e-8
6.119322356127106e-8
5.885981534155246e-8
5.6542078771457137e-8
5.567152504607959e-8
5.523477679797672e-8
5.4374111359157236e-8
5.2471467976604895e-8
5.284793056778159e-8
5.3246926323165803e-8
5.158135034782857e-8
5.0323377732395374e-8
4.89014988503969e-8
4.9803774253378684e-8
4.8591641245382934e-8