4.289717924423268e-14
4.723877194030609e-13
9.044854800837841e-13
1.3415479793966993e-12
1.7860439941007525e-12
2.240445010361649e-12
2.707372540834063e-12
3.1896043435457845e-12
3.689933076462275e-12
4.21149293659218e-12
4.757416047940935e-12
5.331275612359104e-12
5.936973687210903e-12
6.578319025005994e-12
7.259881706345635e-12
7.986234094059945e-12
8.763161695821488e-12
9.596075746287874e-12
1.0490657038011236e-11
1.1455677888000564e-11
1.2496327716750656e-11
1.3622379485181033e-11
1.4842386028172917e-11
1.616624691005447e-11
1.7607254876532152e-11
1.9173419283958066e-11
2.0884598901875896e-11
2.2746132617065356e-11
2.478254761647318e-11
2.700868800947593e-11
2.944449335768424e-11
3.211308640081948e-11
3.5036805273959925e-11
3.8242798666107365e-11
4.176641376421741e-11
4.562704266020433e-11
4.9868948212169615e-11
5.4535755075885296e-11
5.964836649487516e-11
6.529676806686304e-11
7.150317506591762e-11
7.832520983014278e-11
8.583520593506487e-11
9.410220255544738e-11
1.0320681872110687e-10
1.1323061402503113e-10
1.2426447823157617e-10
1.3641121690369337e-10
1.4982487343914095e-10
1.6458341734328398e-10
1.808512027656908e-10
1.9872804256202424e-10
2.1847776494460583e-10
2.4020380623028935e-10
2.641365213257031e-10
2.9052932441196797e-10
3.195619478694844e-10
3.515156051062267e-10
3.8672720209336997e-10
4.2546150042704224e-10
4.68092464918611e-10
5.149585599736887e-10
5.665313874647144e-10
6.23083687988113e-10
6.853182702429795e-10
7.537456659511897e-10
8.286568784733133e-10
9.109990951763311e-10
1.0010893621849144e-9
1.099829557215381e-9
1.20771797342209e-9
1.3258412558588132e-9
1.4546974362536538e-9
1.5953056187792018e-9
1.7485368501729286e-9
1.9154724001512096e-9
2.096047522483745e-9
2.293176364932029e-9
2.5054278632366825e-9
2.7359207379411592e-9
2.9833679076832567e-9
3.251693330369881e-9
3.5405224288106135e-9
3.849112339846118e-9
4.1765442432521156e-9
4.530532695209243e-9
4.905489605101905e-9
5.301599854727246e-9
5.725424481443135e-9
6.170199189409244e-9
6.639783903316283e-9
7.131129643742446e-9
7.647407920874027e-9
8.18652569410836e-9
8.74797715260409e-9
9.327760411019285e-9
9.936366424379633e-9
1.0558813671508836e-8
1.1197358168622104e-8
1.1857986245017665e-8
1.2523806629567116e-8
1.322086003494686e-8
1.3922825600637974e-8
1.4636507149448232e-8
1.536396940103898e-8
1.6106157761188255e-8
1.6843666051972126e-8
1.7592177072551955e-8
1.836004764222813e-8
1.9113471663866147e-8
1.9883030371202322e-8
2.065213413417707e-8
2.141915705716447e-8
2.220305906850358e-8
2.2981626294348012e-8
2.3747548485887788e-8
2.4546749787541142e-8
2.5333879483515657e-8
2.612391541481113e-8
2.6916742121634443e-8
2.7713877200626142e-8
2.8517849942121706e-8
2.932781176077484e-8
3.014530656833029e-8
3.0976875748949645e-8
3.181693222653936e-8
3.267394455528271e-8
3.354470749328838e-8
3.4438430283356e-8
3.535611634290516e-8
3.630090358599174e-8
3.728520404663363e-8
3.830036256379271e-8
3.936479002813819e-8
4.0483889057724814e-8
4.1663776313990114e-8
4.292413522432825e-8
4.427352047981872e-8
4.570659143356504e-8
4.7264398511708214e-8
4.894973957157972e-8
5.078216975399799e-8
5.276095889825097e-8
5.486834839961184e-8
5.6989378018498144e-8
5.876394177219085e-8
5.900564777381069e-8
5.311798615958763e-8
2.1472420203758547e-8
4.520691088203377e-8
1.286318221865758e-6
7.255288296289716e-7
5.041464246469581e-7
3.930420716759006e-7
3.271453682596942e-7
3.1488148461455476e-7
2.483198957238833e-7
2.2599847641724866e-7
2.0179507042616475e-7
1.8359306894780054e-7
1.672111466211625e-7
1.5090834525803003e-7
1.5778766728078827e-7
1.3991021737373784e-7
1.3361697800756705e-7
1.2935897376830856e-7
1.2265466833548108e-7
1.1341893837571664e-7
1.1037039711545644e-7
1.0223314621816016e-7
1.0470931496361166e-7
9.405557038398692e-8
9.125985012209168e-8
9.242598108521815e-8
9.505813412607688e-8
8.96752818733914e-8
8.353400917533309e-8
8.275423324302096e-8
7.917598257463498e-8
7.510988098492543e-8
7.255112139787102e-8
7.276519467824978e-8
7.492261809291658e-8
6.579014355989538e-8
7.328000148123879e-8
6.43315060802187e-8
6.423530045462968e-8
6.141720264472791e-8
6.262567461738808e-8
5.844143675936134e-8
6.012193810047231e-8
5.8297782445947984e-8
5.91605424590066e-8
5.837021875452172e-8
5.57559622044556e-8
5.5278200132741185e-8
5.437182062738944e-8
5.333959340386326e-8
4.9338215931138806e-8
4.9918866566393385e-8
5.0748132726776074e-8