1.0914752520101342e-14
1.2008280149215767e-13
2.2935369994204383e-13
3.3882198902395174e-13
4.485835913826594e-13
5.587370733299265e-13
6.693844766297277e-13
7.806326331882396e-13
8.925908401520757e-13
1.0053786786757394e-12
1.1191224167907322e-12
1.2339492391510575e-12
1.3500061086509184e-12
1.4674439381088876e-12
1.5864266483297547e-12
1.7071463303293722e-12
1.8297627880440066e-12
1.954523426852222e-12
2.081635012332518e-12
2.211369412554397e-12
2.3439623479013226e-12
2.4797543968714478e-12
2.6190489820878983e-12
2.762237953821724e-12
2.9096945528301004e-12
3.0618169671017037e-12
3.219169544640126e-12
3.3821480117478757e-12
3.551425934665299e-12
3.727627639827581e-12
3.911470125432668e-12
4.103644280293637e-12
4.3050234693026915e-12
4.516642308562167e-12
4.739354204977638e-12
4.9744860877339365e-12
5.223116213518553e-12
5.487037463382913e-12
5.767355065523468e-12
6.065464863848403e-12
6.383615698943497e-12
6.723645910325902e-12
7.0883975561553e-12
7.47923736947989e-12
7.899992446164191e-12
8.353842934487747e-12
8.842327441364415e-12
9.370463139351512e-12
9.942632479069412e-12
1.05618257898391e-11
1.1234114293864677e-11
1.1965212509845843e-11
1.275996707058518e-11
1.3627113789517963e-11
1.4570943189771288e-11
1.560165609536852e-11
1.6727067732561167e-11
1.7958390374539526e-11
1.9305673334162962e-11
2.0778096623457664e-11
2.239334991282057e-11
2.4161219787723124e-11
2.610308426942488e-11
2.823584002398384e-11
3.057148510518813e-11
3.314115197435399e-11
3.5960452521361646e-11
3.906279028528502e-11
4.2477828969691345e-11
4.622489738270645e-11
5.034854992762604e-11
5.488713066815938e-11
5.988622872499725e-11
6.53832149867198e-11
7.143435039158016e-11
7.810016677322376e-11
8.544177776943353e-11
9.352099370532563e-11
1.0240955108424738e-10
1.1221245316112201e-10
1.2300794776067406e-10
1.348868223949979e-10
1.4798678161451133e-10
1.6239790833519805e-10
1.7825775342267616e-10
1.9572749875271486e-10
2.1477056826435962e-10
2.360993403067471e-10
2.5937819171041924e-10
2.84945423335884e-10
3.131763351672267e-10
3.437282441555225e-10
3.7801343071593635e-10
4.153445919841978e-10
4.5630112580569973e-10
5.012524146644212e-10
5.505357189929195e-10
6.044852683869486e-10
6.635398740368045e-10
7.281613608840064e-10
7.987891450982844e-10
8.758673398624703e-10
9.599410650097067e-10
1.0513774782655519e-9
1.1508529831046072e-9
1.2591628241074302e-9
1.3766078528860323e-9
1.5035419421483937e-9
1.6408353307122955e-9
1.7890870244447498e-9
1.9489847277188334e-9
2.1202111795085922e-9
2.304207090010869e-9
2.50114607606107e-9
2.7113018389124145e-9
2.9349884811150257e-9
3.1733161331450684e-9
3.4248836656421233e-9
3.6910499370614815e-9
3.972630416281015e-9
4.267267078398419e-9
4.5769497469432e-9
4.9007455348609416e-9
5.239006269766115e-9
5.59053656957912e-9
5.954590634738992e-9
6.3316758198140165e-9
6.7206034615121145e-9
7.122644049442701e-9
7.533147877999616e-9
7.957234708234656e-9
8.388999419292573e-9
8.82946510905539e-9
9.279518822900626e-9
9.737730576336241e-9
1.0199745439478054e-8
1.0675239261002998e-8
1.1153693800749634e-8
1.1639082272674372e-8
1.2128394562478382e-8
1.2624199126411338e-8
1.3124147488439125e-8
1.3629476269877444e-8
1.4139074050301355e-8
1.4655985983740087e-8
1.5176794564193725e-8
1.5702756309964646e-8
1.6235623527524658e-8
1.677362366890868e-8
1.7316837241581e-8
1.7870167094005018e-8
1.843165834572409e-8
1.9003274731425764e-8
1.9584312263324093e-8
2.0125947948611597e-8
2.0788778022015823e-8
2.1413743915960935e-8
2.205848466462623e-8
2.2724214431518448e-8
2.341292558731069e-8
2.4133015068833335e-8
2.4885445981399008e-8
2.5677414242426327e-8
2.650937780186212e-8
2.739556789246894e-8
2.8342983762054736e-8
2.936004985473286e-8
3.0461480193575005e-8
3.165925949469699e-8
3.2968957880690925e-8
3.440833287652139e-8
3.598952942943116e-8
3.7712231587566345e-8
3.958168707602111e-8
4.122292318077947e-8
4.202215621456796e-8
3.867270924632843e-8
1.629658273435668e-8
6.015320569999127e-8
9.810822334888077e-7
5.545092161024654e-7
3.826888354968869e-7
3.061795006858015e-7
2.572927205724959e-7
2.2377296946249322e-7
2.0177652731330505e-7
1.7726274869677526e-7
1.6224665924279653e-7
1.4693897768715403e-7
1.2941392736086584e-7
1.1969396572595477e-7
1.248930458180422e-7
1.1048405193076105e-7
1.0170278239041937e-7
8.438911701196291e-8
9.490875743743727e-8
9.253272717284214e-8
9.01550914904644e-8
8.193982728525187e-8
8.210526915427673e-8
8.430991654857933e-8