2.907706570875682e-11
3.2046669719408106e-10
6.147890045740087e-10
9.149659278590613e-10
1.2247537133978227e-9
1.543575239339951e-9
1.8774893059467872e-9
2.2293621632280586e-9
2.600900646496274e-9
2.996177442874509e-9
3.419558546454442e-9
3.871574927200792e-9
4.3573995220185475e-9
4.880957331702754e-9
5.4536167172204534e-9
6.062339371125167e-9
6.726885761696363e-9
7.4422857913351704e-9
8.219390308951736e-9
9.050283419312911e-9
9.961466746333667e-9
1.0940035803215528e-8
1.1986091805642929e-8
1.3131593882488543e-8
1.4330667516797925e-8
1.565152709540231e-8
1.705504002694147e-8
1.854076565513199e-8
2.0125242660223137e-8
2.181151489999095e-8
2.3590759807144507e-8
2.546593987862415e-8
2.7438477066981953e-8
2.9499577183197735e-8
3.164695296036199e-8
3.390545681467399e-8
3.622145265456535e-8
3.8580277177778595e-8
4.104901413171715e-8
4.353098942281746e-8
4.6145108671988806e-8
4.871403084133728e-8
5.090951584679151e-8
5.400225040892305e-8
5.667159530080614e-8
5.9344629371848043e-8
6.201690693459966e-8
6.469345772298624e-8
6.730630480165072e-8
6.988494652971827e-8
7.245493523751624e-8
7.49662365889493e-8
7.742952479113725e-8
7.97968896367249e-8
8.219518600598612e-8
8.451335605141843e-8
8.676198543037881e-8
8.89419505425853e-8
9.106693602950344e-8
9.313218828005311e-8
9.511202456999562e-8
9.709196158790642e-8
9.89970138583311e-8
1.0083624619670237e-7
1.0265491365427038e-7
1.0443184295472687e-7
1.06150075737049e-7
1.0785730829562058e-7
1.0953259214573348e-7
1.1118914764395514e-7
1.1286484227886831e-7
1.1452292817499753e-7
1.1621004300377723e-7
1.1790894126991268e-7
1.196358204320928e-7
1.2141611580950439e-7
1.232429689603101e-7
1.2514772522928402e-7
1.2713646695884355e-7
1.2921862251622544e-7
1.3139714097368851e-7
1.3368608772141502e-7
1.3606631270533793e-7
1.385175825284787e-7
1.408855535037896e-7
1.4301184005040247e-7
1.4434877772054353e-7
1.4363726423140928e-7
1.3758583020176017e-7
1.1603402702600086e-7
4.412042850781437e-8
2.3044228446016806e-8
1.2165457474260677e-6
1.6982326650677558e-6
1.0660503660606605e-6
7.888125482364696e-7
6.384028226161108e-7
5.378200112008418e-7
4.5919344249323196e-7
3.8625023923182246e-7
3.5940257194003527e-7
3.25561167970277e-7
2.9464373505408686e-7
2.834848283036112e-7
2.38219376555108e-7
2.3602284661890516e-7
2.2802492693101526e-7
2.0552893685553149e-7
2.1728035886709855e-7
1.9398575307469876e-7
1.8963509829431536e-7
1.7429312496257598e-7
1.6156903508219878e-7
1.6379518050299946e-7
1.6465789636085873e-7
1.4723325471414396e-7
1.4690029178598265e-7
1.4054994342291482e-7
1.315911729187901e-7
1.357285595958169e-7
1.3368735584080563e-7
1.2398788375760581e-7
1.3413376029567022e-7
1.2111869867919065e-7
1.1660536864825623e-7
1.1497384040853591e-7
1.0945065918141504e-7
9.564425732839437e-8
9.366952536303094e-8
9.237488242563796e-8
1.0243891467022222e-7
9.396538192321845e-8
1.0007491820655757e-7
8.936702553319896e-8
8.477398437431757e-8
8.854959046680396e-8
8.649498421016775e-8
8.404215475528805e-8
8.062646856592515e-8
8.495871673032338e-8
8.0604317706969e-8
7.551429558470946e-8
7.985764470218823e-8
7.687464766178694e-8
7.133387128688207e-8
7.342318898046338e-8
7.144175268993124e-8
7.166942174237093e-8
7.22382331868348e-8
7.24050387429266e-8
6.915194445032338e-8
6.757254492445652e-8
6.780500480714523e-8
6.660518119793159e-8
6.513642028949381e-8
6.542732025341721e-8
6.363559609257453e-8
6.194763199436453e-8
6.199167892663293e-8
6.048015536653207e-8
6.056059256804188e-8
5.985384062396696e-8
5.894101693582236e-8
5.827335351471596e-8
5.7510944279823965e-8
5.6916062432243876e-8
5.607170087909297e-8
5.543156564714925e-8
5.4668822856735466e-8
5.412026172951763e-8
5.3400394531222697e-8
5.290423419735949e-8
5.216176298923324e-8
5.155996861877699e-8
5.1192826642958164e-8
5.0419170089483e-8
4.9814051050009115e-8
4.927112731975403e-8
4.86850042539811e-8
4.8042640075366384e-8
4.761770477975152e-8
4.702988429084775e-8
4.645185814649689e-8
4.5979854314457804e-8
4.544248716318299e-8
4.491632127804671e-8
4.441961366571778e-8
4.3913722784290023e-8
4.3421340403371004e-8
4.295273789294456e-8
4.2482850293082455e-8
4.202045485991637e-8
4.154228526870253e-8
4.108235967360682e-8
4.064333158016712e-8
4.0200434145290194e-8
3.976698710504656e-8
3.9338379645130954e-8
3.890956486021969e-8
3.8490742127389786e-8
3.807480804161823e-8