1.878864868268759e-9
2.0639634143463103e-8
3.928412668305986e-8
5.768162360924572e-8
7.580216850197645e-8
9.32709905462632e-8
1.1030072710428731e-7
1.2697900874541455e-7
1.4263817211501386e-7
1.5782675177018784e-7
1.7189151491199447e-7
1.8553171372498195e-7
1.979900374119768e-7
2.09761583484392e-7
2.2067587499889177e-7
2.3051935789915626e-7
2.396411229791762e-7
2.4824620358931476e-7
2.557267052494675e-7
2.6246648825580296e-7
2.685386805836075e-7
2.7394953826912985e-7
2.787586695754326e-7
2.830484864298462e-7
2.8662953147418176e-7
2.8975106145516225e-7
2.9236394814599654e-7
2.945605687939096e-7
2.9641967999074236e-7
2.978701498774214e-7
2.992315016309211e-7
3.0014910289456226e-7
3.0087777813120595e-7
3.0132832063602513e-7
3.017229010809373e-7
3.0195983809358553e-7
3.0204269321283995e-7
3.0197650745903165e-7
3.019465116597389e-7
3.018546304566855e-7
3.0159208209975997e-7
3.0146245110228177e-7
3.0138454187846933e-7
3.012500988752843e-7
3.011215722175424e-7
3.0110586701245394e-7
3.011349342370405e-7
3.011280528742899e-7
3.011180292643929e-7
3.010366161385415e-7
3.007305367659142e-7
2.999967298001793e-7
2.984568429148825e-7
2.9538313274538933e-7
2.8943745833681277e-7
2.777975141309356e-7
2.540170460858983e-7
2.0182213782051755e-7
7.632743813449423e-8
1.3802088974000134e-8
7.891697885522696e-8
5.2850036183811746e-6
2.521507320042158e-6
1.6077922633573281e-6
1.1908508153230991e-6
9.524388023175367e-7
7.945665564124545e-7
6.845204473653564e-7
6.017296192000539e-7
5.426569960871611e-7
4.863731194954764e-7
4.4270994903537914e-7
4.0499753821218626e-7
3.767982048176362e-7
3.5255237647022045e-7
3.5019772914229795e-7
3.1856748849497473e-7
2.954094221136563e-7
2.7416949630474604e-7
2.7517617683543813e-7
2.4108859106394497e-7
2.4379394545820137e-7
2.2390430560971368e-7
2.190882558424651e-7
2.1027307972060456e-7
2.033118155249414e-7
2.1382779305469833e-7
1.7696733549549855e-7
1.8160163123424376e-7
1.75385139680048e-7
1.701390402205955e-7
1.6937272151743055e-7
1.6437505863109875e-7
1.568088424682453e-7
1.4435880770754784e-7
1.469198851073e-7
1.418680290901991e-7
1.4076490468149656e-7
1.3701192486806933e-7
1.3487990985996472e-7
1.6100822855919216e-7
1.240638699091222e-7
1.1774642195303668e-7
1.184489389443757e-7
1.1827677295948827e-7
1.2103386273414032e-7
1.1869050977460383e-7
1.0388684859103943e-7
1.0748589017894121e-7
1.0210440985849907e-7
1.0970531900642015e-7
9.798689853041248e-8
1.0582980806927722e-7
1.0179644866370483e-7
9.879883119860926e-8
9.638693608974572e-8
9.60561988488844e-8
8.862586487494775e-8
9.211500349858503e-8
9.365266123830273e-8
9.20974584546449e-8
8.912601290568264e-8
9.010565356499034e-8
8.640329111242388e-8
8.621998038707571e-8
8.485604707435868e-8
8.485421879599455e-8
8.244369721380944e-8
8.074848879378978e-8
8.129796310164839e-8
7.93391519513097e-8
7.822121389622436e-8
7.687894799249523e-8
7.597332313398999e-8
7.58649332458134e-8
7.408404319441484e-8
7.287604040258373e-8
7.34054652814733e-8
7.160876494909096e-8
7.07184351214029e-8
6.995589219253242e-8
6.906803121934928e-8
6.796066606144001e-8
6.726782547606321e-8
6.64818171465352e-8
6.561452001439877e-8
6.476584156150431e-8
6.399624331256427e-8
6.324420358630534e-8
6.22996274094158e-8
6.166611672102976e-8
6.08561543593482e-8
6.015447496137142e-8
5.9338525768350075e-8
5.8704420737137426e-8
5.79938892141563e-8
5.72696365973495e-8
5.661365069448602e-8
5.5879697408114444e-8
5.521629337258057e-8
5.454225751738986e-8
5.387337999171492e-8
5.324595421987793e-8
5.260737015514694e-8
5.19921998895323e-8
5.136511951929694e-8
5.075511122500362e-8
5.016615134085845e-8
4.958654936712779e-8
4.900019362475474e-8
4.842428308336147e-8
4.786244300814536e-8
4.7302406183798446e-8
4.675338631610674e-8
4.6212655568771134e-8
4.568694473910359e-8
4.5152205517440915e-8
4.464221218906805e-8
4.413224602791866e-8
4.362594625611445e-8
4.313276448592225e-8
4.2646727456450644e-8
4.216842456563744e-8
4.168849492431056e-8
4.122536601532723e-8
4.076469065737705e-8
4.0306625487941735e-8
3.9861972784723444e-8
3.942300595935155e-8
3.898922304738313e-8
3.855720404382451e-8
3.8136318593743435e-8
3.77210441912072e-8
3.730754111506532e-8
3.690198911593637e-8
3.650270055836538e-8
3.6110202472181146e-8
3.572256688666811e-8
3.5340727268553775e-8
3.496478535228013e-8
3.459026407611098e-8