1.0340610871321186e-8
1.1096439740515822e-7
1.981279201026941e-7
2.614194604888446e-7
2.9298393859356703e-7
2.8707809233231714e-7
2.3827397330295096e-7
1.36681127604504e-7
1.7156154824953872e-9
2.1285617680734775e-9
2.602589186623641e-9
3.1812321796722843e-9
3.912678817419593e-9
4.868525980389807e-9
6.164514242674736e-9
8.000872156431824e-9
1.0753180667650867e-8
1.521708129486644e-8
4.374337766741653e-6
6.150962560059577e-6
6.055954817874464e-6
5.341018598797425e-6
4.55311666630687e-6
3.852103313957945e-6
3.2738652334103245e-6
2.805428509135241e-6
2.4274870485879773e-6
2.1140361586644394e-6
1.860561514330347e-6
1.6502254524272323e-6
1.4692131039531834e-6
1.319183606862072e-6
1.1909786220519456e-6
1.0781525496529062e-6
9.80711990916456e-7
8.963753277574018e-7
8.21023443192372e-7
7.553078664518527e-7
6.965824396887219e-7
6.43970137765846e-7
5.973181126972874e-7
5.550851325244555e-7
5.157096148876251e-7
4.823467675920693e-7
4.508761289370834e-7
4.225404361600108e-7
3.966141039983065e-7
3.7331983056891315e-7
3.513859545013943e-7
3.3230736806521166e-7
3.1388066854189313e-7
2.979786032854394e-7
2.8298305318697725e-7
2.693068742999315e-7
2.568069866918177e-7
2.4554495513265657e-7
2.3471375747125026e-7
2.256040392319492e-7
2.169397267548813e-7
2.0886159562007872e-7
2.0142566833187186e-7
1.9502611947369086e-7
1.8905166214058334e-7
1.8346987487235998e-7
1.7831804278885392e-7
1.7318923780659458e-7
1.693077248619989e-7
1.6564927703350915e-7
1.6221403531396027e-7
1.5898620047736196e-7
1.5595753453681118e-7
1.5306837086617086e-7
1.5038696036498027e-7
1.480572751753376e-7
1.4610266196641092e-7
1.4413092766696566e-7
1.4222793257078235e-7
1.4039043657904477e-7
1.387509574897074e-7
1.369985341629893e-7
1.3544696842801461e-7
1.339129412082108e-7
1.3237279608093666e-7
1.3070766536245968e-7
1.2945358715037304e-7
1.2809183981941634e-7
1.26807657984057e-7
1.2542259044459382e-7
1.2411119968669686e-7
1.2279148656361283e-7
1.214377820208979e-7
1.200930179848063e-7
1.1874074897554145e-7
1.1738028449026298e-7
1.1600464216260808e-7
1.1461440428310074e-7
1.1327518279891189e-7
1.1189005785960566e-7
1.1067593439988673e-7
1.0938306466673189e-7
1.0808101328070298e-7
1.0675829725039877e-7
1.054278484073435e-7
1.0415291124519309e-7
1.0283588667756138e-7
1.0157358670057942e-7
1.0024566494830807e-7
9.906489198626794e-8
9.772924169469373e-8
9.645992217337872e-8
9.518956887045334e-8
9.395513510487705e-8
9.274202757049578e-8
9.145655280322615e-8
9.033801376809417e-8
8.917235665165923e-8
8.794604627343169e-8
8.682253723958192e-8
8.569278879345405e-8
8.45596995247883e-8
8.346661599066931e-8
8.233116746261997e-8
8.122150623459953e-8
8.016117275389755e-8
7.909951068407107e-8
7.806460232224988e-8
7.701066332804316e-8
7.599885897344351e-8
7.498187915311271e-8
7.399329177880725e-8
7.301311115956494e-8
7.20647293874517e-8
7.111183102337761e-8
7.017595049860054e-8
6.926126484256086e-8
6.834361296645246e-8
6.745851661970859e-8
6.656798578872884e-8
6.569844438796675e-8
6.484274405632539e-8
6.400282645151749e-8
6.317231682212269e-8
6.235536596042119e-8
6.154550991628792e-8
6.076106213628534e-8
5.997446560342971e-8
5.9210173950870244e-8
5.8449137219017776e-8
5.770385995836204e-8
5.6974004525890794e-8
5.62468993713477e-8
5.55326160877344e-8
5.483499915548651e-8
5.414260959369102e-8
5.345883847170293e-8
5.279121349458091e-8
5.2128050587562395e-8
5.148189770777076e-8
5.083878723698914e-8
5.021178548323384e-8
4.9590038047148754e-8
4.897874976830401e-8
4.837552445007796e-8
4.778508012084105e-8
4.7197540905641244e-8
4.662465669244796e-8
4.6053000675401476e-8
4.549721253190919e-8
4.4949630600840356e-8
4.4402867332921626e-8
4.387119538632841e-8
4.334794948788399e-8
4.283164610366141e-8
4.2316034080176067e-8
4.1815638321165286e-8
4.132253361662594e-8
4.083548052142771e-8
4.0351874897253024e-8
3.988012974623141e-8
3.9415322286641544e-8
3.895174356419932e-8
3.850065113495822e-8
3.805613583160843e-8
3.761593780565305e-8
3.718306557593976e-8
3.675833394731523e-8
3.63379197192943e-8
3.5920423956913674e-8
3.551145781836456e-8
3.510720905957965e-8
3.471075082930405e-8
3.4316491957460635e-8
3.3931447378786366e-8
3.355192155039668e-8
3.31735153745095e-8
3.280481998734935e-8
3.244134611786693e-8
3.208308672078561e-8
3.17290968404567e-8
3.1377585919236466e-8
3.1031573631071014e-8