3.026933103341793e-9
3.322175898782686e-8
6.296951695193217e-8
9.216552768948525e-8
1.2013251799143894e-7
1.4831068051647338e-7
1.7235320513635238e-7
1.958871819026889e-7
2.1778491182347837e-7
2.3787783703468444e-7
2.563452868518987e-7
2.7255799316323556e-7
2.8741328735900577e-7
3.0067213889414384e-7
3.1175749082194937e-7
3.2160424835716756e-7
3.299837690061292e-7
3.3711457983943953e-7
3.4306031361395566e-7
3.4769045099583795e-7
3.521259867852816e-7
3.5504407956872207e-7
3.572976205428583e-7
3.5913074523460633e-7
3.602801872626688e-7
3.608856128495382e-7
3.612377941478026e-7
3.611184828346653e-7
3.6066866264318396e-7
3.600853347042642e-7
3.5918614844115136e-7
3.581471627831162e-7
3.570141268375109e-7
3.557560396125038e-7
3.5450808797437865e-7
3.531538079687582e-7
3.517730527806201e-7
3.504878386487352e-7
3.491279916489874e-7
3.4790409937852836e-7
3.467213852776202e-7
3.45335558637901e-7
3.444483064193891e-7
3.433513284078536e-7
3.4219286447769623e-7
3.409458908655114e-7
3.39377331840037e-7
3.372338030003612e-7
3.341153830889044e-7
3.2915861457045913e-7
3.207925903920476e-7
3.058770594893931e-7
2.7748544948019615e-7
2.1831717834458043e-7
8.26970968152753e-8
1.2753492512549217e-8
5.7076214833324655e-8
5.828090472903059e-7
3.063846997265631e-6
1.853947554161592e-6
1.343078340196069e-6
1.0593698649396434e-6
8.781640393321144e-7
7.506958735873784e-7
6.564100798908812e-7
5.828971304537728e-7
5.264467684881181e-7
4.783471978766929e-7
4.3775888465580356e-7
4.0828733785613293e-7
3.800904389843744e-7
3.4887986431806645e-7
3.269991366398254e-7
3.106952067772672e-7
3.0024893336116214e-7
2.8730580479047166e-7
2.6031056375755536e-7
2.5300942843327207e-7
2.4151926133067867e-7
2.3642349599100726e-7
2.2408382275002083e-7
2.0996877409837485e-7
2.1401104541144946e-7
2.091965404041907e-7
1.9223883142737352e-7
1.8251663685829253e-7
1.7826300405461335e-7
1.7549195394024224e-7
1.6197911169437313e-7
1.6251251078465396e-7
1.8015485739603616e-7
1.476324412696233e-7
1.536346262346134e-7
1.4880297831983656e-7
1.4124547900690208e-7
1.3902972301904704e-7
1.3807954929581388e-7
1.3111801345490957e-7
1.2281995061158832e-7
1.210205658987071e-7
1.240456754339883e-7
1.2226292299662378e-7
1.206689892184697e-7
1.1692219288959123e-7
1.1390585172662334e-7
1.1278228132900271e-7
1.07284288176115e-7
1.0915281696557662e-7
1.0946448090801111e-7
1.0099029720889243e-7
9.970299608028204e-8
1.0205216808862751e-7
9.820400408072858e-8
9.848433043468434e-8
9.869312430755424e-8
9.590998053319899e-8
9.480811096776188e-8
9.228555512718108e-8
9.087715460431824e-8
8.994822984787314e-8
8.968395539048946e-8
8.977799366847826e-8
8.768147865613927e-8
8.769739938653835e-8
8.387157021981365e-8
8.45986445955953e-8
8.278916185374095e-8
8.223574855371159e-8
8.108714831133015e-8
7.909889215619803e-8
7.814481078040041e-8
7.76758632389927e-8
7.590089663930388e-8
7.546431557833073e-8
7.516123530586684e-8
7.369295884595012e-8
7.279991856111677e-8
7.202338704883205e-8
7.06841668830502e-8
7.048535872227647e-8
6.973010974703499e-8
6.830866874156282e-8
6.742711295273163e-8
6.659836114248245e-8
6.582858409456302e-8
6.479503126664835e-8
6.416552902750818e-8
6.332691613849462e-8
6.255810454135869e-8
6.170345341462612e-8
6.09754387797384e-8
6.027276147135784e-8
5.951688163258419e-8
5.8804727698322905e-8
5.807901115502888e-8
5.7371759323135994e-8
5.66675292649934e-8
5.5969532183613966e-8
5.531270469761502e-8
5.463063348612846e-8
5.397986036880407e-8
5.3332393989882195e-8
5.269798883373776e-8
5.206109157915066e-8
5.142964685147775e-8
5.081561645475285e-8
5.022685483933855e-8
4.963035894992145e-8
4.905391705997987e-8
4.8470381098894725e-8
4.790806837062266e-8
4.734772705488128e-8
4.6795751170153766e-8
4.62574070800438e-8
4.5722641365758634e-8
4.5190658056221125e-8
4.4671696829089805e-8
4.416187973556785e-8
4.36517753530338e-8
4.3156474726829044e-8
4.2669037007538155e-8
4.218175249201617e-8
4.170644600641059e-8
4.123920381058582e-8
4.0776062017377365e-8
4.031624965749899e-8
3.9868724368996565e-8
3.942651862093518e-8
3.8986621033023993e-8
3.85573909406918e-8
3.813407092611853e-8
3.771293473353018e-8
3.730136157784458e-8
3.689433352544204e-8
3.649375305217398e-8
3.6098495012346735e-8
3.570795136951752e-8
3.532490944466833e-8
3.4945501243731895e-8
3.4570675514839534e-8
3.420301935974354e-8