2.4056225658706057e-8
2.614597627615522e-7
4.835915640687762e-7
6.795713408654673e-7
8.424835751205642e-7
9.702946517666243e-7
1.0639535547265376e-6
1.1274299965817799e-6
1.1652491633017847e-6
1.1821930905647237e-6
1.1828257494088537e-6
1.170422163737741e-6
1.1483318334249309e-6
1.1184133384979208e-6
1.082149655097865e-6
1.0401994731300809e-6
9.928379652012919e-7
9.390704595945273e-7
8.772465573453601e-7
8.041548945447565e-7
7.140371982821352e-7
5.963756055865927e-7
4.304427854321607e-7
1.747390681412004e-7
5.2454860801071296e-9
8.062328601719454e-9
1.3043500147014286e-8
2.3858010054362635e-8
5.68578070619236e-8
0.000011657196079951372
7.452399183792951e-6
4.88489445494511e-6
3.5151340209600866e-6
2.695798921741405e-6
2.1604456489719975e-6
1.7893857026516313e-6
1.513812118750198e-6
1.3043702121634432e-6
1.1423081352143957e-6
1.0094657167015442e-6
9.013631775327847e-7
8.114735615280106e-7
7.353193401732227e-7
6.717852847674671e-7
6.157463031660955e-7
5.670793906552859e-7
5.255289477615033e-7
4.88775833217697e-7
4.5568904495320106e-7
4.2515098253598496e-7
4.006158356150975e-7
3.760976336432915e-7
3.558507715524408e-7
3.361160981053099e-7
3.1955293743167593e-7
3.033365153701402e-7
2.891110311242821e-7
2.7608479177086487e-7
2.639811175006209e-7
2.5351085209692833e-7
2.4295559125857687e-7
2.3370417692493077e-7
2.252034769194409e-7
2.172452813271811e-7
2.096074227646477e-7
2.0311554304945186e-7
1.9689911802620598e-7
1.9086060351952418e-7
1.8539115463035363e-7
1.799047808824753e-7
1.7530483122424902e-7
1.7133847809576508e-7
1.6729447538650552e-7
1.6340894862957717e-7
1.5971699658429144e-7
1.564341528835917e-7
1.5286536479972505e-7
1.5025724278830998e-7
1.4759773361285495e-7
1.449851080386121e-7
1.4246125071676108e-7
1.4025041301693787e-7
1.3790002906579051e-7
1.358101092926797e-7
1.338137751549664e-7
1.3199606290245828e-7
1.2989551208639709e-7
1.2832028361405052e-7
1.265113864103805e-7
1.2507857856812309e-7
1.2318369993452316e-7
1.2190412769082844e-7
1.2069210539485488e-7
1.1812681992328362e-7
1.1695531632935779e-7
1.1592231205508789e-7
1.1511237958579237e-7
1.1236158196350074e-7
1.1151893209255878e-7
1.1005924120058027e-7
1.0888509979199301e-7
1.0725406757365294e-7
1.0670802539033491e-7
1.0508082984115115e-7
1.037092535514976e-7
1.0240208632151241e-7
1.0090010749414812e-7
9.99253357981228e-8
9.868588477070743e-8
9.740289743908659e-8
9.593647739560773e-8
9.522720152733136e-8
9.373329213325726e-8
9.275077901442579e-8
9.121981499062269e-8
9.038167756559584e-8
8.931620452780466e-8
8.76950145255426e-8
8.670088955648123e-8
8.575844074141134e-8
8.458903692137927e-8
8.342772911744163e-8
8.234542862334903e-8
8.12261686136642e-8
8.017589746798177e-8
7.912505569492717e-8
7.81528489215136e-8
7.711443227235933e-8
7.605685594648717e-8
7.506755624505085e-8
7.408686292489175e-8
7.310670417374103e-8
7.215942392406464e-8
7.125492483441363e-8
7.032089028050102e-8
6.938549653646087e-8
6.849242544838417e-8
6.759865270337325e-8
6.673777056794645e-8
6.584222475854044e-8
6.502266961566758e-8
6.418214383150812e-8
6.336699144544614e-8
6.255272221410232e-8
6.174920426511668e-8
6.096124905920101e-8
6.019311278327674e-8
5.942788584946407e-8
5.867390291938217e-8
5.7927105141423794e-8
5.7202599580728926e-8
5.648749469138199e-8
5.577586481462021e-8
5.5077223390699994e-8
5.438969290459914e-8
5.37080156203299e-8
5.304370080264883e-8
5.238315470448428e-8
5.174189543851999e-8
5.110935805098517e-8
5.047910936819471e-8
4.986054749835822e-8
4.9253832553631254e-8
4.865204412777545e-8
4.806435754837324e-8
4.747943449177144e-8
4.690900989558363e-8
4.634698942904142e-8
4.5786006619674745e-8
4.524054854141248e-8
4.4703099821526583e-8
4.416584633986992e-8
4.3644233474678946e-8
4.313018846913267e-8
4.262033467098244e-8
4.2117189498395255e-8
4.162552740182122e-8
4.114152074858367e-8
4.065844959163151e-8
4.01867303263347e-8
3.9723050834147644e-8
3.926617582662657e-8
3.881030653801139e-8
3.836667635564701e-8
3.7929537690061395e-8
3.749472767042414e-8
3.707065755234586e-8
3.665289729372429e-8
3.623566420406613e-8
3.582693841924659e-8
3.5422881741135185e-8
3.5026987700168465e-8
3.4633164541374096e-8
3.4248514572110823e-8
3.386929798393089e-8
3.3495480491567985e-8
3.312258481097313e-8
3.2759264660562516e-8
3.240107756892242e-8
3.2047948731692504e-8
3.169531951675002e-8