3.188095496520901e-13
3.513185820296217e-12
6.73893321670734e-12
1.0024403059312482e-11
1.3400616328831916e-11
1.6894725825598846e-11
2.054133355454693e-11
2.4370646503597396e-11
2.8422593541547953e-11
3.272763897338029e-11
3.7329168371298054e-11
4.226710560595781e-11
4.758917357132946e-11
5.334225629428512e-11
5.958204882606681e-11
6.636980010591851e-11
7.375943558248226e-11
8.182748983877802e-11
9.065984588132702e-11
1.0033359241457043e-10
1.1090500946367612e-10
1.2253957778394658e-10
1.3530780914604514e-10
1.4933867845104303e-10
1.6475339460871612e-10
1.8172272773349222e-10
2.0040302274153785e-10
2.2097498323945005e-10
2.435967189775807e-10
2.6852470983651257e-10
2.9597836332687356e-10
3.262353003629561e-10
3.595573959254718e-10
3.9625046557201747e-10
4.367115412550706e-10
4.812728852745075e-10
5.301168546258941e-10
5.844649695039549e-10
6.436987991781358e-10
7.093712356687099e-10
7.814407531928847e-10
8.606989404729495e-10
9.480450152928987e-10
1.0438445677593498e-9
1.148939573712112e-9
1.264289890441177e-9
1.3913235861240696e-9
1.529447732419384e-9
1.6827838564203206e-9
1.8494875389647113e-9
2.032213816933784e-9
2.231576531361389e-9
2.4489062675820664e-9
2.6865730377225485e-9
2.9442650069174876e-9
3.2255033497561305e-9
3.5302670934117293e-9
3.860134044897276e-9
4.21725213602428e-9
4.603995211662494e-9
5.019110804240958e-9
5.465509090508366e-9
5.9477006687209645e-9
6.45862475416575e-9
7.007009546540462e-9
7.588943694902e-9
8.205394655747242e-9
8.862732703038116e-9
9.555246286385735e-9
1.028205829207237e-8
1.1041255415952411e-8
1.1843170526471285e-8
1.2677488948455407e-8
1.3545657160343521e-8
1.4441501745798887e-8
1.5370833388078123e-8
1.6329095211911627e-8
1.7310549525906455e-8
1.8320637241102266e-8
1.93502521283934e-8
2.0391903153606947e-8
2.1456542826125293e-8
2.2528531444950982e-8
2.3620188113659976e-8
2.471864529596799e-8
2.5823961465955403e-8
2.6934497977068563e-8
2.8054488560522416e-8
2.916219913268516e-8
3.028379957823494e-8
3.139524132453518e-8
3.250220817861031e-8
3.361121055846928e-8
3.471611789177229e-8
3.581503255220268e-8
3.688147373637122e-8
3.8003284936472973e-8
3.9082619244461366e-8
4.017526816258484e-8
4.125642482869904e-8
4.233971440617263e-8
4.342125555711474e-8
4.450295462485589e-8
4.5596518833132686e-8
4.669827068016352e-8
4.780582684074524e-8
4.893403396580503e-8
5.0078048629600154e-8
5.1246824136611815e-8
5.244509615200232e-8
5.3676689487583606e-8
5.495654715517357e-8
5.62804759386398e-8
5.766364700747779e-8
5.9127526928215205e-8
6.066250831713642e-8
6.230209818704133e-8
6.404187549404595e-8
6.5918345674333e-8
6.793624836033521e-8
7.008653092791209e-8
7.237900812186991e-8
7.474259578222276e-8
7.699193709375038e-8
7.857209270005734e-8
7.781946663783342e-8
6.869766034914113e-8
2.7034992628447977e-8
3.618144525243642e-8
1.5537985515723438e-6
9.236651996409075e-7
6.281864108683543e-7
4.834243739131702e-7
3.9913835906270033e-7
3.4185744999072857e-7
3.0843534643272667e-7
2.7089699763624576e-7
2.4054691021068556e-7
2.2984351103862897e-7
1.9391661053532243e-7
1.832273273067516e-7
1.7781332023047343e-7
1.6307167554834402e-7
1.5923203677298705e-7
1.2541097679937464e-7
1.4116704000123261e-7
1.3783157391069682e-7
1.4001657969025446e-7
1.2887549202062007e-7
1.346661326252981e-7
1.169721947189612e-7
1.1236348768963565e-7
1.062727497873537e-7
1.0422155562476398e-7
1.0520314279362595e-7
9.753434678198273e-8
9.548816009209677e-8
9.007928120113722e-8
8.778866818401758e-8
8.91111701251903e-8
8.568440823711554e-8
7.914193668216897e-8
8.111675451260971e-8
7.782015601273435e-8
7.857814640447262e-8
7.290976988869707e-8
7.35500162363187e-8
7.281889227897502e-8
6.617064219319118e-8
6.740951704805443e-8
6.948726200950085e-8
6.606032735954384e-8
6.476663654084134e-8
6.521416893840592e-8
6.46500953893775e-8
5.959051262849622e-8
6.153044558315666e-8
5.947898763896761e-8
5.8544062648291414e-8
5.872810265840758e-8
5.840042028258173e-8
5.572705442626867e-8
5.4392287544965325e-8
5.445894419233054e-8
5.3980774590077614e-8
5.330650048002136e-8
5.3113848636827493e-8
5.1414029376060916e-8
5.107602667947042e-8
5.004941899628637e-8
4.9917000162247774e-8
4.9101686346817294e-8
4.833613816692371e-8
4.7868855059419355e-8
4.738535941181439e-8
4.616285804805007e-8
4.5470380783678554e-8
4.501730033021569e-8
4.477339070400168e-8
4.436599160342779e-8
4.404178531085485e-8