1.2953206795060056e-9
1.4241978835893887e-8
2.7173028590175503e-8
4.0001460728962804e-8
5.268196007856201e-8
6.530154906887183e-8
7.759403894765423e-8
8.978082399079503e-8
1.019169800632879e-7
1.1344303036591148e-7
1.2474007028341239e-7
1.3585175425751882e-7
1.462445328182678e-7
1.5633050772731539e-7
1.6596450963628512e-7
1.7565440317685675e-7
1.843500063105027e-7
1.9242613525070438e-7
2.0006942410336173e-7
2.07353078489743e-7
2.1415304354203605e-7
2.2038546852529426e-7
2.2609409930665454e-7
2.314571497547378e-7
2.3616601330338504e-7
2.407526827886005e-7
2.447254134240711e-7
2.4823461469542554e-7
2.5145620258651144e-7
2.5420872167359185e-7
2.56779522722106e-7
2.589565556966403e-7
2.6087037882589776e-7
2.6257952802986876e-7
2.6401542310009327e-7
2.652426468189427e-7
2.6633714425965245e-7
2.672743082723844e-7
2.6807253518080366e-7
2.687589364846319e-7
2.693387089275147e-7
2.6985645532491883e-7
2.7035174768633737e-7
2.7079015911218274e-7
2.712118794394604e-7
2.7169178100017615e-7
2.7214823290708775e-7
2.72615294268625e-7
2.731486526409964e-7
2.737162274370126e-7
2.743166951599984e-7
2.749038733500669e-7
2.754330030444056e-7
2.7582976989161744e-7
2.7587664210058845e-7
2.7523600136763164e-7
2.7326509757565446e-7
2.687401661913956e-7
2.5884286752541425e-7
2.3823384235894418e-7
1.9059126814366056e-7
7.201975601960188e-8
1.4602458589014626e-8
1.0357794337291189e-7
4.588842676355938e-6
2.2308226519546332e-6
1.4637008433611065e-6
1.0996000045067131e-6
8.856830566882085e-7
7.438762974658308e-7
6.428579745578794e-7
5.665195859296649e-7
5.098880070139652e-7
4.7326595149927857e-7
4.171340428872527e-7
3.952707938449111e-7
3.590562474366584e-7
3.3120500253158357e-7
3.1498886472537636e-7
2.886158565176745e-7
2.87761316883307e-7
2.739184058995737e-7
2.5220077302245034e-7
2.383186818912066e-7
2.2860540251763502e-7
2.278231741284861e-7
2.3836568431723634e-7
2.0529207029792242e-7
1.9373327130205447e-7
1.8207413028159996e-7
1.942044701029778e-7
1.7257392165926263e-7
1.6439442752274053e-7
1.6273224487937305e-7
1.596249231332841e-7
1.3900629452536758e-7
1.526836091942249e-7
1.4146750343262798e-7
1.536900857845063e-7
1.4086250914752762e-7
1.3422588827673624e-7
1.344245814155809e-7
1.3517381583763727e-7
1.2424141259368917e-7
1.212111629002918e-7
1.1596475501353965e-7
1.14348876244644e-7
1.1736153383640398e-7
1.1169235787707015e-7
1.0511558612172887e-7
1.0820655137487588e-7
1.1329227740473812e-7
1.0487650362653098e-7
1.031969616504551e-7
1.0612418819467954e-7
1.0070725077687092e-7
1.0171921461495268e-7
9.370756602164754e-8
8.810389056890708e-8
9.457289428894726e-8
8.846650238104415e-8
8.958328201574505e-8
9.152465402686439e-8
8.723612028831743e-8
8.656704795314252e-8
8.846842608588776e-8
8.511633352320904e-8
8.311134469956311e-8
8.110148164409786e-8
8.152939494701594e-8
7.896781854464082e-8
8.09675208108103e-8
7.66446641817551e-8
7.738782298666436e-8
7.592270764833459e-8
7.52150240160127e-8
7.415737732457957e-8
7.333979843677836e-8
7.215356795120653e-8
7.114334635175606e-8
7.041205690401224e-8
6.96934918892359e-8
6.857010731988815e-8
6.777737155922252e-8
6.691234252658101e-8
6.612269911016375e-8
6.537329495526108e-8
6.456968252692206e-8
6.384731465301025e-8
6.293096465686783e-8
6.225341771339116e-8
6.134953940794012e-8
6.067382523718554e-8
5.987638283175885e-8
5.917643654062961e-8
5.844463090552325e-8
5.777113839212678e-8
5.728722481650421e-8
5.634626934511758e-8
5.5671296281660006e-8
5.500700398683327e-8
5.435052773609254e-8
5.369949203373763e-8
5.30536304655117e-8
5.24177509265693e-8
5.180331585093716e-8
5.116526139644345e-8
5.0606227512148075e-8
4.997658905999629e-8
4.940814050622491e-8
4.882311058952589e-8
4.826091324937345e-8
4.76968979138551e-8
4.714740816810691e-8
4.6596577807200685e-8
4.6059245292032255e-8
4.553051707500011e-8
4.5007569409611634e-8
4.449615425518878e-8
4.399379243539243e-8
4.349078333495353e-8
4.299931272156682e-8
4.2517107800753185e-8
4.2045206660850245e-8
4.1568749246828944e-8
4.110756275233186e-8
4.065028182675216e-8
4.0193676787969934e-8
3.9752802430412276e-8
3.931669656839429e-8
3.8883447994234944e-8
3.8457114772021425e-8
3.803879052362774e-8
3.762461349257917e-8
3.7215951487595954e-8
3.6813564172301895e-8
3.641691379662837e-8
3.6027304003428445e-8
3.564232077084371e-8
3.5263171565617005e-8
3.488908171570832e-8