2.559357452389868e-13
2.8202219817624707e-12
5.409049806713523e-12
8.048130190478373e-12
1.0751463530462068e-11
1.3551848353421856e-11
1.647806407089225e-11
1.954135718260348e-11
2.2769030101235755e-11
2.6217881101690016e-11
2.988948543669047e-11
3.382643013401127e-11
3.806601376208661e-11
4.263977273981779e-11
4.7596597778254866e-11
5.2991444666675517e-11
5.886008874233674e-11
6.525631887880522e-11
7.225017123821051e-11
7.989602887620917e-11
8.828521499214415e-11
9.747069029102978e-11
1.0756433460900721e-10
1.186541894723996e-10
1.308489262181558e-10
1.4423537183865225e-10
1.589792465198577e-10
1.7518944553320086e-10
1.9305893082029893e-10
2.1271314918011233e-10
2.3440446269936093e-10
2.582384158854762e-10
2.845437659059698e-10
3.1352118055100383e-10
3.454022420633536e-10
3.8059830527839524e-10
4.19308047645026e-10
4.6194109603391577e-10
5.086083196001096e-10
5.607170546960592e-10
6.176837466429294e-10
6.803012791159299e-10
7.494433732451847e-10
8.252643846737678e-10
9.087484024253762e-10
1.0003911891039666e-9
1.1011992759453496e-9
1.2116385992923355e-9
1.333298430265644e-9
1.46646292259654e-9
1.61219785352822e-9
1.7720930413572064e-9
1.946485075664552e-9
2.137240771196247e-9
2.3453641644332784e-9
2.5718542291121746e-9
2.8194270030718356e-9
3.0880300935119255e-9
3.3798278047270663e-9
3.6958693331112315e-9
4.037291003840286e-9
4.4062792149285805e-9
4.804224529878973e-9
5.2308552226101185e-9
5.690489591040774e-9
6.182336680889899e-9
6.703843012886304e-9
7.260307089923472e-9
7.851289247168762e-9
8.479583050916433e-9
9.14139991969012e-9
9.833507539254714e-9
1.056656090826045e-8
1.133186279472243e-8
1.2129233885081868e-8
1.2960992668569036e-8
1.3815057316106502e-8
1.4706034113878106e-8
1.5621685663123226e-8
1.6565414216282e-8
1.7530645423773782e-8
1.85123035997253e-8
1.951540721189307e-8
2.053736467555762e-8
2.1569608006964627e-8
1.95899612500123e-8
2.366398628253535e-8
2.472691390241218e-8
2.5799589038943548e-8
2.6864001161546748e-8
2.79444148841275e-8
2.902152930335916e-8
3.0090689599484145e-8
3.1161558650077785e-8
3.223124218014946e-8
3.3298655326708435e-8
3.435937012348312e-8
3.539471529606796e-8
3.6480247151813704e-8
3.752771079000737e-8
3.858285698450626e-8
3.963367763265777e-8
4.068510545703721e-8
4.1737881409549454e-8
4.2791947756024726e-8
4.385842026593877e-8
4.492834448587288e-8
4.601097936033102e-8
4.711077495190929e-8
4.822725727985668e-8
4.9370500967868046e-8
5.054323632449252e-8
5.174776816863088e-8
5.299573888812608e-8
5.429234236256504e-8
5.5656421355441234e-8
5.7072509468833355e-8
5.859285393923602e-8
6.020121754530356e-8
6.191975978188456e-8
6.375719273654335e-8
6.573487952393258e-8
6.786207211461765e-8
7.012525990965734e-8
7.246332550526423e-8
7.471316841345505e-8
7.633196232940489e-8
7.569819226575025e-8
6.696030978063027e-8
2.6414301686661242e-8
3.698580643297197e-8
1.532924915914044e-6
9.007148483518569e-7
6.149295818497322e-7
4.7339054420157017e-7
3.873100612877525e-7
3.3191686252075275e-7
2.900878879953744e-7
2.660074703086725e-7
2.946738156774311e-7
2.1825590463256716e-7
2.069138869952433e-7
1.9083489803606034e-7
1.7415624600058332e-7
1.6447955290780668e-7
1.5236722043355665e-7
1.4969901102287138e-7
1.3789984082548762e-7
1.3647043852689272e-7
1.307264520342345e-7
1.253575342670218e-7
1.1775524432543908e-7
1.2054694835388944e-7
1.0853702676371201e-7
1.0201439939789797e-7
1.1081091440834618e-7
1.020527330376799e-7
9.801601179454324e-8
8.956863413709106e-8
8.968516916703944e-8
9.372543977073713e-8
8.87730997092817e-8
8.035656379841351e-8
8.42539237994096e-8
8.068390819591175e-8
7.635685073598515e-8
7.676534230901351e-8
7.431473107151924e-8
6.836922840106253e-8
6.987243752814729e-8
6.940392080762983e-8
7.148180403654121e-8
6.59711596146853e-8
6.600787598557281e-8
6.178581619356458e-8
6.347911536606873e-8
6.153211941803281e-8
6.189503210767767e-8
5.9594859554255946e-8
5.888511969215153e-8
5.990076033420683e-8
5.710284657652066e-8
5.711862643405409e-8
5.6521866905919934e-8
5.458369688477334e-8
5.347506913736893e-8
5.2600140029696194e-8
5.25233740657292e-8
5.2282024904265864e-8
5.08116783654404e-8
5.022234597999119e-8
4.941853865684526e-8
4.9059663868870964e-8
4.819373237638956e-8
4.7774542699809657e-8
4.708757398576478e-8
4.6455356181331876e-8
4.580289009539592e-8
4.5414517903780987e-8
4.4940935663251164e-8
4.400049766204475e-8