2.554693229609103e-11
2.8152071333640253e-10
5.402190495165475e-10
8.040352157682699e-10
1.0753013572589284e-9
1.3560945360257532e-9
1.6503240292425171e-9
1.959401379784397e-9
2.287117542165371e-9
2.6351119932077444e-9
3.0069468534279155e-9
3.4074572581800127e-9
3.837497613335682e-9
4.301021874448242e-9
4.801690309546204e-9
5.342457157522846e-9
5.932498848448289e-9
6.565122883319154e-9
7.257289122559355e-9
8.001436962402722e-9
8.810783772699249e-9
9.668502795828382e-9
1.0626213671428092e-8
1.1644018944087335e-8
1.274702945891974e-8
1.3917983762994767e-8
1.5185096021337624e-8
1.6535039357048387e-8
1.7982492726976886e-8
1.9511335669111042e-8
2.113614012138014e-8
2.285172489130243e-8
2.46774415732365e-8
2.6577954062421656e-8
2.8575118160355388e-8
3.065210352090003e-8
3.28201034380102e-8
3.5059047495730944e-8
3.7377869541814875e-8
3.979077638086409e-8
4.219489895189373e-8
4.4682521022308194e-8
4.715413022873589e-8
4.975198383891839e-8
5.231435989541021e-8
5.490880071201387e-8
5.7525175685843855e-8
6.011827473727508e-8
6.27160946220082e-8
6.523165752996285e-8
6.777659574672189e-8
7.027516222231931e-8
7.27401249413667e-8
7.514125398217551e-8
7.747598568279245e-8
7.980868000331011e-8
8.206861025075559e-8
8.42650413040841e-8
8.640646122197237e-8
8.846465375886693e-8
9.051197916353738e-8
9.25109461818801e-8
9.441881327299001e-8
9.628690496418966e-8
9.810626682689515e-8
9.989949108128554e-8
1.0164721864925523e-7
1.0335878194129766e-7
1.0505333158116683e-7
1.0672464289771826e-7
1.0837695380771388e-7
1.1004001150836607e-7
1.11697719465138e-7
1.1337519113253588e-7
1.1505791572643652e-7
1.167811514753318e-7
1.1855464633434463e-7
1.1984237746709308e-7
1.2228597684431985e-7
1.2426841551206462e-7
1.263492786127872e-7
1.285120759466127e-7
1.3080634510527526e-7
1.3319909646057586e-7
1.3563434158238312e-7
1.3805326953216996e-7
1.4021858717253363e-7
1.4162684933072132e-7
1.4103658774743704e-7
1.3525727129855943e-7
1.1424022314842819e-7
4.346494636136123e-8
2.336093121341094e-8
9.182730388467993e-7
1.6616538281447943e-6
1.047189852480249e-6
7.741766386737899e-7
6.203949276725964e-7
5.209460027122161e-7
4.457675939618585e-7
3.940483647304256e-7
3.65730072676643e-7
3.170151868583314e-7
3.01271805350441e-7
2.8891686688626564e-7
2.274358540130774e-7
2.399521069347015e-7
2.2796743289253283e-7
2.148811528678111e-7
1.9718119443150403e-7
1.8522903877227141e-7
1.7260394148955563e-7
1.6967824414601446e-7
1.6085346306781825e-7
1.6211346135415585e-7
1.7452022539280285e-7
1.7060552000864965e-7
1.4878823163622843e-7
1.3920632817088583e-7
1.2025671200021886e-7
1.2741530240690742e-7
1.211217222149021e-7
1.2414917453053938e-7
1.1598243449553297e-7
1.1561289575427971e-7
1.2161692381516503e-7
9.265273600366795e-8
1.0648820802283452e-7
1.0025665362174084e-7
8.950376253462433e-8
1.0260519746257366e-7
8.820752607965467e-8
9.205570426938758e-8
8.682281868249394e-8
8.701443995773093e-8
7.958331262220134e-8
1.0827176162935195e-7
8.893801428053274e-8
8.220090947555045e-8
7.604241023236655e-8
8.175563576817777e-8
8.058702088650673e-8
7.830057600896378e-8
7.434175766281821e-8
7.348528669946565e-8
7.476630588323235e-8
7.217582522213704e-8
7.178494752539305e-8
7.09825662994652e-8
7.03340959743832e-8
6.931390474171508e-8
6.920702423137991e-8
6.473749540529639e-8
6.679235296531271e-8
6.568822011312901e-8
6.497746386640548e-8
6.373127324964089e-8
6.255561683343629e-8
6.192802899347592e-8
6.110414951815752e-8
6.013534878683255e-8
6.005063290480741e-8
5.912804602076526e-8
5.8891827229142897e-8
5.7913364834488774e-8
5.719360454447611e-8
5.614146477694488e-8
5.56193471065509e-8
5.5662951928250054e-8
5.4231237455352244e-8
5.3774477713299043e-8
5.3091086044177086e-8
5.245664479031543e-8
5.188151465234466e-8
5.128039153257095e-8
5.054276849462836e-8
4.999838157935203e-8
4.942374834825644e-8
4.8861344202035285e-8
4.8326498730008985e-8
4.770599211657104e-8
4.7199976943060554e-8
4.667327583863007e-8
4.6119891840701945e-8
4.55742986402046e-8
4.506431400967587e-8
4.4679446887333844e-8
4.409953281539209e-8
4.357623000479529e-8
4.3092678135542924e-8
4.262961866209646e-8
4.215975691875308e-8
4.168142532956969e-8
4.1219450536314665e-8
4.077082957792627e-8
4.033503520167745e-8
3.989745202744987e-8
3.9462101700033134e-8
3.903480324189937e-8
3.8610713046228886e-8
3.819851117937505e-8