5.553787044496236e-12
6.121025881169646e-11
1.1746233652395257e-10
1.7486434713538084e-10
2.3396073248169495e-10
2.953597802758631e-10
3.596144661110077e-10
4.273804203720211e-10
4.992774164695111e-10
5.760835382675714e-10
6.584390963107683e-10
7.470294335031854e-10
8.429613126350112e-10
9.46731119301388e-10
1.0599606108945296e-9
1.183375826330573e-9
1.3174414369267078e-9
1.464451006918456e-9
1.625258736826006e-9
1.80106742760491e-9
1.9938274788757936e-9
2.2047841678191653e-9
2.4351301679099005e-9
2.687835910279236e-9
2.9653035026317545e-9
3.270004741100455e-9
3.6014678816529315e-9
3.962241042195644e-9
3.5784049587334824e-9
3.934571545174107e-9
5.258495308241591e-9
5.771527590157562e-9
6.324120723003702e-9
6.925628175869665e-9
7.579689925845127e-9
8.28403401766219e-9
9.043697703585399e-9
9.857515105482706e-9
1.0731445187542369e-8
1.1666081831952117e-8
1.2671852605275857e-8
1.3737178239591283e-8
1.4871238956244635e-8
1.607846539292637e-8
1.732834340571351e-8
1.8661593682462623e-8
2.004022676370223e-8
2.1516700974627072e-8
2.303189741241918e-8
2.4598055566884454e-8
2.6243195075564383e-8
2.7899454604242894e-8
2.9625017393206883e-8
3.1386396553199356e-8
3.3174770012292755e-8
3.49906623297453e-8
3.684011216704215e-8
3.8706291965351406e-8
4.0597519126831107e-8
4.247078694917117e-8
4.435236879779178e-8
4.627924412546367e-8
4.810734739858092e-8
4.996971403386673e-8
5.1808282953090625e-8
5.363964890019671e-8
5.545337948608017e-8
5.723318041655405e-8
5.8973592550140764e-8
6.071542779620312e-8
6.242287649856623e-8
6.409110952746544e-8
6.56087355831952e-8
6.7282639127418e-8
6.89442877825057e-8
7.05116207233379e-8
6.002094852785663e-8
7.357229310633596e-8
7.508009010400132e-8
7.657552749448634e-8
7.806683474559562e-8
7.955386634621854e-8
8.104951065459467e-8
8.253487296978784e-8
8.405885831614209e-8
8.562610947430859e-8
8.715002660177539e-8
8.876430357773455e-8
9.042735771588046e-8
9.212800839194812e-8
9.39401657820239e-8
9.581282098490567e-8
9.779124455274047e-8
9.988788529958203e-8
1.0210250009450518e-7
1.0445636969410464e-7
1.0691026890403207e-7
1.0941255748372279e-7
1.1183501373330338e-7
1.1380830069793728e-7
1.1441294973104831e-7
1.110766908057351e-7
9.538828461297623e-8
3.66182241425384e-8
2.731437072220993e-8
1.2967304013913685e-7
1.3182129904028273e-6
8.612900497938218e-7
6.478764694699535e-7
5.232477242126435e-7
4.452180707670143e-7
3.8131902258000033e-7
3.4243934524086355e-7
3.2455206960645973e-7
2.759999069000826e-7
2.576428300003212e-7
2.3984393989438283e-7
2.3261229227463703e-7
2.34125194849569e-7
2.196984355937583e-7
1.8767748004003526e-7
1.7913703400162158e-7
1.5949028791235953e-7
1.6543466564483647e-7
1.533645717958366e-7
1.5311510279353268e-7
1.3226597036120436e-7
1.1702577198784542e-7
1.2397787658712732e-7
1.3126532507494136e-7
1.277168883928226e-7
1.1625632962514725e-7
1.0499853325540559e-7
1.1027002244215322e-7
1.1224446542202629e-7
1.0494454828790072e-7
9.835001240704729e-8
1.027891673792893e-7
9.411379995007246e-8
9.343978011768507e-8
8.99965264455088e-8
9.297122793585437e-8
8.496975444460597e-8
8.571021055780656e-8
9.127840366766997e-8
8.42771606714805e-8
7.942636065930171e-8
8.34958997847288e-8
8.17638610080744e-8
7.62935732347916e-8
8.128553956720136e-8
7.42604781419161e-8
7.462821309277064e-8
7.260755941457476e-8
7.350155656870702e-8
7.215096211813747e-8
6.826590536988504e-8
6.521398471179184e-8
6.387776875168898e-8
6.618181324503113e-8
6.415235746687527e-8
6.295306085387024e-8
6.33146697550265e-8
6.223041084291178e-8
6.270622397602492e-8
6.001515778610516e-8
5.896720997860905e-8
5.82811080791069e-8
5.791693198421281e-8
5.548688915873704e-8
5.586841398119495e-8
5.582004335583379e-8
5.5182970554920515e-8
5.3844820311290047e-8
5.348491268159578e-8
5.256899932003955e-8
5.213170474663416e-8
5.172394903286711e-8
5.09153714272587e-8
5.031253494950698e-8
4.9962021397765836e-8
4.947065087356542e-8
4.870172909396335e-8
4.820402954619651e-8
4.7647038670514373e-8
4.708698968825848e-8
4.6575302825426787e-8
4.594599206288901e-8
4.54613450768303e-8
4.4957400868613195e-8
4.448283241097967e-8
4.4016956370947805e-8
4.343326897214767e-8
4.2961454080913804e-8
4.246263501359773e-8
4.202827704314924e-8
4.156902166639268e-8
4.109304173176483e-8
4.0684506918675945e-8
4.01961727002805e-8
3.97704357873143e-8