86303.97838739684
86739.31760389653
87963.27467313084
89967.57561837973
92738.71245155677
96258.09485095344
100502.25588621914
105443.10185823738
111048.20898487914
117281.1460558789
124101.83109659326
131466.9014441335
139330.09699826143
147642.64192660706
156353.62570744872
165410.3742265617
174758.8065565225
184343.76555152785
194109.33740210545
203999.13711416908
213956.5712868865
223925.07479042775
233848.31812448936
243670.39100045426
253335.9591914568
262790.3981378319
271979.9038664333
280851.5834864877
289353.52918925555
297434.86895726353
305045.8146778845
312137.6829764864
318662.9147797084
324575.0826407148
329828.8846355361
334380.1437974451
338185.78690969106
341203.82822692674
343393.3497476718
344714.47001314745