2.945688312258837e-12
3.245616631978432e-11
6.223480571878161e-11
9.252754495598093e-11
1.2358462294105892e-10
1.5565485368003072e-10
1.890048960384567e-10
2.239092945036093e-10
2.606339552829948e-10
2.994754215384621e-10
3.4074147967138315e-10
3.847565875854773e-10
4.318464083733475e-10
4.823766565093273e-10
5.366996456745412e-10
5.952181307343515e-10
6.584244645415318e-10
7.266820402314131e-10
8.004917717855255e-10
8.803424244588582e-10
9.667790580566678e-10
1.0603300724879454e-9
1.1616661501206968e-9
1.2713113229314252e-9
1.3899877500876722e-9
1.5183504832652555e-9
1.6571603181254223e-9
1.8070753671644608e-9
1.969389198188739e-9
2.1435305443867744e-9
2.33166357620223e-9
2.5341861621599164e-9
2.7518883479656043e-9
2.9855571978106904e-9
3.236348333572072e-9
3.5046355153112714e-9
3.791535414696744e-9
4.09759561761985e-9
4.423625950727569e-9
4.770134779924186e-9
5.137629658900855e-9
5.52637106641499e-9
5.937275049662513e-9
6.368975225114683e-9
6.822404703978119e-9
7.296910550927484e-9
7.791700721230765e-9
8.30576112288356e-9
8.837722739724456e-9
9.385812385366252e-9
9.947754632368774e-9
1.0520682912703471e-8
1.1101775762289791e-8
1.1686834078184535e-8
1.2271347446638583e-8
1.2850345635838391e-8
1.3417207807384745e-8
1.39671776554313e-8
1.4490797306426898e-8
1.4980692123197704e-8
1.5429079832467896e-8
1.582079444605725e-8
1.614974505010385e-8
1.6402402617283555e-8
1.6566100433657466e-8
1.6626935181421057e-8
1.6571171012225298e-8
1.638399542163104e-8
1.5936045325041e-8
1.5559332007897547e-8
1.4904147211347902e-8
1.407201947500583e-8
1.3066035883296964e-8
1.189689803798736e-8
1.058783719710851e-8
9.180898403247399e-9
7.739800335929567e-9
6.3522374252183074e-9
5.128964926224673e-9
4.196994384987825e-9
3.6892986229903e-9
3.738943287772525e-9
4.503664157239377e-9
6.288239393401834e-9
9.97192719869549e-9
1.86982385350594e-8
4.86469306430462e-8
3.581657487595371e-7
6.057182806442389e-7
5.308282846660456e-8
1.7745963423791882e-8
8.580777416295393e-9
4.945632280071708e-9
3.1577249894066913e-9
2.154805149174766e-9
1.5397924084725563e-9
1.1374726216413843e-9
8.609874355253621e-10
6.633714714455696e-10
5.174374128826299e-10
4.065224517713303e-10
3.1983962900923714e-10
2.4986692791734214e-10
1.9025126470588757e-10
1.2518706409840442e-10
5.428155970314717e-8
7.20510069592194e-8
8.304986408640394e-8
9.027643364956022e-8
9.53626522816004e-8
9.873009808914894e-8
1.0113931397556776e-7
1.0282208041434469e-7
1.0342762372980991e-7
1.0379164923818878e-7
1.0415869956063076e-7
1.0389970920064269e-7
1.0262160626402694e-7
1.0279960006981302e-7
9.983105845265204e-8
1.0084470702304436e-7
1.0023455221562093e-7
9.784971948158775e-8
9.83845346479021e-8
9.675559177421367e-8
9.505279392901768e-8
9.440514576371881e-8
9.313182979254462e-8
9.249531932519267e-8
9.075291578798313e-8
8.936447106710713e-8
8.875041418645484e-8
8.720425082942212e-8
8.66861084114911e-8
8.49276523814721e-8
8.417076715024438e-8
8.240768171578595e-8
8.197231720839239e-8
8.137763507060896e-8
7.988524281997485e-8
7.840060085100578e-8
7.788784931582487e-8
7.63651386570031e-8
7.578837637027115e-8
7.461320115102086e-8
7.369423315828495e-8
7.291914085852162e-8
7.188029028658494e-8
7.114700713045576e-8
6.997960840592159e-8
6.90435385381425e-8
6.812283325458168e-8
6.738303024576749e-8
6.651540026087913e-8
6.582591834421238e-8
6.497143185794928e-8
6.415514368624402e-8
6.341421605604712e-8
6.255910090010266e-8
6.186175184101363e-8
6.107063952814247e-8
6.035663632265431e-8
5.956490741293922e-8
5.891138077220875e-8
5.819443494492755e-8
5.7488263482746086e-8
5.6789665499164275e-8
5.610046404341508e-8
5.5481451514843904e-8
5.479420713869885e-8
5.407944733538152e-8
5.3543919267740984e-8
5.293042936355513e-8
5.228484688075451e-8
5.167927131946518e-8
5.1051368051443305e-8
5.051375107898218e-8
4.9937551789358136e-8
4.933620993729426e-8
4.8709904279186e-8
4.8160580964975306e-8
4.7666075572746234e-8
4.715549237935856e-8
4.662339510951888e-8
4.609825518050888e-8
4.554303503270776e-8
4.497868261546266e-8
4.4534582014676024e-8
4.4074888068670443e-8
4.359366785360281e-8
4.311896925585531e-8
4.2638048000700843e-8
4.2148517299467047e-8
4.1618451294573995e-8
4.122128559433125e-8
4.08042049660294e-8
4.038085880734682e-8
3.994493747879615e-8
3.9509777616744064e-8
3.9071795764309074e-8
3.864184400499985e-8