8.687183598533443e-9
9.467799383740835e-8
1.7633522808097368e-7
2.5003037275794376e-7
3.1265902877411746e-7
3.617713157130258e-7
3.956019743985952e-7
4.1303137118921693e-7
4.135069114405734e-7
3.9699675946749513e-7
3.640385083649744e-7
3.159838359406404e-7
2.55542960057292e-7
1.876790708167853e-7
1.2060501295587764e-7
6.574212405416047e-8
3.4177263368086614e-8
2.8402410811783916e-8
3.871103755124824e-8
5.95570353714944e-8
1.0289955730561502e-7
2.1907543654669025e-7
7.552695260051117e-7
0.00004054309420741797
1.383779009691329e-6
2.858318029279325e-7
1.182655682044449e-7
6.361867244409172e-8
3.931623434411721e-8
2.6473728189096163e-8
1.8893897743617948e-8
1.40618309948251e-8
1.0801365869559642e-8
8.503267157229286e-9
6.826580502169645e-9
5.5685491002677165e-9
4.6025456994306366e-9
3.846229466055613e-9
3.2442122570427164e-9
2.7581460306581983e-9
2.360812381958149e-9
2.03246955112121e-9
1.7585235982413885e-9
1.528002552518928e-9
1.33253215099909e-9
1.1656335297600068e-9
1.022232126247423e-9
8.983082349145031e-10
7.906443062540874e-10
6.966394165862889e-10
6.141710238818493e-10
5.414903593926809e-10
4.771417941311563e-10
4.1989904584066423e-10
3.687124124218126e-10
3.226611802884127e-10
2.8090283546261264e-10
2.426008600103344e-10
2.0677359742235478e-10
1.717869206711146e-10
1.3096594511228146e-10
6.475847191955538e-8
9.054655358856936e-8
1.0638098144592751e-7
1.1735488414166816e-7
1.2518826489712203e-7
1.3100455084560078e-7
1.353513137049133e-7
1.3849599442257638e-7
1.4098031631949852e-7
1.4255521153005177e-7
1.441670314816371e-7
1.448497572540694e-7
1.450940235855439e-7
1.4520612509107927e-7
1.4537330103276678e-7
1.4535371537474886e-7
1.450890339877721e-7
1.438246434985757e-7
1.4364569665422593e-7
1.4288188457871025e-7
1.418492354548443e-7
1.4107320303881635e-7
1.400217193836602e-7
1.389099313850743e-7
1.3778392106380902e-7
1.3656934111891056e-7
1.3525289642690624e-7
1.3363059881946196e-7
1.3247143377672096e-7
1.3127272393095114e-7
1.2986479251418007e-7
1.282194565535461e-7
1.2709671670756912e-7
1.2568589567851428e-7
1.2373241639339488e-7
1.2285079593214718e-7
1.2118260901484583e-7
1.1964864131316948e-7
1.1834736787787116e-7
1.1686726543199811e-7
1.1553320991490466e-7
1.1405081155421013e-7
1.1259546246903149e-7
1.1127540911024705e-7
1.0983281784211638e-7
1.0832102807074265e-7
1.0711908477789928e-7
1.0527504606614191e-7
1.0430133461927444e-7
1.0297374953171529e-7
1.0133913384260926e-7
1.0026259888947257e-7
9.892396143204297e-8
9.734477674177397e-8
9.631100484400971e-8
9.491928592403197e-8
9.371105070350559e-8
9.243301925980126e-8
9.120847836814545e-8
8.996890694397172e-8
8.878451796734973e-8
8.758859590517892e-8
8.635753843631418e-8
8.529355757045e-8
8.405693412567206e-8
8.298651579946678e-8
8.190673096380137e-8
8.075987375682322e-8
7.974026942481936e-8
7.863609694605435e-8
7.760984417218431e-8
7.660036019116137e-8
7.554673495283777e-8
7.454589700749677e-8
7.354280594171411e-8
7.255514028055466e-8
7.162762680925949e-8
7.06476990477765e-8
6.974105825636068e-8
6.881639486324825e-8
6.788738232562972e-8
6.703993864377009e-8
6.611859807701813e-8
6.52900745735204e-8
6.44404817801487e-8
6.358562792547345e-8
6.26983708783177e-8
6.195012317822548e-8
6.116636788252469e-8
6.037507439475037e-8
5.957093451008786e-8
5.8821076804764645e-8
5.806090567459708e-8
5.732873284091295e-8
5.660298173660185e-8
5.587614900447111e-8
5.516607276216583e-8
5.446094651468521e-8
5.376499025740201e-8
5.310968045093719e-8
5.244228194725702e-8
5.179450367300279e-8
5.1130396716963206e-8
5.049358070070134e-8
4.9871077690038764e-8
4.924404728829716e-8
4.863649987363632e-8
4.8049156404788296e-8
4.746204479728311e-8
4.6880907209306045e-8
4.63038498385822e-8
4.574020452570752e-8
4.518207112296585e-8
4.463395015734758e-8
4.40929822175159e-8
4.3565251310225444e-8
4.305132887774564e-8
4.2537031405103326e-8
4.202185506944403e-8
4.151704150022824e-8
4.103301697261956e-8
4.054974152421896e-8
4.0065777154354266e-8
3.959750667737208e-8
3.91275017695486e-8
3.8675815329627476e-8
3.822579648837449e-8
3.7791250736930236e-8
3.734069185047814e-8
3.691431707747322e-8
3.648775832830944e-8
3.607007023117789e-8
3.5664886419048566e-8
3.524807862560457e-8
3.485133443275413e-8
3.446117376502615e-8
3.406542805962133e-8
3.3683995410602365e-8
3.33047229679334e-8
3.2934743851306835e-8