6.514253801677368e-14
7.170490307581318e-13
1.3713690522020254e-12
2.0303139837549074e-12
2.696130034774354e-12
3.3711516712342013e-12
4.0577561661561545e-12
4.7583625786113524e-12
5.4757105567258514e-12
6.212457006290222e-12
6.971491952073899e-12
7.755931928260642e-12
8.569140720046818e-12
9.414561679328533e-12
1.0296010039462704e-11
1.1217736249484446e-11
1.2184158383076153e-11
1.3199737492493839e-11
1.4270253028057241e-11
1.540101123040865e-11
1.6598258462864853e-11
1.786857398709881e-11
1.921970012023038e-11
2.0659209386383617e-11
2.2195884025957597e-11
2.3839009500249407e-11
2.559912773309402e-11
2.7487279207654755e-11
2.95158692788844e-11
3.1698221602475595e-11
3.4048864216163896e-11
3.6583655432296706e-11
3.931965511826238e-11
4.227692385868847e-11
4.5473588005861204e-11
4.8934060270037076e-11
5.2682520204981204e-11
5.6744193498181085e-11
6.114933039079148e-11
6.592893019261789e-11
7.111483611943934e-11
7.674670850327683e-11
8.286392495458698e-11
8.950972292970457e-11
9.672944187369588e-11
1.0457700391095511e-10
1.1310793676406289e-10
1.223768034274337e-10
1.3245416950656178e-10
1.4340919004426937e-10
1.5531124663181346e-10
1.6824864513390353e-10
1.8230614983181867e-10
1.9757380531772883e-10
2.1415613557804605e-10
2.3215936054910161e-10
2.517043360733464e-10
2.7290969122075884e-10
2.959086940331253e-10
3.208367174116878e-10
3.4785458457070515e-10
3.7710809665196307e-10
4.087743636413378e-10
4.4302888397234556e-10
4.800554147535025e-10
5.200498847333332e-10
5.632171673964963e-10
6.097713590415312e-10
6.599058161260718e-10
7.139300913053229e-10
7.719927793463178e-10
8.343695615251741e-10
9.012853288624036e-10
9.730115579355758e-10
1.0497491170848408e-9
1.1317652345689858e-9
1.219304974938508e-9
1.3125172730679337e-9
1.4116791016607532e-9
1.5169352337015697e-9
1.6284663932829013e-9
1.7463444194683285e-9
1.8707091138182727e-9
2.0015759596342346e-9
2.1389183433181522e-9
2.2826482613487435e-9
2.432609867374881e-9
2.5885637654002753e-9
2.750171123017904e-9
2.9169801163798744e-9
3.088426296248641e-9
3.2637836815996775e-9
3.4422225439804418e-9
3.622686018422255e-9
3.804005619101932e-9
3.9847836143331585e-9
4.163416541861766e-9
4.338299736660856e-9
4.507094788552344e-9
4.667058467133619e-9
4.8164315396884006e-9
4.951947694695164e-9
5.0705442800844975e-9
5.168681958477125e-9
5.242732573615095e-9
5.288673077140044e-9
5.302429470786594e-9
5.278634008282856e-9
5.216121138410492e-9
5.10793353073431e-9
4.951174396425113e-9
4.743565508222358e-9
4.483833257466531e-9
4.173095277288947e-9
3.815592228468451e-9
3.419604365062803e-9
2.9989967423336713e-9
2.5735855733597305e-9
2.1698198414776423e-9
1.8200613733012813e-9
1.561023827811741e-9
1.4310286756193241e-9
1.4695576396398576e-9
1.7237570204688166e-9
2.2760644445850907e-9
3.3295108372799684e-9
5.4875716493769634e-9
1.0999669577047422e-8
3.388462974203587e-8
7.20146101619069e-7
9.486544614839828e-8
1.6182301711249832e-8
6.208646063634557e-9
3.167188792370288e-9
1.8682192440886e-9
1.2016868320227512e-9
8.172173166124147e-10
5.763714547333777e-10
4.155678097193759e-10
3.0199310827768135e-10
2.1617383541076638e-10
1.339032707843726e-10
4.898625168464446e-8
6.358125288420208e-8
7.190527915246449e-8
7.704710011846208e-8
8.033346642089512e-8
8.227852083127455e-8
8.330666553058601e-8
8.37919074679653e-8
8.382248821354798e-8
8.360795017030739e-8
8.342710609649613e-8
8.220851809294404e-8
8.173126158747401e-8
8.075775115316102e-8
8.025556193112259e-8
7.87296434026194e-8
7.801251020497168e-8
7.646681990124607e-8
7.546360656677875e-8
7.457341039545208e-8
7.37456781096894e-8
7.226560620751474e-8
7.119070547381984e-8
7.000148169691427e-8
6.931084338294127e-8
6.803741964340629e-8
6.691724865615413e-8
6.578370264440338e-8
6.504605009592748e-8
6.393946995040087e-8
6.346934795494981e-8
6.252580871067533e-8
6.173353754022888e-8
6.083262126319861e-8
5.992185051764123e-8
5.9394936043427806e-8
5.8378239156307346e-8
5.751745855884437e-8
5.6947879319173455e-8
5.608734214873948e-8
5.5402577794095496e-8
5.4648162908876946e-8
5.3821808771026956e-8
5.326193655444601e-8
5.261653534396815e-8
5.189161206218088e-8
5.132858330833102e-8
5.074974645774545e-8
5.000593223897733e-8
4.9454114839998065e-8
4.8767907993933306e-8
4.8238083229399016e-8
4.76358176227144e-8
4.7010623530037655e-8
4.654885701740892e-8
4.5972331715619676e-8
4.535484419023684e-8
4.486802603411432e-8
4.440575474784349e-8