1.1568155859891252e-11
1.2745297859351895e-10
2.443615528892601e-10
3.632351535822174e-10
4.850013722552924e-10
6.106108373195726e-10
7.411082470589201e-10
8.774027408245858e-10
1.0205773835047292e-9
1.1716310289221858e-9
1.3317648785965425e-9
1.501915409908102e-9
1.6833722144115516e-9
1.877308499325543e-9
2.0849119614863245e-9
2.307532734497453e-9
2.5464198011096085e-9
2.802968303137857e-9
3.0784756874809376e-9
3.3744327131296223e-9
3.6922214803640665e-9
4.033259023265531e-9
4.398882811719147e-9
4.790662808976315e-9
5.209890276917976e-9
5.657790011941518e-9
6.13574303671251e-9
6.645089376248114e-9
7.186294345878709e-9
7.7604001041633e-9
8.367968302536492e-9
9.009553962872687e-9
9.684856442610045e-9
1.0394646870025795e-8
1.1135306802680894e-8
1.1908575701325707e-8
1.2711471242795604e-8
1.3541781133385421e-8
1.4396796852999918e-8
1.527200181975176e-8
1.6163245904625936e-8
1.7065116027257545e-8
1.7970958842292907e-8
1.887353125527707e-8
1.9763847465491564e-8
2.0632710576526034e-8
2.146901840270574e-8
2.226038327841515e-8
2.2992815395774983e-8
2.3651834643944297e-8
2.4224643978858245e-8
2.4681706644516437e-8
2.5015389387081154e-8
2.520128382559127e-8
2.5217766632544144e-8
2.504215523385256e-8
2.4652577929874867e-8
2.4027080087569773e-8
2.3146960635989328e-8
2.1998203164252998e-8
2.0573706665648993e-8
1.8880540741046098e-8
1.694323880591349e-8
1.4811161101503394e-8
1.2566634323982168e-8
1.0330770519836366e-8
8.264618879416242e-9
6.5625210189729765e-9
5.436519101222348e-9
5.097272448863692e-9
5.762417984754866e-9
7.773875051806613e-9
1.2060899793556993e-8
2.191385254842417e-8
5.3060317183294024e-8
2.8874338240170407e-7
2.0826874181053886e-6
9.047175566815557e-8
2.737931894137732e-8
1.2746365675574739e-8
7.2114210410880225e-9
4.5595404400928395e-9
3.096328346284609e-9
2.2091371828783275e-9
1.6335613863512777e-9
1.2406045595075526e-9
9.613728434598397e-10
7.564088211294757e-10
6.018106697304099e-10
4.824033142349298e-10
3.8813534144508705e-10
3.12041225260274e-10
2.489471397791317e-10
1.942544739770307e-10
1.3919526467943884e-10
5.081335022486772e-8
7.205174544461073e-8
8.495583459057059e-8
9.358756458274636e-8
9.94875809059806e-8
1.0391291576339171e-7
1.0699975452231306e-7
1.0887955688515465e-7
1.1032790889302761e-7
1.1079332314197157e-7
1.1120404870216151e-7
1.1091172729939885e-7
1.1084239888063163e-7
1.1041145820829672e-7
1.0952516701540726e-7
1.0962308912843392e-7
1.0835513166765672e-7
1.0851093380311731e-7
1.0584179052316038e-7
1.0437454231690247e-7
1.0151111257195672e-7
1.0199166015155147e-7
1.006160961960526e-7
9.976669190842353e-8
9.850452597066241e-8
9.791926939682849e-8
9.666999665837077e-8
9.524044407406679e-8
9.44614492136256e-8
9.276933876344746e-8
9.122539172684278e-8
9.051892580811146e-8
8.955082323290579e-8
8.785346969538805e-8
8.706338114522937e-8
8.597261017787083e-8
8.47624066142785e-8
8.393156659699978e-8
8.273285248467947e-8
8.197989231767492e-8
8.029308452297024e-8
7.97051312469784e-8
7.845266916425394e-8
7.794346431447375e-8
7.636278364762142e-8
7.573771483810907e-8
7.468847208259709e-8
7.377583380696363e-8
7.279540798599997e-8
7.200299251296626e-8
7.104831149919511e-8
6.986694849806531e-8
6.93133874186742e-8
6.849984880735961e-8
6.759113146806924e-8
6.67785946296524e-8
6.599533097197957e-8
6.513863662363156e-8
6.433152690457265e-8
6.353966912667165e-8
6.27978545448542e-8
6.19074938400367e-8
6.12305396114406e-8
6.051849488433585e-8
5.98008456515231e-8
5.905096419077904e-8
5.835016328209126e-8
5.7673205885076134e-8
5.695456520678986e-8
5.621535509770142e-8
5.5635670127676456e-8
5.4995867605477685e-8
5.4328349174786245e-8
5.361651698847103e-8
5.301542255750216e-8
5.244703677471726e-8
5.184984697732536e-8
5.1223303245983935e-8
5.0615274154283076e-8
4.998043597169891e-8
4.9448092086696664e-8
4.891108695722999e-8
4.8365373688789855e-8
4.7800946751795847e-8
4.724318339454636e-8
4.66704579072417e-8
4.616814950844431e-8
4.566049280967538e-8
4.51603396924403e-8
4.4666685292836496e-8
4.416914470610264e-8
4.3659620300689026e-8
4.315644444283242e-8
4.2660192782464547e-8
4.2204674266627584e-8
4.1759874348547074e-8
4.130881378859071e-8
4.086278160822511e-8
4.040914960623599e-8
3.997035460523934e-8
3.9519216634029454e-8
3.9100719454521136e-8
3.8691116026597525e-8
3.828846459154732e-8
3.787406840462923e-8
3.7466515614916904e-8