5.101692267808302e-10
5.613847985717622e-9
1.0727312381543381e-8
1.5858845951141092e-8
2.1015295535255066e-8
2.620209040411568e-8
3.142157122228796e-8
3.6673182459943104e-8
4.195302060990243e-8
4.7253362588739874e-8
5.2561210883455454e-8
5.7857414570770206e-8
6.312292225118309e-8
6.831948175829551e-8
7.341986344183157e-8
7.837743802473298e-8
8.31493798085102e-8
8.767237022501228e-8
9.189026078060405e-8
9.573052324239011e-8
9.911788552644843e-8
1.0196915732542007e-7
1.0419406740996873e-7
1.0569600802289973e-7
1.0637450668362018e-7
1.0616025930883543e-7
1.0481961827013939e-7
1.0236500467960862e-7
9.865373494305747e-8
9.359307743816851e-8
8.712551211502435e-8
7.924988870009879e-8
7.00541827633029e-8
5.976621216526986e-8
4.881193598906548e-8
3.7868313345829036e-8
2.7885333716950837e-8
2.0020719703814586e-8
1.544649536984055e-8
1.5082607081850045e-8
1.961944606445181e-8
3.0864273810002283e-8
5.7360845112972206e-8
1.4415083770565782e-7
8.821239030111464e-7
3.471435475242315e-6
2.1200096901331294e-7
6.76128515240277e-8
3.232617733310555e-8
1.8642341870256015e-8
1.1980114014396419e-8
8.259819270007182e-9
5.982092303927097e-9
4.492214145667841e-9
3.4678506842946216e-9
2.7355842122150798e-9
2.1955025398595318e-9
1.7868162272871448e-9
1.4708554275072721e-9
1.2220918932126208e-9
1.0231349449480237e-9
8.618125473972105e-10
7.294010046472269e-10
6.19514109735103e-10
5.273843061811919e-10
4.4938345925490937e-10
3.8269216089508527e-10
3.2505902460689887e-10
2.7460370027117364e-10
2.2960136385096912e-10
1.880568762562588e-10
1.4557774648096242e-10
4.833698003969545e-8
7.697154600215652e-8
9.37487978290247e-8
1.0513758060476667e-7
1.1335304576257565e-7
1.1933381697381218e-7
1.2363302967442826e-7
1.2665699648006652e-7
1.2892101835594437e-7
1.305073862463496e-7
1.3165323080107777e-7
1.31855717009368e-7
1.3224662152239866e-7
1.3241798370550966e-7
1.322717085687823e-7
1.3137578020441228e-7
1.312033729895409e-7
1.3001429995186983e-7
1.2936744292219707e-7
1.2789394288173414e-7
1.2735327830653492e-7
1.2631506902049837e-7
1.2526209259631484e-7
1.2406676051995273e-7
1.2268604659074118e-7
1.213626770544208e-7
1.203148649060524e-7
1.190258105979023e-7
1.1763100808746182e-7
1.1594808311536461e-7
1.1506714644509514e-7
1.1364673999048512e-7
1.1202578293252031e-7
1.110302069348936e-7
1.0967248101987154e-7
1.0818519796198814e-7
1.07028983244218e-7
1.0559018941295042e-7
1.0451812645090764e-7
1.032057870171022e-7
1.0178970615185546e-7
1.0065061067233507e-7
9.940310084916854e-8
9.76896203631069e-8
9.689587555144306e-8
9.546104539455216e-8
9.429143210777786e-8
9.321453461535302e-8
9.166806071890703e-8
9.084047487487185e-8
8.958317326399377e-8
8.841772985525241e-8
8.72456496051507e-8
8.613747358264033e-8
8.504510725135205e-8
8.390092183441407e-8
8.284142681385786e-8
8.174022324073357e-8
8.072925325146244e-8
7.959970955847881e-8
7.862288610943573e-8
7.759692754810339e-8
7.662424759863873e-8
7.563694919853622e-8
7.460800450890599e-8
7.37242907516735e-8
7.277526986287314e-8
7.179002885221333e-8
7.094040017005296e-8
7.001028960508154e-8
6.910835226552534e-8
6.82431908351697e-8
6.736654790612518e-8
6.649894778303182e-8
6.562539874983606e-8
6.484662666554128e-8
6.399216925388993e-8
6.321860212271401e-8
6.2436790428269e-8
6.163904181856978e-8
6.078815059657321e-8
6.012107224316911e-8
5.9392322350888755e-8
5.864692896610009e-8
5.789077465938856e-8
5.718624271840454e-8
5.647506589011387e-8
5.5814521138844e-8
5.5122782106183825e-8
5.4428835591074474e-8
5.3747603705290224e-8
5.309233400792267e-8
5.245568018712227e-8
5.1844651417284975e-8
5.122487135206551e-8
5.060280186507818e-8
4.9979362954830393e-8
4.9367292074166286e-8
4.875945786174346e-8
4.819925433561868e-8
4.764261755326375e-8
4.7086568390886764e-8
4.65208574282933e-8
4.598553556440613e-8
4.5431779773300786e-8
4.488091862084848e-8
4.434131627445084e-8
4.38606323922609e-8
4.335534296531041e-8
4.28531646024224e-8
4.236013463051123e-8
4.1863862521513844e-8
4.13896999023449e-8
4.090520279380314e-8
4.044013334073146e-8
3.9979752717613564e-8
3.953203719167525e-8
3.9080640762516564e-8
3.864408955703598e-8
3.820836014452464e-8
3.777228705494625e-8
3.735570357765833e-8
3.694447974861424e-8
3.6529551276654456e-8
3.6127034884409e-8
3.5724021997318105e-8
3.5334229639869025e-8
3.494892219883583e-8
3.4569442500885745e-8