3.094585993650769e-9
3.394447184992902e-8
6.431564742743656e-8
9.377978332115452e-8
1.2192111284164246e-7
1.4833929939937668e-7
1.7265488068252337e-7
1.945109602858886e-7
2.13571903725113e-7
2.2952506556006312e-7
2.4207124866294423e-7
2.5093434528325366e-7
2.558440691515912e-7
2.5653958675355135e-7
2.527759441738674e-7
2.4432940598096186e-7
2.3102295866040506e-7
2.127799678014126e-7
1.8971958087464293e-7
1.62299522498782e-7
1.315531720237547e-7
9.936731442913735e-8
6.871457064498212e-8
4.354946541207692e-8
2.7908348846634586e-8
2.405809940168927e-8
3.1228208915411495e-8
4.919797933855396e-8
8.968971475995465e-8
2.1419759646407759e-7
1.0639007528801647e-6
0.000017513592272477966
4.660242121453828e-7
1.3582528269690968e-7
6.291822860888135e-8
3.576830747258126e-8
2.2827969328207523e-8
1.569236395562298e-8
1.1358239302464009e-8
8.537898027269687e-9
6.605367906945705e-9
5.226963685174716e-9
4.2117605804697195e-9
3.4442080508044946e-9
2.8511042611334403e-9
2.384284135616615e-9
2.011025506703642e-9
1.7084810019581158e-9
1.4603153315862626e-9
1.2546043355858324e-9
1.0824826526984782e-9
9.372501663800574e-10
8.137676087170148e-10
7.080390123181612e-10
6.169174994489278e-10
5.378939387484597e-10
4.689419168782078e-10
4.0840083642246606e-10
3.5488377095293767e-10
3.071977569024742e-10
2.642603261927831e-10
2.2497471703257182e-10
1.8792258975309475e-10
1.4986113923907353e-10
4.5430136553283226e-8
7.897221843588408e-8
9.770544893531126e-8
1.1014191590162483e-7
1.1888439145349905e-7
1.25394368564746e-7
1.3053070707814402e-7
1.3400696383187033e-7
1.3655384391088145e-7
1.3813519007826803e-7
1.4002594027130736e-7
1.4069524635980149e-7
1.415216174015612e-7
1.4156631003874352e-7
1.4148651102538248e-7
1.4114994882072443e-7
1.4010138310738727e-7
1.4030273535426634e-7
1.3936826993585666e-7
1.3859800645920192e-7
1.3765486537401508e-7
1.3614745172810505e-7
1.3543473836879743e-7
1.3429830458566705e-7
1.3301295363949036e-7
1.3179300455482983e-7
1.307285698789068e-7
1.2939437821766745e-7
1.278773802860223e-7
1.262998231278912e-7
1.25286278692032e-7
1.2422158672593693e-7
1.225686068741908e-7
1.2121412018262743e-7
1.200133602804174e-7
1.1817532434186412e-7
1.1704945373585744e-7
1.1568032004975753e-7
1.1419910176744318e-7
1.1291740397037071e-7
1.1143522174907494e-7
1.100839613582745e-7
1.087708200203265e-7
1.0735465172219448e-7
1.0595052249068647e-7
1.047746111383495e-7
1.0286769180376961e-7
1.0209621249748081e-7
1.0070116642430676e-7
9.928667925608448e-8
9.818593605863876e-8
9.678899567092824e-8
9.537720538045492e-8
9.429840378272801e-8
9.284719350575311e-8
9.183027507391285e-8
9.053257220676723e-8
8.933879961792515e-8
8.815331404921108e-8
8.694704657332768e-8
8.587781278284262e-8
8.470690304189503e-8
8.36281923087365e-8
8.246791791255726e-8
8.142928776545345e-8
8.031274100394164e-8
7.929428173284892e-8
7.823411469015124e-8
7.71376064264904e-8
7.618830960750692e-8
7.520829469318962e-8
7.413593075193576e-8
7.323434017246772e-8
7.227383548671809e-8
7.12856142870883e-8
7.039285477347553e-8
6.945588773619012e-8
6.855031859851734e-8
6.765671472230073e-8
6.679629240213539e-8
6.592863995132996e-8
6.507129920896959e-8
6.425061818585715e-8
6.341613808617954e-8
6.255097522101372e-8
6.177209500476705e-8
6.101112690303749e-8
6.024008252992639e-8
5.9472026544751015e-8
5.870347891703592e-8
5.7939187665099664e-8
5.7230020478478036e-8
5.6530632677514914e-8
5.5801236578005324e-8
5.510533446436449e-8
5.4378850331760516e-8
5.369818974846616e-8
5.3068498866094255e-8
5.240648354473976e-8
5.176868932982828e-8
5.112034477432602e-8
5.048735920645703e-8
4.985064338339975e-8
4.924587044825281e-8
4.864991881118172e-8
4.806637776835999e-8
4.7487681955597884e-8
4.690037023052874e-8
4.633297495146887e-8
4.577328018277469e-8
4.5216231631372784e-8
4.466724258433402e-8
4.4157207416952484e-8
4.363115299527236e-8
4.3111069258323324e-8
4.2601983746803986e-8
4.20912340508552e-8
4.1604985546745784e-8
4.1113861084286136e-8
4.062976345536345e-8
4.015948984671406e-8
3.9694295864447564e-8
3.9237387449025344e-8
3.878152735579514e-8
3.8327839609333515e-8
3.789532807786769e-8
3.745032093890998e-8
3.702732922270393e-8
3.661348199843038e-8
3.619508526117219e-8
3.578735823871145e-8
3.537350001952899e-8
3.497896586482123e-8
3.459054497734209e-8
3.420627098200027e-8
3.382040681148649e-8
3.344381611614925e-8