1.7588507876031032e-8
1.7343101799641305e-7
2.406323170254451e-7
1.8881067721718155e-7
7.355181091554672e-8
1.6060667877744658e-8
1.8470247148253843e-8
2.4811525305271645e-8
3.383224368423981e-8
4.752840621025477e-8
7.009786490366163e-8
1.1170761143546943e-7
2.026480759525757e-7
4.7063884930310644e-7
2.070444077133146e-6
0.00018896510991594275
1.4004883002464418e-6
3.770078689786638e-7
1.7002963615050224e-7
9.544842749905929e-8
6.049721541917146e-8
4.141755452491601e-8
2.990485753330509e-8
2.2447842401992856e-8
1.7355856705927774e-8
1.3733827525044975e-8
1.1072222234671902e-8
9.063858996183274e-9
7.514727914543555e-9
6.297484035606331e-9
5.325786498902796e-9
4.539452012909982e-9
3.895516543309875e-9
3.362662218597689e-9
2.917637899097696e-9
2.5428982788414845e-9
2.225009961547305e-9
1.9535526517912184e-9
1.720347401918133e-9
1.5189052947378194e-9
1.3440275488019364e-9
1.1915112906666165e-9
1.057930382427682e-9
9.404700440750676e-10
8.368007784340605e-10
7.449811299478543e-10
6.633819011367788e-10
5.906263826249713e-10
5.25542549844222e-10
4.671240793065122e-10
4.14497548481559e-10
3.668932511273383e-10
3.2361640527829946e-10
2.8401316825805487e-10
2.474184023218909e-10
2.1304488135480223e-10
1.7963868798125198e-10
1.433756929055705e-10
5.7398834064827193e-8
8.821654140815329e-8
1.0584103411196852e-7
1.1800160078899116e-7
1.2636239908582802e-7
1.325398604705419e-7
1.3733447159401695e-7
1.4073335745375657e-7
1.4351627858924072e-7
1.4559207524335813e-7
1.4694613744014883e-7
1.4784398842990995e-7
1.4866914910406e-7
1.491011484359776e-7
1.490967207400842e-7
1.489113355426914e-7
1.4823235327128934e-7
1.4824342793934003e-7
1.470475711734322e-7
1.4703611398931112e-7
1.4604529162474255e-7
1.451330113688946e-7
1.4434495296656436e-7
1.433113126426083e-7
1.422196813335625e-7
1.4108041326779336e-7
1.398322702226989e-7
1.3850692098152623e-7
1.3706514007668948e-7
1.3550863448347814e-7
1.3437516298632806e-7
1.3279126144819325e-7
1.3133010108972646e-7
1.3029550690171464e-7
1.2854282860598288e-7
1.2722286072110448e-7
1.258563748701657e-7
1.23634912890991e-7
1.2286382998314066e-7
1.2132245106746594e-7
1.197512266830573e-7
1.1821891595106882e-7
1.1652445816514552e-7
1.1546513611756636e-7
1.137083015331755e-7
1.125736401669094e-7
1.107965975767318e-7
1.0969273705765568e-7
1.081659799772677e-7
1.06589675114729e-7
1.0543693617692586e-7
1.038779022868231e-7
1.0250390467224438e-7
1.0128696977814171e-7
9.972669607474486e-8
9.848538530223187e-8
9.72094633058357e-8
9.570465111214511e-8
9.458142516232071e-8
9.323047608013678e-8
9.196699825261431e-8
9.074390049814862e-8
8.947097336446114e-8
8.832749412917448e-8
8.711955617510437e-8
8.596268468853951e-8
8.475909431050609e-8
8.364176325487039e-8
8.24834433295192e-8
8.139455859798719e-8
8.030569144802501e-8
7.91802416001949e-8
7.81438017544013e-8
7.712360211769497e-8
7.603204708130946e-8
7.503644200085284e-8
7.404340574153712e-8
7.301018074696272e-8
7.205770554009683e-8
7.104014067152851e-8
7.013059890938487e-8
6.920327968165386e-8
6.827449010214861e-8
6.738454434983749e-8
6.646624535061928e-8
6.56104503437075e-8
6.476543482923668e-8
6.389501602163946e-8
6.302465584431166e-8
6.223867496398516e-8
6.14387252212894e-8
6.062703588649383e-8
5.981928243812264e-8
5.9058023978293794e-8
5.8288361663761836e-8
5.754250950070119e-8
5.680497165123205e-8
5.606799267223824e-8
5.534971715200149e-8
5.463224847102066e-8
5.3931981021379244e-8
5.326403479044946e-8
5.258627629185343e-8
5.192971666007036e-8
5.1257474803422456e-8
5.06140550623064e-8
4.998392281553856e-8
4.935492180751135e-8
4.873335688444744e-8
4.813733328182868e-8
4.7542606048998776e-8
4.695449200853628e-8
4.6371296592417636e-8
4.580501052408848e-8
4.524153944166621e-8
4.468686133045576e-8
4.413677520862022e-8
4.36020327452344e-8
4.308198868433487e-8
4.2562193590909765e-8
4.2042116285979304e-8
4.15482374522177e-8
4.104497171662295e-8
4.0557942701834314e-8
4.007472324841445e-8
3.959396066867865e-8
3.9133315281336595e-8
3.8670058384052064e-8
3.8209499418735646e-8
3.776984102851147e-8
3.7316892360216234e-8
3.6886288282977584e-8
3.6467160822148565e-8
3.60412828236599e-8
3.5627024161719904e-8
3.5210546109057435e-8
3.480602736435118e-8
3.4412013798966585e-8
3.4021987461415776e-8
3.3630088573819035e-8
3.32473978860245e-8
3.287440385195099e-8
3.2506290461265853e-8