2.4306839452990814e-8
2.6420800984145983e-7
4.889071862352073e-7
6.874423304871766e-7
8.531530778474135e-7
9.840420790366023e-7
1.0816168720337292e-6
1.1495007034973022e-6
1.1928166285091056e-6
1.2165808873877094e-6
1.2250883289629159e-6
1.2220933260337897e-6
1.2111666946278245e-6
1.1946849463913286e-6
1.1745974217857647e-6
1.1520401528549011e-6
1.1283692018248609e-6
1.1042078079551294e-6
1.0801801422454435e-6
1.0565220745754426e-6
1.0334076811313947e-6
1.0109022001468974e-6
9.892764659126181e-7
9.678602893122398e-7
9.466357734807295e-7
9.247813073670023e-7
9.013145104068746e-7
8.744601775453515e-7
8.411083388742e-7
7.95676505404693e-7
7.269684692312161e-7
6.115602923479435e-7
3.9733940932392595e-7
6.471808416860484e-8
3.104519742786124e-8
1.191748871526765e-7
0.000023734258683696165
1.6098856313902846e-7
3.6186223103061416e-8
1.500187093322339e-8
7.741644112875357e-9
7.238898426838559e-7
9.384470304093834e-7
8.889742416927277e-7
8.115868074052744e-7
7.371055666879791e-7
6.716007777505336e-7
6.155817242752913e-7
5.657849992178801e-7
5.226196270291997e-7
4.855798404570499e-7
4.5402234633835263e-7
4.250394242292667e-7
3.9931251922323445e-7
3.765835072491336e-7
3.5638910231025785e-7
3.38676620643882e-7
3.210539961438075e-7
3.055492402454929e-7
2.924466243131034e-7
2.7980180205576164e-7
2.672773134408237e-7
2.563943911820526e-7
2.464255732708755e-7
2.3800403401522844e-7
2.296256641454877e-7
2.2224555132508016e-7
2.142530763732262e-7
2.0783980946046356e-7
2.0116738348172527e-7
1.9540364278220178e-7
1.897649314362967e-7
1.8493792457946337e-7
1.8011384710755664e-7
1.7541048517854866e-7
1.7164014582627102e-7
1.667031303322189e-7
1.6343591238100421e-7
1.5975256158013534e-7
1.560984278689769e-7
1.5333269422660978e-7
1.4996517414254482e-7
1.4761477300931015e-7
1.4521139058819715e-7
1.42256339067133e-7
1.4048606564666895e-7
1.373928102356652e-7
1.3571506556837996e-7
1.3422976809300653e-7
1.3028145175275386e-7
1.2909152653209493e-7
1.2652863111403575e-7
1.2571773319514143e-7
1.233148145397941e-7
1.2182456111910172e-7
1.2044105144618695e-7
1.1804357024632345e-7
1.1766674799025333e-7
1.1535470379122834e-7
1.1242773231488929e-7
1.1474225956500009e-7
1.1304612356689983e-7
1.0975682798322895e-7
1.0776373393961994e-7
1.0649114969979884e-7
1.0594918214679034e-7
1.0420050563712372e-7
1.0258141729376199e-7
1.0154353043992683e-7
9.950546765232608e-8
9.66933635983023e-8
9.730792573287087e-8
9.607707851567286e-8
9.469286594373711e-8
9.336044940727459e-8
9.24357126535128e-8
9.108612294061269e-8
8.999055576664247e-8
8.884267265530378e-8
8.742984677367307e-8
8.647848164710187e-8
8.52861657294762e-8
8.423511579616079e-8
8.309094726578854e-8
8.186679329522053e-8
8.086615079424615e-8
7.982139461112097e-8
7.883201884477521e-8
7.777205312226507e-8
7.67747968982071e-8
7.578468560025791e-8
7.478011000268626e-8
7.38443103903053e-8
7.286443255872035e-8
7.192713904998779e-8
7.097427319248686e-8
7.004890025081751e-8
6.916486455242705e-8
6.823293108613174e-8
6.735875855250318e-8
6.646103250682055e-8
6.563937211203205e-8
6.47863706576668e-8
6.392864794093242e-8
6.312946260980275e-8
6.234728703064674e-8
6.157027320926067e-8
6.079164065958559e-8
6.001225755665448e-8
5.9260923987223196e-8
5.851630419598876e-8
5.778408466200169e-8
5.706390530418087e-8
5.634818488372908e-8
5.5654160721059376e-8
5.4957014009274076e-8
5.4285911665825e-8
5.3607714716796014e-8
5.29501008910399e-8
5.229326046111995e-8
5.165587135210757e-8
5.10239825917541e-8
5.039641349823945e-8
4.979121884521648e-8
4.918557115260655e-8
4.859062484230283e-8
4.799980001551532e-8
4.743312070740953e-8
4.686496301776406e-8
4.6312579150681795e-8
4.5757385115047824e-8
4.5220213121025076e-8
4.468045875000296e-8
4.4159439521087836e-8
4.363411267778041e-8
4.3127848256174896e-8
4.262881113155401e-8
4.212643047034527e-8
4.1641731092767194e-8
4.115499170199905e-8
4.0684257773534755e-8
4.0213566097189526e-8
3.975627108090607e-8
3.930004157447688e-8
3.885042947890255e-8
3.841263382311509e-8
3.797496409432005e-8
3.754987538500263e-8
3.712415641591507e-8
3.670945517520663e-8
3.630152627158413e-8
3.5891418345706215e-8
3.5494825160003036e-8
3.510386150545903e-8
3.471025226410554e-8
3.4330225320300486e-8
3.3955609504615876e-8
3.3578744631660206e-8
3.321456718578661e-8
3.2855508209445276e-8
3.2495310985507283e-8