1.9340065641971408e-14
2.128425022494086e-13
4.0685260689996344e-13
6.018382821303583e-13
7.982748047701544e-13
9.966504181309975e-13
1.1974719909243402e-12
1.4012722210396095e-12
1.6086079920622519e-12
1.82007347521306e-12
2.0362912736240468e-12
2.2579369937450014e-12
2.485729998986995e-12
2.720450044008797e-12
2.962981507548256e-12
3.214213866210027e-12
3.4751081431611884e-12
3.74683689169683e-12
4.030569839792501e-12
4.327597600164419e-12
4.639340834802369e-12
4.9673291927279955e-12
5.313625038461397e-12
5.6794949876322484e-12
6.067587475815201e-12
6.479854429375939e-12
6.919246212571659e-12
7.387895994612805e-12
7.889481252291551e-12
8.42726763476152e-12
9.004389029552024e-12
9.625624650001631e-12
1.0295087183634768e-11
1.1017561511036417e-11
1.1799919739290697e-11
1.2645592975250695e-11
1.3562660880133719e-11
1.4560622420522173e-11
1.564512265160123e-11
1.6825154428736865e-11
1.8111080168690053e-11
1.9513256701252337e-11
2.1044424070912763e-11
2.271611244595327e-11
2.4545983543676936e-11
2.6547258495160197e-11
2.874158506047045e-11
3.113975417544806e-11
3.376997768336501e-11
3.665745499591267e-11
3.982907385293019e-11
4.3308173518891654e-11
4.7125399436466545e-11
5.13211095566394e-11
5.593052862426587e-11
6.099750204101756e-11
6.6571728116947e-11
7.269568783021356e-11
7.943300826080973e-11
8.684746343150258e-11
9.500552754549498e-11
1.0397938737563316e-10
1.1384556307773722e-10
1.2470996132260452e-10
1.3666623582612917e-10
1.4981978971885563e-10
1.6431140719732362e-10
1.8023874160208784e-10
1.977680023296583e-10
2.1705519038423573e-10
2.3826198579891737e-10
2.616209545403791e-10
2.8724474856914726e-10
3.1547947293225627e-10
3.465429517338287e-10
3.806164022901419e-10
4.1793904281755053e-10
4.5911064623311196e-10
5.0422981182329e-10
5.537246169161686e-10
6.079653563390366e-10
6.674742753635261e-10
7.325964399105002e-10
8.038857593999851e-10
8.819287278339788e-10
9.670504619576138e-10
1.05998285140351e-9
1.1615462263625702e-9
1.2718664845315366e-9
1.3923929658356436e-9
1.5228315024005216e-9
1.6643518779301934e-9
1.8181706986613527e-9
1.9845654983404463e-9
2.1638456544680736e-9
2.3579137929366267e-9
2.5660451100010106e-9
2.789721530667734e-9
3.029056254691418e-9
3.2862064531603656e-9
3.5600101086141592e-9
3.85164509554966e-9
4.16079992656627e-9
4.4895502430333994e-9
4.83633934789075e-9
5.202132508862573e-9
5.586227488648693e-9
5.989953378053183e-9
6.411253133537747e-9
6.850768865544902e-9
7.309128168493561e-9
7.779876269706802e-9
8.273259365966166e-9
8.77981679259986e-9
9.303219076234318e-9
9.839703690111807e-9
1.0390774515929768e-8
1.095359198777797e-8
1.153053356317418e-8
1.2117135264719467e-8
1.271443911673213e-8
1.3321221822959591e-8
1.3936121472918703e-8
1.4557129468278943e-8
1.518883913273749e-8
1.5828984083965013e-8
1.64742091368477e-8
1.7124861160169994e-8
1.7782508905595928e-8
1.8447166796350714e-8
1.9119246781615487e-8
1.9792892112339732e-8
2.0479991814343457e-8
2.1169604576287822e-8
2.1868234934694398e-8
2.2573418926569633e-8
2.3293115689536785e-8
2.4019466942623442e-8
2.4764276986460537e-8
2.551676459898147e-8
2.6288200868184334e-8
2.7079161097505555e-8
2.7894855113109047e-8
2.873071472610608e-8
2.9595420701792515e-8
3.0483450057375484e-8
3.141462942582741e-8
3.23812777454397e-8
3.338893744074984e-8
3.444437969880604e-8
3.553964078988997e-8
3.6675042121733566e-8
3.7831972684340155e-8
3.8979011854370186e-8
4.0036241537547076e-8
4.081725448395106e-8
4.092882501483778e-8
3.936888928451831e-8
3.350099037310012e-8
1.7984050828737297e-8
9.784177267383514e-9
2.896320555166759e-7
1.4943180141671906e-8
2.9917560174990266e-7
3.0533955241548414e-7
2.7282149958881645e-7
2.4209567824287645e-7
2.1925818393795928e-7
1.9665815994432755e-7
1.8137421982267339e-7
1.6838913247254824e-7
1.5430788173575571e-7
1.4714253281823336e-7
1.357129930787259e-7
1.3110329997625836e-7
1.2113178512919374e-7
1.1666808870451667e-7
1.1286631365533437e-7
1.0760141569967037e-7
1.0397622930056938e-7
9.964948974748813e-8
9.61544203735784e-8
9.182586020333767e-8
8.848013699515797e-8
8.614752542465765e-8
8.00370382060657e-8
8.0391590690672e-8
7.812511722003544e-8
7.299798644836684e-8
7.260385921014813e-8
6.491750519218764e-8
6.801326742229389e-8
6.818836372566303e-8
6.93093494492879e-8
6.206930782379219e-8
6.430911012140055e-8
6.196614847827347e-8
6.017691183615929e-8
5.66752628249757e-8
5.7623831397173e-8
5.762378402526904e-8