4.0932944717917986e-12
4.511295731839148e-11
8.656628076426443e-11
1.2886247693845803e-10
1.723944912314662e-10
2.1759192442416854e-10
2.648850818230082e-10
3.1476465299946184e-10
3.675994345969726e-10
4.240256231676443e-10
4.845090399048669e-10
5.495742273433364e-10
6.199247419849379e-10
6.961669765862826e-10
7.792511893318235e-10
8.695299676412422e-10
9.679721322231247e-10
1.0753668644290131e-9
1.193404030284858e-9
1.3223817558856292e-9
1.4635250062111593e-9
1.6180133374057927e-9
1.7875450961621342e-9
1.974002596574688e-9
2.176396304169167e-9
2.399904023908483e-9
2.2846148587252297e-9
2.5162329954408073e-9
2.769653731210624e-9
3.5236876894653354e-9
3.872899818810611e-9
4.251344680671237e-9
4.668457403169548e-9
5.1195088833528515e-9
5.611568585726762e-9
6.143472481644394e-9
6.7240110622115124e-9
7.3478947758002185e-9
8.02422734414411e-9
8.75332252957069e-9
9.536795541147837e-9
1.0378165252663954e-8
1.1277867610354363e-8
1.2242939891775058e-8
1.3263275397854096e-8
1.4354348837699065e-8
1.5506601789132173e-8
1.6725973000812726e-8
1.800977420790119e-8
1.9353577845375913e-8
2.0764778527171412e-8
2.2236460796191114e-8
2.3766812035351026e-8
2.5354947489930974e-8
2.7012426534910863e-8
2.8721849830607187e-8
3.044245132397656e-8
3.2186151955014586e-8
3.4007527034970107e-8
3.582481963547392e-8
3.769224997750255e-8
3.9573543985176005e-8
4.147759444453395e-8
4.338136714026368e-8
4.529388116741638e-8
4.721025215473775e-8
4.9122185448408295e-8
5.101741507691125e-8
5.292912516433498e-8
5.48130212404744e-8
5.6677596704454125e-8
5.8543598745612546e-8
6.031632161302878e-8
6.216292196560892e-8
6.398894545380863e-8
6.57743849073313e-8
6.754287221634643e-8
6.928937031504285e-8
7.102622129322478e-8
7.274918178858746e-8
7.44615004869086e-8
7.618193793210171e-8
7.790672277808921e-8
7.962038747670127e-8
8.133568078503792e-8
8.307347840698569e-8
8.486578538295098e-8
8.666010731503642e-8
8.850953034150075e-8
9.040110142489319e-8
9.233663234843605e-8
9.433263800208599e-8
9.638901055043964e-8
9.850720079973467e-8
1.0064229226572383e-7
1.0276724061717189e-7
1.0477970916085118e-7
1.0646338960291069e-7
1.0739069174767563e-7
1.0659565052488837e-7
1.0177266882234414e-7
8.707052599928779e-8
4.917601891737487e-8
1.4185231995165487e-8
1.283903466072817e-7
6.807375780736237e-8
6.715552732075596e-9
3.8835125488744177e-7
4.126377415574813e-7
3.828147665830388e-7
3.479146536651e-7
3.197829449000441e-7
2.8960471262386776e-7
2.7286441883101726e-7
2.469771158141236e-7
2.2824469641903342e-7
2.17201002226059e-7
2.0618498830456652e-7
1.9154373748816987e-7
1.6406456151317158e-7
1.820931530891974e-7
1.768070104051888e-7
1.5695414469026442e-7
1.5357023318718458e-7
1.459846168507192e-7
1.4210765950536513e-7
1.3222861120583939e-7
1.2371522382059613e-7
1.4057874647521146e-7
1.1559637555707268e-7
1.193956060946148e-7
1.1198157108044037e-7
1.1281789604415063e-7
1.0562774431794575e-7
1.0213292270354595e-7
9.630848737273702e-8
1.0500189598540257e-7
9.980032277764001e-8
9.424070033465961e-8
9.231460581009138e-8
9.256037479478582e-8
8.89067525406854e-8
8.621283835759441e-8
8.932801611395866e-8
8.482496146752919e-8
8.720826233862528e-8
8.206929105965259e-8
7.980796908416698e-8
7.530686442630108e-8
8.016683652520661e-8
7.392619820715703e-8
7.556401941639751e-8
7.42841976069813e-8
7.389664676493044e-8
7.101207467780927e-8
6.978323493643723e-8
6.850000472728389e-8
6.807126196557583e-8
6.631350233096018e-8
6.531371032888651e-8
6.516734885223379e-8
6.511474447523216e-8
6.34135611487259e-8
6.190231366854294e-8
6.124384618829413e-8
6.014454953700749e-8
5.989391779543019e-8
5.933101442109189e-8
5.8135542840872104e-8
5.704987252961104e-8
5.572149540311439e-8
5.5772995740560146e-8
5.5444365676920605e-8
5.487643586261349e-8
5.3996256630982654e-8
5.3132919224164756e-8
5.2294810526846306e-8
5.1877169762545315e-8
5.13554826504541e-8
5.0765652516787025e-8
5.020090118858233e-8
4.95175220147184e-8
4.905541719709979e-8
4.832537142966562e-8
4.785362074397063e-8
4.728182703674222e-8
4.6719382789117724e-8
4.622765157559515e-8
4.563562601400794e-8
4.5113845480204236e-8
4.460328143387411e-8
4.4111282674569734e-8
4.358425962939437e-8
4.3054536354325146e-8
4.261237273796719e-8
4.213322724695192e-8
4.1676321550501776e-8
4.117798943983858e-8
4.0759953563661506e-8
4.032219920331305e-8
3.988911003680158e-8