7.610131122557974e-12
8.387361960456196e-11
1.609495516529422e-10
2.3956471593111923e-10
3.2049333134392835e-10
4.045244310516923e-10
4.923884917307406e-10
5.851108504461979e-10
6.831401762377681e-10
7.879906287605918e-10
9.002499956135304e-10
1.0209605323964492e-9
1.1514171500976167e-9
1.2926845679756047e-9
1.446129793172607e-9
1.6136505212274694e-9
1.7949030320038925e-9
1.9932618183419215e-9
2.2099794003287047e-9
2.4465162516687533e-9
2.7043944799280677e-9
2.989541832327081e-9
3.296751695615731e-9
3.6348365689633806e-9
4.001599561463302e-9
4.406783292913176e-9
4.843023445349852e-9
5.322381762583396e-9
5.8413929220473986e-9
6.406308262943318e-9
7.021244182638825e-9
7.688408450400563e-9
8.402798904908688e-9
9.187022145766297e-9
1.0023129563541768e-8
1.092725194254735e-8
1.1886118456516711e-8
1.2933709463056822e-8
1.4040004199219325e-8
1.5224996554524486e-8
1.6474783973639886e-8
1.7792721805147416e-8
1.9208172918095465e-8
2.068621151702468e-8
2.223977670601291e-8
2.3745749193834046e-8
2.5564113280127278e-8
2.7321077993000204e-8
2.914530455202946e-8
3.1024717138744117e-8
3.296570186371626e-8
3.495879916189884e-8
3.6995844111532884e-8
3.9066614835237866e-8
4.116363705081012e-8
4.3300162994295094e-8
4.545080650694388e-8
4.760833827276011e-8
4.9785918173864187e-8
5.1956869319092566e-8
5.4122418897712914e-8
5.628652841969469e-8
5.856832130340662e-8
6.057066371478681e-8
6.268900114233255e-8
6.478064855669656e-8
6.683975961112816e-8
6.888432148141161e-8
7.084768418344051e-8
7.28934426537748e-8
7.485812503470282e-8
7.679563748886615e-8
7.871237861460362e-8
8.059159026507901e-8
8.248526882821847e-8
8.435165753489428e-8
8.619732053921842e-8
8.804741197922557e-8
8.990493307617306e-8
9.17655303796146e-8
9.363665001255203e-8
9.552623896204649e-8
9.745656852184422e-8
9.940987130541849e-8
1.0142115360080705e-7
1.0347284815426676e-7
1.055879045824375e-7
1.0776593594504291e-7
1.100084395267704e-7
1.1224984660720936e-7
1.1446765687523447e-7
1.1657048295458934e-7
1.1826922555873805e-7
1.1914776101019633e-7
1.1811116633106754e-7
1.1266001058534899e-7
9.643739872795035e-8
5.4868713156328226e-8
1.4761533374244127e-8
1.1894802251017978e-7
8.461957807424245e-8
7.947314640931121e-9
3.82020002715382e-7
4.283324007191189e-7
4.0145788063364193e-7
3.673538792551806e-7
3.343596675402893e-7
3.0729386981134734e-7
2.840647409221364e-7
2.762623495213921e-7
2.5063857858230546e-7
2.1361717819691958e-7
1.9948385252487064e-7
2.0365622870757245e-7
1.9886205455881327e-7
1.7617998221103873e-7
1.6755620611886207e-7
1.8346291504716239e-7
1.5417198480969058e-7
1.4803645451789307e-7
1.474833461720663e-7
1.4302878930651108e-7
1.4430075712061882e-7
1.4235916212014823e-7
1.660544286623255e-7
1.032753597536946e-7
1.2217789241372223e-7
1.0851867192536521e-7
1.2173501688660416e-7
1.0804510788099456e-7
1.052907836095685e-7
1.0078552183622595e-7
9.797377604911561e-8
9.984894392648252e-8
9.353647359812761e-8
9.670411837212026e-8
8.961381643707532e-8
9.25778299346229e-8
9.023416515017352e-8
8.985021597174734e-8
8.989030148336907e-8
8.331353023110761e-8
8.148198262221897e-8
8.06069822318694e-8
8.046885927746865e-8
7.849715539434021e-8
7.86755310239678e-8
7.64587589091783e-8
7.373444511331626e-8
7.348871873941164e-8
7.440432819424291e-8
7.273968540613783e-8
7.004872503039087e-8
7.004242466717628e-8
6.858436232933244e-8
6.751052631718463e-8
6.710230876832309e-8
6.626774297499102e-8
6.427329969124974e-8
6.402062531485651e-8
6.321733455540192e-8
6.173129573164963e-8
6.154122472817907e-8
6.073360293899168e-8
5.990732558245872e-8
5.9018575730319954e-8
5.854310634105625e-8
5.756565072307736e-8
5.669925569891306e-8
5.71154623717878e-8
5.549572888011233e-8
5.462537074838546e-8
5.416477413703318e-8
5.352284989604014e-8
5.2672872461141396e-8
5.210709040942362e-8
5.1590714113854645e-8
5.082168778537568e-8
5.0286992286352415e-8
4.9705788933142377e-8
4.9161659577891796e-8
4.85917526788678e-8
4.8023740260010055e-8
4.744815219652667e-8
4.690256782304564e-8
4.6359354290284986e-8
4.586013079837193e-8
4.534739314464804e-8
4.4780927208511595e-8
4.428485393865109e-8
4.379874832015344e-8
4.328260911678853e-8
4.280106497590933e-8
4.233491767072088e-8
4.1876788136228134e-8
4.140846188418941e-8
4.0967005101982334e-8
4.051606146022474e-8
4.006955690887308e-8
3.964305361740204e-8
3.9203725401874524e-8