1	1.8562320034697836e-12
2	3.712981511048008e-12
3	5.570765248212406e-12
4	7.430109789651839e-12
5	9.291538984568152e-12
6	1.1155531698686766e-11
7	1.3022659872567014e-11
8	1.4893394808585044e-11
9	1.676831740342056e-11
10	1.8647910551419454e-11
11	2.0532625086842567e-11
12	2.2423188854053023e-11
13	2.4319952518466347e-11
14	2.6223366622548642e-11
15	2.8134439651672e-11
16	3.005335770890178e-11
17	3.198022781059879e-11
18	3.391618385940914e-11
19	3.58617025883186e-11
20	3.781720666106178e-11
21	3.978334005269346e-11
22	4.17604296255398e-11
23	4.3749271798248727e-11
24	4.575018219967395e-11
25	4.776395527513904e-11
26	4.979103839017249e-11
27	5.1832190127469005e-11
28	5.3887574129236924e-11
29	5.5958273561051605e-11
30	5.804473660626957e-11
31	6.014627035791308e-11
32	6.226554884958499e-11
33	6.440228376741025e-11
34	6.655648477612025e-11
35	6.872884372612697e-11
36	7.092218117211453e-11
37	7.313429043673113e-11
38	7.536633316309168e-11
39	7.761936295828453e-11
40	7.989485811048624e-11
41	8.21918342431422e-11
42	8.451232198300396e-11
43	8.685642826937853e-11
44	8.922252761959523e-11
45	9.161733753733155e-11
46	9.403358421645675e-11
47	9.647889024289627e-11
48	9.895055911129639e-11
49	1.0145144318682261e-10
50	1.0398020170828698e-10
51	1.0653535961392897e-10
52	1.0912250581902166e-10
53	1.11736738413747e-10
54	1.1438539811252832e-10
55	1.17064374449102e-10
56	1.197764057161213e-10
57	1.2252006633891806e-10
58	1.2530190410011802e-10
59	1.2811726616560242e-10
60	1.3096303687676743e-10
61	1.3385360336569955e-10
62	1.3677700041798216e-10
63	1.3974091680727333e-10
64	1.42744712123531e-10
65	1.4578017190645043e-10
66	1.4886227222018654e-10
67	1.519878441978046e-10
68	1.551513213599525e-10
69	1.583585216149938e-10
70	1.616091631491771e-10
71	1.6491196297485984e-10
72	1.6825125646000402e-10
73	1.7164437254802792e-10
74	1.750858094805194e-10
75	1.7856960373537568e-10
76	1.8210737312683306e-10
77	1.8569471754185757e-10
78	1.893331172480978e-10
79	1.9302585179145178e-10
80	1.9677017505078924e-10
81	2.0057071241683842e-10
82	2.0442228875861593e-10
83	2.0833976583359314e-10
84	2.1231797297581103e-10
85	2.1633913459423888e-10
86	2.2043097697759907e-10
87	2.245833108714824e-10
88	2.2880322152282462e-10
89	2.3307808195099493e-10
90	2.3742019926928737e-10
91	2.418300067879568e-10
92	2.463042474332306e-10
93	2.508413993586596e-10
94	2.554576560827157e-10
95	2.6013752335093085e-10
96	2.6490379897734664e-10
97	2.6972028937801847e-10
98	2.74624216385715e-10
99	2.7961323871414437e-10
100	2.8466109486417523e-10
101	2.898019506962653e-10
102	2.9503100157998256e-10
103	3.003405280842315e-10
104	3.0572150090946173e-10
105	3.1118733765573217e-10
106	3.1673758430554784e-10
107	3.223776570470349e-10
108	3.2811573706870527e-10
109	3.3393484203368904e-10
110	3.398724520188023e-10
111	3.4586231495820247e-10
112	3.519780359495451e-10
113	3.5816824334825313e-10
114	3.6445779643716965e-10
115	3.708664189961744e-10
116	3.773734234003566e-10
117	3.8397678128963323e-10
118	3.907075295550341e-10
119	3.975265094980496e-10
120	4.044547515159919e-10
121	4.1150808319164e-10
122	4.186651925043294e-10
123	4.2594509817171144e-10
124	4.333494428409691e-10
125	4.4081270561109106e-10
126	4.484582836154487e-10
127	4.56220706689833e-10
128	4.6411351062241757e-10
129	4.721191928379158e-10
130	4.802619013366278e-10
131	4.885294127721455e-10
132	4.968922040669823e-10
133	5.054538312633469e-10
134	5.141332505979161e-10
135	5.229755513484239e-10
136	5.319520694670132e-10
137	5.410423861274776e-10
138	5.503388625219452e-10
139	5.597354084132928e-10
140	5.69316555100228e-10
141	5.790059395012289e-10
142	5.889062962466012e-10
143	5.989562292331763e-10
144	6.091387337171308e-10
145	6.195265624534354e-10
146	6.300664391354975e-10
147	6.407741151766073e-10
148	6.516762487122149e-10
149	6.627076377680932e-10
150	6.739696320001133e-10
151	6.856451340085216e-10
152	6.970529222253258e-10
153	7.088633103751986e-10
154	7.20837030709539e-10
155	7.329976189249093e-10
156	7.453588744214392e-10
157	7.580408855664766e-10
158	7.7084013722257e-10
159	7.839042179772875e-10
160	7.970641782539982e-10
161	8.10492091566966e-10
162	8.24143666156511e-10
163	8.380605851730366e-10
164	8.521687292958252e-10
165	8.665788470332288e-10
166	8.811453859694008e-10
167	8.960555001013568e-10
168	9.111569848438854e-10
169	9.26470244723634e-10
170	9.417988820202058e-10
171	9.576028361097064e-10
172	9.736721153150545e-10
173	9.899449498086017e-10
174	1.0066384264743802e-9
175	1.0234506524128652e-9
176	1.0406960110431853e-9
177	1.05808885887457e-9
178	1.07563010679864e-9
179	1.0937618005162394e-9
180	1.1118931570831744e-9
181	1.1305321493526152e-9
182	1.1493430098477453e-9
183	1.168613545809681e-9
184	1.188152913996994e-9
185	1.2078315131509817e-9
186	1.2278207533834078e-9
187	1.248294441255644e-9
188	1.2691372888100866e-9
189	1.29006206443433e-9
190	1.3116169497883542e-9
191	1.3335457715367237e-9
192	1.3556453512725966e-9
193	1.3781113844867237e-9
194	1.4009385502104973e-9
195	1.4239821160850518e-9
196	1.4476299996443612e-9
197	1.4716849753683069e-9
198	1.4959760437615627e-9
199	1.5206611307265885e-9
200	1.5462322457347797e-9
201	1.5712921585853906e-9
202	1.5972414663303273e-9
203	1.6236416892334741e-9
204	1.650361017661482e-9
205	1.6776228638261396e-9
206	1.7053061099276068e-9
207	1.733294516035626e-9
208	1.7620219857291669e-9
209	1.7907955490131767e-9
210	1.820417645620839e-9
211	1.8501824575727186e-9
212	1.8804883496523793e-9
213	1.911636566711169e-9
214	1.942529500116625e-9
215	1.974269868560449e-9
216	2.006698450939144e-9
217	2.0395065968084447e-9
218	2.072936020795699e-9
219	2.1068120937116493e-9
220	2.140798405403681e-9
221	2.176029651118573e-9
222	2.210960632031373e-9
223	2.2470772709094562e-9
224	2.2838150788532726e-9
225	2.3209434099789455e-9
226	2.35896055780086e-9
227	2.3970530313318672e-9
228	2.4357190904197977e-9
229	2.475663927990854e-9
230	2.5158955715390877e-9
231	2.5561720264984523e-9
232	2.5975370550281336e-9
233	2.639225859608296e-9
234	2.682034899092596e-9
235	2.7246894203777568e-9
236	2.768468364820061e-9
237	2.8132077521439357e-9
238	2.857632822390714e-9
239	2.904500409540316e-9
240	2.9506996199521233e-9
241	2.9982303894432034e-9
242	3.046671989200806e-9
243	3.0951984004781316e-9
244	3.1445434684825553e-9
245	3.194603257942535e-9
246	3.245745200128248e-9
247	3.2973534359819226e-9
248	3.3496946461700426e-9
249	3.402791308709854e-9
250	3.4567048503698095e-9
251	3.511785305388585e-9
252	3.566660067320653e-9
253	3.6236311181118224e-9
254	3.680508559268398e-9
255	3.738708205524531e-9
256	3.797121658033951e-9
257	3.8563497798775434e-9
258	3.917843924430007e-9
259	3.979039890941404e-9
260	4.0416367923939385e-9
261	4.1040690161156286e-9
262	4.1686921110776485e-9
263	4.2340498827804565e-9
264	4.300009532585063e-9
265	4.36710227624604e-9
266	4.435111023339144e-9
267	4.503328720772666e-9
268	4.572692036497281e-9
269	4.6436077771328426e-9
270	4.715385200950695e-9
271	4.7879130107259575e-9
272	4.861156604159159e-9
273	4.93545745538357e-9
274	5.013147092929965e-9
275	5.08889900504679e-9
276	5.166456251211502e-9
277	5.244744652587305e-9
278	5.325223000813251e-9
279	5.407040518841259e-9
280	5.487653056767672e-9
281	5.570630812646606e-9
282	5.656526720574815e-9
283	5.7418856577910225e-9
284	5.8265944796331156e-9
285	5.914825030848704e-9
286	6.003557034605604e-9
287	6.09234662100389e-9
288	6.184645052127485e-9
289	6.276362557948915e-9
290	6.368956445818013e-9
291	6.464280282150588e-9
292	6.561146370156065e-9
293	6.659601333806919e-9
294	6.756439574750983e-9
295	6.8572124679318055e-9
296	6.955050689931906e-9
297	7.0576618163120074e-9
298	7.1615054380121224e-9
299	7.264848729746131e-9
300	7.371019596597986e-9
301	7.477637133138492e-9
302	7.58691832887906e-9
303	7.695729599991435e-9
304	7.806911553940693e-9
305	7.91824690043175e-9
306	8.033081971561595e-9
307	8.147237907046348e-9
308	8.263718260432489e-9
309	8.383363222572926e-9
310	8.499712779066407e-9
311	8.622688418893284e-9
312	8.741989323117562e-9
313	8.865744003899163e-9
314	8.988505438952047e-9
315	9.115932533538066e-9
316	9.240021029334735e-9
317	9.371822952214159e-9
318	9.50044463814175e-9
319	9.632933636710747e-9
320	9.765675148385864e-9
321	9.904135129328672e-9
322	1.0035662571840958e-8
323	1.017400380983861e-8
324	1.0312848015258176e-8
325	1.04532126270675e-8
326	1.0595595269264339e-8
327	1.074083505811614e-8
328	1.0880620154092971e-8
329	1.1026027577420022e-8
330	1.1177112677408332e-8
331	1.13228504206516e-8
332	1.1476175709603295e-8
333	1.1627101285466906e-8
334	1.1779811300613639e-8
335	1.1935061201164944e-8
336	1.2089340220656125e-8
337	1.22479007044386e-8
338	1.2411101333347967e-8
339	1.2575485334798894e-8
340	1.2732888934184334e-8
341	1.2894524919187265e-8
342	1.3061737804891806e-8
343	1.323067855742013e-8
344	1.3398728394339245e-8
345	1.3564691646142226e-8
346	1.3735738703977342e-8
347	1.3911212509565577e-8
348	1.4086676805540218e-8
349	1.4258972739727518e-8
350	1.4438088611369665e-8
351	1.4617235362886598e-8
352	1.4800754137359817e-8
353	1.497674445927372e-8
354	1.5155624742187374e-8
355	1.5344450801242872e-8
356	1.5535150058984034e-8
357	1.5712031263477353e-8
358	1.5907583696361845e-8
359	1.609647645313487e-8
360	1.6292158203008868e-8
361	1.6483920070855618e-8
362	1.6678128730747553e-8
363	1.6876685168238642e-8
364	1.7072245013131728e-8
365	1.7250737947163666e-8
366	1.7459648982141236e-8
367	1.7668364959074326e-8
368	1.7874442862988104e-8
369	1.8076654424607825e-8
370	1.828403363020206e-8
371	1.8490550233082614e-8
372	1.8705686080918882e-8
373	1.891073998121439e-8
374	1.913506846076717e-8
375	1.935149089574286e-8
376	1.957600643914411e-8
377	1.9783216466919665e-8
378	1.9987334323539778e-8
379	2.0209167973858333e-8
380	2.042983297565959e-8
381	2.064317692346428e-8
382	2.0877960335138896e-8
383	2.1106336985895656e-8
384	2.1322417598744206e-8
385	2.155598286953163e-8
386	2.1777682326435787e-8
387	2.2027728697703818e-8
388	2.223586520510124e-8
389	2.2467911835963058e-8
390	2.2701436247127963e-8
391	2.294119466005947e-8
392	2.3175162841075152e-8
393	2.3409120912278628e-8
394	2.364190715956274e-8
395	2.3871182598964778e-8
396	2.4115694596155126e-8
397	2.4366564520807157e-8
398	2.4605966907085775e-8
399	2.4854198759520652e-8
400	2.5092850924164893e-8
401	2.5331126702412736e-8
402	2.558534556355557e-8
403	2.5827510415572278e-8
404	2.6057865400728644e-8
405	2.6324353078195757e-8
406	2.657919710566225e-8
407	2.6835539660901525e-8
408	2.7077837022170846e-8
409	2.731466991884126e-8
410	2.758306965433808e-8
411	2.7833020138079964e-8
412	2.8097864467743383e-8
413	2.8343825023285736e-8
414	2.859636607386287e-8
415	2.8870444227225868e-8
416	2.913916760124803e-8
417	2.9394082174175628e-8
418	2.963686237582372e-8
419	2.9876919886769606e-8
420	3.0168793765721424e-8
421	3.041306782242775e-8
422	3.0704056724634654e-8
423	3.0954527337871675e-8
424	3.121325219500854e-8
425	3.147471892621558e-8
426	3.1747560572443685e-8
427	3.200376598398571e-8
428	3.227903023071918e-8
429	3.2524416279798733e-8
430	3.280874684109044e-8
431	3.3104684478765795e-8
432	3.335163633680319e-8
433	3.3636535484649746e-8
434	3.386823484633345e-8
435	3.4165082687626046e-8
436	3.4375236383055295e-8
437	3.4677777389972804e-8
438	3.497762102636749e-8
439	3.526094530127893e-8
440	3.551311563311006e-8
441	3.580917693760783e-8
442	3.608971070666008e-8
443	3.6347559747780225e-8
444	3.663941362593087e-8
445	3.69009794816244e-8
446	3.7175122138542925e-8
447	3.743508564622499e-8
448	3.7702876849548453e-8
449	3.797067195077329e-8
450	3.8277723691461015e-8
451	3.859169950442729e-8
452	3.87993610269128e-8
453	3.908576289533432e-8
454	3.936459626629316e-8
455	3.9650398722609454e-8
456	3.991018366932857e-8
457	4.0169899831982614e-8
458	4.049400948094278e-8
459	4.0755881054288475e-8
460	4.102947557342071e-8
461	4.131027096054383e-8
462	4.160343174310492e-8
463	4.1869537629079655e-8
464	4.219793019326579e-8
465	4.24565135165748e-8
466	4.2711717580835636e-8
467	4.298432469750274e-8
468	4.326778834768738e-8
469	4.353694160314852e-8
470	4.380049008137466e-8
471	4.4107243203444675e-8
472	4.4402746148736275e-8
473	4.4673344843082236e-8
474	4.490750674125899e-8
475	4.5200044817985264e-8
476	4.540324599986731e-8
477	4.570943248623121e-8
478	4.60070507266357e-8
479	4.6298404807661954e-8
480	4.658747821684746e-8
481	4.681449451728858e-8
482	4.70900214444956e-8
483	4.7370082690880405e-8
484	4.760420962550212e-8
485	4.792693606372637e-8
486	4.823887768502309e-8
487	4.846297557677494e-8
488	4.875466168652455e-8
489	4.902366393253527e-8
490	4.929244130302061e-8
491	4.9531470250894315e-8
492	4.9849426525380115e-8
493	5.0111803315834524e-8
494	5.0386916653934826e-8
495	5.065709048759817e-8
496	5.0962253659983205e-8
497	5.1197442186209156e-8
498	5.14439852727435e-8
499	5.174711989165181e-8
500	5.202177763603293e-8
501	5.2248062211496906e-8
502	5.255279545551005e-8
503	5.286787813110475e-8
504	5.311905573555036e-8
505	5.333285744059362e-8
506	5.361656341258599e-8
507	5.38909750107189e-8
508	5.413443802051669e-8
509	5.4430846944341816e-8
510	5.470963087142466e-8
511	5.4967306342119496e-8
512	5.52120952083828e-8
513	5.551891736622101e-8
514	5.573562335243779e-8
515	5.597494733129821e-8
516	5.626346022665731e-8
517	5.6517470210971436e-8
518	5.6763948848729456e-8
519	5.7046538233354976e-8
520	5.731584602587287e-8
521	5.7569820770767227e-8
522	5.786023735762626e-8
523	5.808806533284678e-8
524	5.833921129210503e-8
525	5.856147888727868e-8
526	5.8885707550390784e-8
527	5.911823918474938e-8
528	5.936080959657692e-8
529	5.962106464381366e-8
530	5.987062074265626e-8
531	6.013288813861168e-8
532	6.037617581849013e-8
533	6.062547329770021e-8
534	6.089390199093048e-8
535	6.112428212795284e-8
536	6.139779945253765e-8
537	6.160831105027235e-8
538	6.184422090851347e-8
539	6.21513763228373e-8
540	6.236422817045128e-8
541	6.260376086396361e-8
542	6.29888397017469e-8
543	6.309102976488547e-8
544	6.329504875691109e-8
545	6.356622259841e-8
546	6.381172808702907e-8
547	6.405496863378165e-8
548	6.430671266215737e-8
549	6.454109963675585e-8
550	6.477851533224808e-8
551	6.497350272056998e-8
552	6.524900981288272e-8
553	6.549115048142007e-8
554	6.571692349983018e-8
555	6.599870294299969e-8
556	6.620351993394909e-8
557	6.645859613664868e-8
558	6.66632689879239e-8
559	6.688837210053169e-8
560	6.712070766177394e-8
561	6.735687436166206e-8
562	6.758066610433984e-8
563	6.7812581657879e-8
564	6.803795863851957e-8
565	6.827684143669751e-8
566	6.849834432700264e-8
567	6.871558858907595e-8
568	6.894844244378431e-8
569	6.917861155209866e-8
570	6.938920676962578e-8
571	6.961238562248726e-8
572	6.984109392498117e-8
573	7.007826073220224e-8
574	7.028185000487346e-8
575	7.049705735446467e-8
576	7.071826568370396e-8
577	7.09832695769323e-8
578	7.115673482196454e-8
579	7.137839617238936e-8
580	7.163187588460464e-8
581	7.179959482224044e-8
582	7.201900772761148e-8
583	7.226130979667954e-8
584	7.245279692514521e-8
585	7.266171090115187e-8
586	7.286442348924273e-8
587	7.307952866428587e-8
588	7.32747241142369e-8
589	7.34886849600942e-8
590	7.370723629804527e-8
591	7.389950374966902e-8
592	7.408088108153135e-8
593	7.431098430811904e-8
594	7.45217807712091e-8
595	7.475028492965493e-8
596	7.495331017593665e-8
597	7.519081985384436e-8
598	7.535702077324317e-8
599	7.553362096806724e-8
600	7.576871648648008e-8
601	7.594000947102685e-8
602	7.61370352365547e-8
603	7.636990112912636e-8
604	7.653676374951499e-8
605	7.672670739817262e-8
606	7.692575394253198e-8
607	7.713028758146443e-8
608	7.731503756447139e-8
609	7.745217802011753e-8
610	7.770325831822742e-8
611	7.790476703063105e-8
612	7.810334691017862e-8
613	7.827896878258022e-8
614	7.846873030188e-8
615	7.86627810636209e-8
616	7.884287956481962e-8
617	7.902659372430228e-8
618	7.92076956153222e-8
619	7.941496477102298e-8
620	7.958971326685751e-8
621	7.979336954813725e-8
622	7.996350424578052e-8
623	8.013095800686632e-8
624	8.034152165005753e-8
625	8.051627331810742e-8
626	8.068112086468008e-8
627	8.087812375622083e-8
628	8.103350148392938e-8
629	8.12341087588906e-8
630	8.141192138504336e-8
631	8.15846308903091e-8
632	8.176016893004051e-8
633	8.194348990784865e-8
634	8.212597854935745e-8
635	8.228515672723036e-8
636	8.245756186745181e-8
637	8.261697531631111e-8
638	8.277706518906846e-8
639	8.295114697545778e-8
640	8.311405322878617e-8
641	8.330086612067574e-8
642	8.350556832433324e-8
643	8.366640057201261e-8
644	8.384615335055942e-8
645	8.402440225508835e-8
646	8.418197977526191e-8
647	8.43407491760855e-8
648	8.451347993312854e-8
649	8.466258846493204e-8
650	8.485095234058404e-8
651	8.500729593835424e-8
652	8.516986259680076e-8
653	8.528664869727245e-8
654	8.544848755698106e-8
655	8.562021095369598e-8
656	8.579668521074073e-8
657	8.59880157974709e-8
658	8.614650394441316e-8
659	8.630345974719733e-8
660	8.646585556540485e-8
661	8.664036249493565e-8
662	8.677505002419415e-8
663	8.694413549977926e-8
664	8.710831051547567e-8
665	8.724347306771404e-8
666	8.742321847545981e-8
667	8.757374930431524e-8
668	8.773743226930563e-8
669	8.788258675292751e-8
670	8.804035647152318e-8
671	8.817776082353169e-8
672	8.834704434955488e-8
673	8.849735475964928e-8
674	8.865084962005017e-8
675	8.879333308645142e-8
676	8.895112952726458e-8
677	8.911149353521535e-8
678	8.925958644027858e-8
679	8.940270267015747e-8
680	8.955599046283024e-8
681	8.971944400417565e-8
682	8.986155561897188e-8
683	8.998349320716707e-8
684	9.015510917109695e-8
685	9.028918349916883e-8
686	9.043748326901558e-8
687	9.058312241203398e-8
688	9.073423217952127e-8
689	9.086897125086104e-8
690	9.102124345192356e-8
691	9.116645555179671e-8
692	9.130848096665344e-8
693	9.14577085315107e-8
694	9.160112141963685e-8
695	9.175612406108729e-8
696	9.187288972824924e-8
697	9.202574947329567e-8
698	9.216102049342812e-8
699	9.22855208100744e-8
700	9.245172487897693e-8
701	9.259223972186958e-8
702	9.271654737256382e-8
703	9.28649489266607e-8
704	9.300610234864185e-8
705	9.314938606733362e-8
706	9.328646198797965e-8
707	9.341685313454325e-8
708	9.356680378327357e-8
709	9.370034734862652e-8
710	9.383264463165234e-8
711	9.392504999814244e-8
712	9.411430948774636e-8
713	9.424675667643776e-8
714	9.438304422923503e-8
715	9.452240084326856e-8
716	9.465806311140351e-8
717	9.478815920069316e-8
718	9.492880478779969e-8
719	9.506407130188968e-8
720	9.518591512977588e-8
721	9.533727439197302e-8
722	9.546913984067641e-8
723	9.560980989094335e-8
724	9.573824569547139e-8
725	9.5873736813944e-8
726	9.600632585928973e-8
727	9.613826113919438e-8
728	9.627004950825568e-8
729	9.641039322261747e-8
730	9.65384419609134e-8
731	9.666689023576823e-8
732	9.680414935325965e-8
733	9.692532057247181e-8
734	9.706994242807434e-8
735	9.720432272014443e-8
736	9.734216650942834e-8
737	9.746386154603675e-8
738	9.760073206897507e-8
739	9.772328789081506e-8
740	9.788035963759507e-8
741	9.798683114042389e-8
742	9.81240957316356e-8
743	9.825734753779843e-8
744	9.824045126437852e-8
745	9.851174594679557e-8
746	9.865215816304068e-8
747	9.87762466881799e-8
748	9.890895886537478e-8
749	9.9037487330926e-8
750	9.916710021789403e-8
751	9.929241073518605e-8
752	9.943380534628153e-8
753	9.956001921687614e-8
754	9.968745987035752e-8
755	9.982046356970101e-8
756	9.99541202058117e-8
757	1.000822300095803e-7
758	1.0021623858921242e-7
759	1.0035720799138698e-7
760	1.0049005456172319e-7
761	1.0062843129776653e-7
762	1.0072304353685593e-7
763	1.0085717750275657e-7
764	1.009864773677843e-7
765	1.0111220778975103e-7
766	1.0124556428135921e-7
767	1.0137429544295073e-7
768	1.0149958762217922e-7
769	1.0163270549358601e-7
770	1.0176311939728003e-7
771	1.0189518273190165e-7
772	1.0201781321746297e-7
773	1.0215925468079152e-7
774	1.022822086289441e-7
775	1.0241396004433526e-7
776	1.0253894024330785e-7
777	1.0268495103941294e-7
778	1.0280567002442387e-7
779	1.029483803080302e-7
780	1.0307587927573212e-7
781	1.0320695955194029e-7
782	1.0334656428747237e-7
783	1.0347413350466352e-7
784	1.0360952994284465e-7
785	1.0374303661966628e-7
786	1.0387455301557606e-7
787	1.040069252493474e-7
788	1.0414414230658182e-7
789	1.0427741794839053e-7
790	1.0440003170320069e-7
791	1.0454300385169606e-7
792	1.0468452149514342e-7
793	1.0480333885214648e-7
794	1.0495345593369552e-7
795	1.0508302063454823e-7
796	1.0522236786670543e-7
797	1.0535927678039703e-7
798	1.0549619986194541e-7
799	1.0561337546669491e-7
800	1.0577497277378666e-7
801	1.0591536754210936e-7
802	1.0605289564802037e-7
803	1.061963948080572e-7
804	1.0633093549358145e-7
805	1.0647587908368842e-7
806	1.0648356804926983e-7
807	1.0664080487885625e-7
808	1.0690139739053111e-7
809	1.0704531312700167e-7
810	1.0719078448116409e-7
811	1.0726327276575977e-7
812	1.073917131270908e-7
813	1.0753904716197385e-7
814	1.0768933656800495e-7
815	1.0784242688695985e-7
816	1.0798763500743875e-7
817	1.0813394668821596e-7
818	1.0829231809032973e-7
819	1.0845605897793961e-7
820	1.0859747512380091e-7
821	1.0875724306764528e-7
822	1.0897479907622008e-7
823	1.0906769330982555e-7
824	1.092199051454909e-7
825	1.0937399165115592e-7
826	1.0952494277451965e-7
827	1.0967235904728737e-7
828	1.0983812685360301e-7
829	1.0999031561751464e-7
830	1.1013979960098208e-7
831	1.1030481088108421e-7
832	1.104675696140227e-7
833	1.1061855308856764e-7
834	1.1078276416083942e-7
835	1.1094184658018342e-7
836	1.1110470916403929e-7
837	1.1125819791470634e-7
838	1.1142612020023461e-7
839	1.116028855550486e-7
840	1.1175540611417205e-7
841	1.119306288389559e-7
842	1.1210422455802278e-7
843	1.1226612190989995e-7
844	1.1242920156513172e-7
845	1.1259519018759092e-7
846	1.1278213740068129e-7
847	1.1293915676373411e-7
848	1.1311288853801598e-7
849	1.1328207039829351e-7
850	1.1346185308694289e-7
851	1.1363694928770721e-7
852	1.1381413170656521e-7
853	1.1398841842031468e-7
854	1.1417158807582975e-7
855	1.143518746185946e-7
856	1.1452934850337549e-7
857	1.1470899637325425e-7
858	1.1489654391449622e-7
859	1.1507300366989238e-7
860	1.1526453021198229e-7
861	1.1545152859150996e-7
862	1.1563858577746332e-7
863	1.1582123381655088e-7
864	1.1601888036581294e-7
865	1.1620786715961597e-7
866	1.1640138273483374e-7
867	1.1660027487683416e-7
868	1.1679661336824188e-7
869	1.1698964830387537e-7
870	1.1718277730609867e-7
871	1.1738229111895571e-7
872	1.1758280412562693e-7
873	1.1778739690351172e-7
874	1.1799192483163021e-7
875	1.1819795653563326e-7
876	1.1840451945404723e-7
877	1.1861362894438054e-7
878	1.1882260980562478e-7
879	1.190336401432982e-7
880	1.1924930686829033e-7
881	1.194592195857846e-7
882	1.196763029578238e-7
883	1.1989174575665032e-7
884	1.2011275231685497e-7
885	1.2033260058805458e-7
886	1.205576777325582e-7
887	1.2077943848513362e-7
888	1.209976173185417e-7
889	1.2122535760492271e-7
890	1.21456753099916e-7
891	1.2168182509638956e-7
892	1.2191164774053656e-7
893	1.2214959847864902e-7
894	1.223789436193426e-7
895	1.2261021227176918e-7
896	1.228498173218309e-7
897	1.2308965534632236e-7
898	1.233304510353531e-7
899	1.235703641816594e-7
900	1.238134197667965e-7
901	1.2405927170260728e-7
902	1.2430741278085338e-7
903	1.2453919807082072e-7
904	1.2479355852493105e-7
905	1.250401646676543e-7
906	1.2528430291209533e-7
907	1.255397491113823e-7
908	1.257854246283194e-7
909	1.2603759222385411e-7
910	1.2629039404452805e-7
911	1.2653748768187805e-7
912	1.2679820681016293e-7
913	1.2704759969490923e-7
914	1.2728826647901498e-7
915	1.2754318621886178e-7
916	1.2779770564134548e-7
917	1.280478932381548e-7
918	1.282943593392496e-7
919	1.285444649330446e-7
920	1.287928338974652e-7
921	1.2903985112632823e-7
922	1.2927980562982393e-7
923	1.295240533354283e-7
924	1.2976690280825013e-7
925	1.2999772434795727e-7
926	1.3022882612812125e-7
927	1.3045561610689116e-7
928	1.306632467932502e-7
929	1.308809226546403e-7
930	1.31092267930377e-7
931	1.3129853980290342e-7
932	1.3150142309637618e-7
933	1.3169324465602048e-7
934	1.3206289345757328e-7
935	1.3221919219684763e-7
936	1.321782025792464e-7
937	1.3231576357636915e-7
938	1.3243933488003288e-7
939	1.3264641316559033e-7
940	1.3270460321320212e-7
941	1.3274427637370705e-7
942	1.3281214046874966e-7
943	1.3274661128572603e-7
944	1.3272770922911476e-7
945	1.3267774334118115e-7
946	1.3258616567680827e-7
947	1.3246020400270342e-7
948	1.3228195536619356e-7
949	1.32048846152768e-7
950	1.3176856672533767e-7
951	1.314196647826291e-7
952	1.3099665499651632e-7
953	1.304895669887996e-7
954	1.2988967389822197e-7
955	1.291843007911798e-7
956	1.2836052914955175e-7
957	1.2740176723326217e-7
958	1.262896192064584e-7
959	1.2500254232784024e-7
960	1.2351540519380113e-7
961	1.2179882670534598e-7
962	1.1981784110208354e-7
963	1.1753145535754642e-7
964	1.1489057820118684e-7
965	1.1183650608051021e-7
966	1.0829854377722895e-7
967	1.04190929791601e-7
968	9.940902878639133e-8
969	9.3824312950705e-8
970	8.727792051674828e-8
971	7.957257413922323e-8
972	7.046312238435178e-8
973	5.964856902492432e-8
974	4.6780705830057126e-8
975	3.157820325215101e-8
976	1.468759719365995e-8
977	2.1958006135562693e-9
978	2.5370927246724047e-11
979	4.264272748490291e-16
980	0.
981	0.
982	0.
983	0.
984	0.
985	0.
986	6.987217195586197e-7
987	3.7838089263031866e-6
988	6.7048633721522945e-6
989	8.838611470020872e-6
990	9.32055532980194e-6
991	8.539548368886635e-6
992	7.3389526354152585e-6
993	6.196752668916677e-6
994	5.251565851827744e-6
995	4.499341934214486e-6
996	3.904793496103767e-6
997	3.4343850932813006e-6
998	3.0559909986603297e-6
999	2.7478179789124264e-6
1000	2.493374523824367e-6
1001	2.2799308511948444e-6
1002	2.1009628650681783e-6
1003	1.9423751628140543e-6
1004	1.8115968992658345e-6
1005	1.6966438311908957e-6
1006	1.5922719470746676e-6
1007	1.5014367733063653e-6
1008	1.42328399181237e-6
1009	1.346980107904464e-6
1010	1.286269940299909e-6
1011	1.2297748499328994e-6
1012	1.1719855487286117e-6
1013	1.1266128401191584e-6
1014	1.079236632387623e-6
1015	1.030533223599269e-6
1016	1.01131443565715e-6
1017	9.671308607824108e-7
1018	9.832441292875089e-7
1019	9.031312449313066e-7
1020	8.77599800321673e-7
1021	8.55795141922466e-7
1022	8.130907232789681e-7
1023	7.992045154779111e-7
1024	7.76928502261997e-7
1025	7.587911157494947e-7
1026	6.658990505781504e-7
1027	6.947121215899954e-7
1028	6.964114361215428e-7
1029	6.881811123415247e-7
1030	6.610338474203818e-7
1031	6.539070179149098e-7
1032	6.399638342760576e-7
1033	6.966259853958896e-7
1034	6.148462179553056e-7
1035	6.06597169375714e-7
1036	5.949932147174458e-7
1037	5.805372429448034e-7
1038	5.635734632549373e-7
1039	5.539157785068116e-7
1040	5.486408792705571e-7
1041	5.243524538335877e-7
1042	5.348930976860114e-7
1043	5.328122948627732e-7
1044	5.182199607524495e-7
1045	4.890466404615587e-7
1046	4.786214797991875e-7
1047	4.916012427075629e-7
1048	4.839444016809385e-7
1049	4.6928947678107184e-7
1050	4.608587873440644e-7
1051	4.365641994518187e-7
1052	4.4560736129133194e-7
1053	4.5426256020137326e-7
1054	4.484699795947144e-7
1055	4.3034804678419183e-7
1056	4.134424597893462e-7
1057	4.206934852882441e-7
1058	4.0827065806419276e-7
1059	3.982748682038793e-7
1060	4.0023849167727634e-7
1061	3.824883918787299e-7
1062	3.8005192434567013e-7
1063	3.875454368578852e-7
1064	3.846882368919787e-7
1065	3.776622666185471e-7
1066	3.648969284772273e-7
1067	3.729803243974111e-7
1068	3.9427663845585147e-7
1069	3.6980799224481976e-7
1070	3.677052196501639e-7
1071	3.522656747132669e-7
1072	3.712049253355152e-7
1073	3.440994866831241e-7
1074	3.4407366052121873e-7
1075	3.323576128049467e-7
1076	3.279519536234663e-7
1077	3.2990582486519917e-7
1078	3.257228978193148e-7
1079	3.7131109164807994e-7
1080	3.9989712792205723e-7
1081	2.684661816254522e-7
1082	2.7048975229984626e-7
1083	2.9323191511152374e-7
1084	2.8426490390987366e-7
1085	2.9122493399576255e-7
1086	2.9172020839820695e-7
1087	2.9653270497295926e-7
1088	2.8446950516706884e-7
1089	2.7609082989534037e-7
1090	3.0247859745831003e-7
1091	2.9371057702232295e-7
1092	2.7003559860080594e-7
1093	3.071119375015913e-7
1094	2.69611357281991e-7
1095	2.7194044138133396e-7
1096	2.808328531707514e-7
1097	2.8198857201476813e-7
1098	2.648273583269605e-7
1099	2.6436132204163124e-7
1100	2.5635566852281834e-7
1101	2.2419540259353635e-7
1102	2.7113190138614165e-7
1103	2.901054463604032e-7
1104	2.5239834523918584e-7
1105	2.631456329096823e-7
1106	2.5510421586513186e-7
1107	2.5412710424608445e-7
1108	2.4035358379281006e-7
1109	2.4599442488703143e-7
1110	2.5886970893794715e-7
1111	2.4527108144962793e-7
1112	2.4365132800906155e-7
1113	2.459899773642649e-7
1114	2.478979354392387e-7
1115	2.4430381304112816e-7
1116	2.39927871064855e-7
1117	2.7810984872536336e-7
1118	2.354745951224663e-7
1119	2.3273284889125635e-7
1120	2.3541495459297636e-7
1121	2.3836413535922833e-7
1122	2.2789698429203193e-7
1123	2.3225393601108543e-7
1124	2.233613356533986e-7
1125	2.2385605783709213e-7
1126	2.2561065629614968e-7
1127	2.0715781414420232e-7
1128	2.2484984932295771e-7
1129	2.3368202958862386e-7
1130	2.2968826127629845e-7
1131	2.1249799865775792e-7
1132	2.098215387694023e-7
1133	1.9590335580467563e-7
1134	2.5376720407924215e-7
1135	2.1663665284611777e-7
1136	2.0812379746630482e-7
1137	2.0680375749554262e-7
1138	2.0726833508708748e-7
1139	1.9004353320885353e-7
1140	2.1869090192622803e-7
1141	2.0316562117992945e-7
1142	2.2314519349379148e-7
1143	2.0534403997068353e-7
1144	2.0935373714788963e-7
1145	1.8349559455714018e-7
1146	1.907743543441105e-7
1147	2.0475490269741193e-7
1148	1.9787220886343323e-7
1149	2.0061521859534965e-7
1150	1.8417629722842643e-7
1151	2.1007711103773343e-7
1152	2.1261360970674397e-7
1153	1.8825051298132244e-7
1154	1.8459147265476635e-7
1155	2.0335061014795158e-7
1156	1.9618495966116003e-7
1157	1.9956466965080537e-7
1158	1.9650348011937875e-7
1159	1.9032118511892116e-7
1160	1.9462052083229596e-7
1161	1.9543059726204554e-7
1162	1.7717199807783464e-7
1163	1.8391914275043906e-7
1164	1.7208609338376574e-7
1165	1.8354086660784038e-7
1166	1.697911255781886e-7
1167	1.7533215058746617e-7
1168	1.765406000714673e-7
1169	1.56502076211722e-7
1170	1.694548484816613e-7
1171	1.8808348805855756e-7
1172	1.8687807318465873e-7
1173	1.7364292759062892e-7
1174	1.7627958936954463e-7
1175	1.675263875952819e-7
1176	1.7006272511324189e-7
1177	1.2888311217659468e-7
1178	1.5774789999893655e-7
1179	1.6939705364047456e-7
1180	1.745115071335317e-7
1181	1.685831844652168e-7
1182	1.602303575789745e-7
1183	1.6152495370686117e-7
1184	1.6569293232312247e-7
1185	1.6605308432188607e-7
1186	1.685305967020238e-7
1187	1.6564274445976037e-7
1188	1.7551097859554573e-7
1189	1.601502191220109e-7
1190	1.6220403297682547e-7
1191	1.6986869386755695e-7
1192	1.6946085778263012e-7
1193	1.63548458602299e-7
1194	1.7164064423649022e-7
1195	1.5308824198740285e-7
1196	1.6944302032031552e-7
1197	1.5909523017655303e-7
1198	1.6268129727859019e-7
1199	1.4894918397170793e-7
1200	1.5252315283196483e-7
1201	1.417640765995497e-7
1202	1.4054960725998983e-7
1203	1.3958208535261193e-7
1204	1.299570467746467e-7
1205	1.4856372362796596e-7
1206	1.7891422700606638e-7
1207	1.5393714017197423e-7
1208	1.614924896414965e-7
1209	1.4005676086679306e-7
1210	1.408724832003472e-7
1211	1.4967902331717768e-7
1212	1.4134500821401728e-7
1213	1.379366184088637e-7
1214	1.3099996925188702e-7
1215	1.5785105933500198e-7
1216	1.4095392340101178e-7
1217	1.4077300658633506e-7
1218	1.5663385986817755e-7
1219	1.4441797421104745e-7
1220	1.654274674606699e-7
1221	1.6024286401459406e-7
1222	1.5827537558069184e-7
1223	1.569167024245479e-7
1224	1.3436257669464732e-7
1225	1.5355375793720717e-7
1226	1.339284992486895e-7
1227	1.3919170604691733e-7
1228	1.3972008934639533e-7
1229	1.2264308023804368e-7
1230	1.3059760025252397e-7
1231	1.2860585583125496e-7
1232	1.2143572109620311e-7
1233	1.2777688050924897e-7
1234	1.206508170505548e-7
1235	1.3051728785269755e-7
1236	1.2737808800982152e-7
1237	1.3344345498023742e-7
1238	1.3154746309808254e-7
1239	1.1128064905464204e-7
1240	1.2376088193806219e-7
1241	1.2647907254203822e-7
1242	1.224452484851499e-7
1243	1.2814099651574356e-7
1244	1.2005501333421744e-7
1245	1.2559981506317217e-7
1246	1.2811524816741766e-7
1247	1.2014620589206773e-7
1248	1.3012571164432517e-7
1249	1.2804716727286402e-7
1250	1.2095673807705858e-7
1251	1.2742712430480493e-7
1252	1.2380984102517038e-7
1253	1.2689883527910581e-7
1254	1.294225012675645e-7
1255	1.3067071115270583e-7
1256	1.1316451896625886e-7
1257	1.3447011802828472e-7
1258	1.302905936118414e-7
1259	1.3473597525640496e-7
1260	1.297371794111859e-7
1261	1.3727797500389194e-7
1262	1.3382454077629277e-7
1263	1.3715558274525316e-7
1264	1.458113811711588e-7
1265	1.4438945222109006e-7
1266	1.6473552703178092e-7
1267	1.2348662020476288e-7
1268	1.2254089473493626e-7
1269	1.1863400476342859e-7
1270	1.1836571802629525e-7
1271	1.1931022221425033e-7
1272	1.2031806165905113e-7
1273	1.1589652965035655e-7
1274	1.1110585909796006e-7
1275	1.119821450771559e-7
1276	1.0917077522740537e-7
1277	1.1413015297232496e-7
1278	1.1651129844887422e-7
1279	1.1596935342902611e-7
1280	1.1708592694188152e-7
1281	1.1702808208154996e-7
1282	1.0925669984219307e-7
1283	1.1233969965912228e-7
1284	1.1947074825845703e-7
1285	1.2288198549765764e-7
1286	1.2379277626835791e-7
1287	1.103840514585546e-7
1288	1.0688341160669836e-7
1289	1.0595492444848282e-7
1290	1.0841952589641006e-7
1291	1.0369304532430643e-7
1292	1.0953107699584569e-7
1293	1.1147849426738208e-7
1294	1.12919321101463e-7
1295	9.192257826876861e-8
1296	1.265389531239933e-7
1297	1.2194963141379832e-7
1298	1.0796920676809961e-7
1299	1.0657019646807036e-7
1300	1.0630669133985556e-7
1301	1.0435101863811123e-7
1302	1.0260691583948097e-7
1303	1.028069913475108e-7
1304	1.0130702825221186e-7
1305	1.0495618040069576e-7
1306	1.0523741192289723e-7
1307	1.0338961509061592e-7
1308	1.0418200286059224e-7
1309	1.0095943465114629e-7
1310	1.0031151109086871e-7
1311	1.058042866433807e-7
1312	1.0486269230163351e-7
1313	1.0412755690523127e-7
1314	9.93449130506111e-8
1315	1.0469106363664643e-7
1316	9.025427719059882e-8
1317	9.257999762439168e-8
1318	9.347539461031532e-8
1319	9.291416918317196e-8
1320	9.649229520948819e-8
1321	9.480951277039787e-8
1322	9.512278144992034e-8
1323	1.0072765471070482e-7
1324	9.666280220855708e-8
1325	9.48740953885447e-8
1326	9.676772507599854e-8
1327	9.928690378560405e-8
1328	9.671886002153939e-8
1329	1.0495124875277742e-7
1330	1.0014177280006303e-7
1331	1.0476210871654223e-7
1332	1.0835172110917247e-7
1333	8.801069133372474e-8
1334	9.409863156952109e-8
1335	9.872218288815008e-8
1336	9.327292369885012e-8
1337	9.74905658000673e-8
1338	1.0158997763269176e-7
1339	9.952919133167696e-8
1340	9.080163116629588e-8
1341	8.921446614734262e-8
1342	9.820897853709154e-8
1343	9.40345708337939e-8
1344	9.354590868647904e-8
1345	9.597952570583747e-8
1346	9.955429936846128e-8
1347	9.463917238090287e-8
1348	9.514082143467622e-8
1349	9.36947071967353e-8
1350	1.0367248878030233e-7
1351	9.670866869992751e-8
1352	9.779083289480636e-8
1353	9.432004576742596e-8
1354	8.766777840651098e-8
1355	8.093513923608451e-8
1356	9.652711600081909e-8
1357	9.761934349609876e-8
1358	8.58317579412821e-8
1359	9.034589486015516e-8
1360	1.0486722183560566e-7
1361	9.087092254847371e-8
1362	9.167611206494252e-8
1363	9.38394293308007e-8
1364	9.86022359845129e-8
1365	9.641881253292788e-8
1366	9.72493446898232e-8
1367	8.663587812960447e-8
1368	8.48627553233141e-8
1369	9.171543501681092e-8
1370	8.946139611919122e-8
1371	9.024277575175045e-8
1372	9.662076388590685e-8
1373	8.99898778838509e-8
1374	9.191634172166165e-8
1375	8.865304646760854e-8
1376	8.949463853780114e-8
1377	8.977051084234118e-8
1378	9.037547734618202e-8
1379	9.388086592172595e-8
1380	8.904848673721315e-8
1381	8.738285576742023e-8
1382	9.485482651557793e-8
1383	9.548058769562864e-8
1384	8.63603991366779e-8
1385	9.838742083189486e-8
1386	9.080077167233014e-8
1387	8.946863847884462e-8
1388	8.651805621569186e-8
1389	8.317823324019083e-8
1390	8.309538938297306e-8
1391	8.66963450881999e-8
1392	8.333292970239315e-8
1393	8.64725722367929e-8
1394	8.963782595103495e-8
1395	8.804030826296796e-8
1396	8.706636016889299e-8
1397	8.848212408887235e-8
1398	8.775866950409547e-8
1399	8.811473374598123e-8
1400	8.923556062147624e-8
1401	8.873363530867922e-8
1402	8.775083247842708e-8
1403	8.644487700789748e-8
1404	8.824814876078614e-8
1405	8.977654527674141e-8
1406	9.36306813402525e-8
1407	9.174705565291447e-8
1408	7.719083268261659e-8
1409	8.347476732991638e-8
1410	8.196258137243352e-8
1411	8.309464998323427e-8
1412	7.979176493928505e-8
1413	8.196839938016017e-8
1414	8.091342158798303e-8
1415	8.249976239977087e-8
1416	8.321101497074705e-8
1417	8.419787657827584e-8
1418	8.080963799962539e-8
1419	8.300285546827373e-8
1420	8.624607874653348e-8
1421	8.446965624525217e-8
1422	8.168336819631691e-8
1423	8.429325544954104e-8
1424	8.196543812649292e-8
1425	8.353937951778468e-8
1426	8.262805455417935e-8
1427	8.220448363291886e-8
1428	8.259918596325478e-8
1429	8.120080475966677e-8
1430	8.302599075289144e-8
1431	8.070270438460958e-8
1432	8.152007568264924e-8
1433	8.27943118477545e-8
1434	7.900264243913922e-8
1435	7.637965741259651e-8
1436	8.360047102248333e-8
1437	8.187146068191381e-8
1438	8.393897697067574e-8
1439	8.04542593529112e-8
1440	7.86574920119707e-8
1441	7.738164050213428e-8
1442	7.825351815629218e-8
1443	7.760100838977191e-8
1444	7.820678718008159e-8
1445	7.980636225669174e-8
1446	8.035752394998084e-8
1447	8.085816482384813e-8
1448	7.863773521669993e-8
1449	7.700245907816928e-8
1450	7.925094047595376e-8
1451	7.9479728825151e-8
1452	7.77197658599564e-8
1453	8.16339964811918e-8
1454	7.963845247002006e-8
1455	7.926213082155092e-8
1456	7.699443810024576e-8
1457	7.054185341961629e-8
1458	7.937465671522161e-8
1459	7.872825527978753e-8
1460	7.738604522401691e-8
1461	7.796275157332525e-8
1462	7.679665662763682e-8
1463	7.410268522089015e-8
1464	7.445749318141755e-8
1465	7.440010767759361e-8
1466	7.32412267573982e-8
1467	7.621527584545801e-8
1468	6.957094081611881e-8
1469	6.853130769974277e-8
1470	6.65637451823415e-8
1471	7.375761677551916e-8
1472	7.293855175788486e-8
1473	7.525126703361874e-8
1474	7.315133299939934e-8
1475	7.146742259416727e-8
1476	7.107681443710936e-8
1477	6.07383880241363e-8
1478	6.86831721052742e-8
1479	7.175117471058788e-8
1480	7.332454084008758e-8
1481	7.193142983338864e-8
1482	7.319176058322624e-8
1483	7.322974356513316e-8
1484	7.18235188673802e-8
1485	7.349748494098437e-8
1486	7.273388719286228e-8
1487	7.264934816918738e-8
1488	7.347331892949715e-8
1489	7.195531330560096e-8
1490	7.334964832925604e-8
1491	7.051495581587168e-8
1492	7.061431723525621e-8
1493	7.215213825754964e-8
1494	7.28604203725413e-8
1495	7.272322631695233e-8
1496	7.113627718036552e-8
1497	7.119045046663078e-8
1498	7.204161986953588e-8
1499	7.10993069191241e-8
1500	7.21217838043876e-8
1501	7.224888598352187e-8
1502	7.20710784462188e-8
1503	7.38444142948002e-8
1504	7.002348731682178e-8
1505	7.041659262839329e-8
1506	6.995447522706387e-8
1507	6.992744018543278e-8
1508	7.022309287220933e-8
1509	6.877278446091792e-8
1510	6.951001919365442e-8
1511	6.957318121590488e-8
1512	6.967322690227263e-8
1513	6.987468501178579e-8
1514	7.015226363357215e-8
1515	7.057628959776888e-8
1516	6.996733230473464e-8
1517	7.182153459038355e-8
1518	7.026667965961709e-8
1519	7.295063246118816e-8
1520	7.007519527052827e-8
1521	7.010268324091388e-8
1522	6.829065597887514e-8
1523	6.894467193967725e-8
1524	6.794129607881785e-8
1525	7.042932096563041e-8
1526	6.877770684525857e-8
1527	6.911513082538792e-8
1528	6.995836796700117e-8
1529	6.798061253236557e-8
1530	6.82016600978979e-8
1531	6.852678840132039e-8
1532	6.767050284216017e-8
1533	6.9030544010721e-8
1534	6.737953692528862e-8
1535	6.868658005455315e-8
1536	6.58903369440127e-8
1537	6.687062055342671e-8
1538	6.768295297005171e-8
1539	7.001676968047367e-8
1540	6.796750591155057e-8
1541	6.723276550549354e-8
1542	6.748593387934612e-8
1543	6.84157187021786e-8
1544	6.743255471461776e-8
1545	6.876989127796548e-8
1546	6.626457067049554e-8
1547	6.662082666767626e-8
1548	6.73549695149609e-8
1549	6.682049485991375e-8
1550	6.551570393938655e-8
1551	6.66427445411286e-8
1552	6.645623061933475e-8
1553	6.57563705230212e-8
1554	6.3433690737125e-8
1555	6.471004291931118e-8
1556	6.281417879519172e-8
1557	6.395369695056668e-8
1558	6.441614663488149e-8
1559	6.444674557528562e-8
1560	6.468668537609243e-8
1561	6.48930652250941e-8
1562	6.453356400897723e-8
1563	6.455011776264358e-8
1564	6.417731390761824e-8
1565	6.473192730350665e-8
1566	6.501440743449791e-8
1567	6.424995776515474e-8
1568	6.484164103176056e-8
1569	6.464567589509536e-8
1570	6.413735552071747e-8
1571	6.501955974700223e-8
1572	6.475993097470955e-8
1573	6.415308377325331e-8
1574	6.399628673340457e-8
1575	6.216506853809769e-8
1576	6.413123833242288e-8
1577	6.497687873630934e-8
1578	6.392158341616299e-8
1579	6.483613073234673e-8
1580	6.280406692280135e-8
1581	6.300707554401318e-8
1582	6.378611687722379e-8
1583	6.270394850846033e-8
1584	6.388615141823786e-8
1585	6.324732785224861e-8
1586	6.410794998975978e-8
1587	6.333091981216542e-8
1588	6.258077476744041e-8
1589	6.309936349215127e-8
1590	6.300210096352433e-8
1591	6.257249513567829e-8
1592	6.250066961041293e-8
1593	6.10718480370258e-8
1594	6.296133782248079e-8
1595	6.188152493393492e-8
1596	6.163949479514911e-8
1597	6.171085354164907e-8
1598	6.26579672961533e-8
1599	6.264377525496905e-8
1600	6.155565429974185e-8
1601	6.105126065868175e-8
1602	6.158577082214183e-8
1603	6.212464387001287e-8
1604	6.143654068543064e-8
1605	6.159340361998125e-8
1606	6.172162133231075e-8
1607	6.112459921487169e-8
1608	6.117823031740056e-8
1609	6.112755362310402e-8
1610	6.161823640343761e-8
1611	6.066150429471028e-8
1612	6.109192418187068e-8
1613	6.126343325477637e-8
1614	6.061984038138403e-8
1615	6.071765688304505e-8
1616	6.018014201702716e-8
1617	6.029702689365961e-8
1618	6.051044007253045e-8
1619	6.055855565951152e-8
1620	6.029469627237868e-8
1621	6.03443868835396e-8
1622	6.122428560454825e-8
1623	6.017383173149592e-8
1624	5.992976146613614e-8
1625	6.009218073985534e-8
1626	6.025835545426853e-8
1627	5.9568406898948826e-8
1628	6.003434577053145e-8
1629	5.975456740629382e-8
1630	5.984734929719514e-8
1631	6.012445966960583e-8
1632	5.97724312143988e-8
1633	5.923417336174095e-8
1634	5.901456099179621e-8
1635	5.944350730070969e-8
1636	5.917024679551067e-8
1637	5.9067139227628183e-8
1638	5.90824354439554e-8
1639	5.902043692543176e-8
1640	5.909465537701263e-8
1641	5.841073456820679e-8
1642	5.870745162705555e-8
1643	5.868981318830537e-8
1644	5.874394804868409e-8
1645	5.8620671357243475e-8
1646	5.852698388921902e-8
1647	5.837137860937419e-8
1648	5.8852044814008453e-8
1649	5.8593495022757045e-8
1650	5.834672635682359e-8
1651	5.787410061502595e-8
1652	5.826254034354153e-8
1653	5.8140157885664674e-8
1654	5.817008576305574e-8
1655	5.817674310124707e-8
1656	5.80955807937176e-8
1657	5.774948998887456e-8
1658	5.7993994376560125e-8
1659	5.7669650273211834e-8
1660	5.802919431810397e-8
1661	5.807645760945503e-8
1662	5.725485856860988e-8
1663	5.73857553350145e-8
1664	5.7215520019468033e-8
1665	5.730547744175963e-8
1666	5.5638027529226024e-8
1667	5.5569489493573033e-8
1668	5.562868281996431e-8
1669	5.5738600539338493e-8
1670	5.691417555449561e-8
1671	5.703006054622846e-8
1672	5.6807751672529143e-8
1673	5.671659979311711e-8
1674	5.672280086229638e-8
1675	5.671765832278283e-8
1676	5.6524990519712856e-8
1677	5.674648897837709e-8
1678	5.650897668444142e-8
1679	5.614302285600906e-8
1680	5.608591847253001e-8
1681	5.614121055966025e-8
1682	5.601859135070078e-8
1683	5.595567543075476e-8
1684	5.5932085244205526e-8
1685	5.586179127469811e-8
1686	5.5714259110342034e-8
1687	5.5706498511277785e-8
1688	5.566590832885242e-8
1689	5.575084354948827e-8
1690	5.594919487384378e-8
1691	5.534932536380473e-8
1692	5.541425337311716e-8
1693	5.542320494983331e-8
1694	5.536102154364822e-8
1695	5.5178151473708904e-8
1696	5.504994504447868e-8
1697	5.495570402271244e-8
1698	5.474948108986369e-8
1699	5.476620021229647e-8
1700	5.474245794985207e-8
1701	5.475330578616378e-8
1702	5.461256029127151e-8
1703	5.452986363662635e-8
1704	5.4504324451032366e-8
1705	5.4481777400437224e-8
1706	5.4429131266379894e-8
1707	5.450609917354653e-8
1708	5.435969675474696e-8
1709	5.442992902510186e-8
1710	5.4416248729845385e-8
1711	5.410731651726041e-8
1712	5.40963726756066e-8
1713	5.402147697620152e-8
1714	5.404063237642313e-8
1715	5.3797534734128505e-8
1716	5.3799755625024715e-8
1717	5.379787017357788e-8
1718	5.373967603208734e-8
1719	5.3594071081585806e-8
1720	5.363042572853087e-8
1721	5.358440946054985e-8
1722	5.3477007583065593e-8
1723	5.340380709141146e-8
1724	5.340028768961246e-8
1725	5.324442280631139e-8
1726	5.3210825622664586e-8
1727	5.310179764908659e-8
1728	5.3199523651707676e-8
1729	5.3041630392065684e-8
1730	5.304129076049706e-8
1731	5.2897114514436054e-8
1732	5.280581905056635e-8
1733	5.2909796251494766e-8
1734	5.276972118617646e-8
1735	5.265455912838621e-8
1736	5.2785419437181044e-8
1737	5.2738522483994864e-8
1738	5.2529660724218026e-8
1739	5.234669603550733e-8
1740	5.2302055756706295e-8
1741	5.216173695545291e-8
1742	5.224157271374953e-8
1743	5.217472212262701e-8
1744	5.210168424798339e-8
1745	5.20697790124682e-8
1746	5.203174664073684e-8
1747	5.19170953729707e-8
1748	5.179326778916811e-8
1749	5.1744353927340075e-8
1750	5.1713985921232684e-8
1751	5.165433800682276e-8
1752	5.164440386474395e-8
1753	5.1585782564808305e-8
1754	5.136839728964559e-8
1755	5.143681040497141e-8
1756	5.1269123314059915e-8
1757	5.1337572572266175e-8
1758	5.1305738524224666e-8
1759	5.126254062761231e-8
1760	5.119867231340087e-8
1761	5.117721870195952e-8
1762	5.0987854583529024e-8
1763	5.091858747928544e-8
1764	5.090175552534785e-8
1765	5.085451997648212e-8
1766	5.0795563445644564e-8
1767	5.0652990994280044e-8
1768	5.062424418666271e-8
1769	5.057061324603222e-8
1770	5.0534261784962513e-8
1771	5.0478188694657203e-8
1772	5.0425656854201315e-8
1773	5.0324682527977176e-8
1774	5.029705236560684e-8
1775	5.0250425907058615e-8
1776	5.0250472846991186e-8
1777	5.008843289565373e-8
1778	5.00783730397296e-8
1779	4.998169064904808e-8
1780	4.985251999602443e-8
1781	4.984574977566655e-8
1782	4.9810798615278e-8
1783	4.976656200397786e-8
1784	4.972053783650604e-8
1785	4.96823639347754e-8
1786	4.9616984658689985e-8
1787	4.952782871491719e-8
1788	4.94835364843872e-8
1789	4.944250647400932e-8
1790	4.940338920708641e-8
1791	4.9325827907796664e-8
1792	4.922637249281898e-8
1793	4.9163870472212895e-8
1794	4.9131728211650596e-8
1795	4.907887681566739e-8
1796	4.9014770149903654e-8
1797	4.8986815712630356e-8
1798	4.895598332950252e-8
1799	4.8871064669494744e-8
1800	4.881596150421923e-8
1801	4.879108251206248e-8
1802	4.8684328442667035e-8
1803	4.8671604952749396e-8
1804	4.862694865994082e-8
1805	4.8592701217835564e-8
1806	4.8467029850033574e-8
1807	4.844313605402892e-8
1808	4.835666029165334e-8
1809	4.8308056557886375e-8
1810	4.825400408873901e-8
1811	4.820659050740671e-8
1812	4.8149879062741255e-8
1813	4.8098044575730695e-8
1814	4.8039151703716286e-8
1815	4.7960060093182386e-8
1816	4.7936454806901213e-8
1817	4.7857217619992306e-8
1818	4.781098495417643e-8
1819	4.7750802901192014e-8
1820	4.7708279708943944e-8
1821	4.766561524836543e-8
1822	4.7583558483367315e-8
1823	4.7535804042183505e-8
1824	4.747084632931255e-8
1825	4.7433630301772244e-8
1826	4.736794999857725e-8
1827	4.731413954058428e-8
1828	4.7261105438703224e-8
1829	4.722395571975123e-8
1830	4.716210652111807e-8
1831	4.7090746089336995e-8
1832	4.704163589568153e-8
1833	4.698845365041052e-8
1834	4.6924789578544984e-8
1835	4.687967025002396e-8
1836	4.6832149706067583e-8
1837	4.677704866260196e-8
1838	4.673433943275398e-8
1839	4.6661047334502246e-8
1840	4.6606223485510116e-8
1841	4.6561823937969654e-8
1842	4.649801837567563e-8
1843	4.6439815135367394e-8
1844	4.639528443876931e-8
1845	4.6343219749222705e-8
1846	4.628573858729506e-8
1847	4.6239021417978425e-8
1848	4.618397391729373e-8
1849	4.613258758138902e-8
1850	4.608112796443564e-8
1851	4.603542371636008e-8
1852	4.59823591234421e-8
1853	4.5919221438884805e-8
1854	4.587527167548937e-8
1855	4.58199932937299e-8
1856	4.5771992511376275e-8
1857	4.571621037742515e-8
1858	4.567314869752799e-8
1859	4.561082449267832e-8
1860	4.554654575762008e-8
1861	4.5501760739183077e-8
1862	4.5451809378064584e-8
1863	4.540023342853457e-8
1864	4.5350639567550894e-8
1865	4.5297314319892646e-8
1866	4.524175028595377e-8
1867	4.5196886279396916e-8
1868	4.5145157364188915e-8
1869	4.5092389184570126e-8
1870	4.504154749617879e-8
1871	4.499299736052618e-8
1872	4.49471213083459e-8
1873	4.488918670760801e-8
1874	4.483711865771481e-8
1875	4.4784606596220483e-8
1876	4.474080577220665e-8
1877	4.469329476841014e-8
1878	4.463133736159417e-8
1879	4.457958714235922e-8
1880	4.453425014956886e-8
1881	4.4477706992890514e-8
1882	4.4427122564796167e-8
1883	4.437619666511752e-8
1884	4.4324846689771876e-8
1885	4.427640382379308e-8
1886	4.4235224473720756e-8
1887	4.418518457530081e-8
1888	4.413673223818222e-8
1889	4.40873437126314e-8
1890	4.4027750630394115e-8
1891	4.398073529300584e-8
1892	4.3931759146522755e-8
1893	4.3879900819082026e-8
1894	4.384058723835717e-8
1895	4.3789497839257534e-8
1896	4.372420257637864e-8
1897	4.367944439063597e-8
1898	4.362866176164067e-8
1899	4.357751759376688e-8
1900	4.353211753148482e-8
1901	4.348598596127904e-8
1902	4.343690756583032e-8
1903	4.339132604864957e-8
1904	4.3343194627847226e-8
1905	4.3296652662630714e-8
1906	4.3240461117074505e-8
1907	4.318974539002109e-8
1908	4.3138955328964484e-8
1909	4.309264285710569e-8
1910	4.304485647605621e-8
1911	4.299785140954869e-8
1912	4.294867752671079e-8
1913	4.289768912869507e-8
1914	4.28512371735315e-8
1915	4.280441187054698e-8
1916	4.275447797450736e-8
1917	4.270749686028287e-8
1918	4.265896373776176e-8
1919	4.2611432061144717e-8
1920	4.25638660011303e-8
1921	4.2517364385301933e-8
1922	4.2469930779628084e-8
1923	4.24239985280692e-8
1924	4.237662899808423e-8
1925	4.2327580843163613e-8
1926	4.2282002124994106e-8
1927	4.2232347117487816e-8
1928	4.2184926609700866e-8
1929	4.2139601504654124e-8
1930	4.2095069646874985e-8
1931	4.204686318884049e-8
1932	4.200076442717488e-8
1933	4.195521315580228e-8
1934	4.1908100419032525e-8
1935	4.1862943490171555e-8
1936	4.181890601798679e-8
1937	4.177023920164966e-8
1938	4.172224339025018e-8
1939	4.167710510194221e-8
1940	4.16303290961153e-8
1941	4.158499039022476e-8
1942	4.1537026147785344e-8
1943	4.149136785260654e-8
1944	4.1445888252240876e-8
1945	4.1399818571014306e-8
1946	4.135486939725305e-8
1947	4.130991601569515e-8
1948	4.1263934738600094e-8
1949	4.121686459763616e-8
1950	4.1172037902575004e-8
1951	4.112618125746732e-8
1952	4.1081114642249245e-8
1953	4.10361710392689e-8
1954	4.0990295561321306e-8
1955	4.094588911987293e-8
1956	4.090001324587659e-8
1957	4.085166927466925e-8
1958	4.0807177400542786e-8
1959	4.076224144259927e-8
1960	4.071693666128522e-8
1961	4.067266620686078e-8
1962	4.062772418101197e-8
1963	4.058429889629914e-8
1964	4.0538110140217944e-8
1965	4.0494352649641784e-8
1966	4.044976176512215e-8
1967	4.040521061369929e-8
1968	4.036167753661598e-8
1969	4.031694098574412e-8
1970	4.0273672608405874e-8
1971	4.022872722337362e-8
1972	4.018313652205572e-8
1973	4.013992747343264e-8
1974	4.00956612185107e-8
1975	4.0052781892863625e-8
1976	4.0009153586722494e-8
1977	3.996468766840615e-8
1978	3.9920880646062726e-8
1979	3.9878363407276835e-8
1980	3.98348185592565e-8
1981	3.97905287634575e-8
1982	3.9747688504536955e-8
1983	3.970821076603894e-8
1984	3.96634818973462e-8
1985	3.961786840178844e-8
1986	3.957436794712716e-8
1987	3.9531314377925864e-8
1988	3.9488549399627096e-8
1989	3.944550862644863e-8
1990	3.9402092503503185e-8
1991	3.935932590972055e-8
1992	3.931707211901835e-8
1993	3.9273811619980175e-8
1994	3.923009830884924e-8
1995	3.9188103140379786e-8
1996	3.914515504134165e-8
1997	3.910176275770011e-8
1998	3.9059179271405596e-8
1999	3.90166285109131e-8
2000	3.8972884032186104e-8
2001	3.8930581118322954e-8