1	1.2380884296523016e-13
11	1.3694913800405196e-12
21	2.653380746844944e-12
31	4.011318114897091e-12
41	5.481181869865638e-12
51	7.103990549959281e-12
61	8.925057620656338e-12
71	1.0995269466827177e-11
81	1.337242645848154e-11
91	1.6122940604528364e-11
101	1.9323630842580334e-11
111	2.3064071268869846e-11
121	2.744874023257402e-11
131	3.2599906705174264e-11
141	3.866135982216638e-11
151	4.5803967882301055e-11
161	5.422539104032291e-11
171	6.416108500351618e-11
181	7.588650672095975e-11
191	8.973401399461795e-11
201	1.0608302095281192e-10
211	1.253843714262048e-10
221	1.4819994129262318e-10
231	1.751056056410487e-10
241	2.0688256200826925e-10
251	2.444015947209916e-10
261	2.886590543926078e-10
271	3.4087732078374595e-10
281	4.024382277368663e-10
291	4.749985858478885e-10
301	5.604277897823111e-10
311	6.610072841677367e-10
321	7.791324082555055e-10
331	9.178182967674151e-10
341	1.0804236354556028e-9
351	1.270763552105646e-9
361	1.4930555078596984e-9
371	1.7521616533359065e-9
381	2.0532136396741474e-9
391	2.4024885323198e-9
401	2.8049429628097427e-9
411	3.2687230020415665e-9
421	3.798836091277931e-9
431	4.402891542458576e-9
441	5.08940287071835e-9
451	4.7897594663651055e-9
461	6.722030205305384e-9
471	7.679421026880738e-9
481	8.734458870926927e-9
491	9.891459415417553e-9
501	1.115175553510313e-8
511	1.2496370364072795e-8
521	1.3936511040809484e-8
531	1.547008037191109e-8
541	1.7083709988440283e-8
551	1.8767212152986353e-8
561	2.0513032300216167e-8
571	2.2307979646891516e-8
581	2.4145754654358294e-8
591	2.602392247839461e-8
601	2.790658652113626e-8
611	2.9796397879614846e-8
621	3.1702504308951784e-8
631	3.36067951878086e-8
641	2.902996961632411e-8
651	3.0599930791819025e-8
661	3.922070409689192e-8
671	4.105434467077746e-8
681	4.2836925652662604e-8
691	4.461114393093725e-8
701	4.6307976660590274e-8
711	4.798420227619976e-8
721	4.069240398438638e-8
731	5.120884571527147e-8
741	5.277356907059045e-8
751	5.4289215972807754e-8
761	5.576183757275446e-8
771	5.720829664885372e-8
781	5.8606865929532735e-8
791	5.998060351728744e-8
801	6.13089736179418e-8
811	6.261981360834122e-8
821	6.389668165100967e-8
831	6.515865066439303e-8
841	6.639907245562259e-8
851	6.762433879891571e-8
861	6.883529103137192e-8
871	7.00383499203914e-8
881	7.124563225474012e-8
891	7.242913689820165e-8
901	7.364013847181998e-8
911	7.485788981496126e-8
921	7.6104726988496e-8
931	7.736855194327821e-8
941	7.868287891605483e-8
951	8.000766364454928e-8
961	8.142336331882587e-8
971	8.290999098544439e-8
981	8.446383179021207e-8
991	8.61228747158162e-8
1001	8.78833876570616e-8
1011	8.977796645399946e-8
1021	9.183188853038466e-8
1031	9.403643761983267e-8
1041	9.644117681741974e-8
1051	9.905503804820725e-8
1061	1.0179743907883547e-7
1071	1.0454787220008692e-7
1081	1.0686935345784734e-7
1091	1.074593181883548e-7
1101	1.0191782728179711e-7
1111	6.913263367714726e-8
1121	0.
1131	6.4005336365840805e-6
1141	1.70478883007094e-6
1151	9.656539476027705e-7
1161	6.84831834525894e-7
1171	5.421726148251243e-7
1181	4.474926457008404e-7
1191	3.7801624025111844e-7
1201	3.2489738282794176e-7
1211	3.0794070539368403e-7
1221	2.8840741853941316e-7
1231	2.5152927654732516e-7
1241	2.3039707321210522e-7
1251	1.9935192534265303e-7
1261	2.0276983781423093e-7
1271	1.902670488061746e-7
1281	1.8611961041123666e-7
1291	1.6077191008300915e-7
1301	1.8033213739220997e-7
1311	1.6059072580214014e-7
1321	1.5469447511134857e-7
1331	1.616582055547588e-7
1341	1.397843269537846e-7
1351	1.1947832904504578e-7
1361	1.1433731712846959e-7
1371	1.216718109323465e-7
1381	1.0881009931715927e-7
1391	1.1267591541914547e-7
1401	1.0798810747914341e-7
1411	1.0961342073449737e-7
1421	1.0006838620535316e-7
1431	1.0397128642920838e-7
1441	9.828918107402244e-8
1451	9.615103845068041e-8
1461	9.715173095222881e-8
1471	8.768640881957936e-8
1481	8.70011978458513e-8
1491	8.268729827847859e-8
1501	8.410976845584608e-8
1511	8.178600666892039e-8
1521	8.148576162522435e-8
1531	7.553123145323255e-8
1541	7.68308384272424e-8
1551	7.466313182118917e-8
1561	7.148107294353464e-8
1571	7.134736227550226e-8
1581	7.487641393410521e-8
1591	6.888892759552785e-8
1601	7.066868226729307e-8
1611	6.150673161251417e-8
1621	6.35720888103929e-8
1631	6.579573246585368e-8
1641	6.202595947020423e-8
1651	6.409578800225827e-8
1661	6.289461849252908e-8
1671	6.271270878576138e-8
1681	5.7311948982748186e-8
1691	5.9425508462204704e-8
1701	5.825940273424619e-8
1711	5.797376837888796e-8
1721	5.687073575081797e-8
1731	5.5662683050942985e-8
1741	5.5785431825767267e-8
1751	5.44154172023307e-8
1761	5.4949249018721024e-8
1771	5.354229774863223e-8
1781	5.2671290627182054e-8
1791	5.2271803192629056e-8
1801	5.153728411021144e-8
1811	5.089631487388656e-8
1821	5.018714191132632e-8
1831	4.935390347851776e-8
1841	4.9116464899458023e-8
1851	4.846006885189758e-8
1861	4.800695547415326e-8
1871	4.750343857131937e-8
1881	4.6762954628934336e-8
1891	4.636646004330955e-8
1901	4.581797648065961e-8
1911	4.5358458802111715e-8
1921	4.4787489829407485e-8
1931	4.429003464973121e-8
1941	4.382398245608299e-8
1951	4.3295804783580766e-8
1961	4.282861814802432e-8
1971	4.233611769630574e-8
1981	4.185992467280284e-8
1991	4.140557106840828e-8
2001	4.094207961555941e-8