1	5.5310609573622015e-11
11	6.115241779320786e-10
21	1.1832458576169195e-9
31	1.7852976906390724e-9
41	2.431731359986394e-9
51	3.139132899174844e-9
61	3.9232408385973165e-9
71	4.800590652111479e-9
81	5.792923541594326e-9
91	6.911288614795069e-9
101	8.184116728311601e-9
111	9.629405660933537e-9
121	1.126751149052562e-8
131	1.3089071022401007e-8
141	1.518256298150686e-8
151	1.749747793741246e-8
161	2.007492018576222e-8
171	2.292220902962702e-8
181	2.6004715636076618e-8
191	2.93967437894884e-8
201	3.303764060716508e-8
211	3.690804636952297e-8
221	4.0978973366637325e-8
231	4.5323571675825885e-8
241	4.97898256354817e-8
251	5.4378163634642706e-8
261	5.909448458746541e-8
271	6.372859856202841e-8
281	6.866351119810654e-8
291	7.342989442695767e-8
301	7.811092710063026e-8
311	8.28468802714046e-8
321	8.749459597334355e-8
331	9.193106086965014e-8
341	9.617606808133555e-8
351	1.0042121677544961e-7
361	1.0445892129548599e-7
371	1.0833267686808153e-7
381	1.1202294529088002e-7
391	1.1553485157922691e-7
401	1.1884798160574577e-7
411	1.2199618056197517e-7
421	1.2497101801181783e-7
431	1.2771176032055861e-7
441	1.303492834617859e-7
451	1.3281525468620292e-7
461	1.3507757430928921e-7
471	1.3721279642875008e-7
481	1.3923255384151774e-7
491	1.411066543524801e-7
501	1.4283664053091023e-7
511	1.4448310094496248e-7
521	1.4605568703317304e-7
531	1.4748193329236276e-7
541	1.4885130769311254e-7
551	1.498162567808318e-7
561	1.514282059326952e-7
571	1.5263408978353326e-7
581	1.5380290308938684e-7
591	1.549541753465983e-7
601	1.561342975385709e-7
611	1.5717559892331668e-7
621	1.5830139238283475e-7
631	1.5945523929128853e-7
641	1.6059896634389355e-7
651	1.6172079846476854e-7
661	1.630896441986928e-7
671	1.6446966458079936e-7
681	1.6591555383046904e-7
691	1.6743845949797826e-7
701	1.690489118931513e-7
711	1.7077357637475918e-7
721	1.7255873215301257e-7
731	1.7437549230288666e-7
741	1.761199289070008e-7
751	1.7757560990859322e-7
761	1.7823894067062982e-7
771	1.7711920949569758e-7
781	1.7147060506301458e-7
791	1.5369387299303388e-7
801	9.536131633933581e-8
811	0.
821	7.688651414478235e-6
831	3.559178419677273e-6
841	1.7669854499224149e-6
851	1.156726881595298e-6
861	9.070007393477909e-7
871	7.019775368681482e-7
881	6.180608306578028e-7
891	5.231156034580082e-7
901	4.468255506338106e-7
911	4.452353151543974e-7
921	3.647601419872433e-7
931	3.201434001280014e-7
941	2.782533024636688e-7
951	3.2179355039364224e-7
961	2.580065266172127e-7
971	2.4902154331016237e-7
981	2.3525338665952184e-7
991	2.3058986288258954e-7
1001	2.0691763471913129e-7
1011	2.2170869962186693e-7
1021	2.282760481833027e-7
1031	1.4254000835323678e-7
1041	1.7117896865409508e-7
1051	1.6082752046514719e-7
1061	1.507767084796448e-7
1071	1.5030484459503827e-7
1081	1.4563135614883715e-7
1091	1.3688053322978812e-7
1101	1.2855601802989395e-7
1111	1.325364541358445e-7
1121	1.267429564376042e-7
1131	1.344715261193146e-7
1141	1.170601322841477e-7
1151	1.1680517144516749e-7
1161	1.1701511746723573e-7
1171	1.2062197925877442e-7
1181	1.1300530968660274e-7
1191	1.1538850932139144e-7
1201	1.1110215103621973e-7
1211	1.0066237800129237e-7
1221	1.02170512955774e-7
1231	1.0579102926079989e-7
1241	9.592565453253514e-8
1251	9.844954766799345e-8
1261	9.495358858893072e-8
1271	8.861155205910075e-8
1281	8.781861954638746e-8
1291	8.959780703720757e-8
1301	8.55067489561655e-8
1311	8.611143144079961e-8
1321	8.427653631386603e-8
1331	8.105617392723028e-8
1341	8.281433428791088e-8
1351	8.095975585179347e-8
1361	7.104940513554727e-8
1371	7.808408417602267e-8
1381	7.396402505361248e-8
1391	7.371795567879096e-8
1401	7.590322878608426e-8
1411	7.124647455153971e-8
1421	7.084217327545832e-8
1431	7.201864439282545e-8
1441	6.857091934367889e-8
1451	6.930707370951162e-8
1461	6.889593434406236e-8
1471	6.802631664219413e-8
1481	6.687066531376706e-8
1491	6.606343123335435e-8
1501	6.557532141349326e-8
1511	6.486737630132395e-8
1521	6.396492864235157e-8
1531	6.350712689961116e-8
1541	6.268260878344384e-8
1551	6.188355835029647e-8
1561	6.108236174640689e-8
1571	6.037069994342757e-8
1581	5.962215995063913e-8
1591	5.888442597213847e-8
1601	5.8320727274557894e-8
1611	5.7550462583293295e-8
1621	5.683575323352895e-8
1631	5.61401551760335e-8
1641	5.5491711622990015e-8
1651	5.483861882264516e-8
1661	5.418386129464041e-8
1671	5.355177475055474e-8
1681	5.2927776353256716e-8
1691	5.2265962558887057e-8
1701	5.166828294274975e-8
1711	5.115245923291404e-8
1721	5.055987093720125e-8
1731	4.9963568538279477e-8
1741	4.930403471868055e-8
1751	4.872713818272681e-8
1761	4.81630434871158e-8
1771	4.7606931034001383e-8
1781	4.706097860436798e-8
1791	4.652131619626952e-8
1801	4.598894288803689e-8
1811	4.547074979494406e-8
1821	4.495000929756398e-8
1831	4.444634458908678e-8
1841	4.394301472366279e-8
1851	4.345119738274286e-8
1861	4.296642602834143e-8
1871	4.2488557487293434e-8
1881	4.201337328201346e-8
1891	4.154935063449747e-8
1901	4.1091254801222225e-8
1911	4.064051370215619e-8
1921	4.019436506940404e-8
1931	3.975173357379546e-8
1941	3.9316524371802625e-8
1951	3.889789724415483e-8
1961	3.848139271596175e-8
1971	3.806653531347896e-8
1981	3.7660641147798425e-8
1991	3.7260219902082834e-8
2001	3.686532152366917e-8