1	1.1682199165395567e-19
2	2.3367636653948623e-19
3	3.5059551683985685e-19
4	4.676118526445981e-19
5	5.847578109088437e-19
6	7.020658644183186e-19
7	8.195685307700712e-19
8	9.372983813608415e-19
9	1.055288050371728e-18
10	1.173570243836026e-18
11	1.292177748619666e-18
12	1.4111434415493363e-18
13	1.5305002984371142e-18
14	1.6502814029891272e-18
15	1.770519957140542e-18
16	1.891249287980514e-18
17	2.0125028584645924e-18
18	2.134314278159394e-18
19	2.256717308442361e-18
20	2.3797458756235536e-18
21	2.503434078566066e-18
22	2.6278161985602783e-18
23	2.7529267086864367e-18
24	2.878800282712939e-18
25	3.0054718072600006e-18
26	3.1329763873412135e-18
27	3.2613493594427467e-18
28	3.3906262997177715e-18
29	3.5208430343120686e-18
30	3.652035648787986e-18
31	3.784240498853833e-18
32	3.917494219775554e-18
33	4.051833737350739e-18
34	4.187296276326568e-18
35	4.32391937267226e-18
36	4.461740883630727e-18
37	4.60079899584569e-18
38	4.741132239690861e-18
39	4.882779497686301e-18
40	5.025780014049375e-18
41	5.170173408094628e-18
42	5.315999684863034e-18
43	5.463299243676167e-18
44	5.612112892238468e-18
45	5.7624818571088274e-18
46	5.9144477937084756e-18
47	6.068052799023483e-18
48	6.223339421941325e-18
49	6.38035067890808e-18
50	6.5391300609435896e-18
51	6.699721548150828e-18
52	6.86216962192208e-18
53	7.02651927506021e-18
54	7.192816026326633e-18
55	7.361105934989879e-18
56	7.531435609272802e-18
57	7.703852220665745e-18
58	7.878403518504005e-18
59	8.055137841003744e-18
60	8.234104129486177e-18
61	8.415351941599567e-18
62	8.598931468528107e-18
63	8.78489354308162e-18
64	8.973289656245893e-18
65	9.16417197243495e-18
66	9.35759334277599e-18
67	9.553607321930724e-18
68	9.752268176370834e-18
69	9.95363090815336e-18
70	1.0157751261771163e-17
71	1.0364685749986035e-17
72	1.0574491652865812e-17
73	1.0787227058192412e-17
74	1.1002950848844827e-17
75	1.1221722743772275e-17
76	1.1443603298967265e-17
77	1.1668653924319928e-17
78	1.1896936919676908e-17
79	1.2128515466297202e-17
80	1.2363453654301881e-17
81	1.2601816514461451e-17
82	1.2843670009618172e-17
83	1.308908107662171e-17
84	1.3338117631230005e-17
85	1.3590848585371427e-17
86	1.384734387543424e-17
87	1.4107674492974206e-17
88	1.4371912466776948e-17
89	1.4640130913688776e-17
90	1.491240405010319e-17
91	1.518880721009503e-17
92	1.5469416867482675e-17
93	1.5754310670264235e-17
94	1.6043567434008093e-17
95	1.6337267186308244e-17
96	1.6635491181826914e-17
97	1.6938321918814374e-17
98	1.7245843172575554e-17
99	1.7558140026342224e-17
100	1.7875298855366456e-17
101	1.8197407405119576e-17
102	1.852455476820866e-17
103	1.8856831431502187e-17
104	1.9194329272717352e-17
105	1.9537141701775145e-17
106	1.988536352369849e-17
107	2.02390910697444e-17
108	2.0598422091956525e-17
109	2.0963456012788133e-17
110	2.1334293782710537e-17
111	2.1711037962209012e-17
112	2.209379272885137e-17
113	2.2482663931438956e-17
114	2.2877759099176234e-17
115	2.3279187504653658e-17
116	2.3687060136105986e-17
117	2.4101489764568773e-17
118	2.452259098329741e-17
119	2.4950480239272853e-17
120	2.5385275833432497e-17
121	2.5827097972188155e-17
122	2.6276068810947068e-17
123	2.6732312492546354e-17
124	2.7195955073907926e-17
125	2.7667124896223017e-17
126	2.814595206942692e-17
127	2.863256900139532e-17
128	2.912711021656002e-17
129	2.9629712403095664e-17
130	3.014051451034772e-17
131	3.0659657743360547e-17
132	3.118728556998145e-17
133	3.1723543848547583e-17
134	3.226858073236392e-17
135	3.2822546965943546e-17
136	3.338559563493953e-17
137	3.3957882392286954e-17
138	3.453956525438858e-17
139	3.513080499617742e-17
140	3.5731765131147903e-17
141	3.634261171712083e-17
142	3.6963513625469804e-17
143	3.759464228459951e-17
144	3.823617205664846e-17
145	3.8888280350619395e-17
146	3.955114731584448e-17
147	4.022495617764651e-17
148	4.0909892978296335e-17
149	4.1606147043750626e-17
150	4.231391071630868e-17
151	4.303337951149711e-17
152	4.376475230262461e-17
153	4.450823118977329e-17
154	4.5264021391754574e-17
155	4.6032331735113544e-17
156	4.681337459391058e-17
157	4.760736586598201e-17
158	4.8414524537746213e-17
159	4.9235073795565813e-17
160	5.0069240180676746e-17
161	5.0917254131601625e-17
162	5.17793501000976e-17
163	5.265576599081252e-17
164	5.354674382265363e-17
165	5.4452529996219405e-17
166	5.537337429394283e-17
167	5.630953135243721e-17
168	5.726125959759839e-17
169	5.822882192724569e-17
170	5.921248560444606e-17
171	6.021252198255562e-17
172	6.122920767001364e-17
173	6.226282306029601e-17
174	6.331365382479041e-17
175	6.438199002800969e-17
176	6.546812674162237e-17
177	6.657236381352324e-17
178	6.76950062322376e-17
179	6.88363639437452e-17
180	6.999675206605535e-17
181	7.117649097866422e-17
182	7.237590652099379e-17
183	7.359532983090204e-17
184	7.483509738676124e-17
185	7.60955518787706e-17
186	7.737704068755853e-17
187	7.86799181642125e-17
188	8.000454359613802e-17
189	8.135128296510685e-17
190	8.272050789244843e-17
191	8.411259631715789e-17
192	8.552793260847748e-17
193	8.696690744951859e-17
194	8.842991797624932e-17
195	8.991736807068877e-17
196	9.142966838272718e-17
197	9.296723618454256e-17
198	9.453049588129812e-17
199	9.611987906137926e-17
200	9.773582408721226e-17
201	9.937877756089465e-17
202	1.0104919225122414e-16
203	1.0274752947354719e-16
204	1.0447425811590315e-16
205	1.0622985429664435e-16
206	1.0801480281838836e-16
207	1.0982959613667361e-16
208	1.1167473502854667e-16
209	1.1355072883412246e-16
210	1.1545809487880706e-16
211	1.1739735971714922e-16
212	1.1936905830833357e-16
213	1.2137373517513622e-16
214	1.2341194272323616e-16
215	1.2548424382246468e-16
216	1.2759120980668409e-16
217	1.2973342268264525e-16
218	1.3191147325304555e-16
219	1.3412596168382733e-16
220	1.3637749999327683e-16
221	1.3866670858292704e-16
222	1.4099421964848346e-16
223	1.4336067432226278e-16
224	1.4576672665033404e-16
225	1.482130394074712e-16
226	1.5070028621283394e-16
227	1.532291582864561e-16
228	1.558003476161065e-16
229	1.5841456558623677e-16
230	1.6107253314078285e-16
231	1.6377498175150399e-16
232	1.6652266213249813e-16
233	1.6931632702880547e-16
234	1.7215674819990317e-16
235	1.750447098311043e-16
236	1.7798100676526693e-16
237	1.8096645060386867e-16
238	1.8400186427741028e-16
239	1.870880847090015e-16
240	1.9022596207013917e-16
241	1.9341636366310015e-16
242	1.9666016624039576e-16
243	1.9995827094345781e-16
244	2.033115803907838e-16
245	2.0672102153612808e-16
246	2.1018752847861868e-16
247	2.1371207607464208e-16
248	2.1729561538246393e-16
249	2.2093914432636764e-16
250	2.246436653283555e-16
251	2.284102000728113e-16
252	2.3223978707424723e-16
253	2.361334822926181e-16
254	2.4009235954895215e-16
255	2.4411751029314743e-16
256	2.4821004274242335e-16
257	2.523710869772633e-16
258	2.5660179075924006e-16
259	2.6090331552286934e-16
260	2.6527685675900364e-16
261	2.6972361085956105e-16
262	2.742448075249313e-16
263	2.7884168934948144e-16
264	2.83515531927248e-16
265	2.882676163339251e-16
266	2.930992542206263e-16
267	2.98011778621682e-16
268	3.030065421751365e-16
269	3.080849190618831e-16
270	3.1324831557206987e-16
271	3.184981519405308e-16
272	3.2383587398197195e-16
273	3.2926295302983306e-16
274	3.3478087844669134e-16
275	3.4039119111288836e-16
276	3.4609541771612775e-16
277	3.5189513196870844e-16
278	3.577919410036032e-16
279	3.637874688383302e-16
280	3.6988336050710453e-16
281	3.760812956995042e-16
282	3.82382995486263e-16
283	3.887901822643776e-16
284	3.95304624279798e-16
285	4.0192812655035677e-16
286	4.0866249662474824e-16
287	4.1550960716856e-16
288	4.224713359825411e-16
289	4.295496046728231e-16
290	4.367463576248893e-16
291	4.4406358509114046e-16
292	4.515032999186847e-16
293	4.590675529123887e-16
294	4.667584183543263e-16
295	4.745780305050832e-16
296	4.825285511695183e-16
297	4.906121436781419e-16
298	4.98831045701336e-16
299	5.071875280061926e-16
300	5.156838884216166e-16
301	5.243224745595007e-16
302	5.33105649216268e-16
303	5.420358412517655e-16
304	5.511155146861288e-16
305	5.603471695472358e-16
306	5.697333348249704e-16
307	5.792766168765434e-16
308	5.889796306657952e-16
309	5.988450485641816e-16
310	6.088755977160113e-16
311	6.19074038380004e-16
312	6.294431728131435e-16
313	6.399858597272362e-16
314	6.507050095813052e-16
315	6.616035741412818e-16
316	6.726845230791899e-16
317	6.839510078064172e-16
318	6.954060181178165e-16
319	7.070527228575091e-16
320	7.188943031004734e-16
321	7.309341225936652e-16
322	7.431754530002072e-16
323	7.556216667551966e-16
324	7.682761904323822e-16
325	7.8114246610953085e-16
326	7.942240940562652e-16
327	8.075246577342827e-16
328	8.210478166446581e-16
329	8.347972773880892e-16
330	8.48776850298795e-16
331	8.629903711296001e-16
332	8.774417644979018e-16
333	8.921349973245053e-16
334	9.070741342900735e-16
335	9.222632674653236e-16
336	9.377065640710175e-16
337	9.534083228938108e-16
338	9.693728417313896e-16
339	9.856045278626303e-16
340	1.0021078291897048e-15
341	1.0188873097198344e-15
342	1.0359475637142952e-15
343	1.0532932861954714e-15
344	1.0709292841826087e-15
345	1.0888603887548598e-15
346	1.107091544526958e-15
347	1.1256277746555065e-15
348	1.1444741772084682e-15
349	1.1636359094687523e-15
350	1.1831182993239536e-15
351	1.2029266647774205e-15
352	1.2230665019849801e-15
353	1.243543332931763e-15
354	1.2643627889817202e-15
355	1.2855305913698139e-15
356	1.3070525877131594e-15
357	1.3289346619627293e-15
358	1.3511828983379228e-15
359	1.373803383333923e-15
360	1.3968024706982741e-15
361	1.420186086134682e-15
362	1.4439611260158236e-15
363	1.4681339288189182e-15
364	1.4927111588052255e-15
365	1.5176996091021495e-15
366	1.5431061111217798e-15
367	1.5689377273771606e-15
368	1.595201510189531e-15
369	1.6219046646038395e-15
370	1.6490546222763844e-15
371	1.6766587787301747e-15
372	1.7047247819807177e-15
373	1.7332603387482937e-15
374	1.7622732872293881e-15
375	1.7917715801139494e-15
376	1.8217634017301838e-15
377	1.8522569112867418e-15
378	1.8832606301084045e-15
379	1.914783043348347e-15
380	1.9468327449568442e-15
381	1.9794185058395113e-15
382	2.0125496138672285e-15
383	2.046234827777733e-15
384	2.0804836103363505e-15
385	2.1153052941188397e-15
386	2.150709535695097e-15
387	2.1867059452585696e-15
388	2.2233047032068292e-15
389	2.2605155208796646e-15
390	2.2983488395661602e-15
391	2.3368150071562366e-15
392	2.375924674392506e-15
393	2.415688549804348e-15
394	2.456117554735734e-15
395	2.4972228436573973e-15
396	2.539015344461978e-15
397	2.5815075617870954e-15
398	2.6247102588304387e-15
399	2.668635738295992e-15
400	2.7132958123105887e-15
401	2.7587029027250603e-15
402	2.8048695671757717e-15
403	2.851808425019663e-15
404	2.8995323112001556e-15
405	2.948054491577365e-15
406	2.9973880588868505e-15
407	3.0475471348547097e-15
408	3.0985449353617298e-15
409	3.1503958456556953e-15
410	3.2031139379451418e-15
411	3.2567137923056536e-15
412	3.3112098635018905e-15
413	3.366617751154102e-15
414	3.4229521172735273e-15
415	3.4802284846392086e-15
416	3.538463205889361e-15
417	3.597671831016299e-15
418	3.657871106737317e-15
419	3.719076813899587e-15
420	3.7813061275651254e-15
421	3.844576282988146e-15
422	3.908904518414602e-15
423	3.9743085536317475e-15
424	4.040806321053591e-15
425	4.108416172376998e-15
426	4.177157225406394e-15
427	4.2470474469237855e-15
428	4.318106755625256e-15
429	4.390353964546853e-15
430	4.463808980559731e-15
431	4.5384933397980685e-15
432	4.614427020994213e-15
433	4.691629954384279e-15
434	4.770123598656429e-15
435	4.849930879380614e-15
436	4.93107212051406e-15
437	5.0135703620369105e-15
438	5.097447066531581e-15
439	5.182727890592669e-15
440	5.269434899359101e-15
441	5.357590942562867e-15
442	5.447222018366902e-15
443	5.53835128695635e-15
444	5.631005029556099e-15
445	5.725207844695552e-15
446	5.82098575195139e-15
447	5.918364570955013e-15
448	6.017372806755992e-15
449	6.118036936535404e-15
450	6.220383263163213e-15
451	6.3244417070793265e-15
452	6.430239711406915e-15
453	6.537806400990417e-15
454	6.647171773689518e-15
455	6.758366525432775e-15
456	6.8714211247536456e-15
457	6.98636445837612e-15
458	7.103231480504731e-15
459	7.222051015011997e-15
460	7.342857506487393e-15
461	7.465684587795433e-15
462	7.590565918865697e-15
463	7.717534517268465e-15
464	7.846626059925498e-15
465	7.97787586516826e-15
466	8.111319874315334e-15
467	8.246995265646112e-15
468	8.384939532845729e-15
469	8.525190280942557e-15
470	8.667785802673493e-15
471	8.81276561786133e-15
472	8.960169726910177e-15
473	9.110038080784028e-15
474	9.262409948949389e-15
475	9.417331642086887e-15
476	9.574843514554816e-15
477	9.734988351980564e-15
478	9.897812103878843e-15
479	1.0063355996865239e-14
480	1.0231667982905246e-14
481	1.0402793630325085e-14
482	1.0576781989299133e-14
483	1.0753676560913969e-14
484	1.093353108001475e-14
485	1.111639328831038e-14
486	1.1302309445984385e-14
487	1.1491335309160437e-14
488	1.1683523639845486e-14
489	1.187892118849426e-14
490	1.2077587591880754e-14
491	1.2279573450049929e-14
492	1.2484937334734948e-14
493	1.2693734490170732e-14
494	1.2906021155375248e-14
495	1.3121858397118884e-14
496	1.334130342395483e-14
497	1.3564255540281134e-14
498	1.3791095827369285e-14
499	1.4021728143876399e-14
500	1.425621715808315e-14
501	1.449479787161768e-14
502	1.4737195095771424e-14
503	1.4983644663639687e-14
504	1.5234213146941462e-14
505	1.5488786019476732e-14
506	1.5747985266218473e-14
507	1.6011330092786283e-14
508	1.6279078716271808e-14
509	1.6551303241335026e-14
510	1.682808121740031e-14
511	1.7109484988135185e-14
512	1.7395586968006e-14
513	1.768647735382353e-14
514	1.7982230228579722e-14
515	1.8282924564984764e-14
516	1.8588647530128545e-14
517	1.8899475712669952e-14
518	1.9215277701898442e-14
519	1.9536814747995686e-14
520	1.986349775404092e-14
521	2.019564139613668e-14
522	2.0533339218210987e-14
523	2.0876677166821325e-14
524	2.1225755312501775e-14
525	2.1580665889175722e-14
526	2.1941513989684398e-14
527	2.2308389781405597e-14
528	2.268140349753747e-14
529	2.3060644149442765e-14
530	2.344623198487471e-14
531	2.3838262600094956e-14
532	2.4236836715383997e-14
533	2.4642095296319662e-14
534	2.505411452291171e-14
535	2.547302046641437e-14
536	2.5898928716493718e-14
537	2.6331959078511666e-14
538	2.6772223887890953e-14
539	2.721985609141929e-14
540	2.7674959847360357e-14
541	2.8137673848492655e-14
542	2.86081131668301e-14
543	2.908642659472196e-14
544	2.957272676868695e-14
545	3.006716441602899e-14
546	3.056986352619639e-14
547	3.108097112874139e-14
548	3.160060684260154e-14
549	3.2128935876457213e-14
550	3.266609200596727e-14
551	3.321224145739899e-14
552	3.376750643864794e-14
553	3.433205569332265e-14
554	3.490604134331384e-14
555	3.5489620999479605e-14
556	3.608295191233326e-14
557	3.6686196502497205e-14
558	3.7299521351972344e-14
559	3.7923114974858995e-14
560	3.855712960056772e-14
561	3.9201736657777854e-14
562	3.985710064499256e-14
563	4.0523438581178075e-14
564	4.12008831225127e-14
565	4.188970094137862e-14
566	4.2589993790997594e-14
567	4.330200060521474e-14
568	4.4025917844840986e-14
569	4.4761924835885476e-14
570	4.5510240199212825e-14
571	4.627107261629017e-14
572	4.7044599959719234e-14
573	4.7831050675750693e-14
574	4.8630666982865395e-14
575	4.94436399914896e-14
576	5.027019066508443e-14
577	5.111056848451639e-14
578	5.1964990030749285e-14
579	5.2833677434303466e-14
580	5.3716895087860015e-14
581	5.4614868213380786e-14
582	5.5527874729621947e-14
583	5.6456100810891716e-14
584	5.739988140571298e-14
585	5.835943042063985e-14
586	5.933499023439299e-14
587	6.032684908850424e-14
588	6.133530389737265e-14
589	6.236060402734899e-14
590	6.340307782614115e-14
591	6.446291814103229e-14
592	6.554052315447422e-14
593	6.663616048316219e-14
594	6.774999135388555e-14
595	6.888253314173695e-14
596	7.003399374215804e-14
597	7.120470087538246e-14
598	7.23950258756256e-14
599	7.36051210104858e-14
600	7.483551167832693e-14
601	7.608642116538796e-14
602	7.735829182150985e-14
603	7.86514032709033e-14
604	7.996617514490303e-14
605	8.130283592909673e-14
606	8.26618645396728e-14
607	8.404354877761616e-14
608	8.544842179719277e-14
609	8.687672051746787e-14
610	8.832896484495538e-14
611	8.980539605205657e-14
612	9.130655589245518e-14
613	9.283270974315158e-14
614	9.43845416448946e-14
615	9.596211423925631e-14
616	9.756620039726655e-14
617	9.919714353004049e-14
618	1.0085515939448042e-13
619	1.0254095024410135e-13
620	1.0425490042450567e-13
621	1.0599760834208658e-13
622	1.0776934779814885e-13
623	1.0957073004705879e-13
624	1.1140222745449781e-13
625	1.1326440935681452e-13
626	1.1515746221259943e-13
627	1.1708237435323218e-13
628	1.1903928810430578e-13
629	1.210291077362427e-13
630	1.2305208053919735e-13
631	1.2510888537324337e-13
632	1.2720013766569606e-13
633	1.2932615991857772e-13
634	1.3148777307121343e-13
635	1.3368574596385816e-13
636	1.3592024300804346e-13
637	1.3819213754178326e-13
638	1.405019023968805e-13
639	1.4285028177894338e-13
640	1.452381708208224e-13
641	1.4766581535302426e-13
642	1.5013399319798707e-13
643	1.5264349676141132e-13
644	1.5519493914163473e-13
645	1.577887670668352e-13
646	1.6042622691862872e-13
647	1.631078009992786e-13
648	1.6583411196251873e-13
649	1.6860574114465526e-13
650	1.7142383540765735e-13
651	1.7428908737912355e-13
652	1.7720208747925994e-13
653	1.801642124860098e-13
654	1.8317584232163554e-13
655	1.8623704687765038e-13
656	1.8935008432819192e-13
657	1.9251507190010456e-13
658	1.9573278669053502e-13
659	1.9900420415259464e-13
660	2.0233033251739867e-13
661	2.0571228967341271e-13
662	2.0915094130515634e-13
663	2.1264678203140075e-13
664	2.1620099283713947e-13
665	2.1981468643407126e-13
666	2.2348865372307134e-13
667	2.2722438411502216e-13
668	2.310221914400675e-13
669	2.3488391427764415e-13
670	2.3880957191629983e-13
671	2.4280130426877064e-13
672	2.4685924035558367e-13
673	2.5098561646505514e-13
674	2.5518059912686535e-13
675	2.5944591439718395e-13
676	2.637822074153005e-13
677	2.6819099744143077e-13
678	2.726737951858778e-13
679	2.772314841009839e-13
680	2.81865455834656e-13
681	2.8657677432092984e-13
682	2.913668817588254e-13
683	2.9623715251904676e-13
684	3.011887530574438e-13
685	3.062225833639382e-13
686	3.113407366328298e-13
687	3.1654490785133174e-13
688	3.218357874845983e-13
689	3.272151070185931e-13
690	3.3268425080717124e-13
691	3.382451367555532e-13
692	3.4389803634320705e-13
693	3.496471098746413e-13
694	3.5549054276002823e-13
695	3.6143305114315083e-13
696	3.6747416524337033e-13
697	3.736162046243231e-13
698	3.7986141633629724e-13
699	3.8621094751190264e-13
700	3.9266635386871923e-13
701	3.9922998368901963e-13
702	4.059026244516028e-13
703	4.126883057576851e-13
704	4.1958564797225043e-13
705	4.2659975189326024e-13
706	4.3372915997922235e-13
707	4.4097945137540026e-13
708	4.483508588184095e-13
709	4.558450646656684e-13
710	4.634650370109e-13
711	4.712111666995541e-13
712	4.790874739687719e-13
713	4.870960276417866e-13
714	4.952383878077282e-13
715	5.03516797876053e-13
716	5.119331023232554e-13
717	5.204898033404266e-13
718	5.29189990052536e-13
719	5.380358699068029e-13
720	5.470289082358039e-13
721	5.561731971550147e-13
722	5.654699678369387e-13
723	5.749236623806544e-13
724	5.84533085535485e-13
725	5.943038476307415e-13
726	6.042376192389054e-13
727	6.143385523990092e-13
728	6.246079519508886e-13
729	6.350480532674449e-13
730	6.456644356026052e-13
731	6.564565736098813e-13
732	6.67428929536749e-13
733	6.785858710096899e-13
734	6.899293181723617e-13
735	7.014625455762649e-13
736	7.131874564540061e-13
737	7.251125682756743e-13
738	7.372323260151802e-13
739	7.495562387266655e-13
740	7.620883814045477e-13
741	7.748245492121218e-13
742	7.877774248789195e-13
743	8.009453771985297e-13
744	8.143353120408571e-13
745	8.279486690335201e-13
746	8.417883574232327e-13
747	8.558621982696896e-13
748	8.701708718582249e-13
749	8.847162864061034e-13
750	8.995056282839635e-13
751	9.145421739496726e-13
752	9.298299543756203e-13
753	9.45375255622864e-13
754	9.611810642515503e-13
755	9.772474733028773e-13
756	9.935856792326662e-13
757	1.0101919665312204e-12
758	1.0270826034602064e-12
759	1.0442526784344762e-12
760	1.061710472679737e-12
761	1.079459474041534e-12
762	1.097504247847463e-12
763	1.1158536146068044e-12
764	1.1345095588788702e-12
765	1.1534748308189608e-12
766	1.1727591049659548e-12
767	1.1923577654830664e-12
768	1.2122998858092312e-12
769	1.2325693934465012e-12
770	1.2531766456129608e-12
771	1.2741257615330795e-12
772	1.295425706185774e-12
773	1.3170835110564982e-12
774	1.3391028787193422e-12
775	1.3614927394369065e-12
776	1.3842597798722995e-12
777	1.4073991540562935e-12
778	1.4309289574382072e-12
779	1.454851282288672e-12
780	1.479177528264745e-12
781	1.5039076662070738e-12
782	1.5290514549179353e-12
783	1.5546167756634286e-12
784	1.5805989031883381e-12
785	1.6070349204253898e-12
786	1.6339081239080024e-12
787	1.6612331825134962e-12
788	1.6889944576759622e-12
789	1.7172349518200764e-12
790	1.745945119665741e-12
791	1.7751407275603916e-12
792	1.8048198557802376e-12
793	1.8349980112786087e-12
794	1.8656743758349695e-12
795	1.8968713780086245e-12
796	1.92859317389365e-12
797	1.9608357147727764e-12
798	1.9936148439844413e-12
799	2.0269546055695018e-12
800	2.060847055168849e-12
801	2.0953076110166714e-12
802	2.130340371675925e-12
803	2.1659626037935893e-12
804	2.20217743726335e-12
805	2.2390029288388904e-12
806	2.2764453354588965e-12
807	2.314509598295391e-12
808	2.3532068388798524e-12
809	2.3925558184733895e-12
810	2.4325619882753346e-12
811	2.4732382635018045e-12
812	2.5146191932935593e-12
813	2.5566421171917974e-12
814	2.599386857200833e-12
815	2.6428549110922345e-12
816	2.687055097066183e-12
817	2.731989869395903e-12
818	2.777672288243734e-12
819	2.824119117625481e-12
820	2.8713461365367963e-12
821	2.919362503736474e-12
822	2.968179951452849e-12
823	3.017814713385631e-12
824	3.068278113576014e-12
825	3.1195888427062895e-12
826	3.1717531289548364e-12
827	3.2247968497789315e-12
828	3.2787329392313724e-12
829	3.3335554305376793e-12
830	3.389299227937127e-12
831	3.445978758457715e-12
832	3.503608594939375e-12
833	3.562202447048177e-12
834	3.621780790923225e-12
835	3.682342084166845e-12
836	3.7439450950269845e-12
837	3.8065279773552974e-12
838	3.870185153519217e-12
839	3.9349074268267246e-12
840	4.0007091481061794e-12
841	4.067613438423897e-12
842	4.135646649342416e-12
843	4.204811281561159e-12
844	4.275125593476341e-12
845	4.346628877174379e-12
846	4.419323295890291e-12
847	4.493229987092029e-12
848	4.568368357955039e-12
849	4.644767802559805e-12
850	4.722452161041016e-12
851	4.801440500812202e-12
852	4.881734082422903e-12
853	4.96337931035344e-12
854	5.046380167878859e-12
855	5.1307874957711255e-12
856	5.216594731802805e-12
857	5.3038454667858215e-12
858	5.392553674997079e-12
859	5.482782444951596e-12
860	5.574429236997222e-12
861	5.6676656407451274e-12
862	5.762450035157662e-12
863	5.858820895391205e-12
864	5.956801215601306e-12
865	6.056431765720047e-12
866	6.157722678832506e-12
867	6.260740508970025e-12
868	6.3654680489452866e-12
869	6.4718960500328785e-12
870	6.580134474803887e-12
871	6.690185669038502e-12
872	6.8020711728289815e-12
873	6.915828154285559e-12
874	7.031508095195914e-12
875	7.149106711587007e-12
876	7.268673172060518e-12
877	7.390227519843086e-12
878	7.513836146796332e-12
879	7.639505359618111e-12
880	7.767243691366604e-12
881	7.897176455248117e-12
882	8.029320509103283e-12
883	8.16354565281663e-12
884	8.300068787090451e-12
885	8.438887763564943e-12
886	8.580009399598423e-12
887	8.723502192591107e-12
888	8.869388860097641e-12
889	9.017724930197912e-12
890	9.168556076209718e-12
891	9.321895388252003e-12
892	9.477789119243448e-12
893	9.636302791261391e-12
894	9.797454490855863e-12
895	9.96130906725203e-12
896	1.0127866883229858e-11
897	1.0297260695333045e-11
898	1.046947700852293e-11
899	1.0644576933311047e-11
900	1.0822576805776185e-11
901	1.1003564101932746e-11
902	1.1187583519372242e-11
903	1.1374666557104482e-11
904	1.1564876763949286e-11
905	1.1758283681966381e-11
906	1.1954920990057826e-11
907	1.2154855813405825e-11
908	1.2358099884066285e-11
909	1.2564748435008254e-11
910	1.27748645069032e-11
911	1.298846838498652e-11
912	1.3205643640979579e-11
913	1.3426482667953349e-11
914	1.3650963685563197e-11
915	1.3879231370837578e-11
916	1.411131299871974e-11
917	1.4347253541351665e-11
918	1.4587104928358928e-11
919	1.483106357200503e-11
920	1.507897921931923e-11
921	1.5331126467609625e-11
922	1.5587455934223806e-11
923	1.5848068455485642e-11
924	1.6113075483748432e-11
925	1.6382452335117284e-11
926	1.6656394986173793e-11
927	1.6934842013335883e-11
928	1.7217899910851933e-11
929	1.750575459968114e-11
930	1.7798346698385432e-11
931	1.809606173971172e-11
932	1.839837877039302e-11
933	1.870594965384351e-11
934	1.9018548043250794e-11
935	1.933647113135619e-11
936	1.9659728455987644e-11
937	1.9988298594653777e-11
938	2.0322454622486516e-11
939	2.0661568942553496e-11
940	2.1007315006317222e-11
941	2.1358495582443975e-11
942	2.1715432112284356e-11
943	2.2078368596228116e-11
944	2.244723700417409e-11
945	2.2822390212773784e-11
946	2.3203966201929486e-11
947	2.359148213442323e-11
948	2.3985705907506337e-11
949	2.4386519255659678e-11
950	2.4793757457625744e-11
951	2.5208041860842307e-11
952	2.5629195428840085e-11
953	2.6057299694672395e-11
954	2.6492616648762616e-11
955	2.6935160130258497e-11
956	2.7385130260351684e-11
957	2.7842446324462326e-11
958	2.8307558068637027e-11
959	2.8780368088318338e-11
960	2.926088570793312e-11
961	2.9749570174200707e-11
962	3.0246262853830045e-11
963	3.0751564745241066e-11
964	3.1264881176421964e-11
965	3.1786871310619326e-11
966	3.231768258255875e-11
967	3.2857241995001995e-11
968	3.340577556437852e-11
969	3.3963570843887545e-11
970	3.453034914209986e-11
971	3.51069361989841e-11
972	3.5692688857638665e-11
973	3.6288292263296514e-11
974	3.6893787479735865e-11
975	3.75096301711267e-11
976	3.8135691466270264e-11
977	3.877178436390857e-11
978	3.941853508914347e-11
979	4.0075953354222225e-11
980	4.0744835613298e-11
981	4.1424309470726324e-11
982	4.2115817708623246e-11
983	4.281749531629095e-11
984	4.353166454871754e-11
985	4.4257311094211745e-11
986	4.499578393829941e-11
987	4.574615094510818e-11
988	4.650825974468796e-11
989	4.7283424189796245e-11
990	4.8071627478649435e-11
991	4.887276900001978e-11
992	4.9686987930630454e-11
993	5.051508556769154e-11
994	5.135663171799417e-11
995	5.2212419831218275e-11
996	5.308223508987936e-11
997	5.396654490679956e-11
998	5.4865070041389214e-11
999	5.577867638262469e-11
1000	5.670761784892509e-11
1001	5.765183197320098e-11
1002	5.8611565620299e-11
1003	5.9587127109555e-11
1004	6.057900825136444e-11
1005	6.158708708424346e-11
1006	6.261183591245577e-11
1007	6.365386796929164e-11
1008	6.47127791540571e-11
1009	6.578909745065404e-11
1010	6.688093482489044e-11
1011	6.799428723720677e-11
1012	6.912515352395398e-11
1013	7.027411642969165e-11
1014	7.143347902719204e-11
1015	7.262387067415388e-11
1016	7.383598381035075e-11
1017	7.506254966419165e-11
1018	7.630929788372815e-11
1019	7.757649761472926e-11
1020	7.886496688286974e-11
1021	8.017461190553553e-11
1022	8.150580273362118e-11
1023	8.285920778231222e-11
1024	8.423437661406882e-11
1025	8.563125942875321e-11
1026	8.705251783580367e-11
1027	8.849403413160371e-11
1028	8.996203621257559e-11
1029	9.145283470777417e-11
1030	9.296759780090685e-11
1031	9.450995536466787e-11
1032	9.607551298773948e-11
1033	9.76674414783247e-11
1034	9.928484364305932e-11
1035	1.0092816976073223e-10
1036	1.0259939341568874e-10
1037	1.0429586354542228e-10
1038	1.0602187760762645e-10
1039	1.0777605774665715e-10
1040	1.0955902419379662e-10
1041	1.1137094641789279e-10
1042	1.1321159245677042e-10
1043	1.150812318203378e-10
1044	1.169835809320727e-10
1045	1.189155122680523e-10
1046	1.2087994995577733e-10
1047	1.2287547374744615e-10
1048	1.249025104375597e-10
1049	1.2696340224880624e-10
1050	1.2905796301480052e-10
1051	1.31185473128335e-10
1052	1.3334768094238373e-10
1053	1.3554529311530805e-10
1054	1.3777879572600926e-10
1055	1.4004666152312293e-10
1056	1.423639644157416e-10
1057	1.4469676303537213e-10
1058	1.4707466862968e-10
1059	1.494936899763962e-10
1060	1.5195446950141056e-10
1061	1.544511375954168e-10
1062	1.5698889534230011e-10
1063	1.5956919397086697e-10
1064	1.6219015143046484e-10
1065	1.648500665269711e-10
1066	1.6755052433691012e-10
1067	1.7029890264177813e-10
1068	1.7309113960135667e-10
1069	1.7592764358007433e-10
1070	1.788068690073959e-10
1071	1.817383220783601e-10
1072	1.8470938484527287e-10
1073	1.8773062190278929e-10
1074	1.9080155508477286e-10
1075	1.9391932447829055e-10
1076	1.970896377261656e-10
1077	2.003055300956014e-10
1078	2.0357180164550642e-10
1079	2.068943752389283e-10
1080	2.1026667985381166e-10
1081	2.136934098652079e-10
1082	2.1717608377068747e-10
1083	2.207107787774252e-10
1084	2.2430240028228209e-10
1085	2.279569329146534e-10
1086	2.3165622250486923e-10
1087	2.3542064851744424e-10
1088	2.3924500647436745e-10
1089	2.431264470819596e-10
1090	2.470684400293224e-10
1091	2.5107514475359914e-10
1092	2.5513700706108527e-10
1093	2.592596943875095e-10
1094	2.6346228730206136e-10
1095	2.6772119658977386e-10
1096	2.72041400878785e-10
1097	2.7643445438327573e-10
1098	2.8089263112671644e-10
1099	2.8542719444178645e-10
1100	2.9002459887442087e-10
1101	2.9469782829466855e-10
1102	2.994371695752389e-10
1103	3.0425840327414614e-10
1104	3.0914322160113944e-10
1105	3.141050432191274e-10
1106	3.191454610944905e-10
1107	3.2425676251457934e-10
1108	3.2946255194735987e-10
1109	3.347301550324849e-10
1110	3.4008429410811456e-10
1111	3.455149099601192e-10
1112	3.5103919985837744e-10
1113	3.566314392751052e-10
1114	3.623250529320912e-10
1115	3.6808886682481076e-10
1116	3.739409729383473e-10
1117	3.799028665509259e-10
1118	3.8593563542320014e-10
1119	3.92062200155972e-10
1120	3.9825609219493826e-10
1121	4.0459211960963447e-10
1122	4.109721415565417e-10
1123	4.174768230094565e-10
1124	4.2407770636038993e-10
1125	4.307623130512208e-10
1126	4.3755391316400746e-10
1127	4.4445721703863753e-10
1128	4.5140832970954907e-10
1129	4.5847456048065864e-10
1130	4.657460799201706e-10
1131	4.730191920356975e-10
1132	4.805225280058522e-10
1133	4.880653028714135e-10
1134	4.955556617317418e-10
1135	5.032979012400908e-10
1136	5.111391515153084e-10
1137	5.190772634800241e-10
1138	5.271488287403991e-10
1139	5.353772198654999e-10
1140	5.436554263086908e-10
1141	5.520633105179984e-10
1142	5.605957204177823e-10
1143	5.692720748631455e-10
1144	5.780412727445876e-10
1145	5.86951853586051e-10
1146	5.959825668904045e-10
1147	6.051615100801107e-10
1148	6.144472780018522e-10
1149	6.238366716122023e-10
1150	6.334107710257093e-10
1151	6.430564867339747e-10
1152	6.529141088229696e-10
1153	6.628379800904851e-10
1154	6.728942969036962e-10
1155	6.83110043430656e-10
1156	6.935428382913036e-10
1157	7.039873601440587e-10
1158	7.146167767932023e-10
1159	7.254081750005177e-10
1160	7.363373175156632e-10
1161	7.474350371900914e-10
1162	7.586142652668802e-10
1163	7.699953730915539e-10
1164	7.814851033852062e-10
1165	7.932025306629684e-10
1166	8.049867277052386e-10
1167	8.170154835891084e-10
1168	8.290837832323656e-10
1169	8.414206346185939e-10
1170	8.538771638678914e-10
1171	8.664665396558031e-10
1172	8.792316664132702e-10
1173	8.922107765647018e-10
1174	9.053072371271606e-10
1175	9.18519035810223e-10
1176	9.319086188015462e-10
1177	9.455238350303957e-10
1178	9.593135810608433e-10
1179	9.732428861992307e-10
1180	9.873472439970445e-10
1181	1.001617106096692e-9
1182	1.0160617062832822e-9
1183	1.0307457265577034e-9
1184	1.0455882601678937e-9
1185	1.0609279038593416e-9
1186	1.0756986774630656e-9
1187	1.0910855734822334e-9
1188	1.1066551533983715e-9
1189	1.122292420971023e-9
1190	1.1382202611542424e-9
1191	1.1543836998385114e-9
1192	1.1705893219326666e-9
1193	1.1870165331837505e-9
1194	1.203708738674197e-9
1195	1.220545078570815e-9
1196	1.2377882352580963e-9
1197	1.254829777375744e-9
1198	1.2722773776695251e-9
1199	1.2899289281722471e-9
1200	1.307673912272202e-9
1201	1.3256452835994226e-9
1202	1.3439002432685197e-9
1203	1.3623502519906273e-9
1204	1.380989890083549e-9
1205	1.3996088529739636e-9
1206	1.4188640765822136e-9
1207	1.4380625480941087e-9
1208	1.4575097902714176e-9
1209	1.477181169939039e-9
1210	1.4969759195747476e-9
1211	1.5170459048590018e-9
1212	1.537400933220681e-9
1213	1.5578037369903991e-9
1214	1.578606294635351e-9
1215	1.5991958523318665e-9
1216	1.6204309826172691e-9
1217	1.6416483849782027e-9
1218	1.663300277158298e-9
1219	1.6845679103591419e-9
1220	1.7071309231544781e-9
1221	1.730220524758779e-9
1222	1.7513800464879409e-9
1223	1.7740509201551696e-9
1224	1.796858851111743e-9
1225	1.819883873464034e-9
1226	1.8354327644358684e-9
1227	1.8587945168912307e-9
1228	1.882409283306625e-9
1229	1.906025278958874e-9
1230	1.7812911985012907e-9
1231	1.803762523948562e-9
1232	1.8262513007414373e-9
1233	2.0033197855778442e-9
1234	2.0282326678098245e-9
1235	1.8949810511069624e-9
1236	1.9182899682302538e-9
1237	1.9416656940034504e-9
1238	1.965390172891401e-9
1239	1.9893047934136865e-9
1240	2.013328109518505e-9
1241	2.03758077412554e-9
1242	2.062052718020619e-9
1243	2.0868847223343948e-9
1244	2.111646119677089e-9
1245	2.1367033331577413e-9
1246	2.1621069117876152e-9
1247	2.187804469411356e-9
1248	2.213107904901908e-9
1249	2.238958908494316e-9
1250	2.2649812299956073e-9
1251	2.2913040304731975e-9
1252	2.3177567451808055e-9
1253	2.3442594969559863e-9
1254	2.37109100989022e-9
1255	2.398058508964324e-9
1256	2.425396948477851e-9
1257	2.4527900565183e-9
1258	2.4808542785680013e-9
1259	2.508286040690605e-9
1260	2.536235758376662e-9
1261	2.564343297973137e-9
1262	2.5925910458293413e-9
1263	2.6212900144468465e-9
1264	2.6502138512803553e-9
1265	2.677245724533291e-9
1266	2.7080983760839715e-9
1267	2.7375322127168796e-9
1268	2.7669261587455342e-9
1269	2.796452700031046e-9
1270	2.826489316612205e-9
1271	2.8565454318208724e-9
1272	2.886613957744103e-9
1273	2.917056647215302e-9
1274	2.947792843786059e-9
1275	2.978475704500522e-9
1276	3.0092966233503348e-9
1277	3.0404827135100145e-9
1278	3.0718502864697848e-9
1279	3.1033368513795305e-9
1280	3.1347887619542162e-9
1281	3.1667116301226363e-9
1282	3.1986987697181517e-9
1283	3.2304576756185985e-9
1284	3.2632415144359197e-9
1285	3.2956313443622783e-9
1286	3.3283395864383598e-9
1287	3.3608998033751663e-9
1288	3.3938129141951964e-9
1289	3.42738681551583e-9
1290	3.46208901879851e-9
1291	3.4938352739371558e-9
1292	3.5275182890013993e-9
1293	3.5612115790167117e-9
1294	3.59522218271527e-9
1295	3.629889569548452e-9
1296	3.6638609345549672e-9
1297	3.6985747118684187e-9
1298	3.732846015203843e-9
1299	3.7674721934634764e-9
1300	3.802421568458545e-9
1301	3.836581148100687e-9
1302	3.8719301984165074e-9
1303	3.906995089092208e-9
1304	3.942539728669464e-9
1305	3.978803794251426e-9
1306	4.014077760459661e-9
1307	4.049554160513594e-9
1308	4.085236504403094e-9
1309	4.121124602872856e-9
1310	4.157369956223002e-9
1311	4.1941445566859826e-9
1312	4.230691269521023e-9
1313	4.267184202049762e-9
1314	4.3037128237713596e-9
1315	4.340638343431042e-9
1316	4.377604828106466e-9
1317	4.415215286410347e-9
1318	4.451479732773313e-9
1319	4.488880123921816e-9
1320	4.526193378032304e-9
1321	4.564312924874232e-9
1322	4.601772255449901e-9
1323	4.639905539585992e-9
1324	4.677553710530497e-9
1325	4.716266312253558e-9
1326	4.754219451759716e-9
1327	4.7923938809370485e-9
1328	4.830843373431682e-9
1329	4.869070518985461e-9
1330	4.9079168041062585e-9
1331	4.946482378441921e-9
1332	4.984714168314241e-9
1333	5.023526350813977e-9
1334	5.062618087866433e-9
1335	5.101687673472618e-9
1336	5.141424450136905e-9
1337	5.1804803083729546e-9
1338	5.219773686355939e-9
1339	5.259436702134213e-9
1340	5.299078045296892e-9
1341	5.338815877472716e-9
1342	5.379330676657914e-9
1343	5.417809538575958e-9
1344	5.456892910896839e-9
1345	5.497675265698634e-9
1346	5.538238720512701e-9
1347	5.578395873138178e-9
1348	5.619919549092751e-9
1349	5.6585738223931385e-9
1350	5.699085583856018e-9
1351	5.739540711117091e-9
1352	5.779806880599068e-9
1353	5.8203634741426635e-9
1354	5.860964710636614e-9
1355	5.900212664380132e-9
1356	5.942644004269988e-9
1357	5.9831803848616495e-9
1358	6.024851129819746e-9
1359	6.064764168079805e-9
1360	6.106522904352377e-9
1361	6.6831695736721485e-9
1362	6.188517104868444e-9
1363	6.229725924956001e-9
1364	6.270245134125545e-9
1365	6.86341719830245e-9
1366	6.354352986025937e-9
1367	6.395265910899809e-9
1368	6.437536159364301e-9
1369	7.04463769375976e-9
1370	6.519945091798201e-9
1371	6.5611681011489165e-9
1372	6.604017995147081e-9
1373	6.644247811640782e-9
1374	6.68599925999008e-9
1375	6.7285849172453876e-9
1376	6.770007920778566e-9
1377	6.811761783113929e-9
1378	6.853875439618611e-9
1379	6.8957898414248686e-9
1380	6.936424981168816e-9
1381	6.980334756978438e-9
1382	7.0226934722465785e-9
1383	7.06482043910611e-9
1384	7.107192415030484e-9
1385	7.149691458756348e-9
1386	7.191698851993919e-9
1387	7.234068858862313e-9
1388	7.276943799583717e-9
1389	7.318998574562231e-9
1390	7.361443905428789e-9
1391	7.404066044366854e-9
1392	7.446326139743306e-9
1393	7.487293489580972e-9
1394	7.53165249405866e-9
1395	7.574484678997679e-9
1396	7.616916085684759e-9
1397	7.659622928563547e-9
1398	7.702429743210113e-9
1399	7.745346667347114e-9
1400	7.788305849180303e-9
1401	7.830797502065413e-9
1402	7.87360942530521e-9
1403	7.916280620861068e-9
1404	7.959343348933388e-9
1405	8.002055835898542e-9
1406	8.045147073414798e-9
1407	8.08802288409947e-9
1408	8.1307785092017e-9
1409	8.173994602758053e-9
1410	8.217038762615899e-9
1411	8.259524483502503e-9
1412	8.303159083533035e-9
1413	8.34438453239655e-9
1414	8.388760609004514e-9
1415	8.432960018266301e-9
1416	8.475218085670411e-9
1417	8.518122917691074e-9
1418	8.563556686241676e-9
1419	8.603878098606123e-9
1420	8.647297561042619e-9
1421	8.691157533091877e-9
1422	8.733907647496616e-9
1423	8.776818127662362e-9
1424	8.820595486372549e-9
1425	8.864182903510246e-9
1426	8.90661857841731e-9
1427	8.94984911733823e-9
1428	8.994690262844734e-9
1429	9.036205369013199e-9
1430	9.079803506414815e-9
1431	9.931560873114466e-9
1432	9.164009856260845e-9
1433	9.209065276107799e-9
1434	9.252591955905469e-9
1435	9.295975202409737e-9
1436	9.338876627166989e-9
1437	9.381643002240972e-9
1438	9.425695615630585e-9
1439	9.46875783333434e-9
1440	9.512149074736973e-9
1441	9.555317433676391e-9
1442	1.045202969485002e-8
1443	9.642201768830127e-9
1444	9.68473125390192e-9
1445	9.727509383904063e-9
1446	9.764711442467541e-9
1447	9.815710682329742e-9
1448	9.856270350003765e-9
1449	9.902071854778017e-9
1450	1.0823808266802908e-8
1451	9.981939197126352e-9
1452	1.0033185972644948e-8
1453	1.0078178655031195e-8
1454	1.1014591541401988e-8
1455	1.1061504689085955e-8
1456	1.0201739518223546e-8
1457	1.0248458089018893e-8
1458	1.0291883902771227e-8
1459	1.0334018221984964e-8
1460	1.1304235102417058e-8
1461	1.1347224434427352e-8
1462	1.046786681901924e-8
1463	1.0486262926681534e-8
1464	1.1487286401623012e-8
1465	1.1537105516734633e-8
1466	1.158553468891733e-8
1467	1.06807794055513e-8
1468	1.0721370553707737e-8
1469	1.1728072610657662e-8
1470	1.1774744336079176e-8
1471	1.182300087774105e-8
1472	1.0899789557336506e-8
1473	1.0938347216806328e-8
1474	1.098183910805169e-8
1475	1.1024912988454335e-8
1476	1.2060126697237534e-8
1477	1.1111431403269962e-8
1478	1.115924446366427e-8
1479	1.1198324570841193e-8
1480	1.1246726342240281e-8
1481	1.2298567383318736e-8
1482	1.2345829011826251e-8
1483	1.2393995304590264e-8
1484	1.2440833456035734e-8
1485	1.1463665985892301e-8
1486	1.2572839519856047e-8
1487	1.2586383395666339e-8
1488	1.26327860407347e-8
1489	1.2679986966003324e-8
1490	1.273021315272093e-8
1491	1.1720868146442862e-8
1492	1.2823094012936139e-8
1493	1.2883230287545301e-8
1494	1.1854183287564329e-8
1495	1.2966045849182336e-8
1496	1.1942365319102624e-8
1497	1.3060475438621788e-8
1498	1.3109113879821278e-8
1499	1.3156611395979663e-8
1500	1.3204299166524227e-8
1501	1.3251645507111346e-8
1502	1.2201136921266162e-8
1503	1.3347481619523764e-8
1504	1.3394704163290641e-8
1505	1.3441423929405613e-8
1506	1.3490493509066828e-8
1507	1.3539076146871509e-8
1508	1.3584806951283557e-8
1509	1.363511186875069e-8
1510	1.3682429995314956e-8
1511	1.2589775039940145e-8
1512	1.3776960601133312e-8
1513	1.2680099400411638e-8
1514	1.27211876477882e-8
1515	1.3921448061055973e-8
1516	1.396890198585613e-8
1517	1.2851870110032604e-8
1518	1.4064990178028904e-8
1519	1.411151773132412e-8
1520	1.2982743046521288e-8
1521	1.420682987660866e-8
1522	1.4255260299958636e-8
1523	1.3112545320761737e-8
1524	1.4351730594487295e-8
1525	1.4398502967902222e-8
1526	1.3243914218287258e-8
1527	1.4495148428487628e-8
1528	1.4543185425344466e-8
1529	1.4591763647177866e-8
1530	1.4637081955894427e-8
1531	1.4687140673419513e-8
1532	1.3505965650566875e-8
1533	1.4782690498898442e-8
1534	1.4828617761661246e-8
1535	1.487812706954641e-8
1536	1.492558150678453e-8
1537	1.4974271917569963e-8
1538	1.3768770696066432e-8
1539	1.5070877029414156e-8
1540	1.5118261405213932e-8
1541	1.5167033052542956e-8
1542	1.3943830367125094e-8
1543	1.526348761272256e-8
1544	1.4032387855449208e-8
1545	1.5359776648021863e-8
1546	1.540734795690312e-8
1547	1.5455880862540163e-8
1548	1.5505995332232e-8
1549	1.555255879844646e-8
1550	1.5602369493615115e-8
1551	1.4339806790959398e-8
1552	1.5699880113765025e-8
1553	1.4428674329809555e-8
1554	1.5795546026604606e-8
1555	1.4516817144133646e-8
1556	1.5894286678812183e-8
1557	1.4605598650528786e-8
1558	1.599181027133178e-8
1559	1.469465448288569e-8
1560	1.4738867860433364e-8
1561	1.4782374407738238e-8
1562	1.4827373699281126e-8
1563	1.623535848616672e-8
1564	1.4916285275692255e-8
1565	1.4961270978564228e-8
1566	1.5005409810854227e-8
1567	1.5049677222560152e-8
1568	1.5095224832352578e-8
1569	1.513769226583705e-8
1570	1.5183661929143226e-8
1571	1.522807711256103e-8
1572	1.5273453953189707e-8
1573	1.6727779228857746e-8
1574	1.536245097141503e-8
1575	1.682652967580673e-8
1576	1.5452372863293347e-8
1577	1.5499321252588386e-8
1578	1.6976212727931662e-8
1579	1.558798201909696e-8
1580	1.7076174997295672e-8
1581	1.56780882490441e-8
1582	1.5723181574275798e-8
1583	1.5768105786234507e-8
1584	1.5814141249705247e-8
1585	1.5858990616697647e-8
1586	1.7375292227014464e-8
1587	1.5950472681441982e-8
1588	1.5996756631522086e-8
1589	1.6041462724980502e-8
1590	1.6088160272472764e-8
1591	1.7626722665242038e-8
1592	1.6179191087209824e-8
1593	1.622362513291004e-8
1594	1.7778210384613858e-8
1595	1.6317456717911648e-8
1596	1.6362481283646253e-8
1597	1.7930890937737985e-8
1598	1.645611376778647e-8
1599	1.6501281812465503e-8
1600	1.8083866190223743e-8
1601	1.6594737451535866e-8
1602	1.6641729249024074e-8
1603	1.6685632667539413e-8
1604	1.8289817318537945e-8
1605	1.6780731340454904e-8
1606	1.6827218920933067e-8
1607	1.8444422946171766e-8
1608	1.6920115224869234e-8
1609	1.6968653234214165e-8
1610	1.8600299213719307e-8
1611	1.7061878552192073e-8
1612	1.7109112593290537e-8
1613	1.8755611618651296e-8
1614	1.8809517488382865e-8
1615	1.7251086450226666e-8
1616	1.729997522690301e-8
1617	1.8967932281619204e-8
1618	1.7393909548620478e-8
1619	1.744319462687825e-8
1620	1.9126732223362003e-8
1621	1.9180078257785913e-8
1622	1.9232226422436046e-8
1623	1.9286817858306146e-8
1624	1.934070111008487e-8
1625	1.7732528226985367e-8
1626	1.778016419516804e-8
1627	1.7828927881139086e-8
1628	1.78792095305692e-8
1629	1.9610318406489752e-8
1630	1.966350545911771e-8
1631	1.9718322418380375e-8
1632	1.9772831631704487e-8
1633	1.8123357744518076e-8
1634	1.817375793314457e-8
1635	1.8223229361004645e-8
1636	1.8271951645171692e-8
1637	1.832334398670068e-8
1638	2.0104683684440998e-8
1639	1.8422786397123503e-8
1640	1.847305670476164e-8
1641	2.0271501263773287e-8
1642	1.857406680673486e-8
1643	1.8625033344955124e-8
1644	1.8676312029872944e-8
1645	2.0498384318012173e-8
1646	1.8777261230083888e-8
1647	2.0610895852646676e-8
1648	2.0667198184217774e-8
1649	2.0724832853820144e-8
1650	2.0781863088431222e-8
1651	1.9036581863132207e-8
1652	1.9088179262573735e-8
1653	1.9140666175762032e-8
1654	2.1014218785556234e-8
1655	1.92439804182328e-8
1656	2.113072159940758e-8
1657	2.1188340277381135e-8
1658	2.1247742799094092e-8
1659	2.13072110319909e-8
1660	2.1367493770022356e-8
1661	2.1427291589871886e-8
1662	2.1486895588912116e-8
1663	2.154727214069703e-8
1664	2.1606639655513034e-8
1665	2.1667522312168288e-8
1666	2.1727769489984178e-8
1667	2.1788690619976397e-8
1668	2.1850473284630323e-8
1669	2.1911915780832492e-8
1670	2.1973331611726732e-8
1671	2.2036151383218552e-8
1672	2.209692467074224e-8
1673	2.2164716395843834e-8
1674	2.222180532590867e-8
1675	2.2286014095346776e-8
1676	2.234872373794565e-8
1677	2.241243191700105e-8
1678	2.247591571528141e-8
1679	2.254103489262212e-8
1680	2.2604838969170275e-8
1681	2.266915826315462e-8
1682	2.2733010786645747e-8
1683	2.2800911133407936e-8
1684	2.2863793129135965e-8
1685	2.2929771230866245e-8
1686	2.2995052802948474e-8
1687	2.3062263878295043e-8
1688	2.312936894928897e-8
1689	2.319580004119105e-8
1690	2.3263864029227592e-8
1691	2.333088729352771e-8
1692	2.3399373783140272e-8
1693	2.346800273825573e-8
1694	2.353605792882319e-8
1695	2.3605294696209562e-8
1696	2.3674437098114448e-8
1697	2.374529773194522e-8
1698	2.381395883829427e-8
1699	2.388607770074302e-8
1700	2.1835113445057808e-8
1701	2.4027414052516695e-8
1702	2.4098963482875488e-8
1703	2.41712631741985e-8
1704	2.424302292927052e-8
1705	2.2156980034691572e-8
1706	2.2222634049739375e-8
1707	2.4463643230437866e-8
1708	2.453671601644558e-8
1709	2.461297079952882e-8
1710	2.248815556537328e-8
1711	2.2555265207693403e-8
1712	2.2624491394141036e-8
1713	2.491382161955098e-8
1714	2.4992106346161326e-8
1715	2.2829989414146972e-8
1716	2.290005781840476e-8
1717	2.2970438947570167e-8
1718	2.3040446674455265e-8
1719	2.5383253075353888e-8
1720	2.5463048369654634e-8
1721	2.3255025057868973e-8
1722	2.332838974455228e-8
1723	2.3400599050490592e-8
1724	2.3474270013893275e-8
1725	2.354800608034257e-8
1726	2.362048754292867e-8
1727	2.3695882473355e-8
1728	2.3770667327405992e-8
1729	2.3846410983413648e-8
1730	2.3924058321221712e-8
1731	2.40021387689241e-8
1732	2.40806257051907e-8
1733	2.415815944340656e-8
1734	2.4237444265029793e-8
1735	2.431669948151035e-8
1736	2.4395335071421337e-8
1737	2.4477128746426995e-8
1738	2.455897464717474e-8
1739	2.4641923487943826e-8
1740	2.4722531412200615e-8
1741	2.480452690758776e-8
1742	2.4889961200025217e-8
1743	2.497273370297694e-8
1744	2.5057660186737217e-8
1745	2.514388537852201e-8
1746	2.5232431355794822e-8
1747	2.5318577196587613e-8
1748	2.5407430564540774e-8
1749	2.549462161103234e-8
1750	2.5584836415223767e-8
1751	2.825157192476626e-8
1752	2.576719331643973e-8
1753	2.845722144205566e-8
1754	2.5952564469901703e-8
1755	2.604493742959007e-8
1756	2.6140989048472075e-8
1757	2.6236541774165463e-8
1758	2.6333075121469967e-8
1759	2.909658642385462e-8
1760	2.6528514974177876e-8
1761	2.6627965618436993e-8
1762	2.9430607821677788e-8
1763	2.6827079907694464e-8
1764	2.6931599825654958e-8
1765	2.7034261970166232e-8
1766	2.7140514098613444e-8
1767	2.7246001127008466e-8
1768	2.73525154563577e-8
1769	2.746114387294492e-8
1770	2.7569145399977627e-8
1771	2.7678657971997262e-8
1772	2.7787850619223243e-8
1773	2.7902762722639034e-8
1774	2.8015929924489926e-8
1775	3.0999666732188626e-8
1776	3.112994697286995e-8
1777	2.8364173729953556e-8
1778	2.848345043953623e-8
1779	2.8603421112058098e-8
1780	2.8725033688468824e-8
1781	2.8847899803376646e-8
1782	2.8972245110220432e-8
1783	2.909762447073114e-8
1784	2.922661583200282e-8
1785	2.9356183456825108e-8
1786	2.948576169164024e-8
1787	2.9617413712297788e-8
1788	2.9751910516710435e-8
1789	2.988770321881615e-8
1790	3.0025756453919545e-8
1791	3.0165033547970945e-8
1792	3.0305125462608436e-8
1793	3.044788510286253e-8
1794	3.0590934709743886e-8
1795	3.073986997228144e-8
1796	3.088718536428846e-8
1797	3.1038903112659964e-8
1798	3.1190268610874076e-8
1799	3.134589101223795e-8
1800	3.1501068231228706e-8
1801	3.1660281920955703e-8
1802	3.182131667489015e-8
1803	3.198512489851933e-8
1804	3.215073378073682e-8
1805	3.231909833540073e-8
1806	3.2489009817067575e-8
1807	3.266238150844469e-8
1808	3.283772260590699e-8
1809	3.3016113708372624e-8
1810	3.3196351623832405e-8
1811	3.337929948738752e-8
1812	3.3564865524062093e-8
1813	3.375408088458897e-8
1814	3.3946238473609785e-8
1815	3.4139369795358565e-8
1816	3.433658888787294e-8
1817	3.4535374607249756e-8
1818	3.473840353188794e-8
1819	3.4944267643911615e-8
1820	3.515322774063336e-8
1821	3.536343687053278e-8
1822	3.5576586110589054e-8
1823	3.5795225147291584e-8
1824	3.601595836025233e-8
1825	3.6244580812431456e-8
1826	3.646415895561205e-8
1827	3.669081207619516e-8
1828	3.6925225302605925e-8
1829	3.7160245266037735e-8
1830	3.739402775481525e-8
1831	3.764938329518854e-8
1832	3.788882926380032e-8
1833	3.8111357465107275e-8
1834	4.227853623360053e-8
1835	4.2538176053254665e-8
1836	4.279778900394429e-8
1837	4.351625268846248e-8
1838	4.3777010338357745e-8
1839	4.403411472092999e-8
1840	4.4286111220806814e-8
1841	4.453075249030503e-8
1842	4.476673494195534e-8
1843	4.499237064719258e-8
1844	4.520414045460703e-8
1845	4.539869113091699e-8
1846	4.5571665262459076e-8
1847	4.5718183417725106e-8
1848	4.5832157396489614e-8
1849	4.590613147028467e-8
1850	4.5930982839505376e-8
1851	4.5895406334025006e-8
1852	4.5785408550655914e-8
1853	4.5583396982959315e-8
1854	4.5267286090032915e-8
1855	4.480892847211901e-8
1856	4.417221600447202e-8
1857	4.3310301852610674e-8
1858	4.216180161620404e-8
1859	4.064509291498572e-8
1860	3.865029029800995e-8
1861	3.6027310608724795e-8
1862	3.2568560912759585e-8
1863	2.7985854525262796e-8
1864	2.189459338150285e-8
1865	1.3930120502522299e-8
1866	4.976043421024136e-9
1867	3.749649408849436e-10
1868	1.6126596933342573e-12
1869	1.7185123527396846e-18
1870	0.
1871	0.
1872	0.
1873	0.
1874	0.000011696195072702316
1875	0.00001064312721680862
1876	6.251211573144916e-6
1877	4.107029392413297e-6
1878	2.985777792508866e-6
1879	2.325528837926802e-6
1880	1.899239381961218e-6
1881	1.604346464272827e-6
1882	1.3894452982843297e-6
1883	1.2056337437343943e-6
1884	1.0827224407401163e-6
1885	9.8374433231835e-7
1886	9.022781421001105e-7
1887	8.342067611560786e-7
1888	7.764135618445768e-7
1889	7.267370921456395e-7
1890	6.829459761624911e-7
1891	6.455109487551544e-7
1892	6.12154407431183e-7
1893	5.819334568865329e-7
1894	5.556235158811482e-7
1895	5.313625829569176e-7
1896	5.09404090453881e-7
1897	4.895776020546171e-7
1898	4.710726596888002e-7
1899	4.547754649471858e-7
1900	4.3942518254089073e-7
1901	4.248695462534451e-7
1902	4.11417744238027e-7
1903	3.9853431767237375e-7
1904	3.879616348669973e-7
1905	3.7436688849344955e-7
1906	3.6624106092727625e-7
1907	3.572315514919663e-7
1908	3.486964426934409e-7
1909	3.3847312611954324e-7
1910	3.31633290596529e-7
1911	3.228855703794109e-7
1912	3.160861567421542e-7
1913	3.102713209670455e-7
1914	3.0292790617363445e-7
1915	2.9712100753338544e-7
1916	2.9083353580573424e-7
1917	2.854235106459275e-7
1918	2.800025184477082e-7
1919	2.7398956318069265e-7
1920	2.659710320633093e-7
1921	2.6574949716746575e-7
1922	2.599350908401475e-7
1923	2.554421850125744e-7
1924	2.518847187603149e-7
1925	2.4899510982026e-7
1926	2.450202419145271e-7
1927	2.573390051625584e-7
1928	2.3719792908663737e-7
1929	2.3268147880097273e-7
1930	2.3010984332733178e-7
1931	2.2840073089394993e-7
1932	2.2579184324583331e-7
1933	2.1822718967676713e-7
1934	2.1709968547456538e-7
1935	2.1455629448114313e-7
1936	2.1238107284033363e-7
1937	2.0930038355143514e-7
1938	2.076717168789318e-7
1939	2.0626735781914608e-7
1940	2.0322715672222596e-7
1941	1.9800615701323523e-7
1942	1.9711664771729018e-7
1943	1.8889451873876413e-7
1944	1.9355008935909238e-7
1945	1.9256133091188103e-7
1946	1.924693025180033e-7
1947	1.8945134757842872e-7
1948	1.9354215092761023e-7
1949	1.8018456367899487e-7
1950	1.8319084712089901e-7
1951	1.7949933266904422e-7
1952	1.7349089422203395e-7
1953	1.6814256834332897e-7
1954	1.7471434130077593e-7
1955	1.6604488319307544e-7
1956	1.7086208981868272e-7
1957	1.645289642430894e-7
1958	1.6151916850029949e-7
1959	1.6662644689172516e-7
1960	1.6484131662883088e-7
1961	1.5721196826932655e-7
1962	1.5703153426349589e-7
1963	1.6016977132919965e-7
1964	1.5692365841407366e-7
1965	1.540132721636971e-7
1966	1.509293301615738e-7
1967	1.4621506774540683e-7
1968	1.4162680640524765e-7
1969	1.457042717026027e-7
1970	1.4449455341440477e-7
1971	1.430874111197606e-7
1972	1.4357323062405515e-7
1973	1.4282449119490238e-7
1974	1.4456756570955332e-7
1975	1.4295718204585437e-7
1976	1.4574881893591187e-7
1977	1.4200632005432806e-7
1978	1.4071131181093043e-7
1979	1.4070228960998853e-7
1980	1.4495320994447213e-7
1981	1.335108716005277e-7
1982	1.4650849699002942e-7
1983	1.361599846313162e-7
1984	1.4793979805497969e-7
1985	1.3571959230076748e-7
1986	1.3081193888549317e-7
1987	1.2843404671200314e-7
1988	1.31883355932159e-7
1989	1.3322543373428607e-7
1990	1.2715156518769618e-7
1991	1.262190846068988e-7
1992	1.2550755452913744e-7
1993	1.2007681890754085e-7
1994	1.219412157840473e-7
1995	1.1834473128070583e-7
1996	1.1515784678241468e-7
1997	1.1093136128993754e-7
1998	1.1322339695651839e-7
1999	1.1845187311863623e-7
2000	1.137584399633642e-7
2001	1.1556998750332764e-7