1	7.002790664855889e-13
2	1.4007534802505688e-12
3	2.1016186741366574e-12
4	2.8030688551949263e-12
5	3.505300826512874e-12
6	4.208513201944941e-12
7	4.9128971212601744e-12
8	5.61865073135745e-12
9	6.325977626065735e-12
10	7.035059969467119e-12
11	7.746113953605574e-12
12	8.459325938708343e-12
13	9.174902495447974e-12
14	9.893035082918103e-12
15	1.0613930664036858e-11
16	1.1337766545486413e-11
17	1.2064800829473669e-11
18	1.2795167951825059e-11
19	1.3529109820117933e-11
20	1.4266830125211002e-11
21	1.500855033306714e-11
22	1.5754434888796538e-11
23	1.6504725657864992e-11
24	1.7259644098837125e-11
25	1.801933864591118e-11
26	1.8784030635719535e-11
27	1.9554047622235636e-11
28	2.0329502526931695e-11
29	2.111055987572138e-11
30	2.1897535307756413e-11
31	2.269062097911489e-11
32	2.3490096942046352e-11
33	2.429614879566875e-11
34	2.510884550850928e-11
35	2.5928574786566806e-11
36	2.675557422221539e-11
37	2.7590083435809322e-11
38	2.8432259374150643e-11
39	2.9282391926357033e-11
40	3.0140685376806567e-11
41	3.100728530824382e-11
42	3.188263084165453e-11
43	3.276676726906733e-11
44	3.366019870918825e-11
45	3.456297603586584e-11
46	3.5475387433553964e-11
47	3.639771960073053e-11
48	3.733026928475642e-11
49	3.827292341039843e-11
50	3.922688234437426e-11
51	4.0191382100058496e-11
52	4.11671294287164e-11
53	4.2154470249523956e-11
54	4.3153151968520057e-11
55	4.416405402180845e-11
56	4.518723364627268e-11
57	4.622266616378051e-11
58	4.727157416726839e-11
59	4.8333993986548125e-11
60	4.9409398029966403e-11
61	5.0498033606205524e-11
62	5.160220344620652e-11
63	5.271978014120309e-11
64	5.385248043027498e-11
65	5.499993413819158e-11
66	5.61626858883489e-11
67	5.734140011530728e-11
68	5.853563705255046e-11
69	5.974688451488342e-11
70	6.097442448163592e-11
71	6.22187905083972e-11
72	6.348071588388855e-11
73	6.476036365438077e-11
74	6.60579029975858e-11
75	6.737324259427882e-11
76	6.870918327996331e-11
77	7.006324067948551e-11
78	7.143686562700139e-11
79	7.28310751921148e-11
80	7.424429724854008e-11
81	7.567869312171022e-11
82	7.71350655428165e-11
83	7.861217019656191e-11
84	8.011124706244194e-11
85	8.163079622537534e-11
86	8.317645231222406e-11
87	8.474505216928601e-11
88	8.633516088613852e-11
89	8.794954083221607e-11
90	8.95896533615222e-11
91	9.12557788789802e-11
92	9.294526001861631e-11
93	9.46628658615108e-11
94	9.64040069439393e-11
95	9.817391433536905e-11
96	9.997019931747663e-11
97	1.0179486442244186e-10
98	1.0364746053031314e-10
99	1.0552986300666019e-10
100	1.0744111197965962e-10
101	1.0936302644580969e-10
102	1.1135026737325137e-10
103	1.1335633289527853e-10
104	1.1539076826257864e-10
105	1.1745890965661908e-10
106	1.1955941621121462e-10
107	1.2168760972739738e-10
108	1.2385813700175603e-10
109	1.2605823823503237e-10
110	1.282950843885687e-10
111	1.3056660156382457e-10
112	1.3287460213487302e-10
113	1.3521757299127383e-10
114	1.3760318914855582e-10
115	1.400228946258353e-10
116	1.424835499508855e-10
117	1.449855379545311e-10
118	1.4752751162981436e-10
119	1.5010749815458915e-10
120	1.5273252528441256e-10
121	1.553971234067792e-10
122	1.5810575087072653e-10
123	1.6085961884922311e-10
124	1.6365649067294812e-10
125	1.6650121573922087e-10
126	1.6939213814022467e-10
127	1.723288739857796e-10
128	1.7531454879614886e-10
129	1.7834894026015228e-10
130	1.8142956973497734e-10
131	1.8456450025394217e-10
132	1.8777960751761415e-10
133	1.9098883821975084e-10
134	1.9428292911861964e-10
135	1.9763075712162593e-10
136	2.0102382664471552e-10
137	2.0447819862318883e-10
138	2.0798883344499762e-10
139	2.1156244274678488e-10
140	2.1518917422310548e-10
141	2.1887428644961058e-10
142	2.2263350531229518e-10
143	2.264350580716204e-10
144	2.3031537616622792e-10
145	2.3425647976158634e-10
146	2.382489463002702e-10
147	2.4232504105590837e-10
148	2.4645957695796206e-10
149	2.506677686930479e-10
150	2.5494195243695443e-10
151	2.5928586929239325e-10
152	2.637039188727082e-10
153	2.681980593024485e-10
154	2.727565429840531e-10
155	2.774020772687026e-10
156	2.8210977694801665e-10
157	2.8691437763906716e-10
158	2.917843111827314e-10
159	2.9673488661051694e-10
160	3.017812561092143e-10
161	3.069093622602366e-10
162	3.1211391736609476e-10
163	3.1739025374063543e-10
164	3.227295901390722e-10
165	3.2818726887514823e-10
166	3.337534469008076e-10
167	3.394035481820186e-10
168	3.4519503813527293e-10
169	3.511134893733637e-10
170	3.5698014744857297e-10
171	3.6302347934322366e-10
172	3.691601026295115e-10
173	3.754003578141693e-10
174	3.8175083656046945e-10
175	3.881787070513063e-10
176	3.947271955885701e-10
177	4.01371688719709e-10
178	4.0817037272502136e-10
179	4.1506260997902343e-10
180	4.2207985351458703e-10
181	4.291681028164666e-10
182	4.364172903349557e-10
183	4.4376217069215984e-10
184	4.512343431641074e-10
185	4.588403349136898e-10
186	4.665452758942084e-10
187	4.744116130981183e-10
188	4.823892951006071e-10
189	4.90510206855133e-10
190	4.987596922544047e-10
191	5.071351919680792e-10
192	5.156469998465349e-10
193	5.24349921290247e-10
194	5.331504961953783e-10
195	5.421124334456422e-10
196	5.512307471566007e-10
197	5.604513959823407e-10
198	5.698555394600694e-10
199	5.794361415126776e-10
200	5.891218620579025e-10
201	5.990047172550592e-10
202	6.091140057691409e-10
203	6.192947099823604e-10
204	6.296576282423662e-10
205	6.402093471681366e-10
206	6.508866342649326e-10
207	6.618230415571015e-10
208	6.729081234018148e-10
209	6.841499845266242e-10
210	6.955896139098944e-10
211	7.072202164230402e-10
212	7.190761328972289e-10
213	7.310701828897089e-10
214	7.432750255259224e-10
215	7.556957427461441e-10
216	7.682769596620744e-10
217	7.813194899875303e-10
218	7.941736241631756e-10
219	8.074679753308244e-10
220	8.209384038338068e-10
221	8.346085303941745e-10
222	8.484696240361883e-10
223	8.626464609490528e-10
224	8.77035141000417e-10
225	8.917001547967775e-10
226	9.06447865756851e-10
227	9.216338624308635e-10
228	9.369243097257014e-10
229	9.524575459042833e-10
230	9.682475213761623e-10
231	9.84380606125086e-10
232	1.000641976281218e-9
233	1.017239911670774e-9
234	1.034096531286652e-9
235	1.0512175230193163e-9
236	1.0687493633170361e-9
237	1.0864203521052952e-9
238	1.1043382716942446e-9
239	1.1224712843061183e-9
240	1.1412522730431585e-9
241	1.160103340662658e-9
242	1.1793415470347662e-9
243	1.1986770080431198e-9
244	1.218488765763263e-9
245	1.2387130941874752e-9
246	1.259131010848087e-9
247	1.2799399794418718e-9
248	1.3009501853415392e-9
249	1.3224705354295587e-9
250	1.3442313405721102e-9
251	1.3662832710340385e-9
252	1.3886955025899304e-9
253	1.41162303585396e-9
254	1.4347385385833215e-9
255	1.4584777060263429e-9
256	1.482317775741268e-9
257	1.5066562261837793e-9
258	1.5313858296212523e-9
259	1.556547378322907e-9
260	1.5818926429633195e-9
261	1.6079191414918823e-9
262	1.6342414598215102e-9
263	1.6610843741360923e-9
264	1.6880930322183623e-9
265	1.7155536639664716e-9
266	1.7432629712018037e-9
267	1.7718159139098739e-9
268	1.8006943719635451e-9
269	1.8302674998729413e-9
270	1.85996490881807e-9
271	1.8901801549798976e-9
272	1.9209412367879133e-9
273	1.9520145715662943e-9
274	1.9835374668760383e-9
275	2.0157781809623022e-9
276	2.0484844408446294e-9
277	2.081806165170866e-9
278	2.1155176890848574e-9
279	2.149375811087266e-9
280	2.184480688718379e-9
281	2.2191175814697503e-9
282	2.254057505813306e-9
283	2.291091670876974e-9
284	2.328483780360209e-9
285	2.3657407287948995e-9
286	2.403697969275107e-9
287	2.442350834302928e-9
288	2.4813733750727666e-9
289	2.522981605531405e-9
290	2.561521662538121e-9
291	2.602418920673923e-9
292	2.644075332017214e-9
293	2.6860472485045458e-9
294	2.7287969238221905e-9
295	2.7722484291227498e-9
296	2.8162492031698047e-9
297	2.861082526584616e-9
298	2.906502102090377e-9
299	2.952426764541489e-9
300	2.9991686326368665e-9
301	3.0462760393545184e-9
302	3.094537265132519e-9
303	3.143397034322068e-9
304	3.1928040908350415e-9
305	3.243217315667223e-9
306	3.2937058298155652e-9
307	3.345649820243642e-9
308	3.3981006530975667e-9
309	3.451174175927772e-9
310	3.5046229044553287e-9
311	3.55989767107882e-9
312	3.615396882423452e-9
313	3.6714689358638184e-9
314	3.728699415380297e-9
315	3.785732196252035e-9
316	3.844401340399444e-9
317	3.904718774037354e-9
318	3.965001206693164e-9
319	4.025744867042297e-9
320	4.087803073410561e-9
321	4.150362733414778e-9
322	4.213855044492781e-9
323	4.2785449879480806e-9
324	4.3434680405784375e-9
325	4.4120291612909536e-9
326	4.477758607162242e-9
327	4.545750332815084e-9
328	4.614166104094807e-9
329	4.685029742964456e-9
330	4.755905671325114e-9
331	4.8271600201672785e-9
332	4.900094966184688e-9
333	4.97376861523544e-9
334	5.04854857292379e-9
335	5.124118727876794e-9
336	5.201746355715527e-9
337	5.278410651252939e-9
338	5.357459319347146e-9
339	5.437845337524033e-9
340	5.517809251914466e-9
341	5.597532517419639e-9
342	5.681826927323768e-9
343	5.764006632464489e-9
344	5.849678730991538e-9
345	5.935413555025616e-9
346	6.023590893484438e-9
347	6.110705425170927e-9
348	6.200521509045262e-9
349	6.290463273628062e-9
350	6.38109802060321e-9
351	6.4735425592436014e-9
352	6.568073382619228e-9
353	6.6618527169945205e-9
354	6.758716737581543e-9
355	6.855578794567084e-9
356	6.953835989818399e-9
357	7.051303358498203e-9
358	7.150949407920768e-9
359	7.252739418065672e-9
360	7.3561393820557414e-9
361	7.460260534825772e-9
362	7.566084573285828e-9
363	7.673594386474561e-9
364	7.77988618363172e-9
365	7.887198939544948e-9
366	7.996982289764593e-9
367	8.106904165953117e-9
368	8.220022657878808e-9
369	8.333869302391796e-9
370	8.450362453541744e-9
371	8.56399284012684e-9
372	8.681545864699222e-9
373	8.800533416874164e-9
374	8.921419474353487e-9
375	9.038619444091236e-9
376	9.162600948881854e-9
377	9.286060025198766e-9
378	9.410136523433931e-9
379	9.533158050768957e-9
380	9.664753077744732e-9
381	9.794862425239794e-9
382	9.919561618681945e-9
383	1.0052950518209895e-8
384	1.0183232483147312e-8
385	1.0318916368054412e-8
386	1.0452981590115203e-8
387	1.0588111499839566e-8
388	1.0726148410517015e-8
389	1.086557897957318e-8
390	1.1004283517456254e-8
391	1.1146199486350177e-8
392	1.128917677917279e-8
393	1.143173015703844e-8
394	1.1576851426116066e-8
395	1.1725377709980434e-8
396	1.1869999040264715e-8
397	1.202060432503007e-8
398	1.2168553971325106e-8
399	1.2323019898376875e-8
400	1.2468569002384066e-8
401	1.2628124147443825e-8
402	1.2783696960362024e-8
403	1.2940135844914804e-8
404	1.3097017499314855e-8
405	1.3257726446316977e-8
406	1.3417165406071448e-8
407	1.3571254110477547e-8
408	1.3732714133001915e-8
409	1.3900646653217452e-8
410	1.4066532839233111e-8
411	1.423233972650909e-8
412	1.4406606101208489e-8
413	1.4575852290799158e-8
414	1.4746877170431931e-8
415	1.4914500047847926e-8
416	1.5084348979671934e-8
417	1.526485575726166e-8
418	1.5440088272990476e-8
419	1.5604973547379274e-8
420	1.5799042957875363e-8
421	1.5982103726680173e-8
422	1.615403057846328e-8
423	1.633747904552325e-8
424	1.651628678454225e-8
425	1.6709495094957684e-8
426	1.6902107292698028e-8
427	1.7082257571118178e-8
428	1.7252996790768183e-8
429	1.745011279190595e-8
430	1.764010140829044e-8
431	1.7828035346450866e-8
432	1.801566088262303e-8
433	1.8212995673590392e-8
434	1.8409812001829072e-8
435	1.8606231188313962e-8
436	1.879724832741329e-8
437	1.8996654700225753e-8
438	1.9193117574776808e-8
439	1.9381404886714733e-8
440	1.95850717784052e-8
441	1.97901901323082e-8
442	1.9996414999457283e-8
443	2.019751810782986e-8
444	2.0404471812377742e-8
445	2.060993780492855e-8
446	2.0812619742496846e-8
447	2.1023488105115395e-8
448	2.1235754625730737e-8
449	2.1442483093969295e-8
450	2.1638730509675996e-8
451	2.1863104098570973e-8
452	2.207083218798731e-8
453	2.2283396093668793e-8
454	2.2490405000189462e-8
455	2.271234320079062e-8
456	2.2932675395730504e-8
457	2.3145580165636885e-8
458	2.340418873443574e-8
459	2.3579113203511744e-8
460	2.3805557201724224e-8
461	2.4016668717513807e-8
462	2.4251959427452117e-8
463	2.445735486341944e-8
464	2.4680971240818986e-8
465	2.4885896927368035e-8
466	2.5126105927997634e-8
467	2.535208321320022e-8
468	2.5572892435879623e-8
469	2.579990601712918e-8
470	2.602301812765819e-8
471	2.6250015215394644e-8
472	2.6480252987066264e-8
473	2.6701592071921063e-8
474	2.693087664026968e-8
475	2.7158373606120346e-8
476	2.7392416476009337e-8
477	2.7622387579519652e-8
478	2.7847408899970785e-8
479	2.8089352223871292e-8
480	2.2340221243006534e-8
481	2.2483053557929443e-8
482	2.874473920049608e-8
483	2.2904348935320753e-8
484	2.926591758146956e-8
485	2.948152788990227e-8
486	2.9716907184126127e-8
487	2.992930468330868e-8
488	3.017230587232845e-8
489	3.042357709531411e-8
490	3.066519891077783e-8
491	3.088848278896865e-8
492	3.112234508533994e-8
493	3.136644539107498e-8
494	3.1602662624205115e-8
495	3.184451507572766e-8
496	3.2078491945526506e-8
497	3.2338742332748085e-8
498	3.254756681933222e-8
499	3.279942418714436e-8
500	3.302260907805525e-8
501	3.327394949731714e-8
502	3.349123461172199e-8
503	3.37314926269032e-8
504	3.400662869073956e-8
505	3.4218777749084514e-8
506	3.448096855657576e-8
507	3.472432231368437e-8
508	3.498139615347901e-8
509	3.524270415233889e-8
510	3.5452355337029145e-8
511	3.571071910059182e-8
512	3.589833059289525e-8
513	3.615562075883266e-8
514	3.641046551483211e-8
515	3.6637263699190957e-8
516	3.688462903712645e-8
517	3.711638040012029e-8
518	3.738993836147612e-8
519	3.760764955624347e-8
520	2.9911963041383735e-8
521	3.8084033403174335e-8
522	3.8309913499444784e-8
523	3.049451349444627e-8
524	3.8810680689978136e-8
525	3.90505313828497e-8
526	3.928791138223257e-8
527	3.9509703047552386e-8
528	3.9731409520123005e-8
529	4.004481258189015e-8
530	4.02756341846872e-8
531	4.0474751175491827e-8
532	3.224974932328953e-8
533	4.094354214810666e-8
534	4.124713206900637e-8
535	3.2814022210678924e-8
536	3.300812571521466e-8
537	4.1980001495090195e-8
538	4.2200745787859824e-8
539	4.245786732202894e-8
540	4.2665505725866576e-8
541	4.2931877211374896e-8
542	4.319457084401964e-8
543	4.341212379076181e-8
544	4.3649399990879425e-8
545	3.473019745342758e-8
546	3.492720311828796e-8
547	4.43473789304895e-8
548	3.530892223752575e-8
549	3.549437377443837e-8
550	3.5674144849070226e-8
551	4.531106439268377e-8
552	3.6082539093417194e-8
553	4.576597847893043e-8
554	3.643498487569429e-8
555	3.66523001922545e-8
556	3.6830971311950755e-8
557	3.6988459201931825e-8
558	3.719533558090772e-8
559	3.739131073729345e-8
560	3.757756055044448e-8
561	3.776122043482275e-8
562	3.796986851098733e-8
563	3.813749851649283e-8
564	3.829825119549666e-8
565	3.851079519061548e-8
566	3.8700874616880745e-8
567	3.889088796390403e-8
568	3.9088219211434974e-8
569	3.925880379313151e-8
570	3.9450055949419425e-8
571	3.9628869820556376e-8
572	3.983602123207157e-8
573	3.999760019494236e-8
574	4.016991597518759e-8
575	4.036677459988566e-8
576	4.055296065544553e-8
577	4.072496639483292e-8
578	4.0922524013420664e-8
579	4.1113541798381766e-8
580	4.128796554455804e-8
581	4.147327416301775e-8
582	4.16498669768162e-8
583	4.182971036144243e-8
584	4.200463474754342e-8
585	5.305933946694606e-8
586	5.324904632809418e-8
587	5.343679579914827e-8
588	5.367242545395351e-8
589	5.3902489214207197e-8
590	5.409709895095508e-8
591	5.433248334670088e-8
592	5.454956712956591e-8
593	5.4767633907167975e-8
594	5.499279698629083e-8
595	5.520169968497662e-8
596	5.540888440057156e-8
597	5.561640717547235e-8
598	5.5831588814827895e-8
599	5.604904943980896e-8
600	5.62522278100929e-8
601	5.652012798857514e-8
602	5.668750681222017e-8
603	5.691186709670198e-8
604	5.714671545143238e-8
605	5.731250625105736e-8
606	5.752931969037511e-8
607	5.774237078013962e-8
608	5.794729151075446e-8
609	5.8157772736502914e-8
610	5.8365543711435716e-8
611	5.856644954496975e-8
612	5.877437413743981e-8
613	5.896936592839828e-8
614	5.918012319519513e-8
615	5.9385763302646547e-8
616	5.956143874789861e-8
617	5.979552057290226e-8
618	5.999642048397482e-8
619	6.01941196919465e-8
620	6.039384191799301e-8
621	6.060753429940333e-8
622	6.081939935968184e-8
623	6.102443631151259e-8
624	6.118956449179534e-8
625	6.139359097703328e-8
626	6.16121373923568e-8
627	6.179402965181597e-8
628	6.198353521805594e-8
629	6.221876190016633e-8
630	6.23690414025082e-8
631	6.258129471729879e-8
632	6.274876852575055e-8
633	6.294329578938418e-8
634	6.3141924203049e-8
635	6.333038612369415e-8
636	6.350161306336444e-8
637	6.369055043553072e-8
638	6.388233678569601e-8
639	6.408170187773765e-8
640	6.429082257021233e-8
641	6.448888981326312e-8
642	6.46487915189932e-8
643	6.483808704500167e-8
644	6.50223491857382e-8
645	6.521729112077915e-8
646	6.539717542523451e-8
647	6.558004611360192e-8
648	6.576811271893193e-8
649	6.598419190607729e-8
650	6.613046743614897e-8
651	6.631704207225137e-8
652	6.650508352362987e-8
653	6.661695025148257e-8
654	6.680767740617938e-8
655	6.703936918345925e-8
656	6.720775139609033e-8
657	6.73868133672738e-8
658	6.756988212259706e-8
659	6.775020939820774e-8
660	6.792232138171343e-8
661	6.809055824884119e-8
662	6.828152512302251e-8
663	6.844737610959925e-8
664	6.86386435736489e-8
665	6.8801310690218e-8
666	6.896575769461128e-8
667	6.915269052319684e-8
668	6.93155617885908e-8
669	6.949599813867594e-8
670	6.965808047943527e-8
671	6.982354867127763e-8
672	6.999001644182092e-8
673	7.0165146077117e-8
674	7.03334883453505e-8
675	7.04925136999153e-8
676	7.065849834900196e-8
677	7.083409887368261e-8
678	7.098089665437333e-8
679	7.116084786412962e-8
680	7.133052200182819e-8
681	7.15129756507529e-8
682	7.166251098864339e-8
683	7.179005912590998e-8
684	7.195637499898321e-8
685	7.2124965343875e-8
686	7.228862460550553e-8
687	7.247197839208063e-8
688	7.263422905911466e-8
689	7.280225270033307e-8
690	7.294445276527056e-8
691	7.310858296682563e-8
692	7.32727936962049e-8
693	7.341074758200175e-8
694	7.35753986818123e-8
695	7.374516566428534e-8
696	7.388887309896046e-8
697	7.40668391396245e-8
698	7.420925661582163e-8
699	7.432599737949636e-8
700	7.449238398418374e-8
701	7.46719380304323e-8
702	7.481473915699089e-8
703	7.498599159067428e-8
704	7.513754489086323e-8
705	7.528657594836325e-8
706	7.546682451137072e-8
707	7.559264506357496e-8
708	7.574340947257443e-8
709	7.588613958248065e-8
710	7.604531532508168e-8
711	7.620087751948658e-8
712	7.633641129259365e-8
713	7.649966698820496e-8
714	7.663736477651024e-8
715	7.677118362219604e-8
716	7.693335346271944e-8
717	7.707808653756372e-8
718	7.723321822199841e-8
719	7.737829387268738e-8
720	7.751007035067127e-8
721	7.765493847712446e-8
722	7.780037555215353e-8
723	7.795292468992312e-8
724	7.81002363228074e-8
725	7.824750265110121e-8
726	7.840120674022009e-8
727	7.852079133128974e-8
728	7.866237239612382e-8
729	7.880503681781621e-8
730	7.895663520541744e-8
731	7.908602151457619e-8
732	7.92999824577674e-8
733	7.944434769830113e-8
734	7.951138609857294e-8
735	7.971179795025706e-8
736	7.979605300394507e-8
737	7.993443535103609e-8
738	8.013762724296933e-8
739	8.02810574814736e-8
740	8.03534657408489e-8
741	8.060868293580359e-8
742	8.067457007502399e-8
743	8.076413342876804e-8
744	8.096385650121713e-8
745	8.109731697831815e-8
746	8.122002115820817e-8
747	8.135911328239605e-8
748	8.149924568562683e-8
749	8.16286526896146e-8
750	8.177393756116482e-8
751	8.190643136113965e-8
752	8.204736766123558e-8
753	8.217372499769082e-8
754	8.226586502982066e-8
755	8.244540716933978e-8
756	8.258282241501475e-8
757	8.271379166437219e-8
758	8.284514991549494e-8
759	8.298813110374462e-8
760	8.311346115812835e-8
761	8.324704062794834e-8
762	8.338043387818632e-8
763	8.351814173803373e-8
764	8.365198324100904e-8
765	8.379311814666776e-8
766	8.391449847678336e-8
767	8.403909638830212e-8
768	8.417704890406127e-8
769	8.430679685052938e-8
770	8.44439285608504e-8
771	8.45696456211833e-8
772	8.47039855375946e-8
773	8.482232842250196e-8
774	8.496042824267299e-8
775	8.508824600809693e-8
776	8.521485054010813e-8
777	8.535162344078857e-8
778	8.547720822891086e-8
779	8.56071053201635e-8
780	8.574113045215621e-8
781	8.586799145574714e-8
782	8.598961091748301e-8
783	8.612068142713562e-8
784	8.62464505210051e-8
785	8.636121574833471e-8
786	8.651107012700414e-8
787	8.663881447567513e-8
788	8.677257045704697e-8
789	8.689498109974335e-8
790	8.702529426627764e-8
791	8.702826828719755e-8
792	8.728005784176277e-8
793	8.740561125981894e-8
794	8.754041126629552e-8
795	8.765729216493577e-8
796	8.779121075683167e-8
797	8.791509596641772e-8
798	8.804983921993415e-8
799	8.817342454382085e-8
800	8.831129359787775e-8
801	8.843300141355726e-8
802	8.85665908868506e-8
803	8.868919901327221e-8
804	8.88214422039757e-8
805	8.894799863253987e-8
806	8.907110068365261e-8
807	8.920858176323482e-8
808	8.93066535121376e-8
809	8.943776797219767e-8
810	8.950749786477147e-8
811	8.962677195306596e-8
812	8.975961869633485e-8
813	8.988699831495063e-8
814	9.002010792488194e-8
815	9.014421589294134e-8
816	9.026716616612577e-8
817	9.039972894515364e-8
818	9.053060928244984e-8
819	9.066226502447945e-8
820	9.079350471382364e-8
821	9.091074363317974e-8
822	9.10459438189665e-8
823	9.117375550068703e-8
824	9.131037661271842e-8
825	9.143547320033287e-8
826	9.156827363680993e-8
827	9.169391089349696e-8
828	9.182735618486712e-8
829	9.19614360846639e-8
830	9.20915057496538e-8
831	9.222376950972251e-8
832	9.23575040208771e-8
833	9.24826968026174e-8
834	9.2626515270003e-8
835	9.274613358710394e-8
836	9.28830728160491e-8
837	9.300596851307685e-8
838	9.314039028886155e-8
839	9.3278239790083e-8
840	9.340624067182341e-8
841	9.354666215887096e-8
842	9.368298229903936e-8
843	9.381317070875254e-8
844	9.395264381749579e-8
845	9.40844703349139e-8
846	9.420728913012933e-8
847	9.435066649613066e-8
848	9.45001665890348e-8
849	9.462804088201552e-8
850	9.477393207879653e-8
851	9.490937201462669e-8
852	9.504804836135563e-8
853	9.506659464751544e-8
854	9.52191284650927e-8
855	9.536402279334893e-8
856	9.560164543025227e-8
857	9.575497415693113e-8
858	9.589114513405354e-8
859	9.595363255303155e-8
860	9.61042358660892e-8
861	9.624822536449879e-8
862	9.639773892043495e-8
863	9.654134607065616e-8
864	9.668930725953698e-8
865	9.683760156184477e-8
866	9.70027254871896e-8
867	9.714460521029144e-8
868	9.729620467383502e-8
869	9.744480073598579e-8
870	9.759440924917888e-8
871	9.774853160025453e-8
872	9.78940854155767e-8
873	9.804333060939347e-8
874	9.820063225831752e-8
875	9.834569638183423e-8
876	9.850619707733815e-8
877	9.866027846872037e-8
878	9.881218260280872e-8
879	9.896711454478787e-8
880	9.911625309136397e-8
881	9.928284495826527e-8
882	9.943512449534805e-8
883	9.957054173729787e-8
884	9.972619892826009e-8
885	9.988543175301036e-8
886	1.0005078000302725e-7
887	1.0020709026923122e-7
888	1.0037791514336575e-7
889	1.0053955840618233e-7
890	1.0070166121458782e-7
891	1.0085962445229234e-7
892	1.010285962859013e-7
893	1.0119243331983359e-7
894	1.0135412298750551e-7
895	1.0152954086278173e-7
896	1.017014089573361e-7
897	1.0186539231862923e-7
898	1.0203727255242121e-7
899	1.0221156031634013e-7
900	1.0238929201537958e-7
901	1.0256958436465971e-7
902	1.0278352767730785e-7
903	1.0295217665769237e-7
904	1.0313778507075348e-7
905	1.0331429220175659e-7
906	1.0350106932655209e-7
907	1.036743110228849e-7
908	1.0386009893170097e-7
909	1.0404965622646951e-7
910	1.0423131108849416e-7
911	1.0440885775881602e-7
912	1.046007582588325e-7
913	1.047924088766154e-7
914	1.0497877147657681e-7
915	1.0518183361059924e-7
916	1.053704626580798e-7
917	1.0556640797765442e-7
918	1.0576040951042101e-7
919	1.0595581011420918e-7
920	1.0615365557061166e-7
921	1.0635003303920714e-7
922	1.0655453146766471e-7
923	1.0675759755267827e-7
924	1.0696425523265127e-7
925	1.071687241572726e-7
926	1.0737578882421416e-7
927	1.0758670389445336e-7
928	1.0780025403117418e-7
929	1.0800735152792689e-7
930	1.0822429967618683e-7
931	1.0843952451563961e-7
932	1.0865595134660544e-7
933	1.0887266663733573e-7
934	1.0909596513639416e-7
935	1.0931995435895628e-7
936	1.0953880975429657e-7
937	1.097675912081328e-7
938	1.0998196380166152e-7
939	1.1022592765218658e-7
940	1.1044388164341968e-7
941	1.1069137973707982e-7
942	1.1091417248713186e-7
943	1.1115161319872895e-7
944	1.1138720431113474e-7
945	1.1163117290299676e-7
946	1.1186399208379355e-7
947	1.1210206125013959e-7
948	1.1234712614332175e-7
949	1.1259501632519362e-7
950	1.1284050665968434e-7
951	1.1310059107049076e-7
952	1.1333409279323994e-7
953	1.1359064690671545e-7
954	1.1384295063038078e-7
955	9.367263695061375e-8
956	9.389481985143102e-8
957	1.1460827948357472e-7
958	9.43428033847566e-8
959	9.456856886324509e-8
960	9.479397346677851e-8
961	9.502362734105305e-8
962	9.52533128853715e-8
963	9.548957479131441e-8
964	9.572181888050683e-8
965	9.595603246790815e-8
966	9.619139724203386e-8
967	9.642836033284361e-8
968	9.666431313432746e-8
969	9.690304914413521e-8
970	9.714071014748526e-8
971	9.738028023596547e-8
972	9.761868995930051e-8
973	9.785713083251473e-8
974	9.809786568818671e-8
975	9.83345549135176e-8
976	9.857448476472187e-8
977	9.881048169221803e-8
978	9.904681894395046e-8
979	9.928199765766176e-8
980	9.95087896811535e-8
981	1.207585897793292e-7
982	1.2098732329412743e-7
983	1.00190332611454e-7
984	1.0040877949518846e-7
985	1.0062375542180983e-7
986	1.2181323009284261e-7
987	1.0103012748036843e-7
988	1.012201214218169e-7
989	1.0141162660226939e-7
990	1.0158114348035382e-7
991	1.0174604845052101e-7
992	1.0189199252882221e-7
993	1.0202698871872392e-7
994	1.0214624550530499e-7
995	1.0224509095977528e-7
996	1.0231819910392582e-7
997	1.0237047845014099e-7
998	1.0239257894187415e-7
999	1.0237751588733781e-7
1000	1.2233824067963874e-7
1001	1.2209603418995357e-7
1002	1.2178770060070227e-7
1003	1.2140579831708115e-7
1004	1.209401471462915e-7
1005	1.203799699313814e-7
1006	1.1971208617765272e-7
1007	1.1892186885774847e-7
1008	1.1799172268389967e-7
1009	1.169014598600945e-7
1010	1.1562696568338209e-7
1011	1.141414195099014e-7
1012	1.124104599477755e-7
1013	1.1039528085247057e-7
1014	1.0804875518101261e-7
1015	1.053142822755419e-7
1016	1.0212331926676145e-7
1017	9.839233680652255e-8
1018	9.40188281220371e-8
1019	8.887610391103538e-8
1020	8.28065164384564e-8
1021	7.561279904480173e-8
1022	6.704769214529078e-8
1023	5.680452390407664e-8
1024	4.452413033278521e-8
1025	2.991138130019529e-8
1026	1.3642541647907414e-8
1027	1.923171239012605e-9
1028	2.0433352181139093e-11
1029	2.798267742253939e-16
1030	0.
1031	0.
1032	0.
1033	0.
1034	0.
1035	0.
1036	1.8194317609656242e-6
1037	5.129235669055359e-6
1038	8.140453296117532e-6
1039	9.557358739125737e-6
1040	9.107338177924137e-6
1041	7.835255338319646e-6
1042	6.528419664409045e-6
1043	5.444339132216969e-6
1044	4.598017131495619e-6
1045	3.946362093606475e-6
1046	3.4363873522934682e-6
1047	3.0333072389505383e-6
1048	2.710732961749877e-6
1049	2.445342044406074e-6
1050	2.2268133589599204e-6
1051	2.0425846978212713e-6
1052	1.8871128669814581e-6
1053	1.752946227336086e-6
1054	1.6359751377856523e-6
1055	1.5352141310146897e-6
1056	1.4484810720964234e-6
1057	1.3658801630407102e-6
1058	1.2964353943538555e-6
1059	1.230321518143092e-6
1060	1.1746050415766136e-6
1061	1.1233518591992112e-6
1062	1.0794343126149143e-6
1063	1.0406667553922053e-6
1064	9.912672547678571e-7
1065	9.538850138260742e-7
1066	9.151487205479645e-7
1067	8.842304889703522e-7
1068	8.613813354915147e-7
1069	8.340089735376199e-7
1070	8.136347033061139e-7
1071	7.865723971303339e-7
1072	7.580026137846728e-7
1073	7.41326485104758e-7
1074	7.182822647298151e-7
1075	6.479242134739192e-7
1076	6.863342171383346e-7
1077	6.655784932331751e-7
1078	6.531825949672869e-7
1079	6.333695560131809e-7
1080	6.111887860186363e-7
1081	5.958107335816369e-7
1082	6.069578794516542e-7
1083	5.839419462817019e-7
1084	5.879114885741124e-7
1085	5.671407134390874e-7
1086	5.501995944396866e-7
1087	5.444138826068369e-7
1088	5.360503299109112e-7
1089	5.302523281127511e-7
1090	5.113955260378309e-7
1091	5.028874508371475e-7
1092	4.885425012489257e-7
1093	4.838154504248958e-7
1094	3.91084954126679e-7
1095	4.5853945320742747e-7
1096	4.6349187247950084e-7
1097	4.4471852981775296e-7
1098	4.520226510220191e-7
1099	4.274099538421058e-7
1100	4.3118879627601734e-7
1101	4.225349903481507e-7
1102	4.3112670099606407e-7
1103	4.215242432232994e-7
1104	4.026894297706644e-7
1105	4.0955950744105904e-7
1106	4.079800309385494e-7
1107	4.039441469094295e-7
1108	3.8547690219396347e-7
1109	3.956696663782787e-7
1110	3.819236526457714e-7
1111	3.810746745889564e-7
1112	3.931523925889611e-7
1113	3.7663856767250944e-7
1114	3.672887273039508e-7
1115	3.775391833636989e-7
1116	3.6967703005032925e-7
1117	3.711883489829002e-7
1118	3.39134041085637e-7
1119	3.469036878817208e-7
1120	3.0548767170475395e-7
1121	3.1118942790965225e-7
1122	3.0197274056626306e-7
1123	3.280183281674983e-7
1124	3.2990332446718753e-7
1125	3.132888926835529e-7
1126	3.048974863937757e-7
1127	2.8711474432570866e-7
1128	2.89954283688928e-7
1129	2.891507707899283e-7
1130	2.8325993907146666e-7
1131	2.9180145743074415e-7
1132	2.924314113494282e-7
1133	2.91898463513187e-7
1134	2.9039112917792934e-7
1135	2.9783197671515435e-7
1136	2.8403053002593334e-7
1137	2.754166845832554e-7
1138	3.0279026493328163e-7
1139	2.9732908478421094e-7
1140	3.130940211311181e-7
1141	3.2525682637444337e-7
1142	2.773335618824197e-7
1143	2.7197501576053844e-7
1144	2.7536882460099823e-7
1145	2.617727414530453e-7
1146	2.5388266796088697e-7
1147	2.775845911498654e-7
1148	2.6377398220260666e-7
1149	2.730738768107847e-7
1150	2.8811554030809054e-7
1151	2.406792172429895e-7
1152	2.5299319827944374e-7
1153	2.523582532598407e-7
1154	2.5133763927736807e-7
1155	2.047762684322634e-7
1156	2.535419449964024e-7
1157	2.5632321252942695e-7
1158	2.5040125463892364e-7
1159	2.417053421378763e-7
1160	2.431184257559137e-7
1161	2.2954693337921287e-7
1162	2.2300224273248922e-7
1163	2.390021953003809e-7
1164	2.2624624615888466e-7
1165	2.3769913813642613e-7
1166	2.3150569575556256e-7
1167	2.3006423547213192e-7
1168	2.5567310255771184e-7
1169	2.430484083826875e-7
1170	2.3801804638665724e-7
1171	2.5324395508351524e-7
1172	2.373225767633349e-7
1173	2.2546325046775154e-7
1174	2.1675828793516167e-7
1175	2.2231877399625325e-7
1176	2.2720961177012177e-7
1177	2.3619941108614012e-7
1178	2.3736838436111455e-7
1179	2.44225835577159e-7
1180	2.1589437256224847e-7
1181	2.3361375104185728e-7
1182	1.9787141958226548e-7
1183	1.8476756130626837e-7
1184	2.0426445027602546e-7
1185	2.1935733996009116e-7
1186	2.3184584031237577e-7
1187	1.921256792567909e-7
1188	2.1341533659366113e-7
1189	2.1847944225964918e-7
1190	1.9631482468495565e-7
1191	2.002472277917378e-7
1192	1.8678096844141825e-7
1193	2.0421133250602205e-7
1194	1.856133179131295e-7
1195	2.12437435938313e-7
1196	1.8829880268094634e-7
1197	1.9210849881819875e-7
1198	1.942624672368013e-7
1199	1.7645814353015162e-7
1200	1.8529693640988867e-7
1201	1.8008576184045893e-7
1202	1.7595028849756946e-7
1203	1.8357397260102083e-7
1204	1.4671366155228868e-7
1205	1.1474492923415721e-7
1206	1.8774526962344435e-7
1207	1.2426119134011693e-7
1208	1.8143784937874032e-7
1209	1.574251653152294e-7
1210	1.8921417701154683e-7
1211	1.8036779253181395e-7
1212	1.754631926074991e-7
1213	1.7667711777615595e-7
1214	1.7079356004359759e-7
1215	1.7174005052523486e-7
1216	1.4880590076871882e-7
1217	1.545854783578126e-7
1218	1.7035975877823595e-7
1219	1.7807399001386058e-7
1220	1.8106721731167378e-7
1221	1.7733868332851721e-7
1222	1.697788010278866e-7
1223	1.6277196374785523e-7
1224	1.7337614866194252e-7
1225	1.6261644165381408e-7
1226	1.5419453245707246e-7
1227	1.5985447807757288e-7
1228	1.3305851794295082e-7
1229	1.643343883887958e-7
1230	1.5309425869373845e-7
1231	1.4300817696234593e-7
1232	1.4809549266334622e-7
1233	1.651929050088497e-7
1234	1.4765592015117138e-7
1235	1.5661979714128365e-7
1236	1.353042357145301e-7
1237	1.444957423651838e-7
1238	1.5577530400434946e-7
1239	1.505183815690781e-7
1240	1.4893734607925077e-7
1241	1.5316395023057644e-7
1242	1.3811402160276655e-7
1243	1.494224900674847e-7
1244	1.5418876371054184e-7
1245	1.5525807092735246e-7
1246	1.4777763507649707e-7
1247	1.4108028410712496e-7
1248	1.5029434506817132e-7
1249	1.6773468596925142e-7
1250	1.4170001896482955e-7
1251	1.5310817474385316e-7
1252	1.592220028207722e-7
1253	1.7586072184702173e-7
1254	1.5464475790254504e-7
1255	1.558669790481007e-7
1256	1.5136860286158568e-7
1257	1.6249115591078957e-7
1258	1.46423588905172e-7
1259	1.3648616046203346e-7
1260	1.2325738638480056e-7
1261	1.3487345053408475e-7
1262	1.4135018378753135e-7
1263	1.3933934677739796e-7
1264	1.203203037826519e-7
1265	1.3007248932462586e-7
1266	1.30903729630388e-7
1267	1.3215389778009398e-7
1268	1.3597902009038958e-7
1269	1.3157158169769955e-7
1270	1.346294083092068e-7
1271	1.325897446518769e-7
1272	1.3113842800042228e-7
1273	1.3195796535330213e-7
1274	1.3915963772217454e-7
1275	1.3712683400642134e-7
1276	1.4900961448959752e-7
1277	1.3823888942240532e-7
1278	1.4251585385568727e-7
1279	1.2933199442540958e-7
1280	1.3177908678267258e-7
1281	1.4543991000915873e-7
1282	1.4635877572432987e-7
1283	1.3102096193305185e-7
1284	1.2354077238137018e-7
1285	1.3534809602842754e-7
1286	1.1959030320754805e-7
1287	1.2501905643433248e-7
1288	1.284011003199851e-7
1289	1.3094958565272488e-7
1290	1.3707176180101156e-7
1291	1.2940164628728326e-7
1292	1.2212194740957358e-7
1293	1.2508457299903607e-7
1294	1.2988416147892193e-7
1295	1.2206121131851038e-7
1296	1.3014894483972254e-7
1297	1.2048631414089465e-7
1298	1.213384877173335e-7
1299	1.1585797810797297e-7
1300	1.1388554809216488e-7
1301	1.1223985889469178e-7
1302	1.1856458441117817e-7
1303	1.236333835554869e-7
1304	1.2291487352963893e-7
1305	1.3956932536167813e-7
1306	1.3657416633966583e-7
1307	1.1709011104866522e-7
1308	1.2417722345013954e-7
1309	1.0648389042687181e-7
1310	1.0832879480821638e-7
1311	1.116220427390664e-7
1312	1.1304912356504265e-7
1313	1.0387396557323575e-7
1314	1.040237684973033e-7
1315	1.0553553094996353e-7
1316	1.0714872144323008e-7
1317	1.1107099087823041e-7
1318	1.0807618082414597e-7
1319	1.0826221918876726e-7
1320	1.097489143072322e-7
1321	1.0995464400759258e-7
1322	1.1374931349865849e-7
1323	1.0861806780184093e-7
1324	1.0983578338903445e-7
1325	1.0950037105949438e-7
1326	1.1410778360985321e-7
1327	1.1299053208812043e-7
1328	1.1693566921860983e-7
1329	9.584054756206033e-8
1330	9.635437443498401e-8
1331	1.1121168513508628e-7
1332	1.087641204138041e-7
1333	1.1579723478929124e-7
1334	1.1611928236363737e-7
1335	1.1287684415523128e-7
1336	1.1729559573166412e-7
1337	1.1570879397960881e-7
1338	1.1257376989268144e-7
1339	1.1095776375569727e-7
1340	1.0791445816643663e-7
1341	1.148361383464713e-7
1342	1.19926881836671e-7
1343	1.010380935146363e-7
1344	1.048529943440299e-7
1345	1.089592272103611e-7
1346	1.0533176019128395e-7
1347	1.0514939112121976e-7
1348	1.0187349147316675e-7
1349	1.0026716577325914e-7
1350	9.260327652154577e-8
1351	9.976778755490315e-8
1352	1.0670494104830397e-7
1353	9.951657128838618e-8
1354	9.701058689204507e-8
1355	9.985730728479042e-8
1356	9.916539616544424e-8
1357	1.0155648902168011e-7
1358	1.0706995350265677e-7
1359	1.0118291974414193e-7
1360	1.0201932072475231e-7
1361	1.0221508505814399e-7
1362	9.484374438974135e-8
1363	9.805929046766708e-8
1364	1.005237197669165e-7
1365	1.032741825990484e-7
1366	9.738590582485881e-8
1367	9.771591793557296e-8
1368	1.00862501004566e-7
1369	1.0515871323949295e-7
1370	9.818405290353354e-8
1371	9.872638596248108e-8
1372	9.790357955032725e-8
1373	1.0185177116802264e-7
1374	9.710498934352665e-8
1375	8.675040317602368e-8
1376	8.421286662505121e-8
1377	8.915468053545176e-8
1378	1.0370706011286303e-7
1379	9.625637824369824e-8
1380	9.792919511152143e-8
1381	9.451234878566048e-8
1382	9.663630449789774e-8
1383	9.86824259941607e-8
1384	9.543960356196013e-8
1385	9.874061453278331e-8
1386	9.725944681041615e-8
1387	9.385458067998613e-8
1388	9.072313700587773e-8
1389	1.0987439811280168e-7
1390	9.265661668185872e-8
1391	9.355555306191362e-8
1392	9.06881360976351e-8
1393	9.670878286350166e-8
1394	9.550145737267964e-8
1395	9.906619581271835e-8
1396	9.739903968634908e-8
1397	9.331942950894888e-8
1398	1.0653598716440131e-7
1399	9.277213153507847e-8
1400	9.406172370181861e-8
1401	8.97483030658544e-8
1402	9.115810960946669e-8
1403	8.770217614864502e-8
1404	8.860158881832185e-8
1405	9.56609470479702e-8
1406	8.63821279837912e-8
1407	8.707833006968494e-8
1408	8.783762243052907e-8
1409	9.018297511189653e-8
1410	9.089527910181989e-8
1411	9.316080709178117e-8
1412	9.071425686700162e-8
1413	9.314489378365377e-8
1414	8.706029801483914e-8
1415	8.919457432103605e-8
1416	8.70196870671042e-8
1417	8.368716064496577e-8
1418	8.487527911625487e-8
1419	8.308292346103419e-8
1420	8.752560613255809e-8
1421	8.510094892164224e-8
1422	8.597108313491748e-8
1423	8.377613414631834e-8
1424	8.674194400451639e-8
1425	8.326922547486389e-8
1426	8.555880872294328e-8
1427	8.487208773147671e-8
1428	8.579496944129893e-8
1429	8.530883384865972e-8
1430	8.383515782544529e-8
1431	8.496108968132168e-8
1432	8.890697542024876e-8
1433	8.541998257496775e-8
1434	9.046946845156748e-8
1435	8.682698088351976e-8
1436	9.151929268124873e-8
1437	8.485759779322829e-8
1438	7.742993873183362e-8
1439	8.104067542555417e-8
1440	8.197365162222948e-8
1441	8.097857543827566e-8
1442	8.261808353993924e-8
1443	8.293234979351338e-8
1444	8.113086900264761e-8
1445	7.940702067238747e-8
1446	8.24523621433524e-8
1447	8.466881852639443e-8
1448	8.030545565552884e-8
1449	7.356642827353704e-8
1450	8.45947586870631e-8
1451	7.583660308367827e-8
1452	8.331094984998163e-8
1453	8.148679347767234e-8
1454	8.207253236079147e-8
1455	8.656851845786558e-8
1456	7.676124306582119e-8
1457	7.647935907729872e-8
1458	6.851227750804127e-8
1459	7.619096147131311e-8
1460	7.936913337070293e-8
1461	7.401474374092342e-8
1462	8.101947532547505e-8
1463	8.083094707378137e-8
1464	7.52122276184496e-8
1465	7.638335941943499e-8
1466	7.653657264740732e-8
1467	7.543182048731773e-8
1468	7.981687950985668e-8
1469	7.994560996189861e-8
1470	8.328914938833615e-8
1471	7.759567029460252e-8
1472	8.043643329772314e-8
1473	8.082443847195131e-8
1474	8.380109453766869e-8
1475	8.239278256306545e-8
1476	8.527084933003836e-8
1477	8.457827094405773e-8
1478	7.941236645790309e-8
1479	8.03667570708441e-8
1480	7.715965398002589e-8
1481	7.841793999768629e-8
1482	7.911027706813032e-8
1483	7.756445720281878e-8
1484	7.515275033124633e-8
1485	7.308786103522082e-8
1486	7.643581136637064e-8
1487	7.85004975627878e-8
1488	7.649978774662022e-8
1489	7.848353830562612e-8
1490	7.591404326669948e-8
1491	7.577293418009988e-8
1492	7.769842326174424e-8
1493	7.885818169361965e-8
1494	7.734693293615285e-8
1495	7.642857288848203e-8
1496	7.313181213002278e-8
1497	7.684025781225515e-8
1498	7.483580075466275e-8
1499	7.395203818578848e-8
1500	7.472448500292736e-8
1501	8.307096552124496e-8
1502	7.889903443350367e-8
1503	7.685489919435152e-8
1504	7.30728611518363e-8
1505	7.279090003430808e-8
1506	7.420325740949371e-8
1507	7.436006802102858e-8
1508	7.460690967077491e-8
1509	7.865349292045476e-8
1510	7.38513961269326e-8
1511	7.026301507042854e-8
1512	7.115903936587088e-8
1513	7.07730312881286e-8
1514	7.186720620801673e-8
1515	7.303598304086198e-8
1516	7.337941160789286e-8
1517	7.375710331414152e-8
1518	7.200152806653648e-8
1519	7.397530067265663e-8
1520	7.281320843591737e-8
1521	7.281516920947183e-8
1522	7.452136961779857e-8
1523	7.129574814853799e-8
1524	7.183759288431689e-8
1525	7.128074250966059e-8
1526	7.180580620877835e-8
1527	6.959514601864768e-8
1528	6.9858889010512e-8
1529	7.597548960529466e-8
1530	7.112698661792078e-8
1531	7.335809528931423e-8
1532	6.62300519289999e-8
1533	7.065200794902989e-8
1534	6.985747634869735e-8
1535	6.971499300079945e-8
1536	7.100818814552634e-8
1537	6.726769681660808e-8
1538	6.745119910678482e-8
1539	6.78213338188056e-8
1540	7.14627700160919e-8
1541	7.189432617287715e-8
1542	6.800888132522976e-8
1543	6.775588613350929e-8
1544	6.963113900842266e-8
1545	6.701569463031807e-8
1546	6.83327665947778e-8
1547	6.787532746307524e-8
1548	6.998039633262829e-8
1549	6.485229691050506e-8
1550	7.014575437827145e-8
1551	6.822627847321029e-8
1552	6.874052801391297e-8
1553	6.951502087592239e-8
1554	6.690967294116627e-8
1555	6.760625243039773e-8
1556	6.744463078125216e-8
1557	6.804041464925206e-8
1558	6.773899473440394e-8
1559	6.592550233293822e-8
1560	6.548394677874984e-8
1561	6.57055062944351e-8
1562	6.795452635545231e-8
1563	6.736241641110645e-8
1564	6.658537107032513e-8
1565	6.669530904429086e-8
1566	6.586872173676571e-8
1567	6.728927263820103e-8
1568	6.663178868998985e-8
1569	6.693312497477193e-8
1570	6.953591975291212e-8
1571	6.561827646800462e-8
1572	6.648343832855513e-8
1573	6.566432573472525e-8
1574	6.549708759109651e-8
1575	6.586026536703404e-8
1576	6.691759070067329e-8
1577	6.689256943742554e-8
1578	6.632796954267748e-8
1579	6.435812399786231e-8
1580	6.588363425288215e-8
1581	6.533271585630464e-8
1582	6.415000116015795e-8
1583	6.65036927862764e-8
1584	6.681181012296984e-8
1585	6.706593725606998e-8
1586	6.467839355730214e-8
1587	6.469008902874578e-8
1588	6.557259381132586e-8
1589	6.53175390403733e-8
1590	6.623168868221237e-8
1591	6.65216343386967e-8
1592	6.600633663031273e-8
1593	6.430550224030511e-8
1594	6.54463421691883e-8
1595	6.431205415716777e-8
1596	6.37398118285787e-8
1597	6.488856875010559e-8
1598	6.325009720507686e-8
1599	6.378462449152149e-8
1600	6.332063683156755e-8
1601	6.279493715476136e-8
1602	6.288807101341435e-8
1603	6.334118666606433e-8
1604	6.256601633613601e-8
1605	6.183755569755617e-8
1606	6.358417785932567e-8
1607	6.348778175418865e-8
1608	6.391363943071737e-8
1609	6.322274129455335e-8
1610	6.274159856190206e-8
1611	6.364635287328696e-8
1612	6.287488198333778e-8
1613	6.149878950080057e-8
1614	6.248659516136096e-8
1615	6.213162615887679e-8
1616	6.243021450384155e-8
1617	6.233028282635247e-8
1618	6.36586519275745e-8
1619	6.19619673861567e-8
1620	6.065440739089147e-8
1621	6.103494561836079e-8
1622	6.138364900741617e-8
1623	6.141537765122927e-8
1624	6.172924588918383e-8
1625	6.16186659778522e-8
1626	6.051470255548435e-8
1627	6.122540091953286e-8
1628	6.138753184402411e-8
1629	6.138828863709e-8
1630	6.11604452155421e-8
1631	6.146209509965296e-8
1632	6.093806656891806e-8
1633	6.088837217556868e-8
1634	6.149828574572883e-8
1635	6.112496731397505e-8
1636	6.060099862820264e-8
1637	6.07175073527052e-8
1638	6.040590523182402e-8
1639	6.077723288639618e-8
1640	6.119084295063588e-8
1641	6.076023304330613e-8
1642	6.150273905189023e-8
1643	6.097604544591455e-8
1644	5.986259376391783e-8
1645	6.005098377063214e-8
1646	5.998821074956454e-8
1647	5.9528410601501535e-8
1648	5.939278977572048e-8
1649	6.056883270995396e-8
1650	5.995578069289535e-8
1651	5.8533731412326146e-8
1652	5.841939846788282e-8
1653	5.866637777074808e-8
1654	5.852857109119005e-8
1655	5.950438950840334e-8
1656	5.96346082656868e-8
1657	5.968590546380613e-8
1658	5.929185041982585e-8
1659	5.864508699760878e-8
1660	5.8788731059910655e-8
1661	5.945787251006476e-8
1662	5.810313285763163e-8
1663	5.849341377039747e-8
1664	5.8185408766561494e-8
1665	5.888484136680041e-8
1666	5.801414219828985e-8
1667	5.8429067183529565e-8
1668	5.783906422369772e-8
1669	5.874606875136704e-8
1670	5.84609420627815e-8
1671	5.8317032748936985e-8
1672	5.8073058502631235e-8
1673	5.848303436877385e-8
1674	5.7479882192151566e-8
1675	5.7864687953482e-8
1676	5.771389703942954e-8
1677	5.7929612353319735e-8
1678	5.7863903652937855e-8
1679	5.7679000327647e-8
1680	5.7206585231540646e-8
1681	5.70757444425023e-8
1682	5.707999193912269e-8
1683	5.715490172663311e-8
1684	5.743163431938894e-8
1685	5.6016439099869335e-8
1686	5.612977679772493e-8
1687	5.6404947254181406e-8
1688	5.697614616974183e-8
1689	5.6648678857583494e-8
1690	5.654315077611587e-8
1691	5.689389450991393e-8
1692	5.6912368945828764e-8
1693	5.635052398724572e-8
1694	5.661839034872923e-8
1695	5.639627802496709e-8
1696	5.657489391196603e-8
1697	5.586482132033803e-8
1698	5.6082061968552286e-8
1699	5.6195067357328875e-8
1700	5.6048521432307376e-8
1701	5.621198461349312e-8
1702	5.578560252685551e-8
1703	5.578426256694465e-8
1704	5.592599053876542e-8
1705	5.578130849555808e-8
1706	5.535312247521545e-8
1707	5.55808662165947e-8
1708	5.537331282475657e-8
1709	5.543778954657327e-8
1710	5.5632172006297895e-8
1711	5.507375909992806e-8
1712	5.565030101118065e-8
1713	5.394692149444817e-8
1714	5.5600068534417085e-8
1715	5.50770618771502e-8
1716	5.4919112588213057e-8
1717	5.50715595857849e-8
1718	5.470495805629506e-8
1719	5.4768652662451975e-8
1720	5.478604095873494e-8
1721	5.48806748523437e-8
1722	5.4954640299261104e-8
1723	5.4756057897044796e-8
1724	5.467361363103363e-8
1725	5.432326526278296e-8
1726	5.392268147334631e-8
1727	5.4008246580254403e-8
1728	5.404092227436739e-8
1729	5.361595471815826e-8
1730	5.371139196512612e-8
1731	5.39422380111801e-8
1732	5.3667299080754506e-8
1733	5.3748149298216965e-8
1734	5.369017631912038e-8
1735	5.367520781247526e-8
1736	5.363603560479603e-8
1737	5.353548833099375e-8
1738	5.370361806127578e-8
1739	5.363637687355063e-8
1740	5.3513013618390166e-8
1741	5.308448104160674e-8
1742	5.316674041645071e-8
1743	5.3271867348483585e-8
1744	5.311400452674986e-8
1745	5.318778107645689e-8
1746	5.327424437215185e-8
1747	5.288380439531787e-8
1748	5.285192559205962e-8
1749	5.289161834451046e-8
1750	5.279962275890953e-8
1751	5.2648974142083314e-8
1752	5.272708631381882e-8
1753	5.2376068198304985e-8
1754	5.253749454464751e-8
1755	5.2400737913707086e-8
1756	5.2302977860679844e-8
1757	5.213985710055557e-8
1758	5.220589335203349e-8
1759	5.2116219223723896e-8
1760	5.215951269325634e-8
1761	5.2097433500198726e-8
1762	5.210699722499204e-8
1763	5.19481407494592e-8
1764	5.190880268338622e-8
1765	5.18989446591231e-8
1766	5.1882915306557004e-8
1767	5.16600365354098e-8
1768	5.15884384387821e-8
1769	5.155502758294167e-8
1770	5.1318255210569944e-8
1771	5.146126166712545e-8
1772	5.159258263310762e-8
1773	5.162008841706859e-8
1774	5.156741639805989e-8
1775	5.119773056239369e-8
1776	5.1187151673983605e-8
1777	5.1056907269832244e-8
1778	5.106392277207245e-8
1779	5.0983315515184244e-8
1780	5.0963295368604707e-8
1781	5.099478095594171e-8
1782	5.076165715710304e-8
1783	5.073417836445761e-8
1784	5.0639281551178965e-8
1785	5.06118453165517e-8
1786	5.060185191894216e-8
1787	5.0543583561503675e-8
1788	5.0442413725033043e-8
1789	5.0329778242704675e-8
1790	5.029931391227631e-8
1791	5.024382603053183e-8
1792	5.019337915181857e-8
1793	5.01523587638853e-8
1794	5.0037281555713243e-8
1795	5.000479678416907e-8
1796	5.000072113345482e-8
1797	4.994027923302313e-8
1798	4.979978728030912e-8
1799	4.977125733013761e-8
1800	4.97308633916133e-8
1801	4.970525460897745e-8
1802	4.969867843745104e-8
1803	4.951775798539247e-8
1804	4.9497318569051675e-8
1805	4.941592595617785e-8
1806	4.935123682209149e-8
1807	4.936595929975353e-8
1808	4.924282729798556e-8
1809	4.91637147772152e-8
1810	4.910655776107947e-8
1811	4.9086932436484e-8
1812	4.9025147421358506e-8
1813	4.89232070522335e-8
1814	4.887811415008631e-8
1815	4.889162878015574e-8
1816	4.884631366028484e-8
1817	4.877162597764399e-8
1818	4.871799120490008e-8
1819	4.862612193081229e-8
1820	4.863177920613369e-8
1821	4.8554693741024225e-8
1822	4.8439913714275724e-8
1823	4.836066925648391e-8
1824	4.8336928989064995e-8
1825	4.8279934222911965e-8
1826	4.82078468626386e-8
1827	4.817984595059761e-8
1828	4.816020007528885e-8
1829	4.806751640324576e-8
1830	4.8030773033023974e-8
1831	4.798146183129399e-8
1832	4.794107574219826e-8
1833	4.7898566196220177e-8
1834	4.7840015245378085e-8
1835	4.7757612493993174e-8
1836	4.7704175770506784e-8
1837	4.7660319377589775e-8
1838	4.75576183190045e-8
1839	4.751381025801066e-8
1840	4.746824993637812e-8
1841	4.742155504660232e-8
1842	4.737885835652561e-8
1843	4.732957758560586e-8
1844	4.7274578287840803e-8
1845	4.7201961808170704e-8
1846	4.714669905004899e-8
1847	4.712368861165533e-8
1848	4.709202011746465e-8
1849	4.699330059482818e-8
1850	4.693606606685677e-8
1851	4.688416455776332e-8
1852	4.683510709306826e-8
1853	4.677373108538309e-8
1854	4.671681795390865e-8
1855	4.6681314485396976e-8
1856	4.663104922342448e-8
1857	4.655147385415478e-8
1858	4.649385656461289e-8
1859	4.64747464440749e-8
1860	4.6436903509769124e-8
1861	4.6339791212766556e-8
1862	4.628845530779206e-8
1863	4.623605294012857e-8
1864	4.618214675207208e-8
1865	4.611119243808177e-8
1866	4.6080646329005755e-8
1867	4.6036504276259986e-8
1868	4.597489905671233e-8
1869	4.5914600212877944e-8
1870	4.584594377956967e-8
1871	4.5807194329299077e-8
1872	4.576145710267371e-8
1873	4.57100737267676e-8
1874	4.565766045213329e-8
1875	4.5605897151156115e-8
1876	4.5555434906513976e-8
1877	4.5506859912491756e-8
1878	4.546328987014481e-8
1879	4.540604589448669e-8
1880	4.5348833042008626e-8
1881	4.5299043635388065e-8
1882	4.522532169620391e-8
1883	4.5185173959421484e-8
1884	4.51403837893639e-8
1885	4.5083872909303277e-8
1886	4.5032981634248696e-8
1887	4.498192202404816e-8
1888	4.4933308433699605e-8
1889	4.488316409582983e-8
1890	4.48318174707332e-8
1891	4.479043823549302e-8
1892	4.4727139838210704e-8
1893	4.46591838248974e-8
1894	4.461751932509913e-8
1895	4.4581504504616526e-8
1896	4.453323938384382e-8
1897	4.448281313301735e-8
1898	4.4429385826553855e-8
1899	4.437521271221389e-8
1900	4.433285329038109e-8
1901	4.4285009027458944e-8
1902	4.423054700323393e-8
1903	4.4180106599117484e-8
1904	4.412343936581325e-8
1905	4.408093118225604e-8
1906	4.4031618641130253e-8
1907	4.397980408114056e-8
1908	4.39309515534787e-8
1909	4.386047231256246e-8
1910	4.38326408714578e-8
1911	4.376317421264085e-8
1912	4.371894232513992e-8
1913	4.367272684498382e-8
1914	4.362493553159395e-8
1915	4.358227550672295e-8
1916	4.35276027138658e-8
1917	4.3492351855514314e-8
1918	4.34249901086638e-8
1919	4.338568570054516e-8
1920	4.332755955425488e-8
1921	4.328203479701431e-8
1922	4.322343404657763e-8
1923	4.318715384381783e-8
1924	4.3140619807983904e-8
1925	4.3092679319647326e-8
1926	4.303693931135919e-8
1927	4.299672684992937e-8
1928	4.2949277987774574e-8
1929	4.289920805070287e-8
1930	4.284861204341647e-8
1931	4.280419508954945e-8
1932	4.275310806075464e-8
1933	4.270797808184252e-8
1934	4.2661290039391843e-8
1935	4.2612639400945024e-8
1936	4.256194210061307e-8
1937	4.25180416190124e-8
1938	4.247064165394254e-8
1939	4.242314875554676e-8
1940	4.2376224517506195e-8
1941	4.232615583464644e-8
1942	4.227535588234208e-8
1943	4.223093228992828e-8
1944	4.218291581693047e-8
1945	4.213658097762263e-8
1946	4.2084904649757894e-8
1947	4.203575430131032e-8
1948	4.2003209115233796e-8
1949	4.195432231952269e-8
1950	4.190639323583172e-8
1951	4.185856747513022e-8
1952	4.1812596921797755e-8
1953	4.176544501252238e-8
1954	4.171861415240949e-8
1955	4.1670119608926775e-8
1956	4.162790984163028e-8
1957	4.157849355983095e-8
1958	4.153302543652824e-8
1959	4.148986316126559e-8
1960	4.144154973792379e-8
1961	4.139830075687472e-8
1962	4.135201069035645e-8
1963	4.130472331372694e-8
1964	4.125900598651255e-8
1965	4.121465873660504e-8
1966	4.1170678102410256e-8
1967	4.112261780824193e-8
1968	4.107837020573388e-8
1969	4.103143734115776e-8
1970	4.0988839630716835e-8
1971	4.0940048805011765e-8
1972	4.0895445739862014e-8
1973	4.0849756148795644e-8
1974	4.0808099358443597e-8
1975	4.075996744366668e-8
1976	4.071568619920081e-8
1977	4.06686551829391e-8
1978	4.0625423775232916e-8
1979	4.0580564745431826e-8
1980	4.053664420194147e-8
1981	4.0495661161070934e-8
1982	4.0449575268029536e-8
1983	4.04000317086738e-8
1984	4.0355779807101055e-8
1985	4.031361602409086e-8
1986	4.0267613898485804e-8
1987	4.022387992544862e-8
1988	4.017936184660818e-8
1989	4.013294836790877e-8
1990	4.009158308519357e-8
1991	4.004912001658584e-8
1992	4.000354433863732e-8
1993	3.99609422174428e-8
1994	3.991759626601332e-8
1995	3.9870974674505794e-8
1996	3.982774950879033e-8
1997	3.978887466259512e-8
1998	3.974187522742087e-8
1999	3.96994877607348e-8
2000	3.965589647493813e-8
2001	3.96109858775623e-8