1	2.1063233616851184e-8
11	2.2893167038785966e-7
21	4.233335461634509e-7
31	5.944942845285607e-7
41	7.363987477426538e-7
51	8.48522152779286e-7
61	9.314110842140432e-7
71	9.875020278763446e-7
81	1.0217967675194477e-6
91	1.03893231237976e-6
101	1.0423668008851685e-6
111	1.0350711931198758e-6
121	1.021477052375245e-6
131	1.0021939514795889e-6
141	9.803726439668008e-7
151	9.55756381851136e-7
161	9.300140028469949e-7
171	9.036987957516046e-7
181	8.771188805846727e-7
191	8.509143041272716e-7
201	8.249261409459719e-7
211	7.995105765906833e-7
221	7.74831824328586e-7
231	7.500757010667264e-7
241	7.260112639522743e-7
251	7.020682329461099e-7
261	6.780428351834938e-7
271	6.534810200186187e-7
281	6.277713929035083e-7
291	5.999797118673407e-7
301	5.687441948185541e-7
311	5.316124706434999e-7
321	4.848354514700794e-7
331	4.2124865746341897e-7
341	3.2625581408007004e-7
351	1.6789613769114914e-7
361	0.
371	0.
381	2.0588014294990207e-6
391	5.1964890887769905e-6
401	5.054393099009686e-6
411	3.695351585006108e-6
421	2.6973856842361345e-6
431	2.0617927678387456e-6
441	1.6442331496181176e-6
451	1.3564922116837558e-6
461	1.146436993693261e-6
471	9.947503638091505e-7
481	8.692268709212679e-7
491	7.466307998720714e-7
501	6.936692487347029e-7
511	6.259167680448681e-7
521	5.754179745899444e-7
531	5.275964204472882e-7
541	4.823674882392181e-7
551	4.5022454069209847e-7
561	4.198705650545667e-7
571	3.9352083924890346e-7
581	3.709402103598359e-7
591	3.488750841343471e-7
601	3.2933414992993647e-7
611	3.118281786322374e-7
621	2.871834958091714e-7
631	2.842556320184738e-7
641	2.6503982914933086e-7
651	2.566208799724468e-7
661	2.470545820831432e-7
671	2.358577657872267e-7
681	2.2501584067637864e-7
691	2.1477171895306302e-7
701	2.0989490604697617e-7
711	2.0459808862244996e-7
721	1.9747383095698847e-7
731	1.8884786506233362e-7
741	1.8189339275306898e-7
751	1.766700075004838e-7
761	1.7099533974558594e-7
771	1.675592941255941e-7
781	1.6227372825350228e-7
791	1.573239359007669e-7
801	1.523041540999171e-7
811	1.4910878555357423e-7
821	1.477129582820732e-7
831	1.4427297858477673e-7
841	1.4670263790477798e-7
851	1.3819231382968536e-7
861	1.3786196349538568e-7
871	1.306541166349048e-7
881	1.297572162818667e-7
891	1.2649074638233945e-7
901	1.24446109584192e-7
911	1.236053261645874e-7
921	1.222436554499642e-7
931	1.1948485866531392e-7
941	1.2024373851508947e-7
951	1.1166531272454416e-7
961	1.1570688244827514e-7
971	1.1448906494214935e-7
981	1.1049251038521357e-7
991	1.109505389249318e-7
1001	1.0868114133324138e-7
1011	1.1032901260922238e-7
1021	1.0110755689913864e-7
1031	1.0515021842673358e-7
1041	1.0426575515733722e-7
1051	1.0335629574285438e-7
1061	1.016011699052061e-7
1071	1.0014648623336486e-7
1081	9.954926073278786e-8
1091	9.805780014167895e-8
1101	9.710063779501783e-8
1111	9.577650035540267e-8
1121	9.458160158032137e-8
1131	9.336079654016385e-8
1141	9.231331805915404e-8
1151	9.133569427477841e-8
1161	9.020382854233604e-8
1171	8.900803035590155e-8
1181	8.79899606251801e-8
1191	8.688235673331088e-8
1201	8.591171740091225e-8
1211	8.470820758817844e-8
1221	8.369086561193119e-8
1231	8.256456405973183e-8
1241	8.148889654262473e-8
1251	8.047746597185678e-8
1261	7.940296985394789e-8
1271	7.840485152334531e-8
1281	7.741588631377326e-8
1291	7.637250342825512e-8
1301	7.541020640536063e-8
1311	7.442376049342488e-8
1321	7.345087546731406e-8
1331	7.249025058925634e-8
1341	7.157872314714528e-8
1351	7.065300118660432e-8
1361	6.974885367491542e-8
1371	6.885753182524792e-8
1381	6.798103509920194e-8
1391	6.710305773118562e-8
1401	6.624862629123439e-8
1411	6.539972463762865e-8
1421	6.455709708112334e-8
1431	6.374593461317354e-8
1441	6.29353202338177e-8
1451	6.213317216204178e-8
1461	6.135126790318839e-8
1471	6.057995251976157e-8
1481	5.981601436694585e-8
1491	5.9064046140100924e-8
1501	5.832655372601608e-8
1511	5.760034272400116e-8
1521	5.6878407613078366e-8
1531	5.6173293161287865e-8
1541	5.547900841111824e-8
1551	5.479013243631912e-8
1561	5.4116329413816294e-8
1571	5.344978919955547e-8
1581	5.279406897131066e-8
1591	5.214739033974525e-8
1601	5.151303121934814e-8
1611	5.0888279740146626e-8
1621	5.026850073626762e-8
1631	4.966210079716218e-8
1641	4.9066881314678805e-8
1651	4.847349127405367e-8
1661	4.7892175738820904e-8
1671	4.732196131551259e-8
1681	4.6759944190720716e-8
1691	4.620075434901412e-8
1701	4.5655149365533725e-8
1711	4.511755665432892e-8
1721	4.458785477654455e-8
1731	4.4063592483253524e-8
1741	4.3546496041171e-8
1751	4.3039779786015724e-8
1761	4.2540461941152046e-8
1771	4.204842066286886e-8
1781	4.1559825415470716e-8
1791	4.1081146960651435e-8
1801	4.061037711785953e-8
1811	4.014669740202867e-8
1821	3.9689471957104436e-8
1831	3.923507355583461e-8
1841	3.879082240319135e-8
1851	3.8352907338559644e-8
1861	3.792123216589188e-8
1871	3.749305736098889e-8
1881	3.7073604164369064e-8
1891	3.666010688750278e-8
1901	3.6252088379183955e-8
1911	3.584943105888572e-8
1921	3.545284050625585e-8
1931	3.5061634902476226e-8
1941	3.467607110443912e-8
1951	3.4294392193750556e-8
1961	3.391974003440917e-8
1971	3.354828124966637e-8
1981	3.3183840160784836e-8
1991	3.282460979831009e-8
2001	3.247034003289966e-8