1	3.067619904132715e-9
2	6.1230942395941365e-9
3	9.154290707810045e-9
4	1.2149103342212926e-8
5	1.509546851043531e-8
6	1.798137373354166e-8
7	2.0794868654339072e-8
8	2.3524081668461566e-8
9	2.615723236979115e-8
10	2.8682629652548995e-8
11	3.108868526606529e-8
12	3.3363935263030136e-8
13	3.5497022835878454e-8
14	3.7476719461897156e-8
15	3.9291917243289325e-8
16	4.093163785065624e-8
17	4.2385026486545486e-8
18	4.3641351240259125e-8
19	4.468999935394637e-8
20	4.5520452004112343e-8
21	4.612231313968334e-8
22	4.6485252068995575e-8
23	4.6599003053278846e-8
24	4.6453352777109966e-8
25	4.603811871153267e-8
26	4.5343080225912895e-8
27	4.4357998545254225e-8
28	4.3072513815683376e-8
29	4.14761541115178e-8
30	3.955821749906734e-8
31	3.730772625106599e-8
32	3.471329964567453e-8
33	3.176301844211942e-8
34	2.8444215569502866e-8
35	2.474309577967188e-8
36	2.0643914918581736e-8
37	1.6126336087247685e-8
38	1.1150710601252493e-8
39	5.413020658458862e-9
40	0.
41	0.
42	0.
43	0.
44	0.
45	0.
46	0.
47	0.
48	0.
49	0.
50	0.
51	0.
52	0.
53	0.
54	0.
55	0.
56	0.
57	0.
58	0.
59	0.
60	0.
61	0.
62	0.
63	0.
64	0.
65	0.
66	0.
67	0.
68	0.
69	0.
70	0.
71	0.
72	0.
73	0.
74	0.
75	0.
76	0.
77	0.
78	0.
79	0.
80	0.
81	0.
82	0.
83	0.
84	0.
85	0.
86	0.
87	0.
88	0.
89	0.
90	0.
91	0.
92	0.
93	0.
94	0.
95	0.
96	0.
97	0.
98	0.
99	0.
100	0.
101	0.
102	0.
103	0.
104	0.
105	0.
106	0.
107	0.
108	0.
109	0.
110	0.
111	0.
112	0.
113	0.
114	0.
115	1.4248117241254565e-8
116	1.8514005060628993e-7
117	2.6578441227776154e-7
118	3.3138646511158483e-7
119	3.8911756206724216e-7
120	4.4226411209910363e-7
121	4.930159321020619e-7
122	5.415438124880242e-7
123	5.881079185079307e-7
124	6.338073151501036e-7
125	6.789297004043255e-7
126	7.231634605401259e-7
127	7.672684077743901e-7
128	8.115167901065026e-7
129	8.549459247499908e-7
130	8.980314017968332e-7
131	9.421501404743894e-7
132	9.853294112546856e-7
133	1.028189270537414e-6
134	1.0718984507338771e-6
135	1.115435925645096e-6
136	1.1587154054958276e-6
137	1.2018815317681006e-6
138	1.2456575449442748e-6
139	1.2896239675825117e-6
140	1.3334712866463146e-6
141	1.3767602500651488e-6
142	1.4211796696703102e-6
143	1.46465351911448e-6
144	1.508590519337301e-6
145	1.552550301542592e-6
146	1.5960201501331312e-6
147	1.6399674380500097e-6
148	1.6833954427720191e-6
149	1.7261432008665275e-6
150	1.770503852878929e-6
151	1.8135399141709988e-6
152	1.856113583175118e-6
153	1.8985069507629157e-6
154	1.9409535806802703e-6
155	1.9836282918374947e-6
156	2.0246550111951062e-6
157	2.0662773492224282e-6
158	2.107903108208047e-6
159	2.1466862929201145e-6
160	2.1891575789793e-6
161	2.2256527920465686e-6
162	2.2674526721353124e-6
163	2.302804695210421e-6
164	2.3428216582437077e-6
165	2.3776345727855807e-6
166	2.4148704556442457e-6
167	2.4498312917532142e-6
168	2.484371078073075e-6
169	2.517665660448232e-6
170	2.5518098022165584e-6
171	2.581336410447419e-6
172	2.6158574708097244e-6
173	2.6414297960456126e-6
174	2.673944886037692e-6
175	2.7007061082177425e-6
176	2.724724370575152e-6
177	2.7562497022193765e-6
178	2.7776171831805553e-6
179	2.7986948250160955e-6
180	2.826796664658811e-6
181	2.845639351641316e-6
182	2.862856602361275e-6
183	2.886713877308536e-6
184	2.902770095148695e-6
185	2.9173262459921536e-6
186	2.9368763564117033e-6
187	2.9480038198489963e-6
188	2.9627598459510873e-6
189	2.974412614093749e-6
190	2.985312833279314e-6
191	2.9943026565238308e-6
192	3.0035695790311643e-6
193	3.0117337283142364e-6
194	3.0146457526009384e-6
195	3.0215993354963116e-6
196	3.0305410038516783e-6
197	3.027249914904254e-6
198	3.0276113421013427e-6
199	3.031681349040484e-6
200	3.036945661305501e-6
201	3.0298049088638413e-6
202	3.0252642924587045e-6
203	3.0228041387678126e-6
204	3.0230504673410823e-6
205	3.022197822890337e-6
206	3.0098265343526468e-6
207	3.001540963403428e-6
208	2.993657785818582e-6
209	2.988497422049976e-6
210	2.985549410215604e-6
211	2.97150690816039e-6
212	2.957880392212054e-6
213	2.94600669065399e-6
214	2.935655061893207e-6
215	2.927559528934948e-6
216	2.913761774894789e-6
217	2.8974983003528044e-6
218	2.8827449438775596e-6
219	2.870080569673988e-6
220	2.8578578631056626e-6
221	2.8409317893319965e-6
222	2.8244634136417985e-6
223	2.807865164694357e-6
224	2.7926910087363083e-6
225	2.775436210394342e-6
226	2.758108844468726e-6
227	2.740806262004497e-6
228	2.7228254054516872e-6
229	2.7046613318010807e-6
230	2.686359386774935e-6
231	2.6678526145245075e-6
232	2.650020556833028e-6
233	2.6307194984729843e-6
234	2.611520489763986e-6
235	2.592404628064838e-6
236	2.5736324769884136e-6
237	2.554253626490553e-6
238	2.534316339987145e-6
239	2.5145666936384814e-6
240	2.4954826955076168e-6
241	2.475820091115112e-6
242	2.4560143978643005e-6
243	2.435931993695909e-6
244	2.4164717278267636e-6
245	2.396538747078252e-6
246	2.3772764330538582e-6
247	2.357767205548489e-6
248	2.337737148653069e-6
249	2.3181973741581937e-6
250	2.298661303919367e-6
251	2.2790864732322444e-6
252	2.2597939752742432e-6
253	2.240100917135175e-6
254	2.2207318692082723e-6
255	2.2013592216437476e-6
256	2.182537381810213e-6
257	2.1633928254985615e-6
258	2.144147819840032e-6
259	2.12553969511961e-6
260	2.106590460922609e-6
261	2.08824012078832e-6
262	2.070046639101235e-6
263	2.0510478144084803e-6
264	2.0330003103992654e-6
265	2.014531799877121e-6
266	1.9964730664074277e-6
267	1.9790098516812553e-6
268	1.9614718561973173e-6
269	1.9439042620502737e-6
270	1.9261877241485707e-6
271	1.908388391663218e-6
272	1.8914431461773238e-6
273	1.874440887402592e-6
274	1.8575599080371435e-6
275	1.8410268590617821e-6
276	1.824090501934421e-6
277	1.8070177020373432e-6
278	1.7908808613767035e-6
279	1.7750940435829751e-6
280	1.7595720355694922e-6
281	1.7437201943190292e-6
282	1.7278011167351884e-6
283	1.712233194573975e-6
284	1.6969619300915873e-6
285	1.6814210034314328e-6
286	1.6654817766183753e-6
287	1.6514357492356939e-6
288	1.6357280140726757e-6
289	1.6214319645077907e-6
290	1.607583214138947e-6
291	1.5930424573571802e-6
292	1.5791568899663e-6
293	1.5649830638941694e-6
294	1.5511020410301145e-6
295	1.5370256635622773e-6
296	1.523290931887359e-6
297	1.50892497291547e-6
298	1.4949984823393765e-6
299	1.4808813252064249e-6
300	1.468900924297864e-6
301	1.4564014240736436e-6
302	1.4438883427918347e-6
303	1.4315412940426566e-6
304	1.4192219913863427e-6
305	1.4067889083485892e-6
306	1.394513176207114e-6
307	1.3819284494577366e-6
308	1.3697648846354082e-6
309	1.3576736551854748e-6
310	1.3456845131150137e-6
311	1.3334233492564512e-6
312	1.3221651513259187e-6
313	1.3106855310706056e-6
314	1.2990103227155452e-6
315	1.2884165101629795e-6
316	1.2776902294410213e-6
317	1.2670531218722836e-6
318	1.2561984284770315e-6
319	1.245524960464934e-6
320	1.2349985570314925e-6
321	1.2244734081901993e-6
322	1.2139826687786685e-6
323	1.203550034491497e-6
324	1.1931926862365225e-6
325	1.182737446358376e-6
326	1.1723529209514595e-6
327	1.1617130729312892e-6
328	1.1515417267559522e-6
329	1.1429400076548266e-6
330	1.133912104786744e-6
331	1.124774707169694e-6
332	1.1156545147141016e-6
333	1.1064646918789238e-6
334	1.097443708065466e-6
335	1.088478456038742e-6
336	1.0794834637768612e-6
337	1.0704873968285862e-6
338	1.061512728385567e-6
339	1.0525707599931224e-6
340	1.043653835984569e-6
341	1.0352063041956602e-6
342	1.0263478744124263e-6
343	1.0176759553365473e-6
344	1.0100760317733212e-6
345	1.002077146333448e-6
346	9.94243273422662e-7
347	9.86283972104256e-7
348	9.783713226429228e-7
349	9.70766121599236e-7
350	9.629149291533464e-7
351	9.551390774210702e-7
352	9.472184832187946e-7
353	9.393630525451964e-7
354	9.319779437234845e-7
355	9.24659750386254e-7
356	9.175482963960594e-7
357	9.103506543871999e-7
358	9.033296197627338e-7
359	8.961906162271057e-7
360	8.889603334190193e-7
361	8.819709887882267e-7
362	8.751212014376343e-7
363	8.682761927992141e-7
364	8.616239148043667e-7
365	8.550041589664993e-7
366	8.484014446049125e-7
367	8.418844137264172e-7
368	8.351803505638249e-7
369	8.286736374047426e-7
370	8.22313219640399e-7
371	8.16011519633566e-7
372	8.097044006526696e-7
373	8.037764780706312e-7
374	7.977490793644108e-7
375	7.917369834745743e-7
376	7.858895611008063e-7
377	7.798752210109001e-7
378	7.73864066856772e-7
379	7.680864528490874e-7
380	7.621180006360969e-7
381	7.56375960425633e-7
382	7.504381255321669e-7
383	7.445059976441529e-7
384	7.392278226066305e-7
385	7.333132581210074e-7
386	7.277472531901438e-7
387	7.225631697872858e-7
388	7.171591845663087e-7
389	7.121707684843338e-7
390	7.069985942301522e-7
391	7.018625046597718e-7
392	6.968061346801477e-7
393	6.916447012841333e-7
394	6.866854368076125e-7
395	6.815839616044625e-7
396	6.766777554044457e-7
397	6.716554990109732e-7
398	6.668053119770649e-7
399	6.61874460659844e-7
400	6.569900089818575e-7
401	6.521330023352438e-7
402	6.47354235376885e-7
403	6.426983035922083e-7
404	6.37933522258232e-7
405	6.333204072629915e-7
406	6.28580064463168e-7
407	6.239935170773249e-7
408	6.192591553442897e-7
409	6.14638429784363e-7
410	6.097753993738167e-7
411	6.05313207873916e-7
412	6.012602405555711e-7
413	5.971908118740619e-7
414	5.929823551995676e-7
415	5.88792578082362e-7
416	5.846128787276884e-7
417	5.805988879952966e-7
418	5.765360692340901e-7
419	5.725695623047983e-7
420	5.685155133966807e-7
421	5.645857295591057e-7
422	5.605613086642452e-7
423	5.566743948448217e-7
424	5.528098672555564e-7
425	5.48853771495891e-7
426	5.450360286799057e-7
427	5.411351154594405e-7
428	5.371531747046972e-7
429	5.333581016646016e-7
430	5.296744107266562e-7
431	5.259411179359664e-7
432	5.222979253372739e-7
433	5.186190120905508e-7
434	5.14961986393595e-7
435	5.113820329571031e-7
436	5.077587271217899e-7
437	5.042195852721673e-7
438	5.006199487968115e-7
439	4.971205074906987e-7
440	4.935546886587263e-7
441	4.900841752809449e-7
442	4.86632328816621e-7
443	4.831031223199742e-7
444	4.796666567084968e-7
445	4.762250465288485e-7
446	4.7267732747295124e-7
447	4.691324434260992e-7
448	4.655605798158811e-7
449	4.6259808840348274e-7
450	4.596069536253508e-7
451	4.564822459086827e-7
452	4.539271944759258e-7
453	4.5070935935133656e-7
454	4.47489253823314e-7
455	4.442090630058279e-7
456	4.4084894071325685e-7
457	4.383184882981524e-7
458	4.3539764711811756e-7
459	4.3253042763637753e-7
460	4.2966692491679243e-7
461	4.2674811981488666e-7
462	4.2390419574881e-7
463	4.210732844481804e-7
464	4.1819331987746264e-7
465	4.153918238410931e-7
466	4.1260567259336734e-7
467	4.097778912587777e-7
468	4.070246246400284e-7
469	4.0428758175716713e-7
470	4.0151873505385115e-7
471	3.988156032076331e-7
472	3.9612886218186495e-7
473	3.9342313844469175e-7
474	3.9077030355208526e-7
475	3.8810476641259543e-7
476	3.854772145163874e-7
477	3.8285368045733397e-7
478	3.80266539624704e-7
479	3.7766349227362856e-7
480	3.7510876073295633e-7
481	3.7252932752769375e-7
482	3.700053700452167e-7
483	3.674962083599023e-7
484	3.649605416452863e-7
485	3.624770373347972e-7
486	3.600084263298021e-7
487	3.575505896207978e-7
488	3.550616829308128e-7
489	3.526208284827521e-7
490	3.501811344031855e-7
491	3.477219408947821e-7
492	3.4556603581695487e-7
493	3.4358688593404615e-7
494	3.412612416015496e-7
495	3.383285763255239e-7
496	3.3611247900868855e-7
497	3.3387293098038087e-7
498	3.3159098879974395e-7
499	3.2929897534489075e-7
500	3.269179081877136e-7
501	3.2465315759614645e-7
502	3.227857673119962e-7
503	3.208285605513816e-7
504	3.1882531255000697e-7
505	3.1680512088056997e-7
506	3.147931651283856e-7
507	3.127834720207902e-7
508	3.107567420219969e-7
509	3.087618179881768e-7
510	3.067759407352821e-7
511	3.047835120727504e-7
512	3.0281204794504055e-7
513	3.008594608840079e-7
514	2.989188008107941e-7
515	2.969669143362023e-7
516	2.95051234836353e-7
517	2.931480119232837e-7
518	2.912576800705988e-7
519	2.893680606823848e-7
520	2.8749402936089643e-7
521	2.8564211484930575e-7
522	2.838027231786983e-7
523	2.819593118216705e-7
524	2.8014583238358755e-7
525	2.7834470735718047e-7
526	2.765561600008179e-7
527	2.747681590220251e-7
528	2.7300424312275065e-7
529	2.712454855892082e-7
530	2.6950283602672716e-7
531	2.677713722841364e-7
532	2.6604675379337844e-7
533	2.643382517915602e-7
534	2.6288025147328844e-7
535	2.6122318441700985e-7
536	2.595786907380662e-7
537	2.579470226241499e-7
538	2.5631680135861617e-7
539	2.5471083540887275e-7
540	2.5311766775675865e-7
541	2.515372944918951e-7
542	2.499575026665941e-7
543	2.481733076267838e-7
544	2.466644627825276e-7
545	2.451627253639219e-7
546	2.436699968054989e-7
547	2.421764874047014e-7
548	2.407037511390572e-7
549	2.392418297695332e-7
550	2.3779078144980834e-7
551	2.363478389073624e-7
552	2.3491315465033867e-7
553	2.3349571224667966e-7
554	2.3208964873037457e-7
555	2.3069491828432478e-7
556	2.2930464933666574e-7
557	2.2793257770376133e-7
558	2.2657177190938618e-7
559	2.252218958048607e-7
560	2.2387845593614192e-7
561	2.225507692761901e-7
562	2.2123342669478255e-7
563	2.1992407210804763e-7
564	2.1862661053452703e-7
565	2.1733860211667857e-7
566	2.1605916892386944e-7
567	2.147887416791164e-7
568	2.135258065793248e-7
569	2.1226458815481085e-7
570	2.1100738849496268e-7
571	2.0974289673829305e-7
572	2.084508603757701e-7
573	2.0713454199771776e-7
574	2.0611855818825827e-7
575	2.0507784837622253e-7
576	2.0400807434259744e-7
577	2.0292995876176038e-7
578	2.0184970076082788e-7
579	2.007743184330249e-7
580	1.9970546822835924e-7
581	1.9864356223407786e-7
582	1.9758916066378135e-7
583	1.9654258455588402e-7
584	1.9550194632938058e-7
585	1.9447144269941282e-7
586	1.9344870632675e-7
587	1.9243303484886826e-7
588	1.9142294760577758e-7
589	1.9041552311981145e-7
590	1.895877137488211e-7
591	1.8863893878400008e-7
592	1.8769996490473574e-7
593	1.8677062668519335e-7
594	1.8585092165486086e-7
595	1.8494029291461865e-7
596	1.8390598678336977e-7
597	1.8303194252413872e-7
598	1.8216422516184715e-7
599	1.8130347120905396e-7
600	1.8045121368308335e-7
601	1.7960747109981348e-7
602	1.7877224269403573e-7
603	1.7794607742378566e-7
604	1.771291610717795e-7
605	1.7632120835060676e-7
606	1.7552250408352142e-7
607	1.747332365118202e-7
608	1.7395305164247674e-7
609	1.7318215431239054e-7
610	1.724208035816391e-7
611	1.716684358523288e-7
612	1.709253264974798e-7
613	1.701914956974639e-7
614	1.694667529263678e-7
615	1.687515634621468e-7
616	1.6804516618103904e-7
617	1.6734769354064874e-7
618	1.666593431454819e-7
619	1.6597991317584532e-7
620	1.653096228148907e-7
621	1.6464840686618724e-7
622	1.6399555055402402e-7
623	1.6335141164338405e-7
624	1.627160442312945e-7
625	1.6208919651997575e-7
626	1.6147094210941006e-7
627	1.6086218121710288e-7
628	1.6026082140321221e-7
629	1.596679110995379e-7
630	1.5908334053781252e-7
631	1.5850685131607103e-7
632	1.5793863013482322e-7
633	1.5737877235752339e-7
634	1.5682718239805657e-7
635	1.562829643586364e-7
636	1.5574647189609067e-7
637	1.5521777686288084e-7
638	1.546967426017334e-7
639	1.5418318216829787e-7
640	1.5367804490473964e-7
641	1.5317930142571916e-7
642	1.5268773403489676e-7
643	1.5220329268297585e-7
644	1.5172575449870576e-7
645	1.512552370289446e-7
646	1.5079117174404528e-7
647	1.5033305807550735e-7
648	1.4988108754041148e-7
649	1.4930082960538457e-7
650	1.489360750831625e-7
651	1.4846204158797182e-7
652	1.480752073138669e-7
653	1.4762334356907233e-7
654	1.4727959945080846e-7
655	1.469275780775348e-7
656	1.465735224884099e-7
657	1.4622066921406215e-7
658	1.4587106347229248e-7
659	1.4552494673229465e-7
660	1.4507418642818726e-7
661	1.447228684755263e-7
662	1.4437396273611267e-7
663	1.4402700977017908e-7
664	1.4368133758725938e-7
665	1.4333304763290592e-7
666	1.4297650506530206e-7
667	1.425955722888915e-7
668	1.4228061441395027e-7
669	1.4206536580351467e-7
670	1.4182272074976254e-7
671	1.4156996831801506e-7
672	1.413144532856908e-7
673	1.410591623089908e-7
674	1.4080585730106328e-7
675	1.4055539570846323e-7
676	1.4030827118827255e-7
677	1.4006479633810266e-7
678	1.3982529123460837e-7
679	1.3958961771981583e-7
680	1.3935819752849636e-7
681	1.3913098641339195e-7
682	1.3890790831268361e-7
683	1.386890535228116e-7
684	1.38474516663598e-7
685	1.382640356741484e-7
686	1.38057734768711e-7
687	1.378550995414718e-7
688	1.3765697559652254e-7
689	1.3746292113194002e-7
690	1.372729104980906e-7
691	1.3708679243877506e-7
692	1.3690460642651594e-7
693	1.3672627929413096e-7
694	1.3655079505461289e-7
695	1.3637993155594626e-7
696	1.362127208510624e-7
697	1.3604910702885526e-7
698	1.3588909479948807e-7
699	1.357325143258687e-7
700	1.3557936244993396e-7
701	1.3542859636022266e-7
702	1.3528202777823442e-7
703	1.3513872606796557e-7
704	1.3499861592853343e-7
705	1.348607757259924e-7
706	1.3472673671249927e-7
707	1.3459565961788116e-7
708	1.3446710058174186e-7
709	1.343413786462746e-7
710	1.3421870048578784e-7
711	1.3409772673440618e-7
712	1.3398027637935195e-7
713	1.3386529646036855e-7
714	1.3375276100050134e-7
715	1.3364257111556855e-7
716	1.3353277423282504e-7
717	1.33426851476412e-7
718	1.3332300270768453e-7
719	1.332881793141019e-7
720	1.33193653110973e-7
721	1.3310137362175103e-7
722	1.330111537633186e-7
723	1.329202091208194e-7
724	1.3283405866192915e-7
725	1.3274982977835441e-7
726	1.3266751559373396e-7
727	1.3258708047349888e-7
728	1.3250839671937385e-7
729	1.324314774047297e-7
730	1.3235624079423065e-7
731	1.3228090818927415e-7
732	1.3220668311044336e-7
733	1.3213607382019578e-7
734	1.3206694525591285e-7
735	1.3199926437986812e-7
736	1.31932904893278e-7
737	1.3186788150029553e-7
738	1.317412769082361e-7
739	1.31684498452823e-7
740	1.3162846406927558e-7
741	1.315683355639458e-7
742	1.3151368776441491e-7
743	1.3145983435204579e-7
744	1.3140670791201107e-7
745	1.3135433316168182e-7
746	1.3130268296020103e-7
747	1.3125169477492328e-7
748	1.3120139494225026e-7
749	1.3115173257850001e-7
750	1.3110093892681698e-7
751	1.3104961143527212e-7
752	1.3100051986111966e-7
753	1.3095291812155864e-7
754	1.309057885731723e-7
755	1.308591125313862e-7
756	1.308127690797977e-7
757	1.3076679855589793e-7
758	1.3072109547464245e-7
759	1.306756450373392e-7
760	1.306248293602133e-7
761	1.305796707683393e-7
762	1.3053462248074372e-7
763	1.3048965249724996e-7
764	1.3044468646479985e-7
765	1.3039965518402682e-7
766	1.3035452118744025e-7
767	1.3030882066529318e-7
768	1.3025877491170812e-7
769	1.3021273420775647e-7
770	1.3016619792615035e-7
771	1.3011901846926593e-7
772	1.30070993343711e-7
773	1.3002086168552012e-7
774	1.2996802495268437e-7
775	1.2991518953296537e-7
776	1.2985853393056863e-7
777	1.2979649113539045e-7
778	1.2972328359394614e-7
779	1.2963131566588713e-7
780	1.2961522389597036e-7
781	1.2961181830020257e-7
782	1.295947899678095e-7
783	1.2957006723242679e-7
784	1.2954094238778072e-7
785	1.295089417865958e-7
786	1.2947238626268951e-7
787	1.2943320998020191e-7
788	1.2939604884487023e-7
789	1.293577439651309e-7
790	1.2931837447451987e-7
791	1.292780621980621e-7
792	1.2923687503176207e-7
793	1.2919481213647153e-7
794	1.2915196321690927e-7
795	1.291001182141061e-7
796	1.2905559390255807e-7
797	1.2901029705527595e-7
798	1.28964212615102e-7
799	1.2891734356322822e-7
800	1.288696889935398e-7
801	1.288212127498233e-7
802	1.287719153463707e-7
803	1.2872177619052263e-7
804	1.286707375305783e-7
805	1.2863736643013097e-7
806	1.285845682460829e-7
807	1.2853286629988804e-7
808	1.284835575609647e-7
809	1.284334972977383e-7
810	1.28382695122908e-7
811	1.2833115022364867e-7
812	1.282788521824381e-7
813	1.2822581126096426e-7
814	1.2817203208352973e-7
815	1.2811749410980101e-7
816	1.28062208910296e-7
817	1.279942548290731e-7
818	1.2793798349585505e-7
819	1.2788036487451117e-7
820	1.2782201166513612e-7
821	1.2776288280600852e-7
822	1.277030082550133e-7
823	1.2764238881227075e-7
824	1.275810008250407e-7
825	1.2751885944617229e-7
826	1.274559778081831e-7
827	1.273923114245097e-7
828	1.2732790117810088e-7
829	1.2725621237289197e-7
830	1.2718498947732458e-7
831	1.2711822989443796e-7
832	1.2705070365201907e-7
833	1.2698242118526724e-7
834	1.26913389041033e-7
835	1.2684359202474773e-7
836	1.2677301929934836e-7
837	1.267017166266362e-7
838	1.2662964368795576e-7
839	1.2655681833782886e-7
840	1.2648324457625694e-7
841	1.2639789076536723e-7
842	1.2630831269270385e-7
843	1.262337150717141e-7
844	1.261583284056095e-7
845	1.2608216123856964e-7
846	1.2600521963317504e-7
847	1.25927495460063e-7
848	1.2584901266902314e-7
849	1.2576976040078854e-7
850	1.2568974568284616e-7
851	1.256000796217899e-7
852	1.2551851273671564e-7
853	1.2543619621176873e-7
854	1.2535314253827836e-7
855	1.252693405792793e-7
856	1.2518480060076514e-7
857	1.2509953014100686e-7
858	1.2500787960257507e-7
859	1.2492111779123747e-7
860	1.2483362730526299e-7
861	1.247433039828379e-7
862	1.2465435676047853e-7
863	1.2456256187274053e-7
864	1.244721572060114e-7
865	1.243810352721612e-7
866	1.2428918521875708e-7
867	1.2419080335347305e-7
868	1.2409748728171733e-7
869	1.2400343757695533e-7
870	1.2390865996965927e-7
871	1.2381314307839021e-7
872	1.2371687555502654e-7
873	1.2361985131437856e-7
874	1.235124377157828e-7
875	1.234138024950127e-7
876	1.2331434426079156e-7
877	1.2321401867157353e-7
878	1.231127769707662e-7
879	1.2301053865434678e-7
880	1.229071849707912e-7
881	1.228025408638974e-7
882	1.2269631393260252e-7
883	1.2258795583704747e-7
884	1.2247635367972814e-7
885	1.2234596709623045e-7
886	1.2222062853454645e-7
887	1.2213651129259615e-7
888	1.220495749878291e-7
889	1.2195571739802755e-7
890	1.218582965174582e-7
891	1.2175861870340392e-7
892	1.2165730197092305e-7
893	1.2155468780969643e-7
894	1.2145097574225363e-7
895	1.2134630352522601e-7
896	1.2124076510292069e-7
897	1.211103054520418e-7
898	1.209980742466132e-7
899	1.2089317048942273e-7
900	1.2078746640345763e-7
901	1.206810173664969e-7
902	1.2057386193714545e-7
903	1.2046603337415055e-7
904	1.2035756459465718e-7
905	1.202484774448561e-7
906	1.2013879833404192e-7
907	1.2002854527522272e-7
908	1.199177344391448e-7
909	1.1980638365895693e-7
910	1.1969451055092493e-7
911	1.1958212239923888e-7
912	1.1947005961712904e-7
913	1.1934007441421408e-7
914	1.1922618269636086e-7
915	1.1911182514352129e-7
916	1.1899701207032637e-7
917	1.1888174897023886e-7
918	1.1876604694196943e-7
919	1.1864991386469058e-7
920	1.1853335625039342e-7
921	1.1841638304280507e-7
922	1.1829899972800957e-7
923	1.1818121306537016e-7
924	1.1806303135348635e-7
925	1.1794445714287097e-7
926	1.1782068938519124e-7
927	1.1770134278480595e-7
928	1.1757387188715708e-7
929	1.1745084047478141e-7
930	1.1733036223525027e-7
931	1.1720952341778338e-7
932	1.1708832786692228e-7
933	1.169667778997561e-7
934	1.1684487582632011e-7
935	1.1672262523730565e-7
936	1.1660002586349032e-7
937	1.1647707792451838e-7
938	1.1635378374920534e-7
939	1.1623013768374701e-7
940	1.1610613780877209e-7
941	1.1598178029236901e-7
942	1.1584321736836321e-7
943	1.1571808788858427e-7
944	1.1559256298672207e-7
945	1.1546661554482966e-7
946	1.1534021208203914e-7
947	1.1521330090849615e-7
948	1.1508579957490727e-7
949	1.1495758175208011e-7
950	1.1482842362264908e-7
951	1.1469789263557066e-7
952	1.1456500928264435e-7
953	1.1442725249863172e-7
954	1.1429716423493075e-7
955	1.1417353336066601e-7
956	1.1405435305350337e-7
957	1.139324652527306e-7
958	1.1380907104028599e-7
959	1.1368468470888915e-7
960	1.1355956906334846e-7
961	1.134338754684622e-7
962	1.1330770035976329e-7
963	1.1317900167350082e-7
964	1.1304746389586639e-7
965	1.129201520642247e-7
966	1.1279252608691729e-7
967	1.1266460399127931e-7
968	1.125339310118398e-7
969	1.1240545144683282e-7
970	1.122742365323121e-7
971	1.121452259095752e-7
972	1.1201595300518092e-7
973	1.1188641401144486e-7
974	1.1175536386934552e-7
975	1.116219193695621e-7
976	1.1148939968838138e-7
977	1.1135864321652256e-7
978	1.1122749530477396e-7
979	1.1109587597029791e-7
980	1.1096365443388832e-7
981	1.1083059548102165e-7
982	1.1069620941086087e-7
983	1.1055934117892169e-7
984	1.1040775401519643e-7
985	1.1028251321305427e-7
986	1.101621402909207e-7
987	1.1003782284165029e-7
988	1.0991164010653331e-7
989	1.0978438881057088e-7
990	1.0965640659321009e-7
991	1.0952800401214645e-7
992	1.0939916432434404e-7
993	1.0926996746059008e-7
994	1.0914064215711141e-7
995	1.0901100781984836e-7
996	1.0888121315228113e-7
997	1.0875126409646663e-7
998	1.0860718629046924e-7
999	1.0847691967071074e-7
1000	1.0834653339671865e-7
1001	1.0821616866296108e-7
1002	1.0808547024522712e-7
1003	1.0795479151146912e-7
1004	1.0782411153194084e-7
1005	1.0769323836878074e-7
1006	1.0756259396598143e-7
1007	1.0743194542843059e-7
1008	1.0730000772415064e-7
1009	1.0716848756239675e-7
1010	1.0703743536710389e-7
1011	1.0690630804732006e-7
1012	1.0677503674101421e-7
1013	1.0664084304309264e-7
1014	1.065096093772378e-7
1015	1.0637023347246535e-7
1016	1.062339499754018e-7
1017	1.0610271562051871e-7
1018	1.0597111014212556e-7
1019	1.058393977339991e-7
1020	1.0570800370026344e-7
1021	1.0557666162907082e-7
1022	1.0544504422728822e-7
1023	1.053135936101942e-7
1024	1.0518201239423826e-7
1025	1.050503956671343e-7
1026	1.0491893859695038e-7
1027	1.0478729122591627e-7
1028	1.0465582210113535e-7
1029	1.0452401157025602e-7
1030	1.0439253604713906e-7
1031	1.0426095392026389e-7
1032	1.0412922892029394e-7
1033	1.0398094361069736e-7
1034	1.0384981151868464e-7
1035	1.0372570292464176e-7
1036	1.0359538262076967e-7
1037	1.0346175499024463e-7
1038	1.0333140745783688e-7
1039	1.0320084305452355e-7
1040	1.0307040877007075e-7
1041	1.029401168523198e-7
1042	1.0280464552461364e-7
1043	1.026741910263176e-7
1044	1.0254363620506885e-7
1045	1.0241340517301146e-7
1046	1.0228197239981667e-7
1047	1.0215295306305901e-7
1048	1.0202337693559788e-7
1049	1.0189346339389646e-7
1050	1.0175565626235816e-7
1051	1.0162561138754696e-7
1052	1.0149482117205565e-7
1053	1.0136518370223949e-7
1054	1.0123533614905345e-7
1055	1.0110465718202826e-7
1056	1.0097561536264498e-7
1057	1.0084571190639468e-7
1058	1.0067780345670686e-7
1059	1.0054683549724949e-7
1060	1.0041595255115837e-7
1061	1.0028619598013361e-7
1062	1.0015685716872362e-7
1063	1.0002643225397477e-7
1064	9.989503978207213e-8
1065	9.976428626935665e-8
1066	9.963183780630503e-8
1067	9.949647044183918e-8
1068	9.93586592796949e-8
1069	9.923144694122441e-8
1070	9.911372177775246e-8
1071	9.898848033055299e-8
1072	9.88539789617734e-8
1073	9.872971664531512e-8
1074	9.860468814056327e-8
1075	9.847774408701396e-8
1076	9.83533343433441e-8
1077	9.822785934233632e-8
1078	9.810159313125824e-8
1079	9.797350911049755e-8
1080	9.784866486165486e-8
1081	9.77247712091804e-8
1082	9.759578412053674e-8
1083	9.747089508882132e-8
1084	9.734106237955596e-8
1085	9.721659906210781e-8
1086	9.709261796109477e-8
1087	9.696358703248089e-8
1088	9.682729008566968e-8
1089	9.670207758526741e-8
1090	9.657555412961072e-8
1091	9.64503454353089e-8
1092	9.632394735784016e-8
1093	9.619813125469979e-8
1094	9.607219900586373e-8
1095	9.594711260197047e-8
1096	9.58210634227036e-8
1097	9.569447469665388e-8
1098	9.557082366485453e-8
1099	9.543828590206372e-8
1100	9.531622781639747e-8
1101	9.519427670700902e-8
1102	9.506630846268187e-8
1103	9.493978315117424e-8
1104	9.481313508693159e-8
1105	9.468703226619673e-8
1106	9.45612034881733e-8
1107	9.44367072910535e-8
1108	9.431101253995003e-8
1109	9.418636679921897e-8
1110	9.406198772019211e-8
1111	9.393783733880055e-8
1112	9.382152109027165e-8
1113	9.368674496819767e-8
1114	9.35599051378806e-8
1115	9.3440091580214e-8
1116	9.331553409445413e-8
1117	9.31900552223186e-8
1118	9.306653398544813e-8
1119	9.294378996884657e-8
1120	9.281732708394451e-8
1121	9.269728683551614e-8
1122	9.257456756495677e-8
1123	9.245246719064253e-8
1124	9.23302258597166e-8
1125	9.220664683754045e-8
1126	9.207592008204488e-8
1127	9.195020683112847e-8
1128	9.183034171811211e-8
1129	9.170812861630388e-8
1130	9.158325958557781e-8
1131	9.146606892462479e-8
1132	9.134371694359702e-8
1133	9.122155388135278e-8
1134	9.11001815325546e-8
1135	9.097962452977896e-8
1136	9.085828371978047e-8
1137	9.073648686089646e-8
1138	9.061663183125379e-8
1139	9.04955204230235e-8
1140	9.037126107833248e-8
1141	9.025390735881792e-8
1142	9.013486615875943e-8
1143	9.00153581007944e-8
1144	8.988446918300829e-8
1145	8.976048211130817e-8
1146	8.964199139590748e-8
1147	8.952212257475653e-8
1148	8.940228582183141e-8
1149	8.928354574449917e-8
1150	8.916210386971992e-8
1151	8.904465183931082e-8
1152	8.892601389054238e-8
1153	8.880679780582546e-8
1154	8.868790550570221e-8
1155	8.857016549415767e-8
1156	8.84515064140737e-8
1157	8.833413656491211e-8
1158	8.821427123108337e-8
1159	8.809185815744023e-8
1160	8.79781661469036e-8
1161	8.786050615154731e-8
1162	8.774362249027041e-8
1163	8.762503840698878e-8
1164	8.750787553921653e-8
1165	8.738458983995301e-8
1166	8.726120664345331e-8
1167	8.714371932658854e-8
1168	8.702655502301078e-8
1169	8.690872427570677e-8
1170	8.679310154108218e-8
1171	8.667708505186198e-8
1172	8.65606509082519e-8
1173	8.644432951079211e-8
1174	8.632826983105571e-8
1175	8.621245880165535e-8
1176	8.609725098569211e-8
1177	8.59810029303906e-8
1178	8.586396086957667e-8
1179	8.574986066059751e-8
1180	8.563474165671003e-8
1181	8.55198751411091e-8
1182	8.540543798000793e-8
1183	8.529978476482197e-8
1184	8.518542527799866e-8
1185	8.507073246656059e-8
1186	8.495700936965105e-8
1187	8.484259626573404e-8
1188	8.472832535469487e-8
1189	8.461492135832608e-8
1190	8.450217088314545e-8
1191	8.437490408144969e-8
1192	8.42614178714137e-8
1193	8.414807069953082e-8
1194	8.403498736561852e-8
1195	8.39226927727047e-8
1196	8.381040078438811e-8
1197	8.369762597259081e-8
1198	8.358499231531966e-8
1199	8.347259944359111e-8
1200	8.336082840192401e-8
1201	8.32484301559594e-8
1202	8.313699564494703e-8
1203	8.302588219065682e-8
1204	8.291411761853604e-8
1205	8.280288904572493e-8
1206	8.269176019724184e-8
1207	8.25801656802161e-8
1208	8.247004637559102e-8
1209	8.235825123844963e-8
1210	8.223926479438931e-8
1211	8.21290154339406e-8
1212	8.201941709008004e-8
1213	8.191017762417783e-8
1214	8.179641197859234e-8
1215	8.168720191306435e-8
1216	8.157863672668491e-8
1217	8.146279717351318e-8
1218	8.135415255886548e-8
1219	8.124273238601297e-8
1220	8.113436410943532e-8
1221	8.102495949980492e-8
1222	8.091678305990924e-8
1223	8.080867875843795e-8
1224	8.07014234918559e-8
1225	8.059272328419382e-8
1226	8.048506972923962e-8
1227	8.037631716291124e-8
1228	8.026910101505965e-8
1229	8.016164082571058e-8
1230	8.00547448071625e-8
1231	7.99470003398351e-8
1232	7.984031246822873e-8
1233	7.973309002155168e-8
1234	7.96263721760412e-8
1235	7.951976993544991e-8
1236	7.94129373025631e-8
1237	7.930653189378049e-8
1238	7.920039024306854e-8
1239	7.909428284549273e-8
1240	7.89883189163215e-8
1241	7.887122968595001e-8
1242	7.876645410333966e-8
1243	7.866073088699471e-8
1244	7.855538962141884e-8
1245	7.845013576012887e-8
1246	7.834502456353807e-8
1247	7.824005928769562e-8
1248	7.813510644879317e-8
1249	7.803054953179549e-8
1250	7.792569794701867e-8
1251	7.782147408884341e-8
1252	7.771692239812603e-8
1253	7.761302563609761e-8
1254	7.750908853084002e-8
1255	7.740541730079175e-8
1256	7.730129461167791e-8
1257	7.719857182348889e-8
1258	7.709454752747008e-8
1259	7.699091081612799e-8
1260	7.688740982891679e-8
1261	7.67842973519206e-8
1262	7.668071099662676e-8
1263	7.65740773548623e-8
1264	7.64683087631138e-8
1265	7.63651417862795e-8
1266	7.626327062341559e-8
1267	7.616071927442789e-8
1268	7.60586942666445e-8
1269	7.595663171430518e-8
1270	7.585449741991509e-8
1271	7.575179561143278e-8
1272	7.564993781906012e-8
1273	7.554821346207086e-8
1274	7.544699309013815e-8
1275	7.534488506749988e-8
1276	7.524305006322289e-8
1277	7.51396604582623e-8
1278	7.503521768284337e-8
1279	7.493161263094916e-8
1280	7.482568425318727e-8
1281	7.472260200166213e-8
1282	7.462960773916447e-8
1283	7.453398821339327e-8
1284	7.443723405812749e-8
1285	7.434009474950576e-8
1286	7.42417104625493e-8
1287	7.414329369349086e-8
1288	7.404514684388842e-8
1289	7.394817325084623e-8
1290	7.384828341615489e-8
1291	7.375051517653098e-8
1292	7.365273475723097e-8
1293	7.355553085576536e-8
1294	7.34583662144508e-8
1295	7.336121130048649e-8
1296	7.326411372381156e-8
1297	7.316622081347228e-8
1298	7.306678484586162e-8
1299	7.296995117332265e-8
1300	7.287185231173279e-8
1301	7.277542500347373e-8
1302	7.26788837112793e-8
1303	7.258269224335792e-8
1304	7.248631252531551e-8
1305	7.239018961347384e-8
1306	7.229432012492963e-8
1307	7.219838775614405e-8
1308	7.210291562710161e-8
1309	7.200731556813398e-8
1310	7.19119400028929e-8
1311	7.181646222565803e-8
1312	7.17213539003598e-8
1313	7.162636736999969e-8
1314	7.152486848065599e-8
1315	7.143022931992013e-8
1316	7.133505084140014e-8
1317	7.124045477812717e-8
1318	7.11460744506516e-8
1319	7.10518158451213e-8
1320	7.095786682091786e-8
1321	7.086384293852165e-8
1322	7.077006664714893e-8
1323	7.0676348321194e-8
1324	7.058271896857573e-8
1325	7.048929262833885e-8
1326	7.039603433798966e-8
1327	7.030283480843414e-8
1328	7.020984899521175e-8
1329	7.011686720476435e-8
1330	7.002424579300138e-8
1331	6.993165853303595e-8
1332	6.983910632454063e-8
1333	6.974681092515901e-8
1334	6.96545463402669e-8
1335	6.956253354643976e-8
1336	6.947055388002073e-8
1337	6.937876263565339e-8
1338	6.928315214521851e-8
1339	6.918683948655754e-8
1340	6.90953490634797e-8
1341	6.900401815294424e-8
1342	6.891293632409361e-8
1343	6.882190837960592e-8
1344	6.873105137788532e-8
1345	6.864031199890908e-8
1346	6.854971768446106e-8
1347	6.845924043282325e-8
1348	6.836890774285344e-8
1349	6.827877146482262e-8
1350	6.818865534096689e-8
1351	6.809878442279802e-8
1352	6.800900036674406e-8
1353	6.791929752071334e-8
1354	6.782975890134601e-8
1355	6.774039704862685e-8
1356	6.765111209226763e-8
1357	6.756194254484111e-8
1358	6.747289045335146e-8
1359	6.738403094775245e-8
1360	6.72952589025927e-8
1361	6.720669687698354e-8
1362	6.71181838559377e-8
1363	6.70297711187669e-8
1364	6.694155756504963e-8
1365	6.685159994613376e-8
1366	6.676364137549321e-8
1367	6.667574582905211e-8
1368	6.658329966631854e-8
1369	6.6495704503637e-8
1370	6.640827795368365e-8
1371	6.631801497531514e-8
1372	6.623083736417481e-8
1373	6.614368934022963e-8
1374	6.605669571952446e-8
1375	6.596979270826972e-8
1376	6.588301138855301e-8
1377	6.579625911087307e-8
1378	6.570972008738634e-8
1379	6.562925985053732e-8
1380	6.554324857704495e-8
1381	6.545741028690093e-8
1382	6.53716434257253e-8
1383	6.528607028619893e-8
1384	6.520058915615634e-8
1385	6.511523822429643e-8
1386	6.503001533613644e-8
1387	6.494488175170228e-8
1388	6.485992995360438e-8
1389	6.477510953610517e-8
1390	6.469040303786384e-8
1391	6.460024098413604e-8
1392	6.451612845064941e-8
1393	6.443209704699269e-8
1394	6.434812546361217e-8
1395	6.426426668732789e-8
1396	6.418051802882252e-8
1397	6.409685405050007e-8
1398	6.401334029206074e-8
1399	6.392990190389348e-8
1400	6.384661356816399e-8
1401	6.375835182365146e-8
1402	6.367069037221571e-8
1403	6.358821703423946e-8
1404	6.350541062293109e-8
1405	6.342272759802765e-8
1406	6.33401450513623e-8
1407	6.325768746553529e-8
1408	6.317535743899439e-8
1409	6.309313650722094e-8
1410	6.301101171369726e-8
1411	6.292907400748082e-8
1412	6.284720781947611e-8
1413	6.276548709363953e-8
1414	6.268387915272216e-8
1415	6.26023954184048e-8
1416	6.252103713061244e-8
1417	6.243977017691103e-8
1418	6.235866260451141e-8
1419	6.227765041636811e-8
1420	6.219678132309722e-8
1421	6.211601356625199e-8
1422	6.203537567742418e-8
1423	6.19548652904545e-8
1424	6.187446289323339e-8
1425	6.179419483371961e-8
1426	6.171403928587971e-8
1427	6.163400518576805e-8
1428	6.155409653508708e-8
1429	6.147431018932073e-8
1430	6.13946370311461e-8
1431	6.131509561949599e-8
1432	6.123566870465679e-8
1433	6.115636138696093e-8
1434	6.107717486081067e-8
1435	6.099763547204417e-8
1436	6.09186792042451e-8
1437	6.083571855293081e-8
1438	6.075335026029516e-8
1439	6.067477108183648e-8
1440	6.059631156892421e-8
1441	6.051797150564885e-8
1442	6.043975004078756e-8
1443	6.036164963307459e-8
1444	6.028366720949767e-8
1445	6.020580564486087e-8
1446	6.012806445610218e-8
1447	6.005042652229376e-8
1448	5.99729148858883e-8
1449	5.989552920859999e-8
1450	5.981825114160239e-8
1451	5.974109830425329e-8
1452	5.966406295190176e-8
1453	5.958714415438565e-8
1454	5.9510341991446236e-8
1455	5.943365305582401e-8
1456	5.9357087202587694e-8
1457	5.928063523205581e-8
1458	5.920430193315198e-8
1459	5.9128081412192643e-8
1460	5.905198109062396e-8
1461	5.8975991326853635e-8
1462	5.8900122458162825e-8
1463	5.8824370812518674e-8
1464	5.874873337364086e-8
1465	5.867321013380916e-8
1466	5.85978038746077e-8
1467	5.852251221018674e-8
1468	5.8447333653947304e-8
1469	5.8372274757737976e-8
1470	5.829733071216425e-8
1471	5.8215644044504013e-8
1472	5.814092954046874e-8
1473	5.806633390770629e-8
1474	5.799185094506316e-8
1475	5.791748632158929e-8
1476	5.784323450385843e-8
1477	5.7769092334836904e-8
1478	5.769506471385649e-8
1479	5.762115249433622e-8
1480	5.7547353338802335e-8
1481	5.7473668917760604e-8
1482	5.740009306021083e-8
1483	5.7326636459003135e-8
1484	5.725328616193343e-8
1485	5.718003970598499e-8
1486	5.710691987664849e-8
1487	5.703391030889309e-8
1488	5.6961011516293e-8
1489	5.688822385977413e-8
1490	5.681554563906315e-8
1491	5.674298072039044e-8
1492	5.667052568863034e-8
1493	5.6598183177030664e-8
1494	5.652595051335739e-8
1495	5.645382692305245e-8
1496	5.638181562364849e-8
1497	5.630991574952214e-8
1498	5.623812253870364e-8
1499	5.6166442301569766e-8
1500	5.6089851341706925e-8
1501	5.601839627162083e-8
1502	5.59470507758269e-8
1503	5.587581444756504e-8
1504	5.58046875199792e-8
1505	5.573366830189269e-8
1506	5.566275804658619e-8
1507	5.559195763570928e-8
1508	5.5521267799471254e-8
1509	5.5450684417057923e-8
1510	5.538020614134215e-8
1511	5.530983836087246e-8
1512	5.523957858873126e-8
1513	5.5169426277302334e-8
1514	5.509938276425317e-8
1515	5.502944410535948e-8
1516	5.49596132957474e-8
1517	5.488989123128584e-8
1518	5.4820275510483486e-8
1519	5.4750766561757475e-8
1520	5.468136351350779e-8
1521	5.461206687162502e-8
1522	5.453991050959962e-8
1523	5.447082952895519e-8
1524	5.440185586774445e-8
1525	5.4332985932332255e-8
1526	5.426422235301655e-8
1527	5.419556461013161e-8
1528	5.4127012042959396e-8
1529	5.405856488962435e-8
1530	5.399022115205561e-8
1531	5.392198311516925e-8
1532	5.3853849073983095e-8
1533	5.378474760176573e-8
1534	5.371682443436701e-8
1535	5.364900432783377e-8
1536	5.358129023029756e-8
1537	5.35126148011293e-8
1538	5.344510774340746e-8
1539	5.337770480878436e-8
1540	5.331040304710352e-8
1541	5.324320747491269e-8
1542	5.317611080492817e-8
1543	5.310912253377303e-8
1544	5.304223183796199e-8
1545	5.29754454001996e-8
1546	5.290876113745108e-8
1547	5.284217903346623e-8
1548	5.277569887034637e-8
1549	5.270650799225864e-8
1550	5.26402354838113e-8
1551	5.2574063651734104e-8
1552	5.250799277521768e-8
1553	5.2442024151465864e-8
1554	5.237615599828833e-8
1555	5.231038895247836e-8
1556	5.2244720919438375e-8
1557	5.217915631690594e-8
1558	5.21136909561493e-8
1559	5.2048325165545024e-8
1560	5.19830601225234e-8
1561	5.191789498360054e-8
1562	5.185282958446257e-8
1563	5.178786328343608e-8
1564	5.172299463640937e-8
1565	5.165822760106352e-8
1566	5.159355978166606e-8
1567	5.1528990514096974e-8
1568	5.1464520057865205e-8
1569	5.1400148003928146e-8
1570	5.1335874851777215e-8
1571	5.1270215747823466e-8
1572	5.1203262470538677e-8
1573	5.1139288998516635e-8
1574	5.10754128188784e-8
1575	5.101163470651231e-8
1576	5.0947952911309174e-8
1577	5.088436982254545e-8
1578	5.082088324874989e-8
1579	5.075749380451552e-8
1580	5.069420158897915e-8
1581	5.063100588242185e-8
1582	5.0567906941088217e-8
1583	5.050490430370928e-8
1584	5.0441998067992806e-8
1585	5.0379187836752476e-8
1586	5.0316473416828315e-8
1587	5.0253854893188276e-8
1588	5.019133200668528e-8
1589	5.01289045966275e-8
1590	5.006657254656748e-8
1591	5.0004335470702303e-8
1592	4.994219372943936e-8
1593	4.9880146660465835e-8
1594	4.981819422289278e-8
1595	4.975633624235092e-8
1596	4.969457287921286e-8
1597	4.963290352384428e-8
1598	4.95713281761376e-8
1599	4.950984674316668e-8
1600	4.9448788646921645e-8
1601	4.938749196240864e-8
1602	4.9326288685285025e-8
1603	4.9265178782722515e-8
1604	4.9204161927152136e-8
1605	4.9137968546604565e-8
1606	4.9077143734158514e-8
1607	4.901641162666978e-8
1608	4.895577195972488e-8
1609	4.889522462897628e-8
1610	4.88347695224337e-8
1611	4.877440630856651e-8
1612	4.8714135042966926e-8
1613	4.865395552339833e-8
1614	4.859386755411843e-8
1615	4.853387097586831e-8
1616	4.847396569133938e-8
1617	4.841415153861643e-8
1618	4.8354428376228e-8
1619	4.829479603849092e-8
1620	4.823525436407062e-8
1621	4.817575034443808e-8
1622	4.811640461008324e-8
1623	4.805714804971917e-8
1624	4.799798064730876e-8
1625	4.793890237170615e-8
1626	4.787991315997977e-8
1627	4.7821012939078806e-8
1628	4.7762201626366e-8
1629	4.7703479133744435e-8
1630	4.7644845340552926e-8
1631	4.7586300134168546e-8
1632	4.7527843392672186e-8
1633	4.746947509124905e-8
1634	4.741119502432745e-8
1635	4.7353003063289314e-8
1636	4.729489915256179e-8
1637	4.723688307099037e-8
1638	4.71789547713071e-8
1639	4.7121114097708565e-8
1640	4.706336094134207e-8
1641	4.7005695161248944e-8
1642	4.6948116525717426e-8
1643	4.689062501977242e-8
1644	4.683322052538059e-8
1645	4.6773437183355735e-8
1646	4.671346090790089e-8
1647	4.665632297660226e-8
1648	4.659898608712093e-8
1649	4.654202124400284e-8
1650	4.648514254781983e-8
1651	4.642834984649461e-8
1652	4.6371643047310054e-8
1653	4.631502200873655e-8
1654	4.6258486592184827e-8
1655	4.6202036590660443e-8
1656	4.614567201963242e-8
1657	4.608939263016559e-8
1658	4.603319832762309e-8
1659	4.5977088970652804e-8
1660	4.592106436414508e-8
1661	4.586512451766143e-8
1662	4.580926911048602e-8
1663	4.5753498146890786e-8
1664	4.5697811521274186e-8
1665	4.564220897986197e-8
1666	4.5586690383886426e-8
1667	4.55312557089462e-8
1668	4.547590470422071e-8
1669	4.5420637410311594e-8
1670	4.5365453495431025e-8
1671	4.5310352960414786e-8
1672	4.5255335586316347e-8
1673	4.520040130710871e-8
1674	4.514554995389158e-8
1675	4.5090781360832796e-8
1676	4.503609557007556e-8
1677	4.498149216732537e-8
1678	4.492697123396488e-8
1679	4.487253256914051e-8
1680	4.4818176026783415e-8
1681	4.476390155145342e-8
1682	4.470970899582396e-8
1683	4.465559809295679e-8
1684	4.4601568837075915e-8
1685	4.454762112830649e-8
1686	4.449375474172611e-8
1687	4.443996962522244e-8
1688	4.43862656164229e-8
1689	4.4332642547427986e-8
1690	4.4279100343794945e-8
1691	4.422563890308896e-8
1692	4.417252816007898e-8
1693	4.4119227446254844e-8
1694	4.406341364176479e-8
1695	4.400741788234264e-8
1696	4.395436475679323e-8
1697	4.390139158817921e-8
1698	4.384849826563251e-8
1699	4.379568469901289e-8
1700	4.374295072559783e-8
1701	4.369029619030081e-8
1702	4.3637721059843715e-8
1703	4.358522516752276e-8
1704	4.353280848608456e-8
1705	4.348047079320341e-8
1706	4.34282118835246e-8
1707	4.337603183089387e-8
1708	4.3323930435870855e-8
1709	4.327190757942456e-8
1710	4.32199631892114e-8
1711	4.316809710486054e-8
1712	4.311630923394223e-8
1713	4.306459947528057e-8
1714	4.3012967654718016e-8
1715	4.2961413791227954e-8
1716	4.2909937711183654e-8
1717	4.2858539307701045e-8
1718	4.280721844256812e-8
1719	4.275597511501535e-8
1720	4.270480908259982e-8
1721	4.2653720474673554e-8
1722	4.260270897877774e-8
1723	4.25517745973114e-8
1724	4.250091722542012e-8
1725	4.2450136809200886e-8
1726	4.239943321299612e-8
1727	4.234880642419618e-8
1728	4.2298256343417254e-8
1729	4.224778292384267e-8
1730	4.2197386045851456e-8
1731	4.2147065751358635e-8
1732	4.2096821851445905e-8
1733	4.20466544476534e-8
1734	4.1996563467852824e-8
1735	4.1946548919436423e-8
1736	4.1896610650480146e-8
1737	4.184674881387208e-8
1738	4.179696342829414e-8
1739	4.17458255474977e-8
1740	4.16961949150988e-8
1741	4.1646640890856824e-8
1742	4.15971635792018e-8
1743	4.1545495210249745e-8
1744	4.149617467557693e-8
1745	4.144693142956041e-8
1746	4.1397765860339794e-8
1747	4.134867821926699e-8
1748	4.129882822592355e-8
1749	4.124989938769496e-8
1750	4.1201050526663926e-8
1751	4.115228272353129e-8
1752	4.1103597366459735e-8
1753	4.105499621936083e-8
1754	4.1006481911098113e-8
1755	4.095805795227014e-8
1756	4.0909729495648406e-8
1757	4.086150455694697e-8
1758	4.081339605546169e-8
1759	4.0765427517160024e-8
1760	4.0717647389393405e-8
1761	4.067017616461011e-8
1762	4.0623094204075856e-8
1763	4.05743062074159e-8
1764	4.052565840801648e-8
1765	4.047734965122651e-8
1766	4.042923808456065e-8
1767	4.038126839546649e-8
1768	4.0333414588500804e-8
1769	4.028566250722893e-8
1770	4.02380036090425e-8
1771	4.0190432254345925e-8
1772	4.0142944666909796e-8
1773	4.0095538124550486e-8
1774	4.004821050798421e-8
1775	4.000096018803563e-8
1776	3.995378593919978e-8
1777	3.9906686741755785e-8
1778	3.985966175160992e-8
1779	3.981271025460792e-8
1780	3.976583165377321e-8
1781	3.971902543421997e-8
1782	3.9672291104760886e-8
1783	3.9625628271496685e-8
1784	3.9579036560905103e-8
1785	3.953251567417372e-8
1786	3.9486065293580995e-8
1787	3.9439685150268995e-8
1788	3.939337493212492e-8
1789	3.934713446699524e-8
1790	3.9300963505210486e-8
1791	3.925282324417175e-8
1792	3.92049743490947e-8
1793	3.9159232098319887e-8
1794	3.9113341741512376e-8
1795	3.906751987086538e-8
1796	3.902176638153743e-8
1797	3.8976081063673214e-8
1798	3.8930463752578924e-8
1799	3.888491431576839e-8
1800	3.8839432576149845e-8
1801	3.8794018426221244e-8
1802	3.8748671638212594e-8
1803	3.87033921303373e-8
1804	3.865817978171465e-8
1805	3.861303443025872e-8
1806	3.856795590828366e-8
1807	3.852294411448384e-8
1808	3.847799891984842e-8
1809	3.843312022022015e-8
1810	3.83883078158081e-8
1811	3.834356164215446e-8
1812	3.829888156021895e-8
1813	3.825426743294421e-8
1814	3.82097191653733e-8
1815	3.8165236602131794e-8
1816	3.812081964597042e-8
1817	3.8076468180836234e-8
1818	3.803218207137249e-8
1819	3.798796122187433e-8
1820	3.7943805480932674e-8
1821	3.789971481060689e-8
1822	3.785568901034574e-8
1823	3.781172799726108e-8
1824	3.7767831677907295e-8
1825	3.772399993193385e-8
1826	3.7680232628606396e-8
1827	3.763652969609497e-8
1828	3.759289100461171e-8
1829	3.754931643786071e-8
1830	3.750580589450127e-8
1831	3.7462153108715766e-8
1832	3.741877056596586e-8
1833	3.737545172463349e-8
1834	3.733089924580606e-8
1835	3.72866187900436e-8
1836	3.724349356727044e-8
1837	3.7200431601142754e-8
1838	3.715743281906145e-8
1839	3.7114497131472954e-8
1840	3.707162445042137e-8
1841	3.7028814636326613e-8
1842	3.6986067626239876e-8
1843	3.694338331300547e-8
1844	3.690076161684756e-8
1845	3.6858202410789476e-8
1846	3.681570562141972e-8
1847	3.6773271135910835e-8
1848	3.6730898891419135e-8
1849	3.668858878351748e-8
1850	3.6646340718225823e-8
1851	3.660415462728199e-8
1852	3.656203040889363e-8
1853	3.65199679838403e-8
1854	3.647796726606448e-8
1855	3.6436028191677016e-8
1856	3.639415067911504e-8
1857	3.635233464068485e-8
1858	3.631186761104357e-8
1859	3.6269110311466145e-8
1860	3.6227556718494264e-8
1861	3.618606725277474e-8
1862	3.6144642144225003e-8
1863	3.610328165483262e-8
1864	3.6061986127997377e-8
1865	3.602075596971547e-8
1866	3.597959165070119e-8
1867	3.593849374359809e-8
1868	3.589746296507486e-8
1869	3.5856500193004194e-8
1870	3.5815606500176914e-8
1871	3.577478323495743e-8
1872	3.573260502751144e-8
1873	3.569159088816619e-8
1874	3.565050944096713e-8
1875	3.560973235779342e-8
1876	3.556916425016771e-8
1877	3.552867277802428e-8
1878	3.548826369957691e-8
1879	3.544794624750524e-8
1880	3.540773652453634e-8
1881	3.5367666205085234e-8
1882	3.532754029830869e-8
1883	3.5288070804712263e-8
1884	3.524770717897198e-8
1885	3.520680249553413e-8
1886	3.5165987466070725e-8
1887	3.512563425359857e-8
1888	3.508541181338027e-8
1889	3.504529202627691e-8
1890	3.5005260187811555e-8
1891	3.49653076949739e-8
1892	3.4925429056171954e-8
1893	3.4885488565805205e-8
1894	3.484539215360821e-8
1895	3.480549384421445e-8
1896	3.4767615356590505e-8
1897	3.472800748568161e-8
1898	3.468846650871073e-8
1899	3.464899097988775e-8
1900	3.4609579698077953e-8
1901	3.457023167806172e-8
1902	3.453094604724907e-8
1903	3.4491722086150596e-8
1904	3.445255915588577e-8
1905	3.4413456704367266e-8
1906	3.437441423039255e-8
1907	3.4335431292296165e-8
1908	3.429650749593709e-8
1909	3.425716910235573e-8
1910	3.421780466814519e-8
1911	3.4178971955609924e-8
1912	3.41402828593589e-8
1913	3.410165137577673e-8
1914	3.406307725407772e-8
1915	3.4024560264521673e-8
1916	3.3984793352262414e-8
1917	3.3946412002930175e-8
1918	3.3908086530269534e-8
1919	3.3869816778815864e-8
1920	3.3831602595925974e-8
1921	3.3793443837844694e-8
1922	3.3755340364618656e-8
1923	3.371729203384593e-8
1924	3.367929872199283e-8
1925	3.364136030208917e-8
1926	3.3603476648962034e-8
1927	3.35656476422585e-8
1928	3.352787316423225e-8
1929	3.349015309744493e-8
1930	3.3452487332270253e-8
1931	3.341487575293456e-8
1932	3.337731825760051e-8
1933	3.333981473064095e-8
1934	3.330236506633412e-8
1935	3.326406820240631e-8
1936	3.3226727129520807e-8
1937	3.3188380158811505e-8
1938	3.3151147470800315e-8
1939	3.3113968132521896e-8
1940	3.3076681785978045e-8
1941	3.30396090558345e-8
1942	3.300258938043478e-8
1943	3.296562265703911e-8
1944	3.292870879520796e-8
1945	3.289184769861835e-8
1946	3.285503926555327e-8
1947	3.281828340889774e-8
1948	3.278158003226112e-8
1949	3.2744929041975446e-8
1950	3.270833034625624e-8
1951	3.2671783850897313e-8
1952	3.263528946685008e-8
1953	3.259884709890883e-8
1954	3.256245665918463e-8
1955	3.252611805592533e-8
1956	3.2489831195897384e-8
1957	3.245359599792018e-8
1958	3.241741236110163e-8
1959	3.238128020452655e-8
1960	3.234519943690062e-8
1961	3.230916996671379e-8
1962	3.227319171291559e-8
1963	3.2237264583111084e-8
1964	3.22013884860997e-8
1965	3.21655633416398e-8
1966	3.212978905933145e-8
1967	3.20940655534179e-8
1968	3.2058392735387315e-8
1969	3.2022770520618816e-8
1970	3.1987198821499004e-8
1971	3.195167755517127e-8
1972	3.191620663450545e-8
1973	3.18807859752141e-8
1974	3.184541549133754e-8
1975	3.181009510036861e-8
1976	3.1774824713864e-8
1977	3.17396042505719e-8
1978	3.1704433623609e-8
1979	3.1669312751230746e-8
1980	3.1634241551654325e-8
1981	3.159921993572805e-8
1982	3.156424782578129e-8
1983	3.152932513569629e-8
1984	3.14946030949682e-8
1985	3.1458534232924215e-8
1986	3.1422366997262425e-8
1987	3.138764440986271e-8
1988	3.1352970827810123e-8
1989	3.131834616779469e-8
1990	3.128377034925127e-8
1991	3.124924328941836e-8
1992	3.12147649083368e-8
1993	3.1180335124119427e-8
1994	3.114595385526475e-8
1995	3.1111621021128875e-8
1996	3.1077336541876254e-8
1997	3.1043100337814204e-8
1998	3.10089123265265e-8
1999	3.0974772429042667e-8
2000	3.094068056597485e-8
2001	3.0906636656803585e-8