1	8.686304628513422e-9
2	1.7366069325902607e-8
3	2.6032759523746036e-8
4	3.467986505492205e-8
5	4.330088903334746e-8
6	5.188937937644763e-8
7	6.043892404290159e-8
8	6.894313292737425e-8
9	7.739592291812001e-8
10	8.579050499619172e-8
11	9.412123284413291e-8
12	1.0238172828688142e-7
13	1.1056618168357356e-7
14	1.1866855654622107e-7
15	1.2668305563209173e-7
16	1.346040762808669e-7
17	1.424258906424794e-7
18	1.5014311039362116e-7
19	1.577503466733965e-7
20	1.6524233531743273e-7
21	1.7261396666894143e-7
22	1.7986037611536484e-7
23	1.8697658313960224e-7
24	1.9395801471330687e-7
25	2.0079997542389972e-7
26	2.0749838643199627e-7
27	2.1404851381755953e-7
28	2.2044648699693939e-7
29	2.2668864825703458e-7
30	2.3277066285450188e-7
31	2.3868897607462495e-7
32	2.444402965814852e-7
33	2.500210577426688e-7
34	2.554278865623261e-7
35	2.6065819747094775e-7
36	2.657084000727686e-7
37	2.7057596951162994e-7
38	2.7525837143180544e-7
39	2.7975282349893647e-7
40	2.8405700597897586e-7
41	2.881685587053629e-7
42	2.920854214006369e-7
43	2.9580554516942807e-7
44	2.99326789352409e-7
45	3.026473026302749e-7
46	3.0576591643986e-7
47	3.086802313427863e-7
48	3.1138919605080983e-7
49	3.1389100829452814e-7
50	3.16184710281178e-7
51	3.182685943732629e-7
52	3.2014156574238067e-7
53	3.218025443102622e-7
54	3.232503762304792e-7
55	3.244839012663974e-7
56	3.2550215766164315e-7
57	3.263043483750732e-7
58	3.2688912523283404e-7
59	3.272557158216341e-7
60	3.2740320839750046e-7
61	3.2733056154165923e-7
62	3.2703666245708964e-7
63	3.2652102346297327e-7
64	3.257824022847639e-7
65	3.248198610685418e-7
66	3.236322693914992e-7
67	3.222186175134896e-7
68	3.2057780302523274e-7
69	3.1870845896909155e-7
70	3.166093667557572e-7
71	3.142793005171959e-7
72	3.117165321186449e-7
73	3.0891962092048176e-7
74	3.0588726500154025e-7
75	3.0261606403125245e-7
76	2.991058148897175e-7
77	2.9535365094478633e-7
78	2.913572515882658e-7
79	2.8711395935115466e-7
80	2.8262108604303964e-7
81	2.778759393575922e-7
82	2.7287509764974955e-7
83	2.676150264936029e-7
84	2.6209196580210713e-7
85	2.563016187711463e-7
86	2.502397376767513e-7
87	2.439013388376489e-7
88	2.3728112115136493e-7
89	2.3037325223229276e-7
90	2.2317143259757675e-7
91	2.1566878681525297e-7
92	2.0785777093074275e-7
93	1.9973003758565145e-7
94	1.9127645810314065e-7
95	1.8248693716753485e-7
96	1.7335022949371114e-7
97	1.6385375229991463e-7
98	1.5398321734585343e-7
99	1.4372225434089242e-7
100	1.3305162744354297e-7
101	1.2194802540753263e-7
102	1.1038178493073034e-7
103	9.831208564647404e-8
104	8.567580903287667e-8
105	7.235716410000345e-8
106	5.808998056047769e-8
107	4.209007402373074e-8
108	2.2006458283039576e-8
109	1.3644583439000177e-9
110	0.
111	0.
112	0.
113	0.
114	0.
115	0.
116	0.
117	0.
118	0.
119	0.
120	0.
121	0.
122	0.
123	0.
124	0.
125	0.
126	0.
127	0.
128	0.
129	0.
130	0.
131	0.
132	0.
133	0.
134	0.
135	0.
136	0.
137	0.
138	0.
139	0.
140	0.
141	0.
142	0.
143	0.
144	0.
145	0.
146	0.
147	0.
148	0.
149	0.
150	0.
151	0.
152	0.
153	0.
154	0.
155	2.3481374998625408e-7
156	3.420163678959242e-7
157	4.295203878522901e-7
158	5.068708280594635e-7
159	5.800399742694626e-7
160	6.493278205819668e-7
161	7.165645518670756e-7
162	7.822339171739644e-7
163	8.469780793245594e-7
164	9.106467345712163e-7
165	9.73657060275603e-7
166	1.0361865505029386e-6
167	1.0986831132770537e-6
168	1.161842224297874e-6
169	1.2241742513708253e-6
170	1.2858154136431347e-6
171	1.348452241205823e-6
172	1.4097550721125109e-6
173	1.4718208474765642e-6
174	1.5337470624731002e-6
175	1.595718143930316e-6
176	1.6569582664974398e-6
177	1.7179455200528e-6
178	1.778583218399222e-6
179	1.839212689069981e-6
180	1.8998046702456423e-6
181	1.9585927655416175e-6
182	2.0177849021947173e-6
183	2.076588242995641e-6
184	2.134458697220111e-6
185	2.191636535646882e-6
186	2.247943307102814e-6
187	2.3038602860294782e-6
188	2.3567554473669583e-6
189	2.4098497504313325e-6
190	2.463844230117463e-6
191	2.5120207457783454e-6
192	2.5639553275228376e-6
193	2.6106120651377573e-6
194	2.6575797313802835e-6
195	2.7039519422109436e-6
196	2.7471326540442816e-6
197	2.7892767313734646e-6
198	2.8294729112293404e-6
199	2.867618872963151e-6
200	2.9072057028600184e-6
201	2.9388278952590064e-6
202	2.976023598738463e-6
203	3.004502135123058e-6
204	3.034226748786217e-6
205	3.0662235149833345e-6
206	3.0862166235136777e-6
207	3.114563082442731e-6
208	3.135454732549559e-6
209	3.152806585598026e-6
210	3.1767264808631252e-6
211	3.1885797335385888e-6
212	3.2047493180069206e-6
213	3.217298505660756e-6
214	3.2285683961002582e-6
215	3.237083025329045e-6
216	3.2444850660892212e-6
217	3.249377383454088e-6
218	3.2557647014050033e-6
219	3.2552155956556566e-6
220	3.255576518684095e-6
221	3.2594131153081048e-6
222	3.2519237679048193e-6
223	3.247002587338064e-6
224	3.2450928143474796e-6
225	3.241780701449069e-6
226	3.228515629121101e-6
227	3.218111774530349e-6
228	3.2112102416796826e-6
229	3.2045091534804647e-6
230	3.1874838871954097e-6
231	3.1706913290558552e-6
232	3.15698555781326e-6
233	3.1446721106650098e-6
234	3.1316656364416107e-6
235	3.109440333789753e-6
236	3.089895109324667e-6
237	3.0723880283823555e-6
238	3.0567268665731344e-6
239	3.038162110687526e-6
240	3.014053698755905e-6
241	2.9929877214829966e-6
242	2.972509274923371e-6
243	2.9527701232250817e-6
244	2.929103407943344e-6
245	2.9058514764142895e-6
246	2.884206379083561e-6
247	2.8602033822986854e-6
248	2.837996456461666e-6
249	2.813848137883876e-6
250	2.790157585572272e-6
251	2.76639479527187e-6
252	2.741891758450374e-6
253	2.717755568025012e-6
254	2.693805685254498e-6
255	2.6691260136845765e-6
256	2.6447752965138155e-6
257	2.62036216724823e-6
258	2.596115581070708e-6
259	2.5718545897381937e-6
260	2.54730716558653e-6
261	2.522415739218953e-6
262	2.4989125330230964e-6
263	2.474717617590951e-6
264	2.4500743571353145e-6
265	2.4260710612200802e-6
266	2.4024722743025046e-6
267	2.378555380785228e-6
268	2.3550926527202013e-6
269	2.3316922619928647e-6
270	2.3081591301354795e-6
271	2.2849999681936512e-6
272	2.2622636659664038e-6
273	2.2393923526970678e-6
274	2.2169747448455087e-6
275	2.1943706081023125e-6
276	2.171894300996484e-6
277	2.1498338455188115e-6
278	2.127831612655334e-6
279	2.1065997028698497e-6
280	2.0848184458502447e-6
281	2.0633861065794445e-6
282	2.0426529892869714e-6
283	2.021783049258154e-6
284	2.0014012305057867e-6
285	1.9802476494038014e-6
286	1.960617209260554e-6
287	1.940375509819857e-6
288	1.9205717671714615e-6
289	1.9007473567315653e-6
290	1.8814944905182038e-6
291	1.8624638508660587e-6
292	1.8440173282842613e-6
293	1.825261463895836e-6
294	1.8066223989997603e-6
295	1.7878598193409372e-6
296	1.768877416976976e-6
297	1.7519142274869823e-6
298	1.7347749847834862e-6
299	1.7175271109022872e-6
300	1.7001944152303417e-6
301	1.6832054100933458e-6
302	1.666486127960624e-6
303	1.6495142855510782e-6
304	1.6320570769172214e-6
305	1.6168299707153538e-6
306	1.6000180149460054e-6
307	1.5849937760633743e-6
308	1.569517507899642e-6
309	1.5544949382216937e-6
310	1.539103178933832e-6
311	1.5239946913067664e-6
312	1.508647064727782e-6
313	1.4938608022411216e-6
314	1.478838715234173e-6
315	1.4634873703051167e-6
316	1.4482220876406666e-6
317	1.4354947355621094e-6
318	1.422172912554211e-6
319	1.4090922419355516e-6
320	1.3959984203345306e-6
321	1.3826612129868658e-6
322	1.3695830700591047e-6
323	1.356375319977452e-6
324	1.343493530193265e-6
325	1.3306416591119674e-6
326	1.3178203073340336e-6
327	1.3047696010714035e-6
328	1.2916354205562825e-6
329	1.2800627791032423e-6
330	1.2675491884550956e-6
331	1.2565818139251497e-6
332	1.2453778310540612e-6
333	1.2342485149944897e-6
334	1.2229726205542346e-6
335	1.2117439245450393e-6
336	1.2006999102148072e-6
337	1.1897146069530398e-6
338	1.1787474369255406e-6
339	1.1678424709779226e-6
340	1.1570105543708542e-6
341	1.146008285314151e-6
342	1.1348779696928896e-6
343	1.1235316389258978e-6
344	1.1139074593669701e-6
345	1.1047895901256702e-6
346	1.0954156698442916e-6
347	1.085961784591699e-6
348	1.0766019815239814e-6
349	1.0672415516502003e-6
350	1.057792600962778e-6
351	1.0484616173030404e-6
352	1.0391545816618002e-6
353	1.0298636905706701e-6
354	1.020673102527576e-6
355	1.011373979332087e-6
356	1.0021258285082094e-6
357	9.934702950608725e-7
358	9.845097979212886e-7
359	9.767227053931046e-7
360	9.685049217704342e-7
361	9.603372694104126e-7
362	9.522239577600611e-7
363	9.441564446299456e-7
364	9.360770046383779e-7
365	9.280779399706406e-7
366	9.201535802912117e-7
367	9.121227982080935e-7
368	9.044406137634367e-7
369	8.967721343148297e-7
370	8.891124152438895e-7
371	8.819295854897006e-7
372	8.746738502985338e-7
373	8.67303399225676e-7
374	8.599332424870487e-7
375	8.526730247513924e-7
376	8.457473353220504e-7
377	8.387105344837755e-7
378	8.318450054527866e-7
379	8.251165643621971e-7
380	8.1838921333026e-7
381	8.117303242890742e-7
382	8.049078664588971e-7
383	7.982361070967651e-7
384	7.917899800263645e-7
385	7.854319775818593e-7
386	7.790380747461634e-7
387	7.730046586055018e-7
388	7.668884861847654e-7
389	7.607897721538866e-7
390	7.546757095766485e-7
391	7.487511023521677e-7
392	7.426752822134157e-7
393	7.367976543676801e-7
394	7.307667833430818e-7
395	7.24754673849607e-7
396	7.189108516860456e-7
397	7.133643505659635e-7
398	7.074227591132067e-7
399	7.015346879149726e-7
400	6.962919102950197e-7
401	6.907695574391484e-7
402	6.857356194110461e-7
403	6.805322719175478e-7
404	6.754306921001682e-7
405	6.702477506118965e-7
406	6.650542564142252e-7
407	6.600374126652907e-7
408	6.549076562786581e-7
409	6.499518686521583e-7
410	6.449022919875477e-7
411	6.400060785098469e-7
412	6.350493886528762e-7
413	6.301411784431378e-7
414	6.252579465692705e-7
415	6.204727033569123e-7
416	6.157870491159284e-7
417	6.110150516957345e-7
418	6.063771392774559e-7
419	6.016343065644506e-7
420	5.970240081079956e-7
421	5.922785382585317e-7
422	5.876073954927405e-7
423	5.827036930817241e-7
424	5.785967751314419e-7
425	5.744889484325917e-7
426	5.703802879774966e-7
427	5.661741662914755e-7
428	5.619718946297519e-7
429	5.577683357928979e-7
430	5.538736862036096e-7
431	5.498673628286364e-7
432	5.458306305754249e-7
433	5.419012862469532e-7
434	5.379305106879737e-7
435	5.340193558699905e-7
436	5.301634485052621e-7
437	5.262371810280344e-7
438	5.224334396371283e-7
439	5.185636078211081e-7
440	5.145978213560396e-7
441	5.108399872904683e-7
442	5.071806685472896e-7
443	5.034859845474755e-7
444	4.998723104775335e-7
445	4.962332967301429e-7
446	4.926199270164922e-7
447	4.890766254919586e-7
448	4.855022670389004e-7
449	4.820041214444879e-7
450	4.784635164223585e-7
451	4.750071557807906e-7
452	4.7149935277919443e-7
453	4.6808324039667537e-7
454	4.6468087297062965e-7
455	4.612183544846666e-7
456	4.578318949614584e-7
457	4.544172385703437e-7
458	4.509399912019685e-7
459	4.473933442869568e-7
460	4.4413457745678324e-7
461	4.412862355815644e-7
462	4.382688446266432e-7
463	4.352347210592197e-7
464	4.326857391747282e-7
465	4.2953556948757296e-7
466	4.263577162811706e-7
467	4.230842304406136e-7
468	4.2016609092043014e-7
469	4.176733044276141e-7
470	4.1483574736204174e-7
471	4.12050537203304e-7
472	4.0923830357953297e-7
473	4.0645870595038983e-7
474	4.037087907179465e-7
475	4.009244988136504e-7
476	3.982079002526258e-7
477	3.9550847830814276e-7
478	3.9280164317616835e-7
479	3.9011987654004685e-7
480	3.8747481416981084e-7
481	3.848105274169466e-7
482	3.82205248947396e-7
483	3.7961687916941883e-7
484	3.770199072389226e-7
485	3.744701119658677e-7
486	3.7191559760237296e-7
487	3.693974878228868e-7
488	3.668870534093576e-7
489	3.6438957756212166e-7
490	3.619263035660803e-7
491	3.59487042818569e-7
492	3.5703262982251327e-7
493	3.5462734707099783e-7
494	3.5223846648383425e-7
495	3.498306038618338e-7
496	3.474731291471167e-7
497	3.451290166099235e-7
498	3.427986051477352e-7
499	3.4044441266203027e-7
500	3.381291503849922e-7
501	3.358160086592633e-7
502	3.3373684612201215e-7
503	3.314888728709357e-7
504	3.2965310960512446e-7
505	3.2681644201446793e-7
506	3.247413962828697e-7
507	3.2264563808616294e-7
508	3.205142918862764e-7
509	3.183747538998945e-7
510	3.161756240194528e-7
511	3.139170545671257e-7
512	3.121413635449331e-7
513	3.103454096412758e-7
514	3.085014003262912e-7
515	3.0662248338157456e-7
516	3.047534179806535e-7
517	3.02889304027446e-7
518	3.0101172946600814e-7
519	2.991638329629899e-7
520	2.973248974600144e-7
521	2.954807081306008e-7
522	2.9365945408398493e-7
523	2.918548304145781e-7
524	2.900650004727182e-7
525	2.8826811720632153e-7
526	2.865076518423692e-7
527	2.847546622524628e-7
528	2.830177175273491e-7
529	2.812946851978317e-7
530	2.7956972773808034e-7
531	2.778769907882448e-7
532	2.7619237797170194e-7
533	2.7450884725849417e-7
534	2.7285419745774633e-7
535	2.7121474424722166e-7
536	2.695839508018848e-7
537	2.6795711130966617e-7
538	2.663558459925408e-7
539	2.647591153070078e-7
540	2.631759068337522e-7
541	2.6160957871779227e-7
542	2.600483334032706e-7
543	2.5850287247664707e-7
544	2.5721360573959355e-7
545	2.557169654803947e-7
546	2.542372965517213e-7
547	2.5276959201207e-7
548	2.513056615537436e-7
549	2.498639582976416e-7
550	2.4843461670185576e-7
551	2.470184642854383e-7
552	2.4560549721204116e-7
553	2.44002746533367e-7
554	2.4265462948621944e-7
555	2.4131552468776525e-7
556	2.399807547762117e-7
557	2.38654336821354e-7
558	2.373420706216479e-7
559	2.3604326731140376e-7
560	2.3475441502118933e-7
561	2.3347003009391715e-7
562	2.3219781001512134e-7
563	2.3094197302558316e-7
564	2.2969534069597326e-7
565	2.2845943562184406e-7
566	2.2722824476213487e-7
567	2.2601398177861943e-7
568	2.248096218717157e-7
569	2.236134696345905e-7
570	2.2242707758537237e-7
571	2.2125373566084764e-7
572	2.2008677334668418e-7
573	2.1893111428237938e-7
574	2.1778326344495735e-7
575	2.1664465555148898e-7
576	2.1551234324260334e-7
577	2.143867236173643e-7
578	2.132619045683933e-7
579	2.1214119502705356e-7
580	2.11012501769067e-7
581	2.0985749247705174e-7
582	2.0866130323062468e-7
583	2.0776069553094535e-7
584	2.0685596175432434e-7
585	2.0591544459703604e-7
586	2.0496625919083406e-7
587	2.0401130705573415e-7
588	2.0306009933511306e-7
589	2.0211400083902227e-7
590	2.011731075189315e-7
591	2.002386048395436e-7
592	1.9930902105993872e-7
593	1.9838377921154722e-7
594	1.9746809049200725e-7
595	1.9655798408042986e-7
596	1.9565263240501794e-7
597	1.9475127806993527e-7
598	1.9398848850464738e-7
599	1.9313619075613013e-7
600	1.9229059957730651e-7
601	1.9145480834264943e-7
602	1.906295782073506e-7
603	1.8980731043963854e-7
604	1.8899581493850403e-7
605	1.8805920139092918e-7
606	1.8727823212171372e-7
607	1.8650296435433094e-7
608	1.857312309090674e-7
609	1.8496741751276915e-7
610	1.8420970978744999e-7
611	1.834585835498111e-7
612	1.8271579116807666e-7
613	1.819780041654694e-7
614	1.8124938624983486e-7
615	1.8052673808138246e-7
616	1.7981216889074535e-7
617	1.7910477106668672e-7
618	1.784035864797317e-7
619	1.777110361402885e-7
620	1.7702500997954682e-7
621	1.7634701463803681e-7
622	1.7567559156751336e-7
623	1.7500984155630224e-7
624	1.743532093713083e-7
625	1.7370360906192067e-7
626	1.7306013039282565e-7
627	1.7242445330323519e-7
628	1.717954348480469e-7
629	1.711717885736123e-7
630	1.7055640096644842e-7
631	1.6994778777098781e-7
632	1.6934581233064346e-7
633	1.6875042482374375e-7
634	1.681619361498392e-7
635	1.675789473255352e-7
636	1.6700216227406885e-7
637	1.6643325413331104e-7
638	1.6587038300236693e-7
639	1.6531337251971958e-7
640	1.6476293929301892e-7
641	1.642182399135978e-7
642	1.6367927228753703e-7
643	1.631468397348011e-7
644	1.6262062850720548e-7
645	1.6209986827283252e-7
646	1.615853317227382e-7
647	1.6107642191769556e-7
648	1.6057148323395259e-7
649	1.6007360906930547e-7
650	1.5958133957032302e-7
651	1.5909363286515042e-7
652	1.5861158538337177e-7
653	1.581342929602536e-7
654	1.576608624792216e-7
655	1.5719285114352223e-7
656	1.5672900436395136e-7
657	1.5613001787369754e-7
658	1.5562577679411303e-7
659	1.5525984147553817e-7
660	1.5485457065152802e-7
661	1.5438141414979873e-7
662	1.5401945784247712e-7
663	1.5364623555739236e-7
664	1.532696332056807e-7
665	1.528925712985339e-7
666	1.5251609495049012e-7
667	1.5214241606971154e-7
668	1.5165605834416163e-7
669	1.512731601732457e-7
670	1.5089104010947568e-7
671	1.505086937602487e-7
672	1.5012432021787752e-7
673	1.4973658810908437e-7
674	1.4933648030039264e-7
675	1.489064530841691e-7
676	1.4858725587277846e-7
677	1.4832701861212603e-7
678	1.4803975649037666e-7
679	1.4774146608200448e-7
680	1.4744113315413012e-7
681	1.4714032937761632e-7
682	1.4684009340831663e-7
683	1.4654193784694086e-7
684	1.4624594770447226e-7
685	1.4595281344720165e-7
686	1.4566046792348312e-7
687	1.4537340873728737e-7
688	1.450893525615434e-7
689	1.4480868842199368e-7
690	1.445313613167399e-7
691	1.4425726617526462e-7
692	1.439868131368263e-7
693	1.4371947342476197e-7
694	1.434545978217212e-7
695	1.4319324937020973e-7
696	1.4293629209524306e-7
697	1.4268272282161016e-7
698	1.424325370150828e-7
699	1.421856856082523e-7
700	1.4194219475828134e-7
701	1.4170200873226476e-7
702	1.414628052714646e-7
703	1.4122899671889779e-7
704	1.4099841695606324e-7
705	1.4077114084288835e-7
706	1.4054691420537344e-7
707	1.4032583362923723e-7
708	1.4010587048750603e-7
709	1.398907774106197e-7
710	1.3967875662306476e-7
711	1.3946980101821005e-7
712	1.3926353521952368e-7
713	1.3905889091815658e-7
714	1.3885844412554893e-7
715	1.386603895571358e-7
716	1.3846516798754313e-7
717	1.3827248192143943e-7
718	1.380831094568518e-7
719	1.3789416976043612e-7
720	1.3771003290083803e-7
721	1.3752770005704016e-7
722	1.3734775880800552e-7
723	1.371678431661464e-7
724	1.3699286494330936e-7
725	1.368200930371314e-7
726	1.3671600156518053e-7
727	1.3655316922202247e-7
728	1.3639263256712579e-7
729	1.3623397996919443e-7
730	1.360735167289366e-7
731	1.359192086430247e-7
732	1.357678447807242e-7
733	1.3561802099483086e-7
734	1.354707718329979e-7
735	1.3532545146783435e-7
736	1.3518218333119502e-7
737	1.3504112986222762e-7
738	1.3489965441220436e-7
739	1.3475969199798347e-7
740	1.346244836262494e-7
741	1.3449128613969192e-7
742	1.3435941633228803e-7
743	1.3422965184623508e-7
744	1.3410162387531027e-7
745	1.339112482563107e-7
746	1.337926107466602e-7
747	1.3367504490052595e-7
748	1.3355350082836132e-7
749	1.3343855917910924e-7
750	1.3332490691520543e-7
751	1.3321256024342555e-7
752	1.3310148684717987e-7
753	1.3299178433462417e-7
754	1.3288313546941796e-7
755	1.32775751327116e-7
756	1.3266975906063513e-7
757	1.325631728779297e-7
758	1.3245626180202868e-7
759	1.3235245673810325e-7
760	1.3225091969615307e-7
761	1.3215062519078217e-7
762	1.3205102119264025e-7
763	1.3195267893089624e-7
764	1.3185527635311113e-7
765	1.317588174186744e-7
766	1.3166324929034837e-7
767	1.3156264490402498e-7
768	1.3146870636063435e-7
769	1.313755627573284e-7
770	1.3128291527049199e-7
771	1.3119124416126397e-7
772	1.3110001239581155e-7
773	1.3100935225210592e-7
774	1.3091869880772593e-7
775	1.30824384000526e-7
776	1.307348685521352e-7
777	1.3064538108586905e-7
778	1.3055587208395032e-7
779	1.3046619416857484e-7
780	1.3037336110486115e-7
781	1.302815271462188e-7
782	1.3018857247125336e-7
783	1.300913733398042e-7
784	1.2998963638256105e-7
785	1.2987397276464303e-7
786	1.2975076150747744e-7
787	1.2972040302811893e-7
788	1.296755003116153e-7
789	1.2962102808872952e-7
790	1.295607988462908e-7
791	1.2949741738008278e-7
792	1.2943196840864396e-7
793	1.2935993014745552e-7
794	1.292918498558629e-7
795	1.2922354168843465e-7
796	1.2915473119782865e-7
797	1.2908555315566336e-7
798	1.2901607159931818e-7
799	1.289462077820446e-7
800	1.288762523239575e-7
801	1.288060526348774e-7
802	1.287275422860789e-7
803	1.286568575976689e-7
804	1.285860014585753e-7
805	1.285149123499054e-7
806	1.2844356525722645e-7
807	1.2837203334384852e-7
808	1.2830023507737562e-7
809	1.2822814407141872e-7
810	1.2815573144962664e-7
811	1.280990376720669e-7
812	1.2802598202802774e-7
813	1.2795454751266328e-7
814	1.2788596129425395e-7
815	1.2781711024045533e-7
816	1.277479641684457e-7
817	1.276786483664504e-7
818	1.2760906967752797e-7
819	1.2753914843626013e-7
820	1.2746903736379262e-7
821	1.2739863046353136e-7
822	1.273279385919961e-7
823	1.2725695099647647e-7
824	1.2717462204160878e-7
825	1.2710296148688747e-7
826	1.270309356983024e-7
827	1.269586213826793e-7
828	1.2688599899782377e-7
829	1.2681297617715483e-7
830	1.2673965079110213e-7
831	1.2666596502792708e-7
832	1.2659187075419367e-7
833	1.2651745018406456e-7
834	1.264426365745567e-7
835	1.263668036999115e-7
836	1.2628044585489282e-7
837	1.2620437893194554e-7
838	1.2612789958388544e-7
839	1.2605099715419084e-7
840	1.2597369025842173e-7
841	1.2589594639308623e-7
842	1.258177596375831e-7
843	1.2573913537655276e-7
844	1.2566007425127365e-7
845	1.255805488690638e-7
846	1.2550057272981332e-7
847	1.2540952181457768e-7
848	1.253138796980543e-7
849	1.2523375790820115e-7
850	1.251531218429931e-7
851	1.2507195355719499e-7
852	1.249902753520188e-7
853	1.2490809022151958e-7
854	1.2482535354365769e-7
855	1.2474212025273298e-7
856	1.2465835801351373e-7
857	1.2456547682820625e-7
858	1.2448061333609964e-7
859	1.2439522070522452e-7
860	1.2430929863464232e-7
861	1.2422283417847261e-7
862	1.2413584389166156e-7
863	1.2404831024432018e-7
864	1.239548054297742e-7
865	1.238661748961784e-7
866	1.2377697007871838e-7
867	1.236872452257328e-7
868	1.235949282811851e-7
869	1.2350203763459745e-7
870	1.2341062375699332e-7
871	1.2331864956385008e-7
872	1.232261071378127e-7
873	1.2312738761236045e-7
874	1.2303367047462597e-7
875	1.2293936975694247e-7
876	1.2284446776080998e-7
877	1.2274897257672664e-7
878	1.2265284195115218e-7
879	1.2255608375739546e-7
880	1.224493895639126e-7
881	1.223512599796499e-7
882	1.222523738971765e-7
883	1.2215276866606002e-7
884	1.2205234785599143e-7
885	1.2195102618287697e-7
886	1.2184871984695098e-7
887	1.2174515449891687e-7
888	1.2164006136853475e-7
889	1.2153285154845248e-7
890	1.2142232579572205e-7
891	1.2129308363048454e-7
892	1.2117095490567588e-7
893	1.2109091043324406e-7
894	1.2100486741736443e-7
895	1.2091245561222409e-7
896	1.208167313946013e-7
897	1.207188930596294e-7
898	1.206195238598367e-7
899	1.2051894216711594e-7
900	1.204173400318718e-7
901	1.2031484117618053e-7
902	1.2021153982441443e-7
903	1.200841021336075e-7
904	1.19974471459418e-7
905	1.198719594745212e-7
906	1.1976871902548048e-7
907	1.19664768101703e-7
908	1.19560157794683e-7
909	1.194549227034295e-7
910	1.1934908233328105e-7
911	1.1924267017578943e-7
912	1.1913569671503428e-7
913	1.1902818787440044e-7
914	1.1892015223285734e-7
915	1.1881160972030046e-7
916	1.1870257747693174e-7
917	1.1859306874839565e-7
918	1.1847588971280598e-7
919	1.1835724965477809e-7
920	1.1824633398794313e-7
921	1.1813490646223566e-7
922	1.1802306337913055e-7
923	1.179107360900461e-7
924	1.1779799359184386e-7
925	1.1768500291568996e-7
926	1.1757144900497594e-7
927	1.1745748167678957e-7
928	1.1734319906893755e-7
929	1.1722858205638888e-7
930	1.1711343851590311e-7
931	1.1699774464901162e-7
932	1.1687598339000238e-7
933	1.1675300754766687e-7
934	1.1663671778856976e-7
935	1.1651693385834317e-7
936	1.1639964172222245e-7
937	1.1628248559993805e-7
938	1.1616376508931194e-7
939	1.1604498824727806e-7
940	1.1592614181680321e-7
941	1.1580606083084255e-7
942	1.1568739642824975e-7
943	1.1556866254019747e-7
944	1.154485899092368e-7
945	1.1532698182190615e-7
946	1.1520760296127716e-7
947	1.1508246647312102e-7
948	1.1494688731885485e-7
949	1.1482852386641434e-7
950	1.1470594211261326e-7
951	1.1458285186934381e-7
952	1.1445964392505675e-7
953	1.1436461195124186e-7
954	1.1420986370106428e-7
955	1.1408180847577472e-7
956	1.1395921201200836e-7
957	1.1382958557049859e-7
958	1.1369698642693289e-7
959	1.1356183952567207e-7
960	1.1344210903813937e-7
961	1.1332640066116999e-7
962	1.1320931377022683e-7
963	1.130863819989616e-7
964	1.1296757757281253e-7
965	1.1284595653693777e-7
966	1.126971380836244e-7
967	1.1258393139449225e-7
968	1.1246745938066867e-7
969	1.1234923303591721e-7
970	1.1222257729911576e-7
971	1.1210076296759793e-7
972	1.1197825445921355e-7
973	1.1184758463101322e-7
974	1.1172565644055442e-7
975	1.1159362207614796e-7
976	1.1146968423559017e-7
977	1.1132876535376139e-7
978	1.1121393574443647e-7
979	1.1108877073634878e-7
980	1.109560321105588e-7
981	1.1081967684306663e-7
982	1.1069906918187054e-7
983	1.10570306894003e-7
984	1.1044732134814502e-7
985	1.1031629097063147e-7
986	1.1016769393176236e-7
987	1.1004787661568314e-7
988	1.0992232395566069e-7
989	1.0977563029483572e-7
990	1.0963860113388056e-7
991	1.0952195421594761e-7
992	1.094016395311295e-7
993	1.0927978404298108e-7
994	1.0915772390701255e-7
995	1.090535333031333e-7
996	1.089335001291801e-7
997	1.087777153405036e-7
998	1.0864865176358603e-7
999	1.085181880965638e-7
1000	1.0839478480936531e-7
1001	1.0827180813623458e-7
1002	1.0812757815292074e-7
1003	1.0799987999037407e-7
1004	1.0785102238370649e-7
1005	1.0776581322988858e-7
1006	1.0762456429815198e-7
1007	1.0749059276392683e-7
1008	1.0736215941034028e-7
1009	1.072396746752807e-7
1010	1.0711452470773651e-7
1011	1.0699142612482607e-7
1012	1.0684712779685599e-7
1013	1.0671508908157554e-7
1014	1.0656570491271478e-7
1015	1.0646498005573289e-7
1016	1.0633803951809767e-7
1017	1.062087331370465e-7
1018	1.0607166371588204e-7
1019	1.059401216697416e-7
1020	1.0580004352789975e-7
1021	1.0567040170354221e-7
1022	1.0555330144984506e-7
1023	1.0546199101656119e-7
1024	1.0529445572487007e-7
1025	1.0515374984542258e-7
1026	1.0502782147078728e-7
1027	1.0490222699583257e-7
1028	1.0477256569559339e-7
1029	1.0464059091161845e-7
1030	1.0452243019268222e-7
1031	1.0438443184241926e-7
1032	1.0424374127908259e-7
1033	1.0413469448545592e-7
1034	1.0400132249236572e-7
1035	1.0388172170388141e-7
1036	1.0374342719875912e-7
1037	1.036080528384588e-7
1038	1.0343042821813447e-7
1039	1.0329820852880134e-7
1040	1.0319563097483046e-7
1041	1.0306391754259413e-7
1042	1.0293339126403178e-7
1043	1.0280647989098928e-7
1044	1.026817271405929e-7
1045	1.0254804756678712e-7
1046	1.0242318543540643e-7
1047	1.0229736436017036e-7
1048	1.0217790515478794e-7
1049	1.0203390541532389e-7
1050	1.0190895127294015e-7
1051	1.0178348010683525e-7
1052	1.016530015180484e-7
1053	1.0154273660858544e-7
1054	1.0139249434265781e-7
1055	1.0126245837795593e-7
1056	1.0109807384466336e-7
1057	1.0098376622440878e-7
1058	1.0087400161578824e-7
1059	1.0074395114911341e-7
1060	1.0061155295381442e-7
1061	1.0049544380824259e-7
1062	1.0036896731887618e-7
1063	1.0016329566428763e-7
1064	1.0006549042312466e-7
1065	9.994008260783582e-8
1066	9.981353687779407e-8
1067	9.967392593730186e-8
1068	9.954529678993557e-8
1069	9.94072384555787e-8
1070	9.929072123349955e-8
1071	9.91617145935437e-8
1072	9.903305464206277e-8
1073	9.889307021859066e-8
1074	9.877577058883454e-8
1075	9.864259555718679e-8
1076	9.851855626508518e-8
1077	9.839739504049925e-8
1078	9.827659628039119e-8
1079	9.81550082855039e-8
1080	9.80281514192745e-8
1081	9.790085961542405e-8
1082	9.77787696122039e-8
1083	9.764801367902724e-8
1084	9.752642033677282e-8
1085	9.740515343224689e-8
1086	9.727883683760454e-8
1087	9.715108753412896e-8
1088	9.702761453048296e-8
1089	9.689992180015096e-8
1090	9.67728098076767e-8
1091	9.665280187615359e-8
1092	9.653288650816315e-8
1093	9.638682457578351e-8
1094	9.626299597845695e-8
1095	9.61446452331353e-8
1096	9.601718809417746e-8
1097	9.589451742690981e-8
1098	9.5769367563616e-8
1099	9.564513980442774e-8
1100	9.552238954415132e-8
1101	9.539346492113109e-8
1102	9.526982170389158e-8
1103	9.514261251654118e-8
1104	9.500835378190844e-8
1105	9.48937539514743e-8
1106	9.476896636628812e-8
1107	9.464872314982358e-8
1108	9.452305500086079e-8
1109	9.440121245544772e-8
1110	9.427953066285263e-8
1111	9.415415300307956e-8
1112	9.403436231176743e-8
1113	9.39050940694309e-8
1114	9.377638693649252e-8
1115	9.36519469639851e-8
1116	9.352863000445056e-8
1117	9.340027693984156e-8
1118	9.328471854573671e-8
1119	9.315744779392949e-8
1120	9.303655700675807e-8
1121	9.291218403501638e-8
1122	9.279164022846672e-8
1123	9.266972105220816e-8
1124	9.254865310231598e-8
1125	9.242277624074921e-8
1126	9.230482798341731e-8
1127	9.218145447614963e-8
1128	9.206133051240645e-8
1129	9.194097728711603e-8
1130	9.182134401184506e-8
1131	9.168878975976547e-8
1132	9.156201477641365e-8
1133	9.144498998705912e-8
1134	9.132534720441398e-8
1135	9.120074128111334e-8
1136	9.107873327970864e-8
1137	9.096142609468521e-8
1138	9.083808670916876e-8
1139	9.072245503350388e-8
1140	9.060254925295596e-8
1141	9.048327370692514e-8
1142	9.036145452977889e-8
1143	9.023985536702914e-8
1144	9.011973033579105e-8
1145	9.00013328913383e-8
1146	8.988227500449636e-8
1147	8.976072815302461e-8
1148	8.964042368249606e-8
1149	8.951485054313393e-8
1150	8.939396819421259e-8
1151	8.927832801986462e-8
1152	8.915547311282034e-8
1153	8.903977960504004e-8
1154	8.891824059167665e-8
1155	8.880019472287076e-8
1156	8.868088605401853e-8
1157	8.856488936146408e-8
1158	8.844666651129471e-8
1159	8.832956250811348e-8
1160	8.821356191334032e-8
1161	8.80964093970622e-8
1162	8.798022519584449e-8
1163	8.785834125721373e-8
1164	8.774471957711715e-8
1165	8.762672109757551e-8
1166	8.750370962806358e-8
1167	8.738879451877822e-8
1168	8.7273588599378e-8
1169	8.715831255305534e-8
1170	8.703819564810352e-8
1171	8.691447537825033e-8
1172	8.679497886784943e-8
1173	8.668042000278413e-8
1174	8.656794758655779e-8
1175	8.645004050695733e-8
1176	8.632609909862995e-8
1177	8.621143444297559e-8
1178	8.609746773326355e-8
1179	8.598544275118662e-8
1180	8.587270360039158e-8
1181	8.575561047746816e-8
1182	8.563870041823034e-8
1183	8.552604213920985e-8
1184	8.541272054827913e-8
1185	8.52975875967109e-8
1186	8.518374543585582e-8
1187	8.507095959898326e-8
1188	8.496677845079964e-8
1189	8.485298461980039e-8
1190	8.473991752905447e-8
1191	8.46251924347484e-8
1192	8.451194981763268e-8
1193	8.43994699120612e-8
1194	8.428711682751948e-8
1195	8.416863772325962e-8
1196	8.404980364281937e-8
1197	8.393531532377811e-8
1198	8.382372561569846e-8
1199	8.37112726899298e-8
1200	8.360027364824041e-8
1201	8.348966731356e-8
1202	8.337934863316535e-8
1203	8.326554933137946e-8
1204	8.315392508872393e-8
1205	8.304150318376755e-8
1206	8.293298402932435e-8
1207	8.281727579026457e-8
1208	8.270707452005129e-8
1209	8.259714128726194e-8
1210	8.248642972639523e-8
1211	8.237651725645757e-8
1212	8.226666037086804e-8
1213	8.215587541717569e-8
1214	8.203464946538506e-8
1215	8.192640756419377e-8
1216	8.182036534378767e-8
1217	8.170981543950538e-8
1218	8.160047654101423e-8
1219	8.14881637515265e-8
1220	8.138013179349863e-8
1221	8.12652767901899e-8
1222	8.115698525241859e-8
1223	8.104604383486693e-8
1224	8.093846462592292e-8
1225	8.08304467386289e-8
1226	8.072194329694522e-8
1227	8.061484188975089e-8
1228	8.050742695727761e-8
1229	8.039977347491356e-8
1230	8.029114523448325e-8
1231	8.018560398134448e-8
1232	8.007781146522111e-8
1233	7.997057777974146e-8
1234	7.986496824004518e-8
1235	7.975797520039933e-8
1236	7.965142490528739e-8
1237	7.954410310109663e-8
1238	7.943814650394073e-8
1239	7.93327288632708e-8
1240	7.92267932479766e-8
1241	7.91203964477634e-8
1242	7.901597850948192e-8
1243	7.890980027413581e-8
1244	7.880422062731658e-8
1245	7.869282187877301e-8
1246	7.85844884128504e-8
1247	7.847904346871661e-8
1248	7.837366346408381e-8
1249	7.82698087251979e-8
1250	7.81646423001396e-8
1251	7.806012079634336e-8
1252	7.795479852878133e-8
1253	7.785122569328561e-8
1254	7.774774149965546e-8
1255	7.764301008732796e-8
1256	7.753928486598706e-8
1257	7.743601166814717e-8
1258	7.733288591474288e-8
1259	7.722980651377672e-8
1260	7.712637618783632e-8
1261	7.702293745287406e-8
1262	7.692030258153226e-8
1263	7.681706834338495e-8
1264	7.671471123211897e-8
1265	7.661330899848688e-8
1266	7.650932759477792e-8
1267	7.640262414146236e-8
1268	7.629741115455705e-8
1269	7.619529530687889e-8
1270	7.60938186288128e-8
1271	7.599177785409395e-8
1272	7.588975112077522e-8
1273	7.578841658354881e-8
1274	7.568589509654254e-8
1275	7.558465516611328e-8
1276	7.548334681462071e-8
1277	7.538256381095237e-8
1278	7.52812956710701e-8
1279	7.517984304854518e-8
1280	7.507844134658618e-8
1281	7.497524175521427e-8
1282	7.487323957234222e-8
1283	7.476811080574397e-8
1284	7.466283670612723e-8
1285	7.455884845501783e-8
1286	7.446614871055382e-8
1287	7.437156554084878e-8
1288	7.427574418028902e-8
1289	7.417927584008207e-8
1290	7.408132718369681e-8
1291	7.398338731968132e-8
1292	7.388613294388001e-8
1293	7.378928587798517e-8
1294	7.369093420753506e-8
1295	7.35929457333557e-8
1296	7.349621834686729e-8
1297	7.339912254266075e-8
1298	7.330222357544195e-8
1299	7.320545511381789e-8
1300	7.310906400637113e-8
1301	7.301156664826724e-8
1302	7.291239123693335e-8
1303	7.281594142000348e-8
1304	7.271867893974622e-8
1305	7.262297202369475e-8
1306	7.252649753962711e-8
1307	7.243097432456098e-8
1308	7.233530221306902e-8
1309	7.223950986310478e-8
1310	7.214410647968703e-8
1311	7.204867874733965e-8
1312	7.195355793211274e-8
1313	7.185838118073887e-8
1314	7.176349369080135e-8
1315	7.166851228499303e-8
1316	7.157383697582619e-8
1317	7.147924302764305e-8
1318	7.137823434828888e-8
1319	7.128411035101476e-8
1320	7.118931047058578e-8
1321	7.109536030598366e-8
1322	7.100141284727746e-8
1323	7.090771221492859e-8
1324	7.081387726898958e-8
1325	7.072025240325314e-8
1326	7.062694691988137e-8
1327	7.053382900501243e-8
1328	7.044064795077596e-8
1329	7.03476369120654e-8
1330	7.025478740832732e-8
1331	7.01621323446192e-8
1332	7.0069437423325e-8
1333	6.997703766362678e-8
1334	6.988465319942244e-8
1335	6.979252873987708e-8
1336	6.970046937522281e-8
1337	6.96085217798586e-8
1338	6.951671870227587e-8
1339	6.942511897027012e-8
1340	6.93336735858717e-8
1341	6.924224358602303e-8
1342	6.91469004727073e-8
1343	6.905108453827598e-8
1344	6.896023801338032e-8
1345	6.886928733644374e-8
1346	6.877862270722567e-8
1347	6.868796093620304e-8
1348	6.859763141140376e-8
1349	6.850729095335521e-8
1350	6.841702048009008e-8
1351	6.832693981461929e-8
1352	6.823708823640973e-8
1353	6.814735967684531e-8
1354	6.805765679620959e-8
1355	6.796810627507747e-8
1356	6.787879293042136e-8
1357	6.778949786754882e-8
1358	6.770035403734747e-8
1359	6.76113299682288e-8
1360	6.752238185816332e-8
1361	6.743365771246865e-8
1362	6.734501533292925e-8
1363	6.7256598971433e-8
1364	6.71681897701075e-8
1365	6.707998265540019e-8
1366	6.699187693969152e-8
1367	6.690387648808003e-8
1368	6.681610375309287e-8
1369	6.672653904326944e-8
1370	6.663892962303164e-8
1371	6.65514025540332e-8
1372	6.645937812553193e-8
1373	6.637215892930413e-8
1374	6.628515166037828e-8
1375	6.619526824380681e-8
1376	6.610849684298341e-8
1377	6.602171411605876e-8
1378	6.593502517716541e-8
1379	6.584846729981598e-8
1380	6.576210624088966e-8
1381	6.567587091307423e-8
1382	6.558957803152228e-8
1383	6.550978949245242e-8
1384	6.542415892882927e-8
1385	6.533875824485672e-8
1386	6.525340394527976e-8
1387	6.516811128490894e-8
1388	6.508310576267826e-8
1389	6.499812128753523e-8
1390	6.491324216031528e-8
1391	6.482853428259429e-8
1392	6.474393216667182e-8
1393	6.465948432719634e-8
1394	6.45751417320618e-8
1395	6.448521945653118e-8
1396	6.440143728818834e-8
1397	6.431774658336175e-8
1398	6.423417845400658e-8
1399	6.415069035557182e-8
1400	6.406732360169856e-8
1401	6.398397922129936e-8
1402	6.390086986734682e-8
1403	6.38177703705452e-8
1404	6.373488285387452e-8
1405	6.364242519645121e-8
1406	6.356024315750185e-8
1407	6.347764706080595e-8
1408	6.339520872613335e-8
1409	6.331287459897756e-8
1410	6.323065241993906e-8
1411	6.314855053770537e-8
1412	6.306655747567642e-8
1413	6.2984725924833e-8
1414	6.290299712817713e-8
1415	6.282138717256309e-8
1416	6.273989407982784e-8
1417	6.265849062224563e-8
1418	6.2577256379404e-8
1419	6.24961220214819e-8
1420	6.241512202999156e-8
1421	6.233421719544958e-8
1422	6.225346005690609e-8
1423	6.217281955658338e-8
1424	6.209227554635048e-8
1425	6.201188155513995e-8
1426	6.193159229585585e-8
1427	6.185142624508962e-8
1428	6.177136534472473e-8
1429	6.169142284035994e-8
1430	6.161163452305598e-8
1431	6.153192867386784e-8
1432	6.145232550398139e-8
1433	6.137291054446912e-8
1434	6.129358592084915e-8
1435	6.121438393074246e-8
1436	6.113530808465049e-8
1437	6.105633909003443e-8
1438	6.09774876329436e-8
1439	6.089829677989555e-8
1440	6.081554724523178e-8
1441	6.073705881155671e-8
1442	6.065504267162824e-8
1443	6.057678221532081e-8
1444	6.049865590211141e-8
1445	6.042065237479801e-8
1446	6.034276959458793e-8
1447	6.026500455272025e-8
1448	6.01873516292443e-8
1449	6.010980695144637e-8
1450	6.003237569590677e-8
1451	5.995510415564047e-8
1452	5.987790806031874e-8
1453	5.98008463117888e-8
1454	5.972390168573052e-8
1455	5.964707860045493e-8
1456	5.9570363163051774e-8
1457	5.949376545845085e-8
1458	5.9417286705296853e-8
1459	5.934094006383207e-8
1460	5.926467725564253e-8
1461	5.918855386970841e-8
1462	5.91125369687563e-8
1463	5.903664122751711e-8
1464	5.896085046425287e-8
1465	5.888518791507631e-8
1466	5.880963690819976e-8
1467	5.873419599938722e-8
1468	5.865887539154449e-8
1469	5.858367340873707e-8
1470	5.850858579820883e-8
1471	5.843360950030065e-8
1472	5.835873610007103e-8
1473	5.828399017971005e-8
1474	5.820164215410627e-8
1475	5.8128005869718734e-8
1476	5.8053617303182234e-8
1477	5.7979299586572776e-8
1478	5.7905131224361214e-8
1479	5.783107799793153e-8
1480	5.7757127716757675e-8
1481	5.768329416232264e-8
1482	5.760958401494202e-8
1483	5.753597935299109e-8
1484	5.746247217296233e-8
1485	5.738908524566794e-8
1486	5.7315816339928526e-8
1487	5.724265981956817e-8
1488	5.7169612012292636e-8
1489	5.709668107691916e-8
1490	5.702385640966746e-8
1491	5.6951144105117025e-8
1492	5.687854164391063e-8
1493	5.680605455052058e-8
1494	5.6733686737797126e-8
1495	5.666143058077409e-8
1496	5.658924205684105e-8
1497	5.651719699811436e-8
1498	5.644525388398837e-8
1499	5.6373430003427297e-8
1500	5.630171367403975e-8
1501	5.6230104183038196e-8
1502	5.615861480383497e-8
1503	5.608723285886272e-8
1504	5.60109341594505e-8
1505	5.593977007079659e-8
1506	5.586871405249796e-8
1507	5.579776560735382e-8
1508	5.572692768229263e-8
1509	5.565619905943551e-8
1510	5.558559058694209e-8
1511	5.5515050237847825e-8
1512	5.54446473047289e-8
1513	5.5374347626890174e-8
1514	5.530415738114743e-8
1515	5.523407223560199e-8
1516	5.516409619358308e-8
1517	5.50942220108195e-8
1518	5.5024459886840803e-8
1519	5.495480880479368e-8
1520	5.488526106640804e-8
1521	5.4815814249477434e-8
1522	5.474648102428635e-8
1523	5.467724500319367e-8
1524	5.460812510782079e-8
1525	5.453614280457624e-8
1526	5.446723427145042e-8
1527	5.4398425810359096e-8
1528	5.432972597639695e-8
1529	5.426113092213683e-8
1530	5.419264243423752e-8
1531	5.412425492305234e-8
1532	5.405597643894051e-8
1533	5.3987802092435094e-8
1534	5.39197295354224e-8
1535	5.385176221748968e-8
1536	5.378283000657006e-8
1537	5.3715070490677085e-8
1538	5.3647417387287956e-8
1539	5.357986562979099e-8
1540	5.351241845360814e-8
1541	5.344401198500475e-8
1542	5.337677179818518e-8
1543	5.3309635203682835e-8
1544	5.3242599778061487e-8
1545	5.3175667447876005e-8
1546	5.31088374496201e-8
1547	5.304211180947823e-8
1548	5.29754847303772e-8
1549	5.2908961385526766e-8
1550	5.2842539327667655e-8
1551	5.277621839717021e-8
1552	5.2707188894417437e-8
1553	5.2641072857655823e-8
1554	5.257505934849033e-8
1555	5.2509146438099976e-8
1556	5.244333525131393e-8
1557	5.237762359478989e-8
1558	5.2312012397550926e-8
1559	5.224650233353549e-8
1560	5.218109072973829e-8
1561	5.2115779335992666e-8
1562	5.205056939292794e-8
1563	5.19854577336954e-8
1564	5.192044660263528e-8
1565	5.185553211337864e-8
1566	5.17907186142126e-8
1567	5.1726004771704875e-8
1568	5.1661388559827686e-8
1569	5.159687101854917e-8
1570	5.153245241749428e-8
1571	5.146813111194248e-8
1572	5.1403910950504433e-8
1573	5.133978787620474e-8
1574	5.127575828379979e-8
1575	5.120747380783971e-8
1576	5.114364698834735e-8
1577	5.107991929077403e-8
1578	5.101628848797564e-8
1579	5.095275304570575e-8
1580	5.08893162752608e-8
1581	5.082597503290969e-8
1582	5.0762732094395956e-8
1583	5.069958392990152e-8
1584	5.063653246585194e-8
1585	5.0573577576170354e-8
1586	5.051071785951545e-8
1587	5.04479544560924e-8
1588	5.0385286678389114e-8
1589	5.032271455016084e-8
1590	5.02602379188101e-8
1591	5.0197855260420155e-8
1592	5.013556862647912e-8
1593	5.007337530715751e-8
1594	5.0011278165002124e-8
1595	4.994927526482632e-8
1596	4.988736663050801e-8
1597	4.9825552189190025e-8
1598	4.976383153225059e-8
1599	4.970220431898662e-8
1600	4.9640670794496855e-8
1601	4.957923058983186e-8
1602	4.951788359653348e-8
1603	4.9456629111660166e-8
1604	4.9395979544556004e-8
1605	4.933491464951271e-8
1606	4.9273942807228384e-8
1607	4.921306353893915e-8
1608	4.9147008115453085e-8
1609	4.908632018722287e-8
1610	4.9025724632760706e-8
1611	4.896522084590184e-8
1612	4.89048092197969e-8
1613	4.884448936577432e-8
1614	4.878426119515455e-8
1615	4.872412445212378e-8
1616	4.866407899042855e-8
1617	4.8604124862158596e-8
1618	4.854426181927428e-8
1619	4.848448948070676e-8
1620	4.8424808084053895e-8
1621	4.8365217196564196e-8
1622	4.83057168029097e-8
1623	4.824630673516151e-8
1624	4.818698671711965e-8
1625	4.812753657950851e-8
1626	4.8068416759681964e-8
1627	4.8009385267184066e-8
1628	4.795044203563218e-8
1629	4.789158714762654e-8
1630	4.7832820538756826e-8
1631	4.7774142149504313e-8
1632	4.771555196832046e-8
1633	4.7657049913535986e-8
1634	4.759863589603673e-8
1635	4.754030979623038e-8
1636	4.748207155968438e-8
1637	4.742392107289581e-8
1638	4.736585820186159e-8
1639	4.730788285121167e-8
1640	4.7249994912850307e-8
1641	4.7192194262087736e-8
1642	4.7134480777393304e-8
1643	4.707685433188872e-8
1644	4.701931482150363e-8
1645	4.696186209741115e-8
1646	4.69044960555635e-8
1647	4.684721656745823e-8
1648	4.6787556721754544e-8
1649	4.673045294803164e-8
1650	4.6670689019215066e-8
1651	4.6613475299966704e-8
1652	4.6556633309550556e-8
1653	4.6499877052023893e-8
1654	4.644320642054075e-8
1655	4.6386621311381705e-8
1656	4.633012155782518e-8
1657	4.627370701111469e-8
1658	4.621737755954615e-8
1659	4.616113310148007e-8
1660	4.6104973418539126e-8
1661	4.6048898451149195e-8
1662	4.599290801730397e-8
1663	4.5937002101106746e-8
1664	4.5881180451446204e-8
1665	4.582544293758622e-8
1666	4.576978941334912e-8
1667	4.571421985612261e-8
1668	4.565873408107717e-8
1669	4.5603331899322585e-8
1670	4.554801323569877e-8
1671	4.549277791638626e-8
1672	4.543762581290987e-8
1673	4.538255686140224e-8
1674	4.532757084021318e-8
1675	4.527266771285141e-8
1676	4.5217847242815265e-8
1677	4.516310936300316e-8
1678	4.510845389498127e-8
1679	4.505388078402727e-8
1680	4.4999389834269405e-8
1681	4.49449809545654e-8
1682	4.489065401382138e-8
1683	4.48364088029298e-8
1684	4.478224530879473e-8
1685	4.47281633286396e-8
1686	4.467416274786882e-8
1687	4.462024344306398e-8
1688	4.456640527494615e-8
1689	4.45126481654424e-8
1690	4.4458971922623824e-8
1691	4.440537643828342e-8
1692	4.435186158232457e-8
1693	4.429842732775229e-8
1694	4.424507341112726e-8
1695	4.419207005902556e-8
1696	4.4138876135128836e-8
1697	4.408316587592185e-8
1698	4.402727292765009e-8
1699	4.397432551082292e-8
1700	4.3921457664675763e-8
1701	4.386866937671504e-8
1702	4.3815960482286856e-8
1703	4.376333073179348e-8
1704	4.371078026554993e-8
1705	4.3658308794877865e-8
1706	4.360591623773718e-8
1707	4.355360237644424e-8
1708	4.350136727070002e-8
1709	4.344921064352974e-8
1710	4.339713249821163e-8
1711	4.3345132586491335e-8
1712	4.3293210939648876e-8
1713	4.3241367311440606e-8
1714	4.3189601853606115e-8
1715	4.313791411003813e-8
1716	4.308630415419303e-8
1717	4.3034771865404196e-8
1718	4.298331701128845e-8
1719	4.2931939655900446e-8
1720	4.288063957359307e-8
1721	4.2829416815458576e-8
1722	4.277827108606236e-8
1723	4.272720237810888e-8
1724	4.267621065003103e-8
1725	4.262529567550058e-8
1726	4.257445754381446e-8
1727	4.2523695995659366e-8
1728	4.247301103328547e-8
1729	4.242240248808257e-8
1730	4.237187035767959e-8
1731	4.2321414550272756e-8
1732	4.227103499230983e-8
1733	4.222073167274868e-8
1734	4.217050441985661e-8
1735	4.2120353230697754e-8
1736	4.207027811999347e-8
1737	4.202027886585704e-8
1738	4.197035577793306e-8
1739	4.1920508451833484e-8
1740	4.18707370975463e-8
1741	4.182104175047511e-8
1742	4.176999099852308e-8
1743	4.1720449380393106e-8
1744	4.167098379348705e-8
1745	4.1621594453759444e-8
1746	4.1570009551213315e-8
1747	4.152077577496679e-8
1748	4.147161867892182e-8
1749	4.142253849995511e-8
1750	4.137353559017993e-8
1751	4.1323768150666315e-8
1752	4.1274922307718274e-8
1753	4.122615567059056e-8
1754	4.117746893152568e-8
1755	4.112886339197992e-8
1756	4.1080340827148747e-8
1757	4.1031903383746436e-8
1758	4.098355429534925e-8
1759	4.093529827626081e-8
1760	4.088714243103725e-8
1761	4.083909875320987e-8
1762	4.0791188289876557e-8
1763	4.0743455515444045e-8
1764	4.06960107222394e-8
1765	4.064890448040736e-8
1766	4.060026313949908e-8
1767	4.055178823818505e-8
1768	4.05036187018122e-8
1769	4.0455630777298574e-8
1770	4.0407775991397416e-8
1771	4.036003150141226e-8
1772	4.031238480102653e-8
1773	4.026482841930804e-8
1774	4.0217357265366754e-8
1775	4.016996805837317e-8
1776	4.012265828243675e-8
1777	4.00754260841812e-8
1778	4.002827009078121e-8
1779	3.998118916618328e-8
1780	3.993418236908707e-8
1781	3.9887248908048785e-8
1782	3.9840388168981157e-8
1783	3.97935996281676e-8
1784	3.974688292832613e-8
1785	3.970023741021747e-8
1786	3.965366282091417e-8
1787	3.9607158830595687e-8
1788	3.956072508473234e-8
1789	3.951436139675869e-8
1790	3.9468067385758654e-8
1791	3.9421842938104715e-8
1792	3.937568776035707e-8
1793	3.9329601613044626e-8
1794	3.9281540958715406e-8
1795	3.9233771719356384e-8
1796	3.91881135476022e-8
1797	3.9142306331426495e-8
1798	3.909656733494535e-8
1799	3.905089625676519e-8
1800	3.900529299231251e-8
1801	3.895975738461008e-8
1802	3.8914289249245e-8
1803	3.886888854049127e-8
1804	3.882355501479879e-8
1805	3.877828856265206e-8
1806	3.873308903090263e-8
1807	3.868795631382902e-8
1808	3.864289025939812e-8
1809	3.859789074456763e-8
1810	3.855295765163461e-8
1811	3.8508090811185724e-8
1812	3.84632901659787e-8
1813	3.8418555533739225e-8
1814	3.837388679624401e-8
1815	3.832928384177188e-8
1816	3.828474654684179e-8
1817	3.824027479762723e-8
1818	3.819586847421223e-8
1819	3.815152747169901e-8
1820	3.8107251658811224e-8
1821	3.806304091737729e-8
1822	3.801889513842801e-8
1823	3.7974814189228856e-8
1824	3.7930797994278695e-8
1825	3.78868464168695e-8
1826	3.784295935051112e-8
1827	3.779913667509832e-8
1828	3.775537831086881e-8
1829	3.771168412228547e-8
1830	3.7668054002790915e-8
1831	3.762448786494628e-8
1832	3.7580985569333555e-8
1833	3.753754705918583e-8
1834	3.749396541799588e-8
1835	3.745065430121936e-8
1836	3.7407406670452785e-8
1837	3.736292136909713e-8
1838	3.7318708368807024e-8
1839	3.7275653506224544e-8
1840	3.7232661645894784e-8
1841	3.718973270946183e-8
1842	3.71468666084134e-8
1843	3.710406321649422e-8
1844	3.7061322480037864e-8
1845	3.701864426736756e-8
1846	3.69760284830808e-8
1847	3.6933475034876376e-8
1848	3.6890983837649106e-8
1849	3.684855480411007e-8
1850	3.680618781464168e-8
1851	3.676388279899323e-8
1852	3.672163965386146e-8
1853	3.667945829297531e-8
1854	3.663733870285742e-8
1855	3.659528068902819e-8
1856	3.655328421270148e-8
1857	3.651134919475037e-8
1858	3.646947553929214e-8
1859	3.642766320049019e-8
1860	3.638591207035984e-8
1861	3.634482847444594e-8
1862	3.630274855213487e-8
1863	3.626125528546508e-8
1864	3.6219825807829645e-8
1865	3.6178460315002185e-8
1866	3.613715911753648e-8
1867	3.60959224886129e-8
1868	3.60547508414892e-8
1869	3.6013644629027405e-8
1870	3.597260442858428e-8
1871	3.5931630934105176e-8
1872	3.589072499249456e-8
1873	3.584988770203837e-8
1874	3.580912035885616e-8
1875	3.576682717658993e-8
1876	3.5726106135198237e-8
1877	3.5685082040433486e-8
1878	3.564436274916881e-8
1879	3.560385262720202e-8
1880	3.556341894351351e-8
1881	3.5523067693992296e-8
1882	3.548280862675395e-8
1883	3.544265911297247e-8
1884	3.5402519300438575e-8
1885	3.536261075969572e-8
1886	3.532319964348109e-8
1887	3.528254578604302e-8
1888	3.5241686865505013e-8
1889	3.520112543610466e-8
1890	3.5160866723107914e-8
1891	3.512072706113548e-8
1892	3.508068355902892e-8
1893	3.504072400719113e-8
1894	3.5000841044063854e-8
1895	3.496089729221816e-8
1896	3.492115493467975e-8
1897	3.48811220062704e-8
1898	3.484128661892317e-8
1899	3.480336523912703e-8
1900	3.476382411341398e-8
1901	3.472434878688805e-8
1902	3.4684937949071776e-8
1903	3.464559051322297e-8
1904	3.460630555379067e-8
1905	3.456708230237941e-8
1906	3.452792007431861e-8
1907	3.448881829273908e-8
1908	3.4449776433513423e-8
1909	3.441079404208575e-8
1910	3.437187070490376e-8
1911	3.433300606083689e-8
1912	3.42937245962333e-8
1913	3.425441634100817e-8
1914	3.421564120126913e-8
1915	3.417700962973888e-8
1916	3.413843529631301e-8
1917	3.409991796637688e-8
1918	3.406145743372287e-8
1919	3.4021825800925244e-8
1920	3.398349877505161e-8
1921	3.394522735803295e-8
1922	3.3907011399852346e-8
1923	3.3868850749443974e-8
1924	3.383074528181144e-8
1925	3.379269484148829e-8
1926	3.3754699320498964e-8
1927	3.371675856270601e-8
1928	3.367887245630693e-8
1929	3.3641040889092106e-8
1930	3.3603263732599426e-8
1931	3.3565540877629336e-8
1932	3.3527872215020624e-8
1933	3.3490257625700965e-8
1934	3.345269699804665e-8
1935	3.341519023667542e-8
1936	3.3377737227929044e-8
1937	3.3339432063811906e-8
1938	3.3302087418072005e-8
1939	3.326373104255703e-8
1940	3.322649456014041e-8
1941	3.3189311316667466e-8
1942	3.3152020081827384e-8
1943	3.3114943236080795e-8
1944	3.307791932859647e-8
1945	3.304094826932237e-8
1946	3.300402996153481e-8
1947	3.2967164313023765e-8
1948	3.293035122791235e-8
1949	3.289359060700616e-8
1950	3.28568823674872e-8
1951	3.282022640548339e-8
1952	3.278362263256134e-8
1953	3.274707095947852e-8
1954	3.271057129246603e-8
1955	3.2674123540367674e-8
1956	3.2637727613167885e-8
1957	3.2601383421406715e-8
1958	3.2565090873493505e-8
1959	3.25288498800726e-8
1960	3.249266035312451e-8
1961	3.2456522203741696e-8
1962	3.24204353432025e-8
1963	3.2384399684124754e-8
1964	3.234841513767119e-8
1965	3.231248161733838e-8
1966	3.227659903490237e-8
1967	3.2240767302732996e-8
1968	3.2204986339333904e-8
1969	3.216925605103871e-8
1970	3.213357635573405e-8
1971	3.209794716773959e-8
1972	3.206236840064911e-8
1973	3.2026839972204265e-8
1974	3.19913617920786e-8
1975	3.1955933774538455e-8
1976	3.1920555840261116e-8
1977	3.188522790383326e-8
1978	3.184994987979361e-8
1979	3.181472168419538e-8
1980	3.177954323515434e-8
1981	3.174441444665106e-8
1982	3.17093352353904e-8
1983	3.1674305518697636e-8
1984	3.1639325215298554e-8
1985	3.160439424206336e-8
1986	3.156966472130251e-8
1987	3.153483196140539e-8
1988	3.149739591899067e-8
1989	3.1462664677411e-8
1990	3.142798235049031e-8
1991	3.139334885657528e-8
1992	3.135876411295723e-8
1993	3.1324228039676376e-8
1994	3.1289740561776306e-8
1995	3.125530158852233e-8
1996	3.122091104399876e-8
1997	3.118656884722223e-8
1998	3.11522749156263e-8
1999	3.111802917422171e-8
2000	3.108383153835539e-8
2001	3.1049681930887506e-8