1	7.564087176901778e-10
2	1.466847885007663e-9
3	2.0853926243457837e-9
4	2.5661932964285203e-9
5	2.863502299653762e-9
6	2.9316640711652765e-9
7	2.7250700044593253e-9
8	2.198018163125551e-9
9	1.3040986335603384e-9
10	0.
11	0.
12	0.
13	0.
14	0.
15	0.
16	0.
17	0.
18	0.
19	0.
20	0.
21	0.
22	0.
23	0.
24	0.
25	0.
26	0.
27	0.
28	0.
29	0.
30	0.
31	0.
32	0.
33	0.
34	0.
35	0.
36	0.
37	0.
38	0.
39	0.
40	0.
41	0.
42	0.
43	0.
44	0.
45	0.
46	0.
47	0.
48	0.
49	0.
50	0.
51	0.
52	0.
53	0.
54	0.
55	0.
56	0.
57	0.
58	0.
59	0.
60	0.
61	0.
62	0.
63	0.
64	0.
65	0.
66	0.
67	0.
68	0.
69	0.
70	0.
71	0.
72	0.
73	0.
74	0.
75	0.
76	0.
77	0.
78	0.
79	0.
80	0.
81	0.
82	0.
83	0.
84	0.
85	0.
86	0.
87	0.
88	0.
89	0.
90	0.
91	0.
92	0.
93	0.
94	0.
95	0.
96	0.
97	0.
98	0.
99	0.
100	0.
101	0.
102	0.
103	0.
104	0.
105	0.
106	0.
107	0.
108	0.
109	1.487555342905824e-7
110	2.332744782848497e-7
111	2.9823909739575794e-7
112	3.5451280491045345e-7
113	4.0613846592892134e-7
114	4.5420575986449915e-7
115	5.000253523535174e-7
116	5.443916529460194e-7
117	5.878334731972965e-7
118	6.305647853949584e-7
119	6.721391093450077e-7
120	7.133806724329716e-7
121	7.549782909815323e-7
122	7.95751496408895e-7
123	8.361328695036185e-7
124	8.769126396022378e-7
125	9.172768967185509e-7
126	9.578206468083056e-7
127	9.98465119846072e-7
128	1.0390650005694533e-6
129	1.0799202775126269e-6
130	1.1206704820088494e-6
131	1.1619878082624568e-6
132	1.2024328517193325e-6
133	1.2435449587995022e-6
134	1.2849704772422691e-6
135	1.3255230898244922e-6
136	1.3667273036741211e-6
137	1.4085306702217247e-6
138	1.4500142427077412e-6
139	1.490959135592547e-6
140	1.5324092663610638e-6
141	1.5738346654346394e-6
142	1.615407307365589e-6
143	1.6566672473112798e-6
144	1.6969899069089115e-6
145	1.7390950084471833e-6
146	1.7803221422397001e-6
147	1.8203773724255077e-6
148	1.8609323021213867e-6
149	1.9015946123204034e-6
150	1.941636068117363e-6
151	1.9808317553701088e-6
152	2.021123619688214e-6
153	2.0602918238510124e-6
154	2.098141228042492e-6
155	2.137573883371739e-6
156	2.1744580263111623e-6
157	2.2122347277576435e-6
158	2.248979439991488e-6
159	2.285266498596593e-6
160	2.320848025829042e-6
161	2.3565929863667934e-6
162	2.390328496406548e-6
163	2.4242163301682938e-6
164	2.457201033595119e-6
165	2.4894313930433703e-6
166	2.5202725683860736e-6
167	2.5516018431870883e-6
168	2.5811830245683873e-6
169	2.6078976008727466e-6
170	2.6412448662376437e-6
171	2.6628905341846694e-6
172	2.6888837207232145e-6
173	2.720074961256048e-6
174	2.737916659273852e-6
175	2.7604614862535766e-6
176	2.7888385276612337e-6
177	2.804668369721048e-6
178	2.822939969855989e-6
179	2.8473080520087115e-6
180	2.8614708561797673e-6
181	2.8771116704876573e-6
182	2.8962818192226358e-6
183	2.9076021480393757e-6
184	2.922579260469965e-6
185	2.9342274316793483e-6
186	2.9455899096174188e-6
187	2.9550349826454066e-6
188	2.964448462388781e-6
189	2.9740259518120992e-6
190	2.976851726060437e-6
191	2.98455252837515e-6
192	2.9943679153621047e-6
193	2.992815111690788e-6
194	2.9932781834223674e-6
195	2.9973510403539642e-6
196	3.0041478029735442e-6
197	2.9996157484083508e-6
198	2.9951362474644165e-6
199	2.992535120743698e-6
200	2.992291776512723e-6
201	2.995426410019871e-6
202	2.9853139373193285e-6
203	2.976513467147272e-6
204	2.9704090541139505e-6
205	2.965015698194405e-6
206	2.962075884224584e-6
207	2.9534517084158287e-6
208	2.939824410927885e-6
209	2.92904670212744e-6
210	2.919035235681738e-6
211	2.910315168777052e-6
212	2.9027819098918807e-6
213	2.886149501720309e-6
214	2.871519990094017e-6
215	2.8583948265154396e-6
216	2.847168896148909e-6
217	2.834678656807243e-6
218	2.817494416090471e-6
219	2.8024433355549097e-6
220	2.7875467374908255e-6
221	2.7717487343931e-6
222	2.755546225467097e-6
223	2.739212584234085e-6
224	2.7222716294557987e-6
225	2.7052228004009643e-6
226	2.68850502577775e-6
227	2.6705486624135416e-6
228	2.653089724286492e-6
229	2.635860191671522e-6
230	2.6171781427093844e-6
231	2.598442365384182e-6
232	2.580377190745615e-6
233	2.5620749360583675e-6
234	2.543387047050347e-6
235	2.5247951980157816e-6
236	2.5056298764804893e-6
237	2.4864429862887225e-6
238	2.4683106547214095e-6
239	2.448929079426866e-6
240	2.4294657682038843e-6
241	2.4100672084130934e-6
242	2.3913129114766684e-6
243	2.372601017205244e-6
244	2.3536295328603765e-6
245	2.3341222263729086e-6
246	2.315122484969807e-6
247	2.296080587458753e-6
248	2.2770323864983695e-6
249	2.258249297374912e-6
250	2.2390289398718376e-6
251	2.220114211330988e-6
252	2.2015986696185657e-6
253	2.1828192733452998e-6
254	2.164144518422133e-6
255	2.1460056843355684e-6
256	2.1270863371036135e-6
257	2.1090662318564615e-6
258	2.0905951701672835e-6
259	2.0727167789451775e-6
260	2.0548002971958344e-6
261	2.0365308672632186e-6
262	2.019050959994902e-6
263	2.0013460825184463e-6
264	1.983404980638843e-6
265	1.9661796932735995e-6
266	1.9489344241139416e-6
267	1.9315627586959295e-6
268	1.914209866470274e-6
269	1.8978815626617918e-6
270	1.881255425930723e-6
271	1.8645278827934814e-6
272	1.8478625921360982e-6
273	1.831606669900932e-6
274	1.8149661151127183e-6
275	1.7981431778774614e-6
276	1.7827464518069384e-6
277	1.767179006652734e-6
278	1.7517487449091589e-6
279	1.7364892575821957e-6
280	1.7209169121324334e-6
281	1.7056867769136012e-6
282	1.6901025260469417e-6
283	1.6751019127329912e-6
284	1.6594989818287057e-6
285	1.6447349132735878e-6
286	1.6308247462956235e-6
287	1.6167481762398318e-6
288	1.602993755803033e-6
289	1.5886329982091786e-6
290	1.5750090775024421e-6
291	1.5611157908092342e-6
292	1.547451763109297e-6
293	1.5333687675085744e-6
294	1.5197650885820495e-6
295	1.5060709196454052e-6
296	1.4917355396057293e-6
297	1.4791197781115793e-6
298	1.4668820451450358e-6
299	1.4547105760080604e-6
300	1.4424585236149884e-6
301	1.4297683061176523e-6
302	1.4175306219690919e-6
303	1.4055356184341526e-6
304	1.3931640832157834e-6
305	1.3811349427856444e-6
306	1.36912474538928e-6
307	1.3571464745370548e-6
308	1.3449190819204744e-6
309	1.3327663418573972e-6
310	1.3219828815165868e-6
311	1.3098619015023608e-6
312	1.2993439241828548e-6
313	1.2887750976416779e-6
314	1.2779704055352306e-6
315	1.2675089554776208e-6
316	1.2568634162039353e-6
317	1.246471412672433e-6
318	1.2360394796203304e-6
319	1.2256071108465725e-6
320	1.2152061812024253e-6
321	1.2048589194363933e-6
322	1.19441443304453e-6
323	1.1841199009380335e-6
324	1.1735457592668109e-6
325	1.1627970720343149e-6
326	1.1534428800646298e-6
327	1.1446881889389756e-6
328	1.1360395709316636e-6
329	1.1269597073475016e-6
330	1.117633307878336e-6
331	1.1087010438827317e-6
332	1.0997994620860492e-6
333	1.0905746770765745e-6
334	1.081961769973499e-6
335	1.0730241478591802e-6
336	1.0641048542039955e-6
337	1.055212528213161e-6
338	1.0463350812349863e-6
339	1.0379439682271976e-6
340	1.0291047335605367e-6
341	1.0205535309514268e-6
342	1.012869920118731e-6
343	1.0051739569688783e-6
344	9.97261372634309e-7
345	9.89445846365984e-7
346	9.815765670274384e-7
347	9.74014143001129e-7
348	9.662016302137623e-7
349	9.583368234205445e-7
350	9.505716157427207e-7
351	9.430913209119289e-7
352	9.354590999596113e-7
353	9.27950961957469e-7
354	9.211189360454299e-7
355	9.139435929778703e-7
356	9.068137313233715e-7
357	8.998381293799643e-7
358	8.926312053899975e-7
359	8.856940028163499e-7
360	8.788719264234403e-7
361	8.720515244562971e-7
362	8.65447835633683e-7
363	8.588465335076061e-7
364	8.521895065722751e-7
365	8.457726821282421e-7
366	8.390894922751125e-7
367	8.325930075559891e-7
368	8.262692390300457e-7
369	8.200030112859609e-7
370	8.137168975892084e-7
371	8.07805121068004e-7
372	8.01794871071388e-7
373	7.957999947346598e-7
374	7.899719333615302e-7
375	7.839739393352055e-7
376	7.77978231745935e-7
377	7.722195301700352e-7
378	7.66265441055641e-7
379	7.605419566191654e-7
380	7.546189753171129e-7
381	7.486933532673796e-7
382	7.434400677800829e-7
383	7.375466918882378e-7
384	7.31953714158948e-7
385	7.267878892038414e-7
386	7.213833982740226e-7
387	7.164103631887792e-7
388	7.112478760135619e-7
389	7.061210347220352e-7
390	7.010745007777869e-7
391	6.959197087501919e-7
392	6.909697598078739e-7
393	6.85874566438096e-7
394	6.80976585835703e-7
395	6.759591495176684e-7
396	6.711171150438685e-7
397	6.661914065663491e-7
398	6.61311722787628e-7
399	6.564600281732647e-7
400	6.516180977428564e-7
401	6.47027525813022e-7
402	6.422660740007824e-7
403	6.376590980808039e-7
404	6.32921667771889e-7
405	6.283430516458681e-7
406	6.236153403984224e-7
407	6.190110869606394e-7
408	6.142043620907259e-7
409	6.095788739996688e-7
410	6.05657485960794e-7
411	6.014909423176113e-7
412	5.972910286814125e-7
413	5.931438585166962e-7
414	5.889313862527748e-7
415	5.848904103113676e-7
416	5.808271374439661e-7
417	5.768617235888736e-7
418	5.728049125873216e-7
419	5.688742792926657e-7
420	5.648820958842312e-7
421	5.6095705574984e-7
422	5.570901609541006e-7
423	5.531283667218097e-7
424	5.493076783908692e-7
425	5.454002046218363e-7
426	5.41626717150772e-7
427	5.376968434166741e-7
428	5.339155016612555e-7
429	5.30247257739253e-7
430	5.265288238982602e-7
431	5.228589509779751e-7
432	5.192215321595388e-7
433	5.155943960334477e-7
434	5.119632853999629e-7
435	5.084187639099236e-7
436	5.048109089883113e-7
437	5.013050615442318e-7
438	4.97816589149845e-7
439	4.942549364506163e-7
440	4.90797599088198e-7
441	4.873111179078162e-7
442	4.838227468497516e-7
443	4.803819045810828e-7
444	4.76856482997397e-7
445	4.7332782055275284e-7
446	4.696915107254099e-7
447	4.665588331110909e-7
448	4.6360997246337696e-7
449	4.604998284864823e-7
450	4.5797419956553383e-7
451	4.547641023348965e-7
452	4.5153467021201184e-7
453	4.4827353786194337e-7
454	4.4490991767261276e-7
455	4.419221190327248e-7
456	4.3935623023408864e-7
457	4.3642328861897113e-7
458	4.3355151983919463e-7
459	4.306409760527026e-7
460	4.277657535092943e-7
461	4.249227708106036e-7
462	4.220571828784081e-7
463	4.1921354485954e-7
464	4.1641372804500114e-7
465	4.1362920349683856e-7
466	4.1080191641386047e-7
467	4.0804998270895556e-7
468	4.05314094438404e-7
469	4.0254529769168044e-7
470	3.9984268842774584e-7
471	3.9711952262985053e-7
472	3.9445000128715263e-7
473	3.917746613449509e-7
474	3.891218225434832e-7
475	3.8647997051415646e-7
476	3.838754317206615e-7
477	3.8125338711954785e-7
478	3.78680490698815e-7
479	3.7612263467573163e-7
480	3.735392488753744e-7
481	3.7101146285946034e-7
482	3.6849764607066773e-7
483	3.659537944638369e-7
484	3.6346668405663876e-7
485	3.609910933959559e-7
486	3.5850655964350036e-7
487	3.5602584915929754e-7
488	3.5357261442999894e-7
489	3.5111624248745413e-7
490	3.4889950728561794e-7
491	3.465082293431239e-7
492	3.4454018252055205e-7
493	3.415210048808445e-7
494	3.393097047201518e-7
495	3.370645023751868e-7
496	3.3477621935745514e-7
497	3.3248682908986984e-7
498	3.301369891777704e-7
499	3.27701804596125e-7
500	3.2572091701728273e-7
501	3.2378095907735406e-7
502	3.217847524306235e-7
503	3.1974310156523785e-7
504	3.177138611461734e-7
505	3.156844683765393e-7
506	3.1363479054368614e-7
507	3.1161684285372256e-7
508	3.096072396036516e-7
509	3.076023959698498e-7
510	3.0559226285865903e-7
511	3.036141144874082e-7
512	3.0164749276588106e-7
513	2.9969249673180074e-7
514	2.9772518038504063e-7
515	2.9579482589892135e-7
516	2.9387669598350733e-7
517	2.9197097861315957e-7
518	2.90056234364683e-7
519	2.881758407728164e-7
520	2.863079347862844e-7
521	2.8445243239860033e-7
522	2.8259221454619064e-7
523	2.807619456609511e-7
524	2.7894392463040255e-7
525	2.7712576774664746e-7
526	2.753322824414933e-7
527	2.7355062960096486e-7
528	2.717734604535074e-7
529	2.700096346504864e-7
530	2.6826185219683065e-7
531	2.6651747747829477e-7
532	2.647888318884756e-7
533	2.6332440350818556e-7
534	2.616483080276273e-7
535	2.5998492022142064e-7
536	2.583340984708222e-7
537	2.5668395796471505e-7
538	2.5505862055702324e-7
539	2.5344570794148917e-7
540	2.518452656464741e-7
541	2.502453609490596e-7
542	2.484538099992565e-7
543	2.469223672898688e-7
544	2.453987726003546e-7
545	2.438848281724408e-7
546	2.4236890105792234e-7
547	2.408747341505934e-7
548	2.3939129717036265e-7
549	2.3791867920990625e-7
550	2.3644968776186374e-7
551	2.349978416652872e-7
552	2.3355884358730958e-7
553	2.3213109900427616e-7
554	2.3071458285887818e-7
555	2.293025128155881e-7
556	2.2790863483368752e-7
557	2.2652584559390167e-7
558	2.2515412662356502e-7
559	2.2378878165142315e-7
560	2.2243883901772278e-7
561	2.210987431292619e-7
562	2.1976802405200112e-7
563	2.1844815712405948e-7
564	2.1713786577970728e-7
565	2.1583505496769738e-7
566	2.1454244524256553e-7
567	2.1325618374313426e-7
568	2.1197060749486676e-7
569	2.1068738803455944e-7
570	2.093926290591188e-7
571	2.0805912760372586e-7
572	2.0679983472080212e-7
573	2.0577311572470267e-7
574	2.0469515665166388e-7
575	2.035970864427119e-7
576	2.0249355937051124e-7
577	2.0138969899709417e-7
578	2.0029287149952576e-7
579	1.9920231077301103e-7
580	1.9811898128261983e-7
581	1.9704353887327937e-7
582	1.9597386968285592e-7
583	1.9491502301600633e-7
584	1.9386423352262083e-7
585	1.9282112675424823e-7
586	1.9178499317494208e-7
587	1.9075442592442772e-7
588	1.8986801365836378e-7
589	1.8889088844072152e-7
590	1.8792357111281946e-7
591	1.8696616414700177e-7
592	1.8601870646374687e-7
593	1.8508050261060756e-7
594	1.8415323223563463e-7
595	1.8310670096501817e-7
596	1.8221456746205646e-7
597	1.813294070440798e-7
598	1.804519259605408e-7
599	1.7958319381655274e-7
600	1.7872330786349967e-7
601	1.7787255092462527e-7
602	1.770311567015908e-7
603	1.7619914363710572e-7
604	1.7537670572950338e-7
605	1.7456385946354925e-7
606	1.7376057874307916e-7
607	1.7296690512958084e-7
608	1.7218284604734856e-7
609	1.7140874456165322e-7
610	1.7064395211490104e-7
611	1.6988874653417733e-7
612	1.6914310776864398e-7
613	1.6840723382769376e-7
614	1.6768110216373147e-7
615	1.6696400307897444e-7
616	1.6625631743987312e-7
617	1.6555806536923111e-7
618	1.648690681387101e-7
619	1.6419035379087802e-7
620	1.635200549433419e-7
621	1.6285885237555472e-7
622	1.6220676487350983e-7
623	1.6156380584941233e-7
624	1.6092982752588748e-7
625	1.6030481133265287e-7
626	1.5968990036232356e-7
627	1.5908263404592914e-7
628	1.5848409055051333e-7
629	1.5789425572121202e-7
630	1.5731304456325706e-7
631	1.5674035452289035e-7
632	1.5617654706763162e-7
633	1.5562159830732122e-7
634	1.5507411174122017e-7
635	1.545348115259785e-7
636	1.5400363998869483e-7
637	1.5348050961582208e-7
638	1.529652931731857e-7
639	1.5245908866891148e-7
640	1.519594053011918e-7
641	1.514672974742252e-7
642	1.5098263259763994e-7
643	1.5050520943119086e-7
644	1.5003543287796602e-7
645	1.4957234057391165e-7
646	1.4911544653058835e-7
647	1.4866476353366371e-7
648	1.48082309410622e-7
649	1.4772020083531243e-7
650	1.4725006826573333e-7
651	1.4687988961223578e-7
652	1.464337750390643e-7
653	1.4609031040976354e-7
654	1.4574056597674584e-7
655	1.453896288791415e-7
656	1.4504065818697425e-7
657	1.4469557297231378e-7
658	1.4435425802658286e-7
659	1.4390785736038537e-7
660	1.435618851915118e-7
661	1.432187178037235e-7
662	1.4287772116691031e-7
663	1.4253830080888105e-7
664	1.421959434299072e-7
665	1.4184437507480894e-7
666	1.4146667791529864e-7
667	1.4118329030245682e-7
668	1.4097064706775172e-7
669	1.4073327684125675e-7
670	1.4048784592752956e-7
671	1.402400061206147e-7
672	1.3999305417089772e-7
673	1.3974844127350826e-7
674	1.3950697448139936e-7
675	1.39269132642808e-7
676	1.390352372887278e-7
677	1.3880559292375236e-7
678	1.3858011731018687e-7
679	1.3835888261082928e-7
680	1.3814200036836967e-7
681	1.3792952849302416e-7
682	1.3772142447738684e-7
683	1.3751769081766561e-7
684	1.3731830506619891e-7
685	1.371232050714982e-7
686	1.369320806897175e-7
687	1.3674541549010506e-7
688	1.3656292745733522e-7
689	1.3638455519474565e-7
690	1.3621022710470302e-7
691	1.3603991977210366e-7
692	1.3587353408957275e-7
693	1.3571033770283416e-7
694	1.3555157770202082e-7
695	1.3539655755276307e-7
696	1.3524521834874307e-7
697	1.350974767871968e-7
698	1.3495328976742196e-7
699	1.3481256228086088e-7
700	1.3467435280309053e-7
701	1.3454031245261648e-7
702	1.3440951318888652e-7
703	1.3428190390617777e-7
704	1.341567329881691e-7
705	1.3403523473811703e-7
706	1.3391669424602093e-7
707	1.3380074659240484e-7
708	1.3368760068011749e-7
709	1.3357745030814068e-7
710	1.3346909165655088e-7
711	1.333641198075924e-7
712	1.3326162161515648e-7
713	1.3316151695791022e-7
714	1.3306369545046216e-7
715	1.329664095619895e-7
716	1.3287280847027208e-7
717	1.327811640229263e-7
718	1.3275856775360926e-7
719	1.3267618853233618e-7
720	1.3259594039665618e-7
721	1.3251775384834225e-7
722	1.3243889528782712e-7
723	1.3236458166098417e-7
724	1.3229214363491813e-7
725	1.3222154582819954e-7
726	1.321527039317596e-7
727	1.3208557114981378e-7
728	1.3202009130657582e-7
729	1.3195619870181497e-7
730	1.3189218733538512e-7
731	1.318291571103905e-7
732	1.3176962030451845e-7
733	1.3171144275363213e-7
734	1.3165457966568738e-7
735	1.315989779438191e-7
736	1.3154457662476362e-7
737	1.3142869355372402e-7
738	1.3138230559067292e-7
739	1.3133652460594924e-7
740	1.3128662378452254e-7
741	1.3124201678682056e-7
742	1.3119806559649104e-7
743	1.3115473966628228e-7
744	1.3111203081278663e-7
745	1.3106991784943223e-7
746	1.310283683619319e-7
747	1.3098735974949537e-7
748	1.3094685379517175e-7
749	1.3090515268264658e-7
750	1.3086278724346172e-7
751	1.3082246794974867e-7
752	1.3078355203538978e-7
753	1.3074496077920447e-7
754	1.3070666186360734e-7
755	1.3066860983952628e-7
756	1.3063076780240956e-7
757	1.305930920210372e-7
758	1.3055553467490542e-7
759	1.3051250649483427e-7
760	1.3047498048004419e-7
761	1.3043744008222257e-7
762	1.3039983603928726e-7
763	1.3036210977569598e-7
764	1.303242051875429e-7
765	1.3028605394640877e-7
766	1.3024722369753156e-7
767	1.3020393619996624e-7
768	1.301645111162015e-7
769	1.3012447106375513e-7
770	1.3008366538732404e-7
771	1.300419008219705e-7
772	1.2999791741341766e-7
773	1.299511227481799e-7
774	1.2990423956823577e-7
775	1.2985346262701804e-7
776	1.2979729359757596e-7
777	1.2973013691480945e-7
778	1.2964393844450662e-7
779	1.29629259198815e-7
780	1.2963187105660114e-7
781	1.296202715281473e-7
782	1.2960066470732357e-7
783	1.295764871264264e-7
784	1.2954927344760588e-7
785	1.2951735901595181e-7
786	1.294827167126675e-7
787	1.2944997961958278e-7
788	1.2941596330835893e-7
789	1.2938079940969088e-7
790	1.2934458435272458e-7
791	1.2930737459341285e-7
792	1.2926921619141283e-7
793	1.2923014419348262e-7
794	1.2918196499580018e-7
795	1.2914103557428026e-7
796	1.2909923180095155e-7
797	1.2905655857917913e-7
798	1.2901300598462893e-7
799	1.2896857038279126e-7
800	1.2892323609595216e-7
801	1.288769916105781e-7
802	1.2882981112923608e-7
803	1.2878166802766987e-7
804	1.287507611209363e-7
805	1.2870064189298618e-7
806	1.286515624977459e-7
807	1.2860480019715507e-7
808	1.2855721346737045e-7
809	1.28508804652515e-7
810	1.2845957575963386e-7
811	1.284095286719091e-7
812	1.2835866315707491e-7
813	1.2830697846468173e-7
814	1.282544820535383e-7
815	1.2820116515945828e-7
816	1.2813504281591854e-7
817	1.2808061512163303e-7
818	1.280247675389696e-7
819	1.279681076295254e-7
820	1.279106331008284e-7
821	1.2785234410282485e-7
822	1.277932413740569e-7
823	1.27733325764725e-7
824	1.2767259860871682e-7
825	1.2761105694924545e-7
826	1.275487059622663e-7
827	1.2748554275617314e-7
828	1.2742091195107782e-7
829	1.273449162228819e-7
830	1.272792474281797e-7
831	1.2721277394160313e-7
832	1.271454937706734e-7
833	1.2707740901874558e-7
834	1.270085220151396e-7
835	1.2693883221278867e-7
836	1.2686834312634219e-7
837	1.2679705452787983e-7
838	1.2672497069214243e-7
839	1.266520911980485e-7
840	1.265673499632559e-7
841	1.2647824586827195e-7
842	1.2640424203435868e-7
843	1.2632941400497482e-7
844	1.2625376708004828e-7
845	1.2617730890879365e-7
846	1.2610004370742195e-7
847	1.260219765735212e-7
848	1.2594311551705016e-7
849	1.2586346206014048e-7
850	1.2577407287832612e-7
851	1.2569280717926203e-7
852	1.2561076508860589e-7
853	1.2552795046586647e-7
854	1.2544436679581533e-7
855	1.2536002062127288e-7
856	1.2527491255452104e-7
857	1.2518337953305693e-7
858	1.2509673549184497e-7
859	1.25009339764501e-7
860	1.2492119687841206e-7
861	1.2483018381727672e-7
862	1.2473841327220969e-7
863	1.2464802173949898e-7
864	1.245568898998304e-7
865	1.2446501842750508e-7
866	1.2436656520156997e-7
867	1.2427318744469463e-7
868	1.2417906533995033e-7
869	1.24084196736431e-7
870	1.2398857393151689e-7
871	1.2389219016895243e-7
872	1.2379503468039787e-7
873	1.2368743340039496e-7
874	1.2358864826474542e-7
875	1.2348902954781432e-7
876	1.2338854170128637e-7
877	1.2328713199395066e-7
878	1.2318472761335645e-7
879	1.2308122207662e-7
880	1.229764473548691e-7
881	1.2287013199286035e-7
882	1.2276178824083412e-7
883	1.226504270890968e-7
884	1.2252084265897726e-7
885	1.2239454905594082e-7
886	1.2230425678599002e-7
887	1.2221851680790887e-7
888	1.2212500214442602e-7
889	1.2202759152098226e-7
890	1.2192777974668582e-7
891	1.2182625272552147e-7
892	1.2172337833338526e-7
893	1.2161937826862185e-7
894	1.2151439384072312e-7
895	1.214085237384253e-7
896	1.2128380763337945e-7
897	1.2116537386127222e-7
898	1.2105932665266818e-7
899	1.2095326551072258e-7
900	1.208464466777185e-7
901	1.2073891177596487e-7
902	1.2063069701322166e-7
903	1.2052183293108755e-7
904	1.2041234566981914e-7
905	1.2030225866484659e-7
906	1.2019159201989707e-7
907	1.2008036469099293e-7
908	1.1996859275118676e-7
909	1.1985629118010338e-7
910	1.197434745491815e-7
911	1.1963098246325305e-7
912	1.1950049277064181e-7
913	1.1938616287413277e-7
914	1.1927136436078998e-7
915	1.1915610612429449e-7
916	1.1904039787909452e-7
917	1.1892424833807635e-7
918	1.1880766559752043e-7
919	1.1869065763449335e-7
920	1.1857323196351697e-7
921	1.1845539584809554e-7
922	1.18337155913563e-7
923	1.1821851851013566e-7
924	1.180994905973734e-7
925	1.1798007716521264e-7
926	1.1785544658857229e-7
927	1.177274926495231e-7
928	1.1760399516490929e-7
929	1.1748306254258646e-7
930	1.173617693979968e-7
931	1.1724012018583583e-7
932	1.1711811744714879e-7
933	1.1699576447585394e-7
934	1.1687306327521767e-7
935	1.1675001534942876e-7
936	1.1662662159068694e-7
937	1.1650288144599498e-7
938	1.1637879375662376e-7
939	1.1625435509199034e-7
940	1.1612956061501442e-7
941	1.159896871765776e-7
942	1.1586496297113342e-7
943	1.15739017169042e-7
944	1.1561265853478981e-7
945	1.1548585457450084e-7
946	1.1535855750172713e-7
947	1.1523069459828331e-7
948	1.151021503847679e-7
949	1.1497272807546333e-7
950	1.1484205711451852e-7
951	1.1470932816071678e-7
952	1.1457243650817094e-7
953	1.144360610874297e-7
954	1.1431256510594914e-7
955	1.1419378731956031e-7
956	1.140718570412781e-7
957	1.1394825186781616e-7
958	1.1382357712268661e-7
959	1.1369813221573812e-7
960	1.1357208611796987e-7
961	1.1344554404232842e-7
962	1.1331646282059369e-7
963	1.1318452972793661e-7
964	1.1305683336426287e-7
965	1.1292882094124903e-7
966	1.1280051215794418e-7
967	1.126694453484803e-7
968	1.1254058056406764e-7
969	1.124102134308031e-7
970	1.1227958363476138e-7
971	1.1214993348314679e-7
972	1.1202002178040715e-7
973	1.118886002749458e-7
974	1.1175478530941254e-7
975	1.1162190789909704e-7
976	1.1149081222211721e-7
977	1.1135934219836037e-7
978	1.1122742708075613e-7
979	1.1109495057550377e-7
980	1.1096170849937138e-7
981	1.1082730034524083e-7
982	1.1069080180724024e-7
983	1.1053987228497367e-7
984	1.1040801311082734e-7
985	1.1028857630268758e-7
986	1.1016452773333387e-7
987	1.1003829025869507e-7
988	1.0991085900447872e-7
989	1.097826662689334e-7
990	1.0965393608069507e-7
991	1.0952479947339353e-7
992	1.0939534033557997e-7
993	1.0926561590295175e-7
994	1.0913566739631131e-7
995	1.0900552565126738e-7
996	1.0887521449522902e-7
997	1.0873076813878254e-7
998	1.0860016197140096e-7
999	1.0846943440628245e-7
1000	1.0833859681219435e-7
1001	1.0820765867507119e-7
1002	1.0807662869132904e-7
1003	1.0794551413154936e-7
1004	1.0781432194640298e-7
1005	1.0768305819768558e-7
1006	1.07551728519486e-7
1007	1.0742033761456896e-7
1008	1.0728889144620043e-7
1009	1.0715739370725342e-7
1010	1.0702584844976678e-7
1011	1.0689425998469973e-7
1012	1.0675962404716062e-7
1013	1.0662795608931645e-7
1014	1.0648839574872706e-7
1015	1.0635180888486041e-7
1016	1.0622004928499068e-7
1017	1.0608826843812137e-7
1018	1.059564598360832e-7
1019	1.0582463674721645e-7
1020	1.0569279872503327e-7
1021	1.0556095804633214e-7
1022	1.0542909311913085e-7
1023	1.0529721380519496e-7
1024	1.0516533710703321e-7
1025	1.0503345779603026e-7
1026	1.0490157393586998e-7
1027	1.0476968918558583e-7
1028	1.0463780480305756e-7
1029	1.0450591863705199e-7
1030	1.0437407221363619e-7
1031	1.0424216534613298e-7
1032	1.0410138832832047e-7
1033	1.0396233634753128e-7
1034	1.0383735193171121e-7
1035	1.0370671822792694e-7
1036	1.0357278882036435e-7
1037	1.0344211769375308e-7
1038	1.0331156343737385e-7
1039	1.0318075627297699e-7
1040	1.0305026460144889e-7
1041	1.0291427929465614e-7
1042	1.0278378298488788e-7
1043	1.0265304323221031e-7
1044	1.0252248446773197e-7
1045	1.0239198248465856e-7
1046	1.0226139461719718e-7
1047	1.0213087861183339e-7
1048	1.0200050497531117e-7
1049	1.018633939411271e-7
1050	1.017328206824854e-7
1051	1.0160247239705367e-7
1052	1.0147205028683685e-7
1053	1.0134206893517382e-7
1054	1.0121185766802404e-7
1055	1.0108167638280333e-7
1056	1.0095165315700114e-7
1057	1.0082156378473476e-7
1058	1.0065126130107384e-7
1059	1.0052223920150567e-7
1060	1.003920999056508e-7
1061	1.0026176883544827e-7
1062	1.0013113280013292e-7
1063	1.0000015530510672e-7
1064	9.986865639718655e-8
1065	9.973632379642312e-8
1066	9.96024831806094e-8
1067	9.946500567215617e-8
1068	9.933082575451172e-8
1069	9.921370891548129e-8
1070	9.909239137332813e-8
1071	9.895544973557292e-8
1072	9.883061798609648e-8
1073	9.870523153326512e-8
1074	9.857933180932464e-8
1075	9.84532395353011e-8
1076	9.832699982004222e-8
1077	9.820061323554261e-8
1078	9.807419215357503e-8
1079	9.794763764750919e-8
1080	9.782109929820101e-8
1081	9.76946096146027e-8
1082	9.756801958877837e-8
1083	9.744153199936196e-8
1084	9.731506912887999e-8
1085	9.718869076750517e-8
1086	9.706240433305462e-8
1087	9.692576787384218e-8
1088	9.67994559345154e-8
1089	9.667324428129093e-8
1090	9.654714324159894e-8
1091	9.642111531410746e-8
1092	9.629571748109486e-8
1093	9.616911020772741e-8
1094	9.604230233892903e-8
1095	9.591728387162506e-8
1096	9.579227972667082e-8
1097	9.56671662666674e-8
1098	9.553950821831629e-8
1099	9.540827664469771e-8
1100	9.528373762469029e-8
1101	9.515884885115534e-8
1102	9.503392489106973e-8
1103	9.490800297287135e-8
1104	9.478300139040463e-8
1105	9.465602951812226e-8
1106	9.453160002165208e-8
1107	9.440544955709118e-8
1108	9.428020843179764e-8
1109	9.415550386037284e-8
1110	9.403164411474582e-8
1111	9.390706082481856e-8
1112	9.378339728591952e-8
1113	9.365316449176251e-8
1114	9.35292440114008e-8
1115	9.340576016866325e-8
1116	9.328195177256241e-8
1117	9.315836049392261e-8
1118	9.303490013962081e-8
1119	9.291246126888538e-8
1120	9.27891887245408e-8
1121	9.266594369891784e-8
1122	9.254307048093672e-8
1123	9.242041270233136e-8
1124	9.22976208223638e-8
1125	9.217500131496256e-8
1126	9.204279335265195e-8
1127	9.192059295490081e-8
1128	9.179871813016822e-8
1129	9.16761657442522e-8
1130	9.15594073398684e-8
1131	9.144253588524712e-8
1132	9.131009141328064e-8
1133	9.118984014136558e-8
1134	9.106749177089208e-8
1135	9.094662043266488e-8
1136	9.082530757889376e-8
1137	9.0703691984688e-8
1138	9.058387634120295e-8
1139	9.046215936424012e-8
1140	9.034182170871477e-8
1141	9.0228235889985e-8
1142	9.010078276996457e-8
1143	8.997643249262313e-8
1144	8.98525237671794e-8
1145	8.972844006371464e-8
1146	8.960839291146379e-8
1147	8.948866268404125e-8
1148	8.936954481722133e-8
1149	8.924421790858082e-8
1150	8.913033715681098e-8
1151	8.901099220271517e-8
1152	8.889191399404833e-8
1153	8.877360571632776e-8
1154	8.865479667372654e-8
1155	8.853586382383286e-8
1156	8.841717679686355e-8
1157	8.829891752845167e-8
1158	8.818090357711182e-8
1159	8.806283086494405e-8
1160	8.794461306396474e-8
1161	8.782701854743192e-8
1162	8.77091344966977e-8
1163	8.759180900697709e-8
1164	8.74743552699828e-8
1165	8.73442993011619e-8
1166	8.72265078817091e-8
1167	8.710940612741097e-8
1168	8.699042354149326e-8
1169	8.687598304631738e-8
1170	8.675923095303584e-8
1171	8.6642704197704e-8
1172	8.652626688053147e-8
1173	8.640984100446346e-8
1174	8.629355782946123e-8
1175	8.6178146464011e-8
1176	8.606223199915274e-8
1177	8.594638659246644e-8
1178	8.583111619220135e-8
1179	8.571548831342855e-8
1180	8.56005025803373e-8
1181	8.548510460096978e-8
1182	8.537959938957508e-8
1183	8.526515450474125e-8
1184	8.515060922043736e-8
1185	8.503633875757272e-8
1186	8.49220013803475e-8
1187	8.480812056279305e-8
1188	8.469452726290366e-8
1189	8.458078648090777e-8
1190	8.446114289611631e-8
1191	8.434041036471353e-8
1192	8.422717830779898e-8
1193	8.411413859712083e-8
1194	8.40011035619945e-8
1195	8.388831364237244e-8
1196	8.377579595615559e-8
1197	8.366327660599495e-8
1198	8.355079496205005e-8
1199	8.343849588952885e-8
1200	8.332639061982486e-8
1201	8.321446636129422e-8
1202	8.310152997872742e-8
1203	8.299114532164133e-8
1204	8.287951785021888e-8
1205	8.276815451209319e-8
1206	8.265707187225175e-8
1207	8.254745983555598e-8
1208	8.243515777524776e-8
1209	8.231473380864531e-8
1210	8.220463262502782e-8
1211	8.209553763238742e-8
1212	8.198534082008138e-8
1213	8.187585311641222e-8
1214	8.176249152788578e-8
1215	8.165227326574492e-8
1216	8.15377278455014e-8
1217	8.142859820320461e-8
1218	8.131684619034228e-8
1219	8.1208692942684e-8
1220	8.10993660215489e-8
1221	8.099169408601877e-8
1222	8.088251084681733e-8
1223	8.077409865719378e-8
1224	8.06666116598391e-8
1225	8.055778056806723e-8
1226	8.04498316908856e-8
1227	8.034229600233837e-8
1228	8.023413329131899e-8
1229	8.012744933859152e-8
1230	8.001971001034222e-8
1231	7.991237888715632e-8
1232	7.980587829399706e-8
1233	7.969833426255436e-8
1234	7.959182301093739e-8
1235	7.94848990917846e-8
1236	7.93784918858121e-8
1237	7.927231345511524e-8
1238	7.916568029535089e-8
1239	7.906001676628158e-8
1240	7.894795606746579e-8
1241	7.883722827560865e-8
1242	7.873214237881379e-8
1243	7.862603472899329e-8
1244	7.852085074213118e-8
1245	7.841560231840426e-8
1246	7.831043955625525e-8
1247	7.820548454595133e-8
1248	7.810069110101104e-8
1249	7.799587393055951e-8
1250	7.789072471260858e-8
1251	7.778688443712801e-8
1252	7.76826364168968e-8
1253	7.757856272952243e-8
1254	7.747479897672867e-8
1255	7.737057201127629e-8
1256	7.726673299933142e-8
1257	7.716340089160408e-8
1258	7.70597811758484e-8
1259	7.695637540836542e-8
1260	7.68531049465783e-8
1261	7.674952177081559e-8
1262	7.66427032855015e-8
1263	7.653648691182845e-8
1264	7.643394732420397e-8
1265	7.633116302866743e-8
1266	7.622881391280147e-8
1267	7.612656839764022e-8
1268	7.602408738686962e-8
1269	7.592199808874588e-8
1270	7.581980848258113e-8
1271	7.571783287960104e-8
1272	7.561593421052333e-8
1273	7.551412099300789e-8
1274	7.541228288716778e-8
1275	7.531025532031431e-8
1276	7.520678696034098e-8
1277	7.510446569391646e-8
1278	7.49993272343392e-8
1279	7.489442855588377e-8
1280	7.47879390510702e-8
1281	7.46928482754823e-8
1282	7.459819462044226e-8
1283	7.450197434590147e-8
1284	7.4404736337738e-8
1285	7.430673069392595e-8
1286	7.420854293836038e-8
1287	7.41101521795032e-8
1288	7.401208888685573e-8
1289	7.391333664830599e-8
1290	7.38149321558662e-8
1291	7.371767889896468e-8
1292	7.361932666339358e-8
1293	7.352236320871026e-8
1294	7.342487273183788e-8
1295	7.3327931319013e-8
1296	7.322954608396542e-8
1297	7.313266793095282e-8
1298	7.303351406605867e-8
1299	7.293503887779545e-8
1300	7.283837877153517e-8
1301	7.274187725390904e-8
1302	7.264518595986808e-8
1303	7.254901627378354e-8
1304	7.245293501505198e-8
1305	7.235678130723468e-8
1306	7.226079912628108e-8
1307	7.21649463050755e-8
1308	7.206934860980783e-8
1309	7.197364716886606e-8
1310	7.187830647989847e-8
1311	7.178316831863417e-8
1312	7.168787386495337e-8
1313	7.158987450857121e-8
1314	7.14913759074707e-8
1315	7.139612545357163e-8
1316	7.130143967025123e-8
1317	7.120701117559902e-8
1318	7.111267857437159e-8
1319	7.101832963226374e-8
1320	7.092436505960541e-8
1321	7.08304134007812e-8
1322	7.073657121634115e-8
1323	7.064288096943098e-8
1324	7.05493936902682e-8
1325	7.045592096085043e-8
1326	7.0362624993654e-8
1327	7.026954532790763e-8
1328	7.017652279283296e-8
1329	7.008370086770233e-8
1330	6.999095520214923e-8
1331	6.989840339676269e-8
1332	6.98058696038492e-8
1333	6.971350404988424e-8
1334	6.962133065399601e-8
1335	6.952927643755654e-8
1336	6.94371701820886e-8
1337	6.934600253350534e-8
1338	6.92451168715418e-8
1339	6.915354795847691e-8
1340	6.906217663117255e-8
1341	6.89709663032296e-8
1342	6.887982400163912e-8
1343	6.878881176467839e-8
1344	6.869801332169219e-8
1345	6.860722811688664e-8
1346	6.851670573424129e-8
1347	6.842623235653842e-8
1348	6.833592025544029e-8
1349	6.824576349877946e-8
1350	6.815571015471802e-8
1351	6.806579868664689e-8
1352	6.79760671773287e-8
1353	6.788637013023535e-8
1354	6.779681334491817e-8
1355	6.770746384931001e-8
1356	6.761819627929078e-8
1357	6.752907245497339e-8
1358	6.744012050865868e-8
1359	6.735122319542843e-8
1360	6.726248470983588e-8
1361	6.717389231712292e-8
1362	6.708539021300934e-8
1363	6.699703654215409e-8
1364	6.690883354626461e-8
1365	6.681892029764544e-8
1366	6.673095200599537e-8
1367	6.664307281105188e-8
1368	6.655067181810367e-8
1369	6.64630949989362e-8
1370	6.637275299899412e-8
1371	6.628539259965005e-8
1372	6.619817861319382e-8
1373	6.611108089893877e-8
1374	6.602408296227599e-8
1375	6.593722099049377e-8
1376	6.58504200977808e-8
1377	6.576374057707275e-8
1378	6.568296700295571e-8
1379	6.559684411518843e-8
1380	6.551088613463051e-8
1381	6.542505923375332e-8
1382	6.533934164661246e-8
1383	6.525372983560645e-8
1384	6.516827897089454e-8
1385	6.508294965587234e-8
1386	6.499773691744217e-8
1387	6.491267083355279e-8
1388	6.482771708946294e-8
1389	6.474290842994095e-8
1390	6.465257634564864e-8
1391	6.456836434236693e-8
1392	6.448419203293631e-8
1393	6.44001304267864e-8
1394	6.431617889939924e-8
1395	6.423230188953053e-8
1396	6.414855906384458e-8
1397	6.40649345647352e-8
1398	6.398141429397928e-8
1399	6.38979827485803e-8
1400	6.380964370743512e-8
1401	6.372186447264828e-8
1402	6.363936905405197e-8
1403	6.355641513909074e-8
1404	6.3473596702077e-8
1405	6.339090807078681e-8
1406	6.330834669698257e-8
1407	6.322591707688071e-8
1408	6.31435583672829e-8
1409	6.306137841295341e-8
1410	6.297933259312476e-8
1411	6.28973205305583e-8
1412	6.281551275368314e-8
1413	6.273379599773654e-8
1414	6.26522269177961e-8
1415	6.25707697525155e-8
1416	6.248938430567438e-8
1417	6.24081809232252e-8
1418	6.232707767567666e-8
1419	6.224610065840973e-8
1420	6.216523166534603e-8
1421	6.208447195308338e-8
1422	6.200387542931271e-8
1423	6.192339475393741e-8
1424	6.18430126691092e-8
1425	6.176276003140707e-8
1426	6.168261886808075e-8
1427	6.160261301284189e-8
1428	6.15227189987338e-8
1429	6.144294719000158e-8
1430	6.13632994591324e-8
1431	6.128377314453742e-8
1432	6.120436551473976e-8
1433	6.1125076772518e-8
1434	6.104591456718596e-8
1435	6.096638222937917e-8
1436	6.088332447269e-8
1437	6.080085282925155e-8
1438	6.072216418086741e-8
1439	6.064360816103557e-8
1440	6.056517419477464e-8
1441	6.048685410454127e-8
1442	6.040865804322389e-8
1443	6.033057546279458e-8
1444	6.025260305004523e-8
1445	6.017476652291212e-8
1446	6.009704026910692e-8
1447	6.001942617858193e-8
1448	5.994194070336834e-8
1449	5.986457305040308e-8
1450	5.978731948813925e-8
1451	5.971018366551222e-8
1452	5.963316850616008e-8
1453	5.955626276874533e-8
1454	5.947948960304209e-8
1455	5.9402826871256465e-8
1456	5.932626457676662e-8
1457	5.924984090943847e-8
1458	5.917352964187335e-8
1459	5.9097335621610984e-8
1460	5.902125074861522e-8
1461	5.894528685059852e-8
1462	5.8869438783316757e-8
1463	5.87937032115265e-8
1464	5.871809231913108e-8
1465	5.864258367380989e-8
1466	5.856719511882446e-8
1467	5.849193016651058e-8
1468	5.841677255992216e-8
1469	5.8341733214353154e-8
1470	5.825994278770294e-8
1471	5.81851429960992e-8
1472	5.811045493592833e-8
1473	5.803588071816323e-8
1474	5.796141908740864e-8
1475	5.78870745723613e-8
1476	5.7812839976558785e-8
1477	5.773872123201662e-8
1478	5.7664717444864496e-8
1479	5.7590825686443425e-8
1480	5.751704301975085e-8
1481	5.744337852063024e-8
1482	5.736982597243819e-8
1483	5.7296385314559257e-8
1484	5.7223055820464736e-8
1485	5.714984432025454e-8
1486	5.7076743635272444e-8
1487	5.700374934503661e-8
1488	5.693087168017974e-8
1489	5.685810270242729e-8
1490	5.678544642953482e-8
1491	5.671290209134141e-8
1492	5.664046804600324e-8
1493	5.656814480358379e-8
1494	5.649593295345328e-8
1495	5.642383055152855e-8
1496	5.635184264133834e-8
1497	5.627996502447467e-8
1498	5.620819283338913e-8
1499	5.6136532138472554e-8
1500	5.605996568680896e-8
1501	5.5988530687356e-8
1502	5.59172055125178e-8
1503	5.584598956523013e-8
1504	5.57748821995197e-8
1505	5.570388481179291e-8
1506	5.563299729711748e-8
1507	5.5562217047803924e-8
1508	5.549154720861748e-8
1509	5.542098330676311e-8
1510	5.535052825536226e-8
1511	5.528018244277168e-8
1512	5.520994355281422e-8
1513	5.513981357455682e-8
1514	5.506978925952331e-8
1515	5.499987197121541e-8
1516	5.4930063017587746e-8
1517	5.4860362963586725e-8
1518	5.479076719269385e-8
1519	5.472127864490502e-8
1520	5.465189746486839e-8
1521	5.457965141439671e-8
1522	5.451048686406819e-8
1523	5.444142694879177e-8
1524	5.4372472286639196e-8
1525	5.43036243681687e-8
1526	5.423488232428149e-8
1527	5.41662458089259e-8
1528	5.4097713261974595e-8
1529	5.4029287105074545e-8
1530	5.396096446711074e-8
1531	5.389274803939074e-8
1532	5.3823561913522574e-8
1533	5.375555505514705e-8
1534	5.36876524664792e-8
1535	5.361985363565636e-8
1536	5.355215866597981e-8
1537	5.3483504528141313e-8
1538	5.3416019691398666e-8
1539	5.334863625779323e-8
1540	5.328135716823621e-8
1541	5.321418127492486e-8
1542	5.314710793074415e-8
1543	5.3080137721754257e-8
1544	5.3013269741912846e-8
1545	5.2946504327450277e-8
1546	5.287984087569558e-8
1547	5.2813280304425634e-8
1548	5.274400599268686e-8
1549	5.2677651748263534e-8
1550	5.261139963399624e-8
1551	5.254524884956078e-8
1552	5.247919981020323e-8
1553	5.241325167948813e-8
1554	5.234740484847286e-8
1555	5.228165876882696e-8
1556	5.221601258930651e-8
1557	5.215046735670973e-8
1558	5.2085023355002364e-8
1559	5.201967908419737e-8
1560	5.1954434883585055e-8
1561	5.1889289359130745e-8
1562	5.1824244102923086e-8
1563	5.175929892564278e-8
1564	5.169445291989979e-8
1565	5.162970688932025e-8
1566	5.156505861444782e-8
1567	5.150051039503929e-8
1568	5.1436060601803447e-8
1569	5.1371709581419795e-8
1570	5.130745673057588e-8
1571	5.123893911901167e-8
1572	5.117488860621543e-8
1573	5.111093543207359e-8
1574	5.104707970755731e-8
1575	5.098332270480795e-8
1576	5.091966211360611e-8
1577	5.0856099320645385e-8
1578	5.079263416488364e-8
1579	5.072926589798584e-8
1580	5.066599438462792e-8
1581	5.0602819506315445e-8
1582	5.0539741189004247e-8
1583	5.04767595778867e-8
1584	5.0413874082124956e-8
1585	5.03510844663381e-8
1586	5.028839109999988e-8
1587	5.022579344952774e-8
1588	5.0163291320665426e-8
1589	5.010088472185422e-8
1590	5.00385736634744e-8
1591	4.997635774610641e-8
1592	4.99142366593017e-8
1593	4.985221046788596e-8
1594	4.979027882043175e-8
1595	4.9728442021932207e-8
1596	4.966669949374876e-8
1597	4.9605051214319194e-8
1598	4.9543496843168295e-8
1599	4.948203633433575e-8
1600	4.9420971982612797e-8
1601	4.935969573037623e-8
1602	4.929851279675659e-8
1603	4.9237423040582624e-8
1604	4.917446098742826e-8
1605	4.911025591251052e-8
1606	4.904945137398112e-8
1607	4.8988739539854916e-8
1608	4.89281200634075e-8
1609	4.886759285779919e-8
1610	4.880715792509904e-8
1611	4.874681492207402e-8
1612	4.868656384119064e-8
1613	4.862640445316125e-8
1614	4.8566336662743315e-8
1615	4.850636022341955e-8
1616	4.844647506534901e-8
1617	4.8386681023004875e-8
1618	4.8326977965190386e-8
1619	4.8267365714691956e-8
1620	4.820784412783592e-8
1621	4.814839347637323e-8
1622	4.808906639848201e-8
1623	4.802982862608841e-8
1624	4.7970680125968454e-8
1625	4.79116208315453e-8
1626	4.785265067331622e-8
1627	4.779376958313973e-8
1628	4.773497743321248e-8
1629	4.767627416694489e-8
1630	4.761765961087912e-8
1631	4.755913369290715e-8
1632	4.7500696301493574e-8
1633	4.744234731508594e-8
1634	4.738408659611481e-8
1635	4.73259140400045e-8
1636	4.726782948477014e-8
1637	4.720983284499874e-8
1638	4.7151923955076344e-8
1639	4.709410269622614e-8
1640	4.7036368955566326e-8
1641	4.6978722613959554e-8
1642	4.692116342918922e-8
1643	4.68636914270779e-8
1644	4.680630643847175e-8
1645	4.6746544073908034e-8
1646	4.6686588911938753e-8
1647	4.66294704935043e-8
1648	4.65721532698026e-8
1649	4.6515207820830764e-8
1650	4.645834863306154e-8
1651	4.6401575425103715e-8
1652	4.6344888120531266e-8
1653	4.628828650893843e-8
1654	4.623177054802852e-8
1655	4.6175340104553754e-8
1656	4.611899496560588e-8
1657	4.606273502725698e-8
1658	4.600656019751086e-8
1659	4.5950470324026454e-8
1660	4.589446516044309e-8
1661	4.583854470221668e-8
1662	4.578270882846236e-8
1663	4.572695736403428e-8
1664	4.567129015294994e-8
1665	4.561570698784671e-8
1666	4.556020790021487e-8
1667	4.550479256564769e-8
1668	4.544946104759923e-8
1669	4.539421314002391e-8
1670	4.5339048687350305e-8
1671	4.52839675120167e-8
1672	4.52289695419496e-8
1673	4.51740546531852e-8
1674	4.511922269034232e-8
1675	4.5064473568918355e-8
1676	4.5009807082848305e-8
1677	4.495522310692398e-8
1678	4.490072151151781e-8
1679	4.48463022953102e-8
1680	4.4791965088564674e-8
1681	4.473770998870675e-8
1682	4.468353672542104e-8
1683	4.462944518978053e-8
1684	4.457543524200314e-8
1685	4.4521506890883844e-8
1686	4.446765986792124e-8
1687	4.441389406381067e-8
1688	4.436020936479045e-8
1689	4.430660565973897e-8
1690	4.425308284019803e-8
1691	4.419964072034516e-8
1692	4.4146549063385404e-8
1693	4.409067281822735e-8
1694	4.4034614643233994e-8
1695	4.39815006341968e-8
1696	4.3928466782422066e-8
1697	4.3875512892358566e-8
1698	4.38226389332211e-8
1699	4.376984469835068e-8
1700	4.371712992379296e-8
1701	4.3664494770136965e-8
1702	4.361193891661556e-8
1703	4.3559462407148755e-8
1704	4.3507064920116076e-8
1705	4.345474648210861e-8
1706	4.340250690461811e-8
1707	4.335034615968113e-8
1708	4.3298264081824885e-8
1709	4.3246260514507915e-8
1710	4.3194335388266596e-8
1711	4.3142488680114014e-8
1712	4.309072010572482e-8
1713	4.303902962318631e-8
1714	4.2987417232737374e-8
1715	4.2935882637599985e-8
1716	4.288442589745528e-8
1717	4.2833046822940245e-8
1718	4.278174530526739e-8
1719	4.273052126528143e-8
1720	4.267937469613469e-8
1721	4.2628305397636935e-8
1722	4.2577313305479086e-8
1723	4.25263983171409e-8
1724	4.2475560386819534e-8
1725	4.242479943176614e-8
1726	4.2374115343159106e-8
1727	4.232350802373202e-8
1728	4.2272977481578365e-8
1729	4.222252363422858e-8
1730	4.2172146306756524e-8
1731	4.212184560751502e-8
1732	4.207162145822058e-8
1733	4.2021473797941047e-8
1734	4.197140260053951e-8
1735	4.192140779287323e-8
1736	4.187148948785536e-8
1737	4.18216475956887e-8
1738	4.177188222199172e-8
1739	4.1720765694160184e-8
1740	4.167115531901942e-8
1741	4.162162163508035e-8
1742	4.157216478064053e-8
1743	4.152051897609303e-8
1744	4.14712193071561e-8
1745	4.142199717727236e-8
1746	4.137285292939698e-8
1747	4.132294568805168e-8
1748	4.127395969945014e-8
1749	4.122505332171844e-8
1750	4.117622756167704e-8
1751	4.112748351557157e-8
1752	4.1078822812946796e-8
1753	4.103024753930501e-8
1754	4.098176068814131e-8
1755	4.093336651591743e-8
1756	4.0885071224026786e-8
1757	4.0836884671016066e-8
1758	4.0788823618461214e-8
1759	4.0740919888158823e-8
1760	4.0693244209378674e-8
1761	4.0645979390944664e-8
1762	4.059831981920181e-8
1763	4.054936086457123e-8
1764	4.050086388613616e-8
1765	4.0452631050604226e-8
1766	4.0404567751382514e-8
1767	4.0356634071735814e-8
1768	4.03088099143859e-8
1769	4.026108386604277e-8
1770	4.021344864137025e-8
1771	4.016589951402221e-8
1772	4.0118433105833476e-8
1773	4.0071046962364e-8
1774	4.002373919410996e-8
1775	3.997650834128629e-8
1776	3.9929353225326536e-8
1777	3.988227286094223e-8
1778	3.983526656020176e-8
1779	3.978833355394109e-8
1780	3.974147333558029e-8
1781	3.96946853623903e-8
1782	3.964796920348812e-8
1783	3.960132444944958e-8
1784	3.9554750761489765e-8
1785	3.950824786883587e-8
1786	3.946181536766429e-8
1787	3.9415453099584533e-8
1788	3.9369160704043414e-8
1789	3.932293799967741e-8
1790	3.9274745473578835e-8
1791	3.9226844548339505e-8
1792	3.918105119722565e-8
1793	3.913510981132741e-8
1794	3.9089237115408967e-8
1795	3.9043432924710454e-8
1796	3.8997697036162294e-8
1797	3.895202932652733e-8
1798	3.890642961913827e-8
1799	3.886089776595528e-8
1800	3.8815433558405024e-8
1801	3.877003693441851e-8
1802	3.872470768723847e-8
1803	3.867944572591127e-8
1804	3.8634250909224615e-8
1805	3.858912302762463e-8
1806	3.854406200598764e-8
1807	3.84990676791052e-8
1808	3.845413995824787e-8
1809	3.840927870362071e-8
1810	3.836448376775478e-8
1811	3.8319755027242253e-8
1812	3.827509235479647e-8
1813	3.823049565396003e-8
1814	3.8185964781638977e-8
1815	3.814149962993058e-8
1816	3.809710007534208e-8
1817	3.8052765990857366e-8
1818	3.80084972491657e-8
1819	3.7964293752698e-8
1820	3.7920155411710235e-8
1821	3.787608205896889e-8
1822	3.783207362159663e-8
1823	3.77881299433794e-8
1824	3.7744250956357866e-8
1825	3.770043651774835e-8
1826	3.7656686545415364e-8
1827	3.761300091834949e-8
1828	3.756937950943931e-8
1829	3.7525822241452086e-8
1830	3.748212276243553e-8
1831	3.743869369770359e-8
1832	3.739532843722029e-8
1833	3.735072923280508e-8
1834	3.730749294621802e-8
1835	3.726323080840077e-8
1836	3.7220122814231925e-8
1837	3.717707808915697e-8
1838	3.7134096557027684e-8
1839	3.709117811635228e-8
1840	3.704832266022916e-8
1841	3.700553009657136e-8
1842	3.6962800308266055e-8
1843	3.692013322102784e-8
1844	3.6877528733246865e-8
1845	3.6834986739259176e-8
1846	3.6792507148719314e-8
1847	3.675008988475178e-8
1848	3.6707734852300336e-8
1849	3.6665441943515264e-8
1850	3.662321108928823e-8
1851	3.658104221215149e-8
1852	3.65389352062487e-8
1853	3.6496889987222896e-8
1854	3.645490648783686e-8
1855	3.641298464151551e-8
1856	3.637112434438854e-8
1857	3.63293255423143e-8
1858	3.6288298489750125e-8
1859	3.624617897374483e-8
1860	3.6204644395115285e-8
1861	3.616317408383312e-8
1862	3.612176830365497e-8
1863	3.6080427329555e-8
1864	3.6039151539464856e-8
1865	3.599794135579354e-8
1866	3.595679731100495e-8
1867	3.5915720018791915e-8
1868	3.587471027871912e-8
1869	3.583376903072526e-8
1870	3.57928974758405e-8
1871	3.575209708810877e-8
1872	3.570965599353459e-8
1873	3.5668896818168215e-8
1874	3.562783737707131e-8
1875	3.558708311644935e-8
1876	3.554653918968065e-8
1877	3.5506074073256343e-8
1878	3.546569472530988e-8
1879	3.5425412634197774e-8
1880	3.538524867457403e-8
1881	3.5345112015862306e-8
1882	3.5305247780597275e-8
1883	3.526579072140866e-8
1884	3.5224829629257105e-8
1885	3.518394989209433e-8
1886	3.514334843989155e-8
1887	3.510304341141496e-8
1888	3.5062856000562835e-8
1889	3.502276469089756e-8
1890	3.4982757652856376e-8
1891	3.4942827673440994e-8
1892	3.490283804272611e-8
1893	3.486269406274961e-8
1894	3.482297291952196e-8
1895	3.478309354384622e-8
1896	3.474522195102659e-8
1897	3.470563361155111e-8
1898	3.466611166500947e-8
1899	3.462665476386487e-8
1900	3.458726178140998e-8
1901	3.4547931782095954e-8
1902	3.4508663949292313e-8
1903	3.446945758566864e-8
1904	3.443031208962164e-8
1905	3.439122692876949e-8
1906	3.435220162048939e-8
1907	3.4313235743278554e-8
1908	3.427432892276785e-8
1909	3.423500794621967e-8
1910	3.419566095260572e-8
1911	3.4156845086808674e-8
1912	3.411817267805483e-8
1913	3.4079557824080954e-8
1914	3.404100028411624e-8
1915	3.400249983251501e-8
1916	3.3962747574240395e-8
1917	3.392438261030798e-8
1918	3.3886073501180405e-8
1919	3.3847820081636455e-8
1920	3.380962220506805e-8
1921	3.377147973002666e-8
1922	3.373339251544574e-8
1923	3.369536041998754e-8
1924	3.365738332643872e-8
1925	3.3619461110092726e-8
1926	3.358159363028695e-8
1927	3.3543780789496e-8
1928	3.350602245167432e-8
1929	3.3468318513040174e-8
1930	3.343066885749769e-8
1931	3.339307337511155e-8
1932	3.335553195666246e-8
1933	3.331804449441879e-8
1934	3.3279709800870486e-8
1935	3.324233111483673e-8
1936	3.320394647148952e-8
1937	3.3166676346005036e-8
1938	3.3129459658937975e-8
1939	3.309213602964855e-8
1940	3.305502612200702e-8
1941	3.3017969350842024e-8
1942	3.298096561990589e-8
1943	3.2944014835316885e-8
1944	3.290711689744736e-8
1945	3.287027171379868e-8
1946	3.2833479181407555e-8
1947	3.27967392123539e-8
1948	3.276005171054556e-8
1949	3.2723416589137774e-8
1950	3.268683374364527e-8
1951	3.265030309114847e-8
1952	3.261382453541191e-8
1953	3.257739798627563e-8
1954	3.254102335290629e-8
1955	3.25047005450891e-8
1956	3.2468429474903896e-8
1957	3.243221004805359e-8
1958	3.2396042175314354e-8
1959	3.235992576981935e-8
1960	3.232386074569608e-8
1961	3.22878470068552e-8
1962	3.225188447206422e-8
1963	3.221597304815487e-8
1964	3.2180112650301495e-8
1965	3.214430319112899e-8
1966	3.210854458359325e-8
1967	3.207283674093808e-8
1968	3.20371795766673e-8
1969	3.2001573004507986e-8
1970	3.196601694127063e-8
1971	3.1930511300102684e-8
1972	3.1895055989507776e-8
1973	3.1859650929460155e-8
1974	3.182429603465218e-8
1975	3.178899122280088e-8
1976	3.1753736403477384e-8
1977	3.1718531496121154e-8
1978	3.168337641454381e-8
1979	3.1648271082476455e-8
1980	3.1613215403927486e-8
1981	3.157820930499202e-8
1982	3.1543252700163556e-8
1983	3.150849682250225e-8
1984	3.147363875768898e-8
1985	3.1436193097217766e-8
1986	3.1401436887522443e-8
1987	3.13667297522663e-8
1988	3.133207160974347e-8
1989	3.1297462382517797e-8
1990	3.126290198128547e-8
1991	3.122839033177523e-8
1992	3.119392734887226e-8
1993	3.115951295302609e-8
1994	3.1125147061676975e-8
1995	3.109082959441028e-8
1996	3.1056560471351564e-8
1997	3.102233961282328e-8
1998	3.098816693581995e-8
1999	3.095404236280835e-8
2000	3.0919965812852124e-8
2001	3.0885937209379205e-8