1	6.858907915589696e-9
2	1.3715664127576397e-8
3	2.0564106750871708e-8
4	2.7414627876305702e-8
5	3.426057272081625e-8
6	4.107556305587092e-8
7	4.791597370490952e-8
8	5.46789240925454e-8
9	6.150248060657376e-8
10	6.816526450786947e-8
11	7.503250303604897e-8
12	8.164090108281794e-8
13	8.838344382328779e-8
14	9.49375240502212e-8
15	1.0162124364407135e-7
16	1.0822309157091258e-7
17	1.1480398306701421e-7
18	1.2119981118159685e-7
19	1.2765501110208806e-7
20	1.3413594325435434e-7
21	1.4077079978570606e-7
22	1.4686614633494225e-7
23	1.5321834656678394e-7
24	1.595859187375675e-7
25	1.6588522374282248e-7
26	1.7177880207951558e-7
27	1.779760108015072e-7
28	1.8407573818723525e-7
29	1.9020054805636647e-7
30	1.96030072092358e-7
31	2.0246428356294193e-7
32	2.0806822254785873e-7
33	2.137354457091936e-7
34	2.1908394858033705e-7
35	2.249152641414557e-7
36	2.3074302458494046e-7
37	2.3595768624650194e-7
38	2.416124137276052e-7
39	2.466375616642034e-7
40	2.5222863036466995e-7
41	2.5725854363732614e-7
42	2.622508657878838e-7
43	2.915522478858709e-7
44	2.7284996577734574e-7
45	2.7744450548665543e-7
46	2.825870891302506e-7
47	2.8794204668922603e-7
48	2.922198575931955e-7
49	2.968526807562999e-7
50	3.0127829442745657e-7
51	3.0629216276385387e-7
52	3.1028346385515013e-7
53	3.1499673545083023e-7
54	3.1963223777907393e-7
55	3.2520564551043726e-7
56	3.2767801803111114e-7
57	3.3134360021030567e-7
58	3.358315066006082e-7
59	3.396684696678586e-7
60	3.429884890208627e-7
61	3.4791476224847295e-7
62	3.511504861981436e-7
63	3.547614012730207e-7
64	3.586913928764119e-7
65	3.626335176514815e-7
66	3.658319108331103e-7
67	3.684761648191396e-7
68	3.722866515817013e-7
69	3.750955274115838e-7
70	3.7831405299050284e-7
71	3.815190926566981e-7
72	3.852383564472249e-7
73	3.877314060522251e-7
74	3.905598863219759e-7
75	3.9206993758858294e-7
76	3.9639370279734144e-7
77	3.985906901197216e-7
78	4.016150376034519e-7
79	4.046229224286014e-7
80	4.065991593663606e-7
81	4.091949559931316e-7
82	4.120744666397578e-7
83	4.143335930070356e-7
84	4.165703583230041e-7
85	4.185769921547297e-7
86	4.21460555624811e-7
87	4.229629973550231e-7
88	4.24796756593123e-7
89	4.2738982508467864e-7
90	4.287381897847965e-7
91	4.3075878488678686e-7
92	4.328091406595264e-7
93	4.340114439658337e-7
94	4.364095283376921e-7
95	4.3761100354440364e-7
96	4.3988276652989753e-7
97	4.407010832447548e-7
98	4.4244251817925733e-7
99	4.4420732745128573e-7
100	4.4525645582972707e-7
101	4.4669616905367274e-7
102	4.4792774034409546e-7
103	4.4924321469214533e-7
104	4.505453303657115e-7
105	4.5107010474397205e-7
106	4.52732876145228e-7
107	4.536458351758031e-7
108	4.545314859975187e-7
109	4.5565067195152513e-7
110	4.5734150892675903e-7
111	4.579446246087899e-7
112	4.5890260727818435e-7
113	4.596158294400038e-7
114	4.6038344757701574e-7
115	4.613128148993815e-7
116	4.627744839651393e-7
117	4.630163533482733e-7
118	4.639751371018007e-7
119	4.6476874402392126e-7
120	4.653525431295959e-7
121	4.6533531262007433e-7
122	4.6656213080798787e-7
123	4.66790377622604e-7
124	4.672582267269381e-7
125	4.678069980358153e-7
126	4.6818263433450996e-7
127	4.686043143490941e-7
128	4.687398363841382e-7
129	4.693569645327174e-7
130	4.6922820525903186e-7
131	4.699030522119498e-7
132	4.68708174518731e-7
133	4.691793042004072e-7
134	4.6988420592008316e-7
135	4.700579219624051e-7
136	4.701243037144309e-7
137	4.704661810585995e-7
138	4.707715746906247e-7
139	4.71016147535623e-7
140	4.7125810457866464e-7
141	4.714987839898967e-7
142	4.711511415799079e-7
143	4.7135915422955885e-7
144	4.715801697337958e-7
145	4.7176989903791314e-7
146	4.7205320467976604e-7
147	4.7147557833078313e-7
148	4.713583734340984e-7
149	4.715384462190371e-7
150	4.714603566127987e-7
151	4.713420217868877e-7
152	4.7141188030663546e-7
153	4.713805986500714e-7
154	4.7120771313168875e-7
155	4.709594182833949e-7
156	4.708383290301812e-7
157	4.7086219040074344e-7
158	4.704238109090679e-7
159	4.706368621176368e-7
160	4.7038261431859573e-7
161	4.700414304165862e-7
162	4.695458240460238e-7
163	4.685617952352783e-7
164	4.6927390943099473e-7
165	4.691490844821101e-7
166	4.686910523752703e-7
167	4.6837947843233083e-7
168	4.6819500368304827e-7
169	4.678838958886166e-7
170	4.6747605499921696e-7
171	4.6730460388190887e-7
172	4.669724850885207e-7
173	4.667385517610954e-7
174	4.665242582138614e-7
175	4.6636334105795166e-7
176	4.6565462888173006e-7
177	4.6522730635226577e-7
178	4.647272186227423e-7
179	4.6442414993587436e-7
180	4.6437071179440124e-7
181	4.6363338820523856e-7
182	4.632762067660678e-7
183	4.628502102637149e-7
184	4.624294161577968e-7
185	4.618221148201525e-7
186	4.6155067488984836e-7
187	4.6114087764565427e-7
188	4.608212350799593e-7
189	4.6034711766625916e-7
190	4.59966406951315e-7
191	4.592761279498168e-7
192	4.589387843240818e-7
193	4.5844398217649156e-7
194	4.5777193884481567e-7
195	4.577143067099025e-7
196	4.5703366495831837e-7
197	4.5675172683881273e-7
198	4.562618006838472e-7
199	4.5589407837789317e-7
200	4.5572181125713804e-7
201	4.5484504787479493e-7
202	4.540713539025532e-7
203	4.537646721540477e-7
204	4.5330613490931944e-7
205	4.527629121771658e-7
206	4.5220925418855884e-7
207	4.519950591639687e-7
208	4.512217598248132e-7
209	4.5068590331814106e-7
210	4.5008717983755064e-7
211	4.497599642694052e-7
212	4.4915340192621313e-7
213	4.487177840376704e-7
214	4.482341680460139e-7
215	4.4774527934825516e-7
216	4.4716745532612376e-7
217	4.4660694509299224e-7
218	4.46135943797069e-7
219	4.456930130696314e-7
220	4.4514661416482556e-7
221	4.445729772575908e-7
222	4.437416458243101e-7
223	4.432702796211471e-7
224	4.428656672557719e-7
225	4.4242140794624383e-7
226	4.421788042677173e-7
227	4.412805550804549e-7
228	4.40793588976397e-7
229	4.401447737161032e-7
230	4.396765044184167e-7
231	4.3926772135779586e-7
232	4.3861063307416954e-7
233	4.381351208361993e-7
234	4.3767550088193507e-7
235	4.3717506339374653e-7
236	4.3648988328094676e-7
237	4.3600841941400565e-7
238	4.3552762123418056e-7
239	4.3495983543441017e-7
240	4.341600233174187e-7
241	4.336551191028075e-7
242	4.3314027152700686e-7
243	4.3269199282819543e-7
244	4.3215693650020417e-7
245	4.315516919317616e-7
246	4.3112501448717533e-7
247	4.306596992833791e-7
248	4.301671293855678e-7
249	4.29689797195349e-7
250	4.291464799803575e-7
251	4.285630432086281e-7
252	4.280870416580563e-7
253	4.2755583845526866e-7
254	4.269776362920096e-7
255	4.2651311686600765e-7
256	4.2597581285459553e-7
257	4.2547021651020823e-7
258	4.2486697686038294e-7
259	4.242543075592982e-7
260	4.2383263244285664e-7
261	4.2334241674316983e-7
262	4.2274357559422605e-7
263	4.2225533653206993e-7
264	4.2179795165659385e-7
265	4.2127171937501066e-7
266	4.207316220838233e-7
267	4.2020984288198463e-7
268	4.196664672938813e-7
269	4.190763293097419e-7
270	4.184152502510761e-7
271	4.179382257307293e-7
272	4.1758981132276484e-7
273	4.1713569392064803e-7
274	4.166218430734545e-7
275	4.1611779949239434e-7
276	4.156391041388064e-7
277	4.150810858147663e-7
278	4.145716085561366e-7
279	4.1413205220139987e-7
280	4.136035335804071e-7
281	4.130519249335527e-7
282	4.126161466397171e-7
283	4.120769940693439e-7
284	4.115806389973107e-7
285	4.1109070533277804e-7
286	4.1061083426235247e-7
287	4.100848741925212e-7
288	4.09679270275427e-7
289	4.0909124306586483e-7
290	4.086384304936095e-7
291	4.081095758244192e-7
292	4.0768000257203726e-7
293	4.0720289631941566e-7
294	4.066728824203255e-7
295	4.0620760931621666e-7
296	4.0571978744034107e-7
297	4.052651585823205e-7
298	4.0479335569943577e-7
299	4.043136826753636e-7
300	4.038956379657374e-7
301	4.0336306538894406e-7
302	4.0285302437005964e-7
303	4.0239689589241095e-7
304	4.020325974187781e-7
305	4.0144886583271253e-7
306	4.0101334476506596e-7
307	4.0056499750414115e-7
308	4.0010812711376895e-7
309	3.9960621780795e-7
310	3.9917757390958537e-7
311	3.986539176980126e-7
312	3.9823176539045194e-7
313	3.9780684627705286e-7
314	3.973655321778244e-7
315	3.969217171680235e-7
316	3.9644802523025036e-7
317	3.9602586876570823e-7
318	3.955604544964796e-7
319	3.951606527852391e-7
320	3.9477200548842906e-7
321	3.942596737874925e-7
322	3.9381250801718873e-7
323	3.933843716640298e-7
324	3.929558980139365e-7
325	3.9252280225108934e-7
326	3.920912228998231e-7
327	3.9167799044340776e-7
328	3.9123867947590035e-7
329	3.9080430775930097e-7
330	3.9039383741722507e-7
331	3.8995723449503094e-7
332	3.894893673469293e-7
333	3.891596571831674e-7
334	3.8875078681096944e-7
335	3.883256385274623e-7
336	3.8792167182778293e-7
337	3.875007092652098e-7
338	3.8710129565438394e-7
339	3.8667652940813825e-7
340	3.862776757991652e-7
341	3.8588326551478067e-7
342	3.854775444590935e-7
343	3.8509122802467113e-7
344	3.847008561285405e-7
345	3.842986009086964e-7
346	3.839095893975333e-7
347	3.8349821059216913e-7
348	3.831121593378671e-7
349	3.8272045709122353e-7
350	3.8233862343942423e-7
351	3.819439644059118e-7
352	3.8156458016081156e-7
353	3.811942927549695e-7
354	3.80825210294918e-7
355	3.804196509240427e-7
356	3.8006761784414025e-7
357	3.796853042738045e-7
358	3.7933665619106337e-7
359	3.7893034392396995e-7
360	3.7856706753219486e-7
361	3.781973899633018e-7
362	3.7781637171507214e-7
363	3.774702900584237e-7
364	3.769582497342794e-7
365	3.766308283247334e-7
366	3.7611604938352156e-7
367	3.758736569337301e-7
368	3.7551961226977723e-7
369	3.7506955443460213e-7
370	3.747041946022127e-7
371	3.742909659009208e-7
372	3.7397314485230237e-7
373	3.7361779418685454e-7
374	3.7328199063025327e-7
375	3.729408521522255e-7
376	3.725623849809401e-7
377	3.722219783618467e-7
378	3.718788808552072e-7
379	3.7151103995348183e-7
380	3.71172152565107e-7
381	3.708339185549349e-7
382	3.705517595819026e-7
383	3.7006173691693e-7
384	3.6982513615417467e-7
385	3.694353662789814e-7
386	3.6918187681457857e-7
387	3.687839312436181e-7
388	3.6847432636120464e-7
389	3.6812811894190207e-7
390	3.6777315728267055e-7
391	3.6749324441862415e-7
392	3.671680739608534e-7
393	3.668280628103361e-7
394	3.665041171501477e-7
395	3.6619115561283557e-7
396	3.657233441266535e-7
397	3.651432924839702e-7
398	3.6473403001175694e-7
399	3.6458066801953776e-7
400	3.6425314607926923e-7
401	3.6397572178606457e-7
402	3.636732808540135e-7
403	3.6338559728889074e-7
404	3.6328422528969314e-7
405	3.627853600902943e-7
406	3.6248134219722204e-7
407	3.621694958710328e-7
408	3.6186937796920894e-7
409	3.615588611281684e-7
410	3.6125357122181714e-7
411	3.6105382706119276e-7
412	3.6062653883142473e-7
413	3.603176744184449e-7
414	3.600881356727995e-7
415	3.5969319831113153e-7
416	3.593791675431752e-7
417	3.5906078011179984e-7
418	3.5873589770096835e-7
419	3.5843321737560367e-7
420	3.581177809967713e-7
421	3.5779675790261353e-7
422	3.5748071398376533e-7
423	3.571519600826767e-7
424	3.5683551602100356e-7
425	3.56556499307251e-7
426	3.5622770898003867e-7
427	3.558847877026354e-7
428	3.555427146037588e-7
429	3.5521917973312884e-7
430	3.548897660251717e-7
431	3.545370051883416e-7
432	3.5419279847082756e-7
433	3.5385571768573833e-7
434	3.535043768585295e-7
435	3.5315733471388195e-7
436	3.5280392603873856e-7
437	3.524364635926887e-7
438	3.520783317025393e-7
439	3.5172498631904895e-7
440	3.5134044059458195e-7
441	3.508846765751611e-7
442	3.505832328709952e-7
443	3.5019489565762855e-7
444	3.498075028669492e-7
445	3.4940546227027996e-7
446	3.4900248336081276e-7
447	3.4860240586996687e-7
448	3.4817350920482e-7
449	3.477524369746764e-7
450	3.4732552618161217e-7
451	3.468717674464331e-7
452	3.4641625766081437e-7
453	3.4594791341891343e-7
454	3.454768036165877e-7
455	3.4501130804534503e-7
456	3.4450986106047453e-7
457	3.440077393314706e-7
458	3.434965709382875e-7
459	3.4292055630055276e-7
460	3.423903088862864e-7
461	3.418351332798663e-7
462	3.412554527234585e-7
463	3.406701807198137e-7
464	3.400733902698498e-7
465	3.394357311782678e-7
466	3.3878389245499884e-7
467	3.3811364700976454e-7
468	3.3741310244194085e-7
469	3.366913973610142e-7
470	3.3595555561863043e-7
471	3.3518498094656025e-7
472	3.34377816194213e-7
473	3.3355394159635e-7
474	3.3275006643965037e-7
475	3.3179371216613244e-7
476	3.308657927405187e-7
477	3.2994031413972605e-7
478	3.289404782794533e-7
479	3.2783037903118674e-7
480	3.2674637829466574e-7
481	3.2564012742695117e-7
482	3.244434910160301e-7
483	3.2313511220614466e-7
484	3.218220640479783e-7
485	3.204586996971542e-7
486	3.190118506386289e-7
487	3.175140085657846e-7
488	3.1595829571461273e-7
489	3.1423373968569767e-7
490	3.125292552016046e-7
491	3.106423449681513e-7
492	3.087008349316563e-7
493	3.066323002239787e-7
494	3.044615074737647e-7
495	3.021402099058702e-7
496	2.997298060948577e-7
497	2.9719373389516244e-7
498	2.9443245080762603e-7
499	2.9153929594845896e-7
500	2.885080408159963e-7
501	2.852297388080487e-7
502	2.817617904941334e-7
503	2.7804834726731933e-7
504	2.740947609304671e-7
505	2.6987312504865815e-7
506	2.653514144578904e-7
507	2.605090640951706e-7
508	2.553182082546709e-7
509	2.49740761999821e-7
510	2.4374048293368694e-7
511	2.3727532762274263e-7
512	2.302977622232436e-7
513	2.2275421625711508e-7
514	2.1458408317426477e-7
515	2.0571870623995941e-7
516	1.9608007225641073e-7
517	1.8557943874696945e-7
518	1.7411568892983135e-7
519	1.6157370615093508e-7
520	1.4782276084896973e-7
521	1.3271548695405365e-7
522	1.1608852928041678e-7
523	9.776800413966674e-8
524	7.758935288791641e-8
525	5.547032398312011e-8
526	3.175943289676351e-8
527	9.555899004695205e-9
528	3.6109871274291087e-10
529	6.459931445863057e-14
530	0.
531	0.
532	0.
533	0.
534	0.
535	0.
536	0.
537	0.
538	0.
539	0.
540	0.
541	3.769732470769917e-7
542	1.2841351350826789e-6
543	2.08210535563632e-6
544	2.9188636131464454e-6
545	3.794084389849961e-6
546	4.665723320922635e-6
547	5.473091998243064e-6
548	6.150121290503804e-6
549	6.644919577644046e-6
550	6.933408461594863e-6
551	7.0251145499072765e-6
552	6.94973649844966e-6
553	6.754071025592432e-6
554	6.476711977590154e-6
555	6.153507855309799e-6
556	5.813082049618497e-6
557	5.473227654372721e-6
558	5.142876331954101e-6
559	4.8280365689889955e-6
560	4.536522451275409e-6
561	4.2666848221325085e-6
562	4.018370699729501e-6
563	3.7921903342906794e-6
564	3.5826854618750267e-6
565	3.390423166882834e-6
566	3.218133964132244e-6
567	3.0556575756404465e-6
568	2.911070121240077e-6
569	2.773887159010988e-6
570	2.6515796648497423e-6
571	2.5351115006166483e-6
572	2.429821373211455e-6
573	2.331199402734563e-6
574	2.2397196086744867e-6
575	2.1551107883610072e-6
576	2.075903616758275e-6
577	2.0022903828289127e-6
578	1.933327649480635e-6
579	1.868204597650115e-6
580	1.808116037105552e-6
581	1.750273581476818e-6
582	1.697464585371018e-6
583	1.6462453499513866e-6
584	1.5989184873084226e-6
585	1.553607491964648e-6
586	1.5109944139157188e-6
587	1.470658374898362e-6
588	1.4316071293283634e-6
589	1.3954379392964858e-6
590	1.360666999558569e-6
591	1.3275155808033332e-6
592	1.2958595841699966e-6
593	1.265878268740555e-6
594	1.2366171184565251e-6
595	1.2102060650247621e-6
596	1.1831841662439655e-6
597	1.156665128127354e-6
598	1.1341736066008744e-6
599	1.1112606182847879e-6
600	1.0885765213871187e-6
601	1.0658137210822983e-6
602	1.0452514897775287e-6
603	1.0267833673089112e-6
604	1.0077398295971564e-6
605	9.892258907876615e-7
606	9.70615687015924e-7
607	9.529567241271264e-7
608	9.367623636093695e-7
609	9.218996902892253e-7
610	9.070882864455063e-7
611	8.918350953062627e-7
612	8.773593102886475e-7
613	8.622223120560765e-7
614	8.469095063260797e-7
615	8.367038653780282e-7
616	8.216981416971791e-7
617	8.10713386180064e-7
618	7.990578260529593e-7
619	7.883641328629915e-7
620	7.760974152518725e-7
621	7.658764392188642e-7
622	7.534480499058964e-7
623	7.448655362622974e-7
624	7.342427462912766e-7
625	7.272818748673903e-7
626	7.147040364073259e-7
627	7.075714499356301e-7
628	6.960480221257549e-7
629	6.879753767299671e-7
630	6.773999755199405e-7
631	6.721917559518801e-7
632	6.621290094226232e-7
633	6.544650644444747e-7
634	6.454036885888619e-7
635	6.417372798045061e-7
636	6.298533856915075e-7
637	6.239930513840072e-7
638	6.116889049969805e-7
639	6.087432623036026e-7
640	6.03003304304419e-7
641	5.965192003801839e-7
642	5.894148715589698e-7
643	5.83257138747105e-7
644	5.77419498422258e-7
645	5.760212989701727e-7
646	5.701432570331508e-7
647	5.602700614698794e-7
648	5.557336895962151e-7
649	5.479805264314141e-7
650	5.430718868968151e-7
651	5.371120227571842e-7
652	5.320336221929681e-7
653	5.255789232860155e-7
654	5.215560932933048e-7
655	5.162130412639419e-7
656	5.106575812164161e-7
657	5.103261299778901e-7
658	5.023884719045356e-7
659	5.01256834052037e-7
660	4.931598020330027e-7
661	4.876893337062324e-7
662	4.836928471241479e-7
663	4.804785107530656e-7
664	4.747706926374091e-7
665	4.7382322596025784e-7
666	4.638694155065392e-7
667	4.6094445729839056e-7
668	4.605995684176001e-7
669	4.536692245328766e-7
670	4.5136732296520926e-7
671	5.327031779629571e-7
672	5.286473684958717e-7
673	5.263702513808479e-7
674	5.428655490785417e-7
675	5.477347811253693e-7
676	5.576818697659614e-7
677	4.2557582194485875e-7
678	4.251035287173275e-7
679	4.1811532000273825e-7
680	4.138152409471359e-7
681	4.1244764126200226e-7
682	4.1639716845786535e-7
683	4.0600495379440947e-7
684	3.9992349230955815e-7
685	3.9897090616012833e-7
686	4.010933284679377e-7
687	3.968477068146801e-7
688	3.873010442372616e-7
689	3.9372324479556884e-7
690	3.862120731605693e-7
691	3.781068564108268e-7
692	3.797389383223189e-7
693	3.8264816917876416e-7
694	3.778962638607689e-7
695	3.727286083072616e-7
696	3.684359587158947e-7
697	3.7142064911823643e-7
698	3.6116276579639463e-7
699	3.630285688585261e-7
700	3.560057570079438e-7
701	3.63292786840239e-7
702	3.7455341872296924e-7
703	3.469727250529493e-7
704	3.501675151327833e-7
705	3.5208114517483426e-7
706	3.5067129184288865e-7
707	3.4553560238508547e-7
708	3.4099680188157854e-7
709	3.3660191885864323e-7
710	3.347737750359263e-7
711	3.3402346587610735e-7
712	3.3007326947448143e-7
713	3.42996799833524e-7
714	3.28724308998752e-7
715	3.2786711797364347e-7
716	3.5274153172264496e-7
717	3.2777556240714956e-7
718	3.1933121363476754e-7
719	3.688296716772373e-7
720	3.200356984574663e-7
721	3.1184563204462256e-7
722	3.0852788982884005e-7
723	3.156371484041106e-7
724	3.197694213808781e-7
725	3.128074698890847e-7
726	3.0902677372345857e-7
727	3.0386528584458436e-7
728	2.9494771891694023e-7
729	3.070944500109978e-7
730	3.155031319752206e-7
731	2.944054954891055e-7
732	3.0401694819356755e-7
733	2.9526503006330877e-7
734	2.997040833736565e-7
735	2.9316466554297405e-7
736	2.870751226591043e-7
737	2.9501757817385325e-7
738	2.922529017423121e-7
739	2.8735686958867887e-7
740	2.768491897555437e-7
741	2.8484929622874157e-7
742	2.7829958562157176e-7
743	2.798388409399683e-7
744	2.7604250083011086e-7
745	2.864498012452223e-7
746	2.679998329075757e-7
747	2.711445386442934e-7
748	2.682656730215456e-7
749	2.7135692595060774e-7
750	2.6992421657752963e-7
751	2.640050483334912e-7
752	2.6538077833616983e-7
753	2.7176437166533037e-7
754	2.633226319377949e-7
755	2.6570522960584155e-7
756	2.5573984806274234e-7
757	2.584292567381269e-7
758	2.543270042410162e-7
759	2.5775519902951126e-7
760	2.527493466864275e-7
761	2.4840124559535266e-7
762	2.60024863919381e-7
763	2.499067628513244e-7
764	2.5501361043186115e-7
765	2.4378402255188967e-7
766	2.487992221084517e-7
767	2.4948452708920934e-7
768	2.4962699585519395e-7
769	2.4628120256833044e-7
770	2.4187805765411816e-7
771	2.436096754635701e-7
772	2.4062067223021937e-7
773	2.4337653523624265e-7
774	2.40251536711741e-7
775	2.3743943451927482e-7
776	2.3997163426417877e-7
777	2.641846913795242e-7
778	2.458602743004412e-7
779	2.538019593692276e-7
780	2.303773799304678e-7
781	2.2245579650294912e-7
782	2.2320874019765628e-7
783	2.2302283475095033e-7
784	2.3865508969881946e-7
785	2.373865376428051e-7
786	2.433926879578682e-7
787	2.2378585148144654e-7
788	2.2128920088761395e-7
789	2.1846906532204875e-7
790	2.1716083036825857e-7
791	2.196063682822384e-7
792	2.1651113469214687e-7
793	2.1995588945280315e-7
794	2.205371540949852e-7
795	2.2055461067395314e-7
796	2.255952379883355e-7
797	2.1483451045180515e-7
798	2.1619109638442914e-7
799	2.227897018441197e-7
800	2.2300235022415996e-7
801	2.2560953590051823e-7
802	2.1093189349267098e-7
803	2.247781837602959e-7
804	2.2013437807654343e-7
805	2.029116674456533e-7
806	2.1382162886306913e-7
807	2.0148718601335575e-7
808	2.086176371111192e-7
809	2.0218135734341723e-7
810	2.0071759506992003e-7
811	2.1113054679325944e-7
812	2.1937739731776891e-7
813	2.1432847228071585e-7
814	2.0700897493126988e-7
815	2.1022963386662015e-7
816	2.0179893327216472e-7
817	2.0473821590368926e-7
818	2.1249817162857377e-7
819	2.0260766578406998e-7
820	1.983439295892954e-7
821	1.9621763457128872e-7
822	1.9356558500054555e-7
823	1.9807987732935406e-7
824	1.994780926946648e-7
825	2.033875864895784e-7
826	1.9384410194874265e-7
827	1.9959821647453004e-7
828	2.2159966835933598e-7
829	2.0147894742285628e-7
830	2.0245534854476438e-7
831	1.9449316780951435e-7
832	1.8390633905036116e-7
833	1.9289479665455393e-7
834	1.9292915614259347e-7
835	1.9017129769977167e-7
836	1.8946321443507346e-7
837	1.869177368072638e-7
838	1.871409829436834e-7
839	1.8149772645327493e-7
840	1.7521007197048412e-7
841	1.8224755006848297e-7
842	1.7792238134492786e-7
843	1.9214670676221072e-7
844	1.7259494844489147e-7
845	1.8565703810404422e-7
846	1.805749084758552e-7
847	1.8045068254703118e-7
848	1.7883054197959747e-7
849	1.7777687786969698e-7
850	1.7782306166447127e-7
851	1.832696910450454e-7
852	1.8298210552694783e-7
853	1.7722135986830952e-7
854	1.8611532249092042e-7
855	2.0526854747055571e-7
856	2.3006699913964745e-7
857	1.6877614590094238e-7
858	1.722767069012752e-7
859	1.831153630283129e-7
860	1.7607416637146697e-7
861	1.7079774188469908e-7
862	1.7391916693197982e-7
863	1.7415876217885744e-7
864	1.7165264844450722e-7
865	1.724593230843888e-7
866	1.7230255474464906e-7
867	1.71125278881452e-7
868	1.7096274234917362e-7
869	1.818238219058581e-7
870	1.7009687238967907e-7
871	1.649434990457409e-7
872	1.6568141435474172e-7
873	1.6167287534950495e-7
874	1.6686463454601308e-7
875	1.6408539360996507e-7
876	1.5858981198446894e-7
877	1.6055562521410152e-7
878	1.6270986819526553e-7
879	1.6830988689739418e-7
880	1.62954999573431e-7
881	1.5796491407636688e-7
882	1.537743029815252e-7
883	1.5143585631399349e-7
884	1.5807842768145202e-7
885	1.6567453119176431e-7
886	1.6966152003270713e-7
887	1.5749103242215545e-7
888	1.638299805455587e-7
889	1.5529885559141116e-7
890	1.5801188900145996e-7
891	1.4344125183356102e-7
892	1.451825353082695e-7
893	1.5062704059629614e-7
894	1.568557303937655e-7
895	1.4395857141324364e-7
896	1.4900665383124229e-7
897	1.5308314837603244e-7
898	1.3713129960500963e-7
899	1.4740084168705552e-7
900	1.5522835005830317e-7
901	1.4156129912462412e-7
902	1.5046590658824328e-7
903	1.4755146415791837e-7
904	1.539144387379438e-7
905	1.486639379895253e-7
906	1.4044753520951283e-7
907	1.9895135753628021e-7
908	1.484437219236476e-7
909	1.4291778402087517e-7
910	1.426558173897437e-7
911	1.6206570747374493e-7
912	1.4944272159181593e-7
913	1.5606867627121773e-7
914	1.4591560961375627e-7
915	1.4743257266877807e-7
916	1.5049698150335487e-7
917	1.5549434542343747e-7
918	1.612444410027805e-7
919	1.5447873753870905e-7
920	1.5848410375699812e-7
921	1.436941615951225e-7
922	1.4384841264769273e-7
923	1.4538359969168e-7
924	1.8358972683896065e-7
925	1.4050888418092683e-7
926	1.41949161118189e-7
927	1.3940940576445874e-7
928	1.430661376510558e-7
929	1.3771896058751873e-7
930	1.377779180584577e-7
931	1.398071043654537e-7
932	1.3905914059545832e-7
933	1.2788667843270888e-7
934	1.369041195802948e-7
935	1.3857652048004368e-7
936	1.4954610863231224e-7
937	1.3607947185818593e-7
938	1.4346990679123751e-7
939	1.4302380725548955e-7
940	1.4220656727314718e-7
941	1.3819591137332188e-7
942	1.360680852156675e-7
943	1.3540495555263482e-7
944	1.3914591764450394e-7
945	1.3705521529540638e-7
946	1.4153695093013663e-7
947	1.3325171202834249e-7
948	1.3428655491517223e-7
949	1.3409635236909383e-7
950	1.4329925540985975e-7
951	1.3890603817999126e-7
952	1.3664054807831912e-7
953	1.3154568375310572e-7
954	1.3316877368708104e-7
955	1.3287553945581252e-7
956	1.3141897000175647e-7
957	1.3293269322208758e-7
958	1.303753261065313e-7
959	1.3158719145920372e-7
960	1.3156724272622927e-7
961	1.327569407972257e-7
962	1.249019174007993e-7
963	1.2549481850318445e-7
964	1.2933384900780686e-7
965	1.31646631157052e-7
966	1.325198712880804e-7
967	1.2221611563242398e-7
968	1.399289221968667e-7
969	1.2660794348610426e-7
970	1.255261106518845e-7
971	1.2927810093901672e-7
972	1.3277764490043245e-7
973	1.2557058084534488e-7
974	1.2670792047857332e-7
975	1.2305720528139694e-7
976	1.2772323795508375e-7
977	1.241239620338404e-7
978	1.2363631791756122e-7
979	1.268817098592845e-7
980	1.1962655218911083e-7
981	1.3241659279239987e-7
982	1.2145060975552782e-7
983	1.243126283219319e-7
984	1.5183375571256548e-7
985	1.2748603810485967e-7
986	1.262342897136523e-7
987	1.2975951035635784e-7
988	1.2778937899633505e-7
989	1.2383401371398137e-7
990	1.249425324262966e-7
991	1.3200275675241567e-7
992	1.2713525859665275e-7
993	1.2506342954305636e-7
994	1.1191619121830503e-7
995	1.1941608644822576e-7
996	1.2283489654491492e-7
997	1.1604581464877425e-7
998	1.1897973472148981e-7
999	1.2799682400909433e-7
1000	1.2633875309129992e-7
1001	1.2365853715280527e-7
1002	1.2377214092008645e-7
1003	1.2225696851407949e-7
1004	1.1707874262885108e-7
1005	1.1744414730507691e-7
1006	1.2168663921328584e-7
1007	1.1440094580287044e-7
1008	1.2108970753068155e-7
1009	1.1849097623465847e-7
1010	1.1674040244806975e-7
1011	1.2097585052800095e-7
1012	1.2119306051974754e-7
1013	1.1459430129266756e-7
1014	1.1580592086930442e-7
1015	1.1082694837735191e-7
1016	1.1554034563809489e-7
1017	1.1796845885831266e-7
1018	1.1598246442601097e-7
1019	1.1925392310688055e-7
1020	1.2116720732764177e-7
1021	1.1433715375525851e-7
1022	1.1211018504501432e-7
1023	1.0729503449625106e-7
1024	1.1524333319203325e-7
1025	1.1313203100930626e-7
1026	1.0938073850211807e-7
1027	1.1228031902551e-7
1028	1.1582218005617907e-7
1029	1.186722917896718e-7
1030	1.1124307571324229e-7
1031	1.129492938027513e-7
1032	1.0648648222816329e-7
1033	1.0812893683567015e-7
1034	1.0648522107480504e-7
1035	1.1408206476653691e-7
1036	1.0780415246870405e-7
1037	1.122451370124462e-7
1038	1.1158922559141748e-7
1039	1.0852626216705622e-7
1040	1.1193085917048562e-7
1041	1.1004273190405105e-7
1042	1.1467307584594666e-7
1043	1.087007301525739e-7
1044	1.1182535857651278e-7
1045	1.1153206558435313e-7
1046	1.1133339590120797e-7
1047	1.081771095078581e-7
1048	1.089373523974138e-7
1049	1.0662192072321096e-7
1050	1.0862509645431381e-7
1051	1.0752760983796074e-7
1052	1.0773890483003955e-7
1053	1.0018348320589184e-7
1054	1.0988231838133314e-7
1055	1.0709183955702257e-7
1056	1.0140785713284669e-7
1057	1.0899532858880154e-7
1058	1.043837456149175e-7
1059	1.120659673569023e-7
1060	1.037924960697961e-7
1061	1.0346118237771192e-7
1062	1.0576716272663668e-7
1063	1.2005313110919154e-7
1064	1.1269328375026577e-7
1065	1.0789046763394451e-7
1066	1.048754883910981e-7
1067	1.0641486081143451e-7
1068	1.0374415577638964e-7
1069	9.977466906027066e-8
1070	1.0314572941876625e-7
1071	1.0426199973616985e-7
1072	9.905724949999979e-8
1073	1.057928049190233e-7
1074	1.0069877543737012e-7
1075	1.0286275048612983e-7
1076	1.0107492280795007e-7
1077	1.0296308473580244e-7
1078	1.0732853125071761e-7
1079	9.809508885187326e-8
1080	9.969614407277e-8
1081	1.0621621130455566e-7
1082	1.0768796071760457e-7
1083	1.0275549584734027e-7
1084	1.0144450702367582e-7
1085	1.0345474941193732e-7
1086	1.0370876866032043e-7
1087	1.0053188886023593e-7
1088	1.1060532663855022e-7
1089	1.0186427352597332e-7
1090	1.0304436969684374e-7
1091	1.0116531437849749e-7
1092	1.0569910661023021e-7
1093	1.0152592132382223e-7
1094	9.932610280238385e-8
1095	9.960160186074549e-8
1096	9.878411596878018e-8
1097	9.638839911752642e-8
1098	9.758430136803346e-8
1099	9.856109626118448e-8
1100	9.93208541006025e-8
1101	1.0113053032063591e-7
1102	9.88995184321491e-8
1103	1.0077411916196549e-7
1104	9.813954999487065e-8
1105	9.428184815657538e-8
1106	9.676101730772237e-8
1107	9.824690916831518e-8
1108	9.947702216645883e-8
1109	8.84591242771826e-8
1110	9.470928295377859e-8
1111	9.631453578264355e-8
1112	9.815187802354376e-8
1113	9.676974873248491e-8
1114	1.0053621325854475e-7
1115	9.547796177570142e-8
1116	9.849081428076935e-8
1117	9.906625684922792e-8
1118	9.842891870564881e-8
1119	9.949649048351973e-8
1120	9.377918628385244e-8
1121	9.358148511060332e-8
1122	9.363475637146661e-8
1123	9.4913119148217e-8
1124	9.478923905026175e-8
1125	9.545219080327863e-8
1126	1.0000231398871916e-7
1127	9.476229740071301e-8
1128	9.621589704727733e-8
1129	9.448955981135918e-8
1130	9.029810431159319e-8
1131	9.52285866552952e-8
1132	9.685265526589226e-8
1133	9.766233506851364e-8
1134	9.786883167475505e-8
1135	9.653591819459488e-8
1136	9.441466499938111e-8
1137	9.430405344929321e-8
1138	9.48881527134011e-8
1139	9.455633819657231e-8
1140	9.42710478001082e-8
1141	9.48044801245397e-8
1142	9.646641454772887e-8
1143	9.668334372047222e-8
1144	9.590984341016591e-8
1145	9.263532442006503e-8
1146	9.333861716778906e-8
1147	9.401417070183262e-8
1148	9.421222449312575e-8
1149	9.602673610034879e-8
1150	9.720157058367042e-8
1151	9.208238522623567e-8
1152	9.569397554598687e-8
1153	9.390669326091219e-8
1154	9.306849703940168e-8
1155	9.488325079956752e-8
1156	9.657212511915941e-8
1157	9.372889236884147e-8
1158	9.519492521042795e-8
1159	9.229257327413065e-8
1160	9.336288066835909e-8
1161	9.276969701321471e-8
1162	9.341855536875062e-8
1163	9.356132514665668e-8
1164	9.069054416004516e-8
1165	9.097876995395339e-8
1166	9.135639947957909e-8
1167	9.10403284526139e-8
1168	9.202339405858142e-8
1169	9.081747737363795e-8
1170	9.091883024889125e-8
1171	9.190212913611558e-8
1172	9.090915807444095e-8
1173	9.391209200689588e-8
1174	9.16498999304558e-8
1175	9.286942583436956e-8
1176	9.102114383414167e-8
1177	9.164280692056263e-8
1178	9.147114378276168e-8
1179	9.20995719386166e-8
1180	9.144163422154801e-8
1181	9.035828672242052e-8
1182	9.025631612655276e-8
1183	9.012956750848697e-8
1184	9.028056014006345e-8
1185	9.139837367457631e-8
1186	9.064715118173597e-8
1187	8.925505612103989e-8
1188	8.898659389887211e-8
1189	8.844474986089976e-8
1190	8.859049621861383e-8
1191	8.891972807531935e-8
1192	8.932431949594305e-8
1193	8.963602696326563e-8
1194	9.120993390731963e-8
1195	8.90061175827209e-8
1196	8.843866764589101e-8
1197	8.452208993304564e-8
1198	8.663573796081864e-8
1199	8.754639778969981e-8
1200	8.746921159236536e-8
1201	8.803480747897839e-8
1202	8.758669242328049e-8
1203	8.713273650356736e-8
1204	8.718310187828382e-8
1205	8.797174438268504e-8
1206	8.648476721023687e-8
1207	8.692433615423368e-8
1208	8.835093971509643e-8
1209	8.682204934980217e-8
1210	8.697127537812658e-8
1211	8.727198672647753e-8
1212	8.740152494399171e-8
1213	8.687874059645149e-8
1214	8.681254099101228e-8
1215	8.662684122287662e-8
1216	8.365462511613321e-8
1217	8.472084820534962e-8
1218	8.614029161264106e-8
1219	8.665883693533148e-8
1220	8.719857623306443e-8
1221	8.706349045464744e-8
1222	8.610424320737402e-8
1223	8.544840571072652e-8
1224	8.537013121899786e-8
1225	8.50173280372272e-8
1226	8.545696024477154e-8
1227	8.506801313025405e-8
1228	8.495680004125577e-8
1229	8.490476362917323e-8
1230	8.380439176417167e-8
1231	8.480326137845983e-8
1232	8.324740266795466e-8
1233	8.466379004719563e-8
1234	8.476770611667487e-8
1235	8.468992303335387e-8
1236	8.464977230369833e-8
1237	8.38151889676269e-8
1238	8.449588096220817e-8
1239	8.404333578233337e-8
1240	8.553306214243059e-8
1241	8.542659830907562e-8
1242	8.401158841627754e-8
1243	8.380116535493785e-8
1244	8.329739517452943e-8
1245	8.328170332041918e-8
1246	8.351767560316572e-8
1247	8.371842353197411e-8
1248	8.294025765441959e-8
1249	8.329794154006582e-8
1250	8.312778079401277e-8
1251	8.331429999206116e-8
1252	8.30498638896916e-8
1253	8.290425909663846e-8
1254	8.260074726754728e-8
1255	8.23572379674423e-8
1256	8.16224168327484e-8
1257	8.177809049835784e-8
1258	8.149669322443957e-8
1259	8.185544428951738e-8
1260	8.199625565099734e-8
1261	8.178070582980918e-8
1262	8.15935659544509e-8
1263	8.170559556073359e-8
1264	8.063906171569086e-8
1265	8.127963826336263e-8
1266	8.12247165618616e-8
1267	8.115003200967323e-8
1268	8.123038194684359e-8
1269	8.118674553555753e-8
1270	8.106703945117131e-8
1271	8.095399407506774e-8
1272	8.093916005379855e-8
1273	8.06353843186272e-8
1274	8.05858905968419e-8
1275	8.054057275454394e-8
1276	8.029547387584315e-8
1277	8.007024325960345e-8
1278	8.042379849008855e-8
1279	7.992241265862667e-8
1280	8.015466514359147e-8
1281	7.995272148277464e-8
1282	7.991805912880355e-8
1283	7.961296146600447e-8
1284	7.964654953908125e-8
1285	7.952387137328704e-8
1286	7.948187832397193e-8
1287	7.960609710400759e-8
1288	7.916739685624916e-8
1289	7.912664326541728e-8
1290	7.902024592075507e-8
1291	7.888300088560331e-8
1292	7.843465864779137e-8
1293	7.847750859708166e-8
1294	7.846151981157811e-8
1295	7.857869097995467e-8
1296	7.843954683151921e-8
1297	7.831305646515615e-8
1298	7.81732048468009e-8
1299	7.830986026177193e-8
1300	7.807296988121459e-8
1301	7.787093690312077e-8
1302	7.79466878732785e-8
1303	7.768318527158054e-8
1304	7.766896812718596e-8
1305	7.730714849044609e-8
1306	7.722675532221213e-8
1307	7.751743789325322e-8
1308	7.741351409277882e-8
1309	7.742153523187341e-8
1310	7.716778400180073e-8
1311	7.67639864847778e-8
1312	7.678841950995068e-8
1313	7.674380140638265e-8
1314	7.662133776454508e-8
1315	7.658604835989192e-8
1316	7.658113442573937e-8
1317	7.636127512677754e-8
1318	7.624885734668259e-8
1319	7.617350504785394e-8
1320	7.610741412249372e-8
1321	7.592784734466835e-8
1322	7.593300889244063e-8
1323	7.571819654618036e-8
1324	7.57024732278489e-8
1325	7.575389453099229e-8
1326	7.576238953542801e-8
1327	7.519114755553448e-8
1328	7.531559409663978e-8
1329	7.511773893887459e-8
1330	7.496277123484968e-8
1331	7.504672928650788e-8
1332	7.471900291090032e-8
1333	7.48292621611158e-8
1334	7.470924825367013e-8
1335	7.460997665227897e-8
1336	7.439898106109298e-8
1337	7.45183537053486e-8
1338	7.439305531241791e-8
1339	7.434612955292139e-8
1340	7.420794221865934e-8
1341	7.417911916857692e-8
1342	7.390720525999408e-8
1343	7.39447898926683e-8
1344	7.387404559251934e-8
1345	7.369026798801837e-8
1346	7.368136580176406e-8
1347	7.360239551590176e-8
1348	7.343282617205935e-8
1349	7.342021127508516e-8
1350	7.341627380354678e-8
1351	7.325047638786794e-8
1352	7.311560006150224e-8
1353	7.302431281407002e-8
1354	7.293125335230081e-8
1355	7.28310165868378e-8
1356	7.27393884026988e-8
1357	7.270579535899313e-8
1358	7.258561302570611e-8
1359	7.252339368300851e-8
1360	7.23835052098862e-8
1361	7.232113044562709e-8
1362	7.221704320365448e-8
1363	7.208402271608715e-8
1364	7.206098692847903e-8
1365	7.19366111901896e-8
1366	7.185155327586824e-8
1367	7.180464226805557e-8
1368	7.15840587641771e-8
1369	7.164687574986791e-8
1370	7.150771921434929e-8
1371	7.140999241665387e-8
1372	7.129896054637833e-8
1373	7.118765887703507e-8
1374	7.106461755665933e-8
1375	7.102618379957282e-8
1376	7.096156529679137e-8
1377	7.087674985984896e-8
1378	7.080058213163163e-8
1379	7.06622289725916e-8
1380	7.059771300345632e-8
1381	7.049636442428204e-8
1382	7.039750853604092e-8
1383	7.031113056545149e-8
1384	7.023453953674818e-8
1385	7.011822914271772e-8
1386	7.001577984177845e-8
1387	6.993524783690425e-8
1388	6.98612542223228e-8
1389	6.977435374547482e-8
1390	6.968576996023935e-8
1391	6.960455217609596e-8
1392	6.951170647323768e-8
1393	6.945020332739458e-8
1394	6.938261884975803e-8
1395	6.925723188774727e-8
1396	6.915565883472268e-8
1397	6.908369797955088e-8
1398	6.898386895253559e-8
1399	6.892579715008923e-8
1400	6.877817993245567e-8
1401	6.869336332960946e-8
1402	6.867214911829383e-8
1403	6.855111558058855e-8
1404	6.848611831907014e-8
1405	6.84380831965644e-8
1406	6.833634519391254e-8
1407	6.825243742843859e-8
1408	6.817112732628753e-8
1409	6.810371881036434e-8
1410	6.798351132334022e-8
1411	6.790590503554886e-8
1412	6.782420020401745e-8
1413	6.774250775212609e-8
1414	6.766372648850227e-8
1415	6.756153103311085e-8
1416	6.748147779447595e-8
1417	6.739880523281782e-8
1418	6.732229635808503e-8
1419	6.724016499709742e-8
1420	6.714483987115383e-8
1421	6.707858341256321e-8
1422	6.695967305424181e-8
1423	6.688570046017512e-8
1424	6.68085396130138e-8
1425	6.672178685452989e-8
1426	6.661290994730656e-8
1427	6.653714165379187e-8
1428	6.64870577680188e-8
1429	6.63975028230438e-8
1430	6.630688578442523e-8
1431	6.622132833607871e-8
1432	6.612678564900982e-8
1433	6.604137739421986e-8
1434	6.596399392565954e-8
1435	6.588098906245362e-8
1436	6.581385410290799e-8
1437	6.571444127286608e-8
1438	6.564614384496987e-8
1439	6.555063884831641e-8
1440	6.548128603427906e-8
1441	6.538919042903327e-8
1442	6.53101212827555e-8
1443	6.521669159615772e-8
1444	6.514110838677098e-8
1445	6.506624110938105e-8
1446	6.498295165469175e-8
1447	6.48933382469147e-8
1448	6.481915784205153e-8
1449	6.47301267220099e-8
1450	6.464829899135697e-8
1451	6.457179846572277e-8
1452	6.44947215036289e-8
1453	6.441235439428526e-8
1454	6.433136699355482e-8
1455	6.425098810362444e-8
1456	6.415969007916928e-8
1457	6.408769542192685e-8
1458	6.400556937454915e-8
1459	6.392235957341441e-8
1460	6.384169696304748e-8
1461	6.376676224672459e-8
1462	6.369146541666235e-8
1463	6.361353400879201e-8
1464	6.352966240318656e-8
1465	6.343401212390885e-8
1466	6.33567836457358e-8
1467	6.328017118097061e-8
1468	6.3206933979766e-8
1469	6.310291801244331e-8
1470	6.303109313348077e-8
1471	6.295020204719111e-8
1472	6.288434948164288e-8
1473	6.280352101219387e-8
1474	6.272665457033552e-8
1475	6.264786058028423e-8
1476	6.256926092505733e-8
1477	6.250764873959623e-8
1478	6.242934532563647e-8
1479	6.234864867703242e-8
1480	6.226852471711122e-8
1481	6.219813984867794e-8
1482	6.211765123155668e-8
1483	6.203768342979634e-8
1484	6.196090552575458e-8
1485	6.188787804665915e-8
1486	6.181614037718538e-8
1487	6.173154149019078e-8
1488	6.164526341305723e-8
1489	6.157027894084033e-8
1490	6.149427105977735e-8
1491	6.141694750305458e-8
1492	6.13317684959277e-8
1493	6.126542219342264e-8
1494	6.118907188917528e-8
1495	6.111674758140523e-8
1496	6.104102388673026e-8
1497	6.096178212855601e-8
1498	6.088013973664304e-8
1499	6.080451491109542e-8
1500	6.072596378035779e-8
1501	6.065353469096281e-8
1502	6.058390402118976e-8
1503	6.050869475401886e-8
1504	6.042475612005725e-8
1505	6.035221304263603e-8
1506	6.028106471492056e-8
1507	6.020363452874888e-8
1508	6.013292011875062e-8
1509	6.005646387737654e-8
1510	5.9976082988701e-8
1511	5.990093129563539e-8
1512	5.98332756314366e-8
1513	5.975509436552655e-8
1514	5.968639356793288e-8
1515	5.960968545317037e-8
1516	5.953868308135028e-8
1517	5.946387007440232e-8
1518	5.938924047217686e-8
1519	5.931636545311392e-8
1520	5.924457526657008e-8
1521	5.9171504401562746e-8
1522	5.9098959515688345e-8
1523	5.9026239153096e-8
1524	5.895168407913045e-8
1525	5.887997174929052e-8
1526	5.880876864100415e-8
1527	5.873181995790081e-8
1528	5.866261539439955e-8
1529	5.858964164961551e-8
1530	5.851584788484365e-8
1531	5.8441697311850076e-8
1532	5.836952486872518e-8
1533	5.829705807056776e-8
1534	5.8219686774620386e-8
1535	5.814983181178323e-8
1536	5.807635303208217e-8
1537	5.8005686467651955e-8
1538	5.793209682425014e-8
1539	5.786391210080418e-8
1540	5.779402062583843e-8
1541	5.772338244532804e-8
1542	5.765325380933491e-8
1543	5.758127044558422e-8
1544	5.751090237321815e-8
1545	5.744003158294508e-8
1546	5.736989547003083e-8
1547	5.729832630372432e-8
1548	5.72287841530494e-8
1549	5.7159002526680186e-8
1550	5.708819181789682e-8
1551	5.701833426332639e-8
1552	5.694770311589479e-8
1553	5.687855020204615e-8
1554	5.680850973401892e-8
1555	5.673945705531851e-8
1556	5.667122964477302e-8
1557	5.660063424131006e-8
1558	5.653048861599078e-8
1559	5.646135441139931e-8
1560	5.639090231877207e-8
1561	5.6322380571062964e-8
1562	5.6254382568194014e-8
1563	5.6179264174371765e-8
1564	5.611070805834221e-8
1565	5.604207644617501e-8
1566	5.597483329391774e-8
1567	5.59056680250859e-8
1568	5.583832162376037e-8
1569	5.576763632686974e-8
1570	5.5699803681942834e-8
1571	5.563278092738317e-8
1572	5.5565951533120615e-8
1573	5.5497623259045685e-8
1574	5.5429524611482847e-8
1575	5.536250982648696e-8
1576	5.529448511039396e-8
1577	5.522740588390501e-8
1578	5.5159459599298014e-8
1579	5.509258410971593e-8
1580	5.5026217051432e-8
1581	5.495865739509531e-8
1582	5.489106412715796e-8
1583	5.482442630249577e-8
1584	5.4757531550327714e-8
1585	5.469119165343473e-8
1586	5.462482518829352e-8
1587	5.455759111899956e-8
1588	5.449204989974567e-8
1589	5.44257590393137e-8
1590	5.435938842893192e-8
1591	5.4289144571928276e-8
1592	5.422358475392673e-8
1593	5.415702327623942e-8
1594	5.4091795998987895e-8
1595	5.40260050929386e-8
1596	5.395968272684754e-8
1597	5.389481658051804e-8
1598	5.382937720998988e-8
1599	5.3764249214952505e-8
1600	5.369911085013407e-8
1601	5.36342692151161e-8
1602	5.3569376657613115e-8
1603	5.350438482907861e-8
1604	5.3439531362329024e-8
1605	5.3374820484551764e-8
1606	5.331007530172181e-8
1607	5.3245563561229217e-8
1608	5.318138077494431e-8
1609	5.3117503780899424e-8
1610	5.3053315105095087e-8
1611	5.298599794725859e-8
1612	5.292178064579617e-8
1613	5.285808596109742e-8
1614	5.27944849804948e-8
1615	5.273064288933734e-8
1616	5.2667342074270106e-8
1617	5.2604148306310195e-8
1618	5.254057886926702e-8
1619	5.2477054175894516e-8
1620	5.241390813460174e-8
1621	5.2349371856676375e-8
1622	5.2286263209346446e-8
1623	5.2223602666371484e-8
1624	5.216079860619761e-8
1625	5.209809467836806e-8
1626	5.2034402042309445e-8
1627	5.1971834798890325e-8
1628	5.190930601814846e-8
1629	5.18470426980438e-8
1630	5.1784721403060175e-8
1631	5.172235583478513e-8
1632	5.166044612700404e-8
1633	5.1598297988393384e-8
1634	5.153652363446829e-8
1635	5.147474133674584e-8
1636	5.1413048241076576e-8
1637	5.134885717944857e-8
1638	5.12870199252546e-8
1639	5.122534950217787e-8
1640	5.1163940773098295e-8
1641	5.110289280775871e-8
1642	5.1041488450146326e-8
1643	5.098074285177199e-8
1644	5.091965672087325e-8
1645	5.085867083191665e-8
1646	5.079786824714912e-8
1647	5.073723713681214e-8
1648	5.0676336725980773e-8
1649	5.061578784411146e-8
1650	5.055547827758418e-8
1651	5.0495085929796583e-8
1652	5.0435026308077195e-8
1653	5.0374721863636977e-8
1654	5.0314318902794435e-8
1655	5.025445832388952e-8
1656	5.01942660747625e-8
1657	5.013443993995676e-8
1658	5.007072302398088e-8
1659	5.0010828680667817e-8
1660	4.995140860034331e-8
1661	4.989198129666584e-8
1662	4.9832331351005936e-8
1663	4.97730515302147e-8
1664	4.971396193083428e-8
1665	4.96547780977655e-8
1666	4.959578516921778e-8
1667	4.9536981498967104e-8
1668	4.94779606517995e-8
1669	4.941898923340194e-8
1670	4.9360566288205966e-8
1671	4.930183728475884e-8
1672	4.92433262694224e-8
1673	4.918480911933422e-8
1674	4.9126387848003985e-8
1675	4.9068163219584314e-8
1676	4.900980130819134e-8
1677	4.895177825989442e-8
1678	4.8893766673788987e-8
1679	4.883579613348477e-8
1680	4.877790655227875e-8
1681	4.872007637782681e-8
1682	4.8662428782558255e-8
1683	4.860476131283624e-8
1684	4.854721280756696e-8
1685	4.849375442848141e-8
1686	4.843640403119261e-8
1687	4.837918744126097e-8
1688	4.832209350210759e-8
1689	4.826567347915474e-8
1690	4.8203280609713216e-8
1691	4.814633249524887e-8
1692	4.808957610479719e-8
1693	4.8032962863505414e-8
1694	4.797627396872078e-8
1695	4.79196028646727e-8
1696	4.7863273480848846e-8
1697	4.780694731129631e-8
1698	4.7750595740899066e-8
1699	4.769449046507015e-8
1700	4.7638335852329865e-8
1701	4.75823568704459e-8
1702	4.7526417078268024e-8
1703	4.747058921020512e-8
1704	4.741478715121947e-8
1705	4.7355405895575224e-8
1706	4.72999191779932e-8
1707	4.724445182362629e-8
1708	4.718913451966683e-8
1709	4.7133887968311857e-8
1710	4.707873492884387e-8
1711	4.702367095614022e-8
1712	4.6968675756497064e-8
1713	4.691371389953809e-8
1714	4.685887640885838e-8
1715	4.680404942844911e-8
1716	4.6749383917988696e-8
1717	4.66947197086951e-8
1718	4.664017369582092e-8
1719	4.658570409523188e-8
1720	4.653125824074356e-8
1721	4.647693354394982e-8
1722	4.6422694034924737e-8
1723	4.6368542497985165e-8
1724	4.631445931809339e-8
1725	4.626042890559204e-8
1726	4.620651032931924e-8
1727	4.615264959968095e-8
1728	4.609651975799513e-8
1729	4.604021097043072e-8
1730	4.5986578620220696e-8
1731	4.5932715682433684e-8
1732	4.5879292029451e-8
1733	4.582590692218191e-8
1734	4.5772604790479114e-8
1735	4.571939840225696e-8
1736	4.566623202255919e-8
1737	4.5613099686908537e-8
1738	4.556016379841222e-8
1739	4.550725312624471e-8
1740	4.5454399625101225e-8
1741	4.5401643664098825e-8
1742	4.534894776047881e-8
1743	4.5296345501255204e-8
1744	4.524378048133797e-8
1745	4.5191311426074415e-8
1746	4.5138917769320144e-8
1747	4.5086630788052164e-8
1748	4.5034403362167417e-8
1749	4.498224141108771e-8
1750	4.4930159044221665e-8
1751	4.487818417899866e-8
1752	4.482633285795732e-8
1753	4.47744185151696e-8
1754	4.4722636323418785e-8
1755	4.467094486522733e-8
1756	4.461935535183987e-8
1757	4.456778435450189e-8
1758	4.451631394428501e-8
1759	4.4464907301152613e-8
1760	4.441357305868624e-8
1761	4.4362335637939563e-8
1762	4.431116462029327e-8
1763	4.4260072189000206e-8
1764	4.4209049841031065e-8
1765	4.4158069286888117e-8
1766	4.410720433363684e-8
1767	4.4056410986799795e-8
1768	4.400567650545399e-8
1769	4.3955026664175766e-8
1770	4.390445203456794e-8
1771	4.385395839329487e-8
1772	4.380350147072238e-8
1773	4.375339864214356e-8
1774	4.370058267785321e-8
1775	4.3647586808834834e-8
1776	4.3597460005254004e-8
1777	4.354740503861223e-8
1778	4.3497414312808263e-8
1779	4.3447456530468596e-8
1780	4.3397630580932746e-8
1781	4.334783833475094e-8
1782	4.329817000678265e-8
1783	4.3248544328661766e-8
1784	4.319899291350049e-8
1785	4.314950291238302e-8
1786	4.310009910398659e-8
1787	4.3050759017330015e-8
1788	4.3001477679586987e-8
1789	4.295228052802544e-8
1790	4.290315102355113e-8
1791	4.285410028221989e-8
1792	4.2805106683489254e-8
1793	4.2756193935475285e-8
1794	4.270734636781697e-8
1795	4.26585780340377e-8
1796	4.260987608642943e-8
1797	4.25612437095673e-8
1798	4.251267783815149e-8
1799	4.246418035892891e-8
1800	4.241575097077337e-8
1801	4.236740554915831e-8
1802	4.23191252329903e-8
1803	4.2270908369538385e-8
1804	4.2222763776174275e-8
1805	4.217469093116311e-8
1806	4.2126668061955964e-8
1807	4.207873625396682e-8
1808	4.203086391795488e-8
1809	4.198305807289171e-8
1810	4.193532612210257e-8
1811	4.188765588282072e-8
1812	4.184005714888958e-8
1813	4.1792526203038076e-8
1814	4.174506141020022e-8
1815	4.1697656941746646e-8
1816	4.1650321519288205e-8
1817	4.160306342829322e-8
1818	4.15544538569544e-8
1819	4.150732047380496e-8
1820	4.1460254000433526e-8
1821	4.1413246770407674e-8
1822	4.136406649968934e-8
1823	4.131719807628651e-8
1824	4.12703901041863e-8
1825	4.122364208504454e-8
1826	4.117612401749736e-8
1827	4.112949797570764e-8
1828	4.108293418463436e-8
1829	4.103642914474033e-8
1830	4.098997520380277e-8
1831	4.09435777271736e-8
1832	4.089722766570169e-8
1833	4.085092096153107e-8
1834	4.080465087731659e-8
1835	4.0758401015556374e-8
1836	4.071216287067525e-8
1837	4.066588731118758e-8
1838	4.0619486948590395e-8
1839	4.0572743476835116e-8
1840	4.052674576695251e-8
1841	4.048239108242897e-8
1842	4.043760212112141e-8
1843	4.03926355266629e-8
1844	4.0347612429666145e-8
1845	4.0302580090028404e-8
1846	4.0257559796648414e-8
1847	4.021257477174356e-8
1848	4.0167624979745975e-8
1849	4.012272051965159e-8
1850	4.007786118829511e-8
1851	4.003305279996403e-8
1852	3.9988298673387364e-8
1853	3.9943596619890806e-8
1854	3.98989514424704e-8
1855	3.985436206318835e-8
1856	3.980983143875056e-8
1857	3.976535963501281e-8
1858	3.9720947623561894e-8
1859	3.967659157069076e-8
1860	3.9632294056980464e-8
1861	3.9588056869429175e-8
1862	3.954388286987324e-8
1863	3.949976465131416e-8
1864	3.945571036262856e-8
1865	3.941171480382743e-8
1866	3.9367781236234794e-8
1867	3.932185833636561e-8
1868	3.9276217614272376e-8
1869	3.923268611039252e-8
1870	3.918899625866426e-8
1871	3.914537128008719e-8
1872	3.910180401649664e-8
1873	3.905829531428721e-8
1874	3.901484872486109e-8
1875	3.897146322362112e-8
1876	3.8928138637834835e-8
1877	3.888487320432051e-8
1878	3.884166843352482e-8
1879	3.879852474585181e-8
1880	3.875544255762348e-8
1881	3.871241613209609e-8
1882	3.86694557501745e-8
1883	3.86265539079906e-8
1884	3.858371043097642e-8
1885	3.8540925901929034e-8
1886	3.8498203177260835e-8
1887	3.84555437121345e-8
1888	3.8412941503461864e-8
1889	3.837040057954848e-8
1890	3.832791812786494e-8
1891	3.828549438794301e-8
1892	3.824313054466096e-8
1893	3.820082725767383e-8
1894	3.815858236275986e-8
1895	3.811639882233032e-8
1896	3.8074272238640926e-8
1897	3.8032205803949426e-8
1898	3.799019889996731e-8
1899	3.794825030978919e-8
1900	3.790636058621933e-8
1901	3.7864530500844855e-8
1902	3.782275851533607e-8
1903	3.778104562305709e-8
1904	3.773939182555821e-8
1905	3.7697795695220194e-8
1906	3.765604860269523e-8
1907	3.7614570235419015e-8
1908	3.757182936947069e-8
1909	3.7530468534774056e-8
1910	3.7488055887672045e-8
1911	3.744681297795072e-8
1912	3.7405626828455864e-8
1913	3.736449907808782e-8
1914	3.73234283349035e-8
1915	3.728241615997246e-8
1916	3.7241460908975325e-8
1917	3.720056384215788e-8
1918	3.7159724017891435e-8
1919	3.711894200123633e-8
1920	3.7078215897642096e-8
1921	3.703754732790072e-8
1922	3.6996935889410574e-8
1923	3.6956382210443496e-8
1924	3.691588460928208e-8
1925	3.687544376572885e-8
1926	3.6835059205596265e-8
1927	3.679473162210999e-8
1928	3.675446052127427e-8
1929	3.671424591427161e-8
1930	3.6674087388541516e-8
1931	3.663398521079883e-8
1932	3.659298366896947e-8
1933	3.655244058377341e-8
1934	3.6512487046648284e-8
1935	3.647258918814518e-8
1936	3.643274662212829e-8
1937	3.639295913268147e-8
1938	3.6353226568562436e-8
1939	3.631354925658098e-8
1940	3.6273926911733004e-8
1941	3.623435795688322e-8
1942	3.619484324337735e-8
1943	3.6155382353238254e-8
1944	3.6115974681823216e-8
1945	3.6077016571522694e-8
1946	3.6037495876973507e-8
1947	3.599788860487145e-8
1948	3.5958574667655246e-8
1949	3.5919452804638846e-8
1950	3.5880381782344234e-8
1951	3.5841359993077907e-8
1952	3.580238516945661e-8
1953	3.5763452855463174e-8
1954	3.5724554630689126e-8
1955	3.568539153147381e-8
1956	3.564649320115825e-8
1957	3.5607983444227324e-8
1958	3.556939594270255e-8
1959	3.5530803036308255e-8
1960	3.5492373574130215e-8
1961	3.545398174722101e-8
1962	3.541563371555999e-8
1963	3.537733173264745e-8
1964	3.5339077717147345e-8
1965	3.5300736218883824e-8
1966	3.526221316220233e-8
1967	3.52241091424382e-8
1968	3.5185824565471994e-8
1969	3.5147532701861626e-8
1970	3.5109598781059456e-8
1971	3.5071714792231126e-8
1972	3.503388099286941e-8
1973	3.499609749144823e-8
1974	3.4958364645194225e-8
1975	3.492068236236501e-8
1976	3.488305080605591e-8
1977	3.484547013324561e-8
1978	3.4807940220159385e-8
1979	3.4770461139188475e-8
1980	3.473303267650417e-8
1981	3.469516340837756e-8
1982	3.4657256508563346e-8
1983	3.461989286863455e-8
1984	3.4582669259285014e-8
1985	3.454549629891782e-8
1986	3.4508374134179284e-8
1987	3.447130269752679e-8
1988	3.4434600329170875e-8
1989	3.439762228740503e-8
1990	3.436069524217031e-8
1991	3.432381905365562e-8
1992	3.4286993420897424e-8
1993	3.4250218406189285e-8
1994	3.421349382679892e-8
1995	3.4176819979418e-8
1996	3.414019639633754e-8
1997	3.410362314717753e-8
1998	3.4067100051752206e-8
1999	3.4030627275718435e-8
2000	3.399420458080295e-8
2001	3.395783190360991e-8