1	3.379229713040261e-10
11	3.729037938843181e-9
21	7.177332497486374e-9
31	1.0740275019654087e-8
41	1.4461257420122655e-8
51	1.843490157672172e-8
61	2.251834097974649e-8
71	2.7000229857587925e-8
81	3.174177077811976e-8
91	3.6800987801880154e-8
101	4.217739740215472e-8
111	4.788629073094291e-8
121	5.386044958274056e-8
131	6.021122017996901e-8
141	6.659674046960466e-8
151	7.327893150910783e-8
161	8.004910265117559e-8
171	8.698620135177768e-8
181	9.387731335964046e-8
191	1.0065419388373472e-7
201	1.0762050930308874e-7
211	1.1419603527866641e-7
221	1.2077931555998378e-7
231	1.270033862830019e-7
241	1.330803819271758e-7
251	1.3897783554092254e-7
261	1.4446191085791092e-7
271	1.4941938519741235e-7
281	1.543836181533952e-7
291	1.5914372194683016e-7
301	1.6328287074743556e-7
311	1.6725523542392827e-7
321	1.7102355605699564e-7
331	1.742945866294397e-7
341	1.7739779365224277e-7
351	1.802658038998648e-7
361	1.8259701582607797e-7
371	1.849401044822707e-7
381	1.8724702067605488e-7
391	1.8909696007753626e-7
401	1.909076699222753e-7
411	1.924003345999917e-7
421	1.9381102476466246e-7
431	1.9505408663361721e-7
441	1.9618892794111029e-7
451	1.9721421594651357e-7
461	1.9788572918596312e-7
471	1.989350494323793e-7
481	1.9969163157861988e-7
491	2.0042075399806977e-7
501	2.011090965084068e-7
511	2.0177840527658192e-7
521	2.024365556087958e-7
531	2.0303795562855116e-7
541	2.0369356281788448e-7
551	2.0436337554641164e-7
561	2.05098379253692e-7
571	2.0573250072930116e-7
581	2.0669010415808233e-7
591	2.0762101121224387e-7
601	2.086210932606238e-7
611	2.096861699611187e-7
621	2.1078286174870837e-7
631	2.1187898544208853e-7
641	2.128907643265331e-7
651	2.1366575812775014e-7
661	2.1385664697730272e-7
671	2.12841232548359e-7
681	2.0919186060977985e-7
691	1.9965010541308571e-7
701	1.7529544564779532e-7
711	1.055083484905192e-7
721	0.
731	5.057171395430643e-6
741	4.702261283092654e-6
751	2.225076726125592e-6
761	1.4224949096681332e-6
771	1.0481844678624744e-6
781	8.297378771934101e-7
791	6.898148160683564e-7
801	6.020270708396689e-7
811	5.274074702492264e-7
821	4.586838583529055e-7
831	4.322891826389388e-7
841	3.886915547426582e-7
851	3.493561189621991e-7
861	3.1893046187177636e-7
871	3.1282896465510346e-7
881	2.864934476240442e-7
891	2.904469131861097e-7
901	2.3261286974056791e-7
911	2.4223651743508154e-7
921	2.1790101783289332e-7
931	1.9655476585445666e-7
941	1.911014946550687e-7
951	1.9510098828605169e-7
961	1.7757246980704423e-7
971	2.0858962006126967e-7
981	1.8016603565124302e-7
991	2.0480153173480304e-7
1001	2.1955996565671443e-7
1011	1.5197118659951758e-7
1021	1.458503012476174e-7
1031	1.435876688262741e-7
1041	1.575671148602641e-7
1051	1.4602247565274785e-7
1061	1.358905775321769e-7
1071	1.503445956729755e-7
1081	1.1975771974881283e-7
1091	1.2270376235635843e-7
1101	1.3058438422330906e-7
1111	1.2649816422299388e-7
1121	1.1141941769914796e-7
1131	1.0312547239781688e-7
1141	1.0900176171989299e-7
1151	1.0876975055453453e-7
1161	1.038879771163369e-7
1171	9.539954708984889e-8
1181	9.502616204804706e-8
1191	9.863319012599157e-8
1201	9.794322457319863e-8
1211	9.42291538696998e-8
1221	9.379009165473727e-8
1231	8.846341624778013e-8
1241	9.000138544470248e-8
1251	9.146141509060638e-8
1261	8.630424361273491e-8
1271	8.833175383603071e-8
1281	8.520385481708504e-8
1291	8.174736078253296e-8
1301	7.828823880440203e-8
1311	8.194087248196624e-8
1321	7.937682943671646e-8
1331	7.933876000349008e-8
1341	7.896617677249103e-8
1351	7.676732045605327e-8
1361	7.450094359599421e-8
1371	7.473195308161172e-8
1381	7.383040905581188e-8
1391	7.340266643845878e-8
1401	7.253499904421741e-8
1411	7.124530186886041e-8
1421	6.978654574440506e-8
1431	6.946682475762398e-8
1441	6.891505505991953e-8
1451	6.77832948861171e-8
1461	6.681161439732487e-8
1471	6.63284701519898e-8
1481	6.543127149428412e-8
1491	6.457015629859208e-8
1501	6.39197163624849e-8
1511	6.321720491091114e-8
1521	6.227160364057505e-8
1531	6.164996967636401e-8
1541	6.085142583885556e-8
1551	6.016585060803319e-8
1561	5.9489671589004606e-8
1571	5.866619056523003e-8
1581	5.7971885275537274e-8
1591	5.7298524841665474e-8
1601	5.6605245205717924e-8
1611	5.591558658538931e-8
1621	5.525167263625834e-8
1631	5.459405783682601e-8
1641	5.3937191329374896e-8
1651	5.329901819711314e-8
1661	5.266692067724156e-8
1671	5.2041389308303096e-8
1681	5.143110412602241e-8
1691	5.082210732288757e-8
1701	5.0223207474206474e-8
1711	4.9634332699227914e-8
1721	4.905741317676361e-8
1731	4.848350362468756e-8
1741	4.792334309976437e-8
1751	4.7368891879885114e-8
1761	4.6825640494396247e-8
1771	4.628908705978286e-8
1781	4.575696740550028e-8
1791	4.523676155779443e-8
1801	4.47193438980058e-8
1811	4.4214400139568964e-8
1821	4.371633408253993e-8
1831	4.322592405580869e-8
1841	4.273738873712904e-8
1851	4.226083572147035e-8
1861	4.179089168524007e-8
1871	4.1327720809249985e-8
1881	4.087086394897012e-8
1891	4.04157615959649e-8
1901	3.9968206755882306e-8
1911	3.953584097799073e-8
1921	3.910796147212882e-8
1931	3.868154625089657e-8
1941	3.826424161289536e-8
1951	3.7852614812731995e-8
1961	3.744652800013274e-8
1971	3.7043617272964776e-8
1981	3.664886503092242e-8
1991	3.625943659517513e-8
2001	3.587217509787912e-8