1	8.297340716481837e-11
11	9.171174827936623e-10
21	1.7736323228734797e-9
31	2.6727263369148657e-9
41	3.635991119308985e-9
51	4.68392908547553e-9
61	5.841081588926168e-9
71	7.125980034024115e-9
81	8.554838210007712e-9
91	1.0177370975049986e-8
101	1.1991794621469823e-8
111	1.4027997290098063e-8
121	1.6307054678851428e-8
131	1.8848178206195045e-8
141	2.165785718462897e-8
151	2.4762543778703267e-8
161	2.812418987224394e-8
171	3.185506947468272e-8
181	3.5781335084914106e-8
191	3.9974955086953465e-8
201	4.441331903209778e-8
211	4.9064712042196644e-8
221	5.389769436369388e-8
231	5.8884080000586324e-8
241	6.403829942169859e-8
251	6.915093676367596e-8
261	7.424768762263316e-8
271	7.952019300137416e-8
281	8.417785096276773e-8
291	8.949407504165299e-8
301	9.446199940479482e-8
311	9.932052714519133e-8
321	1.0377215784792952e-7
331	1.082658653354562e-7
341	1.125871085849617e-7
351	1.1663748103192753e-7
361	1.2049002629907974e-7
371	1.2422153342318988e-7
381	1.27682840823469e-7
391	1.3099684629316863e-7
401	1.339897903566786e-7
411	1.368509689139593e-7
421	1.3961820505244778e-7
431	1.4204923117254884e-7
441	1.4440307772095354e-7
451	1.4651567459000956e-7
461	1.4850352436401112e-7
471	1.504116253856409e-7
481	1.520678824339746e-7
491	1.5377101784147982e-7
501	1.552698450063821e-7
511	1.5671321339123148e-7
521	1.5802230035012635e-7
531	1.5930495228855275e-7
541	1.6048095146934445e-7
551	1.6163277483732405e-7
561	1.6274648212014058e-7
571	1.638256343040207e-7
581	1.6488718244823987e-7
591	1.6590007668417695e-7
601	1.6695249642044738e-7
611	1.6803184986798056e-7
621	1.6913330671743593e-7
631	1.702821476714971e-7
641	1.7142756072092465e-7
651	1.7274234989675634e-7
661	1.7407702289821455e-7
671	1.755553797124052e-7
681	1.7708318784485672e-7
691	1.7868407663195323e-7
701	1.8035952343924002e-7
711	1.8204665544654794e-7
721	1.8362459139974074e-7
731	1.848602453059486e-7
741	1.8524457402307408e-7
751	1.8362498199474418e-7
761	1.772357544035533e-7
771	1.5816545089177188e-7
781	9.749464502269793e-8
791	0.
801	7.1673971849396544e-6
811	3.7777276860148935e-6
821	1.8491668315567832e-6
831	1.2120290838456105e-6
841	8.938459788169689e-7
851	7.167552513741465e-7
861	6.064528015285781e-7
871	6.206095285990366e-7
881	4.5183943425089144e-7
891	4.2101922769710536e-7
901	3.6084071823222833e-7
911	3.591341587890617e-7
921	3.256072676728383e-7
931	2.8464766917893435e-7
941	2.81470203749966e-7
951	2.8343339449848966e-7
961	2.7524705006043794e-7
971	2.1370322108378138e-7
981	2.2297523910944414e-7
991	1.9574645744835987e-7
1001	2.057207119972041e-7
1011	2.1240811816335156e-7
1021	1.3306461596491229e-7
1031	1.7115574897811893e-7
1041	1.7275799226448658e-7
1051	1.3420466600740136e-7
1061	1.6089274632881746e-7
1071	1.4980760098660743e-7
1081	1.4691262095357393e-7
1091	1.3804627791958663e-7
1101	1.250866916485101e-7
1111	1.2066338508514827e-7
1121	1.3460150796517294e-7
1131	1.26177297235692e-7
1141	1.1384093019773529e-7
1151	1.1422130117343712e-7
1161	1.0254004159097075e-7
1171	1.2607428050491174e-7
1181	1.1480613791178254e-7
1191	1.0891717670913744e-7
1201	1.0684535186382813e-7
1211	1.0371560546043694e-7
1221	9.651671935882606e-8
1231	9.901039800654677e-8
1241	1.0118407947162684e-7
1251	9.408615190418929e-8
1261	9.163159942696366e-8
1271	9.179546491754821e-8
1281	8.933217482019651e-8
1291	9.055735090603454e-8
1301	8.975395371924421e-8
1311	8.491207605834788e-8
1321	7.993760194512355e-8
1331	8.271504853401256e-8
1341	8.1676513400561e-8
1351	7.974963892255953e-8
1361	7.822988577483179e-8
1371	7.354576159598297e-8
1381	7.481124044480095e-8
1391	7.439441483729997e-8
1401	7.284525343209985e-8
1411	7.259482108901947e-8
1421	7.042687479500462e-8
1431	7.023299237813081e-8
1441	6.964329378708534e-8
1451	6.738139398594218e-8
1461	6.793640875234834e-8
1471	6.739265920732876e-8
1481	6.692042944826212e-8
1491	6.604955555971324e-8
1501	6.537923850042731e-8
1511	6.44469106175316e-8
1521	6.36412767562968e-8
1531	6.277685820200502e-8
1541	6.220356892533367e-8
1551	6.150449879660039e-8
1561	6.081025023249243e-8
1571	5.998923514555173e-8
1581	5.9269517545800756e-8
1591	5.852008340133279e-8
1601	5.788658400195603e-8
1611	5.716240007760865e-8
1621	5.64780684069478e-8
1631	5.5827461888015385e-8
1641	5.507984858782934e-8
1651	5.44470802290742e-8
1661	5.383607920719003e-8
1671	5.319457382458639e-8
1681	5.2571056483182996e-8
1691	5.1947224549267065e-8
1701	5.131720364224208e-8
1711	5.0743018272001323e-8
1721	5.014758717501871e-8
1731	4.956574662849831e-8
1741	4.8982505962265666e-8
1751	4.841766986355005e-8
1761	4.785222810427777e-8
1771	4.7298082714866834e-8
1781	4.675939054819847e-8
1791	4.622820076341405e-8
1801	4.57016308297558e-8
1811	4.5179168831288866e-8
1821	4.46695921980929e-8
1831	4.416226253749986e-8
1841	4.366659002136425e-8
1851	4.317926858263427e-8
1861	4.269832697425099e-8
1871	4.221931390366114e-8
1881	4.175199473658759e-8
1891	4.1291180878197864e-8
1901	4.0836818482681095e-8
1911	4.0387250319885205e-8
1921	3.994163365936313e-8
1931	3.949868976132202e-8
1941	3.9080546191091273e-8
1951	3.866090574772299e-8
1961	3.8243229817923036e-8
1971	3.783433677173072e-8
1981	3.743098776912252e-8
1991	3.7033117953738405e-8
2001	3.6638292595170063e-8