3.520097158083069e-9
3.864432561858723e-8
7.340042907720287e-8
1.0746092003606305e-7
1.4056791885718597e-7
1.7232368443008807e-7
2.026690217492656e-7
2.3129145767941237e-7
2.580774902076258e-7
2.828712991940663e-7
3.0552078693871886e-7
3.265651399062146e-7
3.451668738422897e-7
3.6191156257736915e-7
3.7742777315961053e-7
3.899726678787433e-7
4.014325887963699e-7
4.09508463094298e-7
4.214795922486531e-7
4.228522322600008e-7
4.3038902007373223e-7
4.306702200705891e-7
4.3588519732275255e-7
4.3412331069230117e-7
4.3074831147720135e-7
4.2796191966264706e-7
4.2226483027936006e-7
4.127968271375305e-7
3.9951594909719337e-7
3.7969184958827583e-7
3.502183046614174e-7
3.046572031847207e-7
2.309599712329635e-7
1.0851912501694685e-7
7.2545551966666134e-9
1.4536677739291161e-8
4.4420301011300144e-8
4.9737969331661145e-6
6.250511795130341e-6
3.47025962627554e-6
2.415997800804132e-6
1.855336832867749e-6
1.5057640271168335e-6
1.2684753116140251e-6
1.0960143667438487e-6
9.637527150664308e-7
8.588114100258397e-7
7.752755078505607e-7
7.067733012255148e-7
6.487045940384759e-7
5.992172609470107e-7
5.570723123405138e-7
5.202989004120636e-7
4.878877734862852e-7
4.5758739728030035e-7
4.334462203933018e-7
4.110590932546055e-7
3.891603798028586e-7
3.71331589653949e-7
3.5515102041864756e-7
3.384901707643913e-7
3.242239848947862e-7
3.114421982184111e-7
2.9823914103421935e-7
2.856402052627508e-7
2.7729989227548265e-7
2.677385511174804e-7
2.584199116083644e-7
2.510029014579102e-7
2.423431664791868e-7
2.3465200704729687e-7
2.2741372842905042e-7
2.2049712116740183e-7
2.1449395097254533e-7
2.0872690974741888e-7
2.0311460673717254e-7
1.9768778027964611e-7
1.9243294476079056e-7
1.874162266289008e-7
1.8272094807700062e-7
1.7905098188179083e-7
1.752011000242856e-7
1.7042925021098553e-7
1.6664095889190451e-7
1.6443781287826394e-7
1.5886762726665769e-7
1.5714468829649496e-7
1.5137150672298288e-7
1.4884990432197896e-7
1.4681946424352232e-7
1.4278473262336566e-7
1.4141810565482152e-7
1.379324120147867e-7
1.3350081839382305e-7
1.3309061720864158e-7
1.3002722786872592e-7
1.2808184504039348e-7
1.2694000046015755e-7
1.241269637629235e-7
1.2080949288648916e-7
1.1777619714061509e-7
1.172379027449306e-7
1.1473450957250212e-7
1.1383329828742543e-7
1.111683846163461e-7
1.0946070602465372e-7
1.0780120272323246e-7
1.0645896364311764e-7
1.0491096957309501e-7
1.0297760032809234e-7
9.97910437638962e-8
9.878548819805391e-8
9.966842807192492e-8
9.602141530939299e-8
9.486964713203213e-8
9.225775409667847e-8
9.375705486898027e-8
9.102075257761935e-8
9.055035375467381e-8
8.91194166533055e-8
8.653861429674428e-8
8.640416795370945e-8
8.459576468368192e-8
8.337655831333435e-8
8.267540205967188e-8
8.21695196077416e-8
8.078528416805081e-8
7.88868041707216e-8
7.739936099174767e-8
7.66376116179389e-8
7.501888078737432e-8
7.437231462239867e-8
7.320542340144179e-8
7.224960767296596e-8
7.09840007507224e-8
7.086264590344378e-8
6.935109659524482e-8
6.904000505430015e-8
6.873867187974896e-8
6.686293831381848e-8
6.593874501245548e-8
6.534640775861471e-8
6.426949942307427e-8
6.354737363932266e-8
6.305687475923545e-8
6.200887327578178e-8
6.001699117795479e-8
6.065618803427963e-8
5.961227112099102e-8
5.922752554274536e-8
5.857924320929641e-8
5.730037649441026e-8
5.692015159296813e-8
5.607999238005028e-8
5.527425818947463e-8
5.47235835333443e-8
5.396644142315003e-8
5.3265176776846034e-8
5.273625538753348e-8
5.197897479871795e-8
5.135911623174893e-8
5.0760199048954706e-8
5.01192327718764e-8
4.9484959645659956e-8
4.900796291491322e-8
4.825779891837166e-8
4.7726985469024576e-8
4.722577235768044e-8
4.670898347031854e-8
4.6076601494825714e-8
4.557969338174842e-8
4.496573334881065e-8
4.444299535647856e-8
4.3880011539838383e-8
4.3416970149245916e-8
4.291722750566541e-8
4.238908873020639e-8
4.192044765132118e-8
4.145636722361892e-8
4.095892788113627e-8
4.0496708519467904e-8
4.0035703522165573e-8
3.9581317585771776e-8
3.9131575091319287e-8
3.8689747195588034e-8
3.825122816452097e-8
3.781861896312983e-8
3.73804605172659e-8
3.697997324030816e-8
3.6569032884733846e-8
3.6163358820342985e-8
3.576503800056691e-8
3.5374439771796054e-8
3.4967670002273813e-8
3.457266111287853e-8
3.421626903657709e-8
3.3840896407127384e-8
3.3453335094813685e-8
3.310960425269995e-8
3.2746992419019575e-8
3.2372123970087554e-8