3.447635955183598e-12
3.794217316446186e-11
7.24898912735883e-11
1.0710592133092094e-10
1.4176104257351242e-10
1.7647540311859605e-10
2.117107557219999e-10
2.4656868564051194e-10
2.8151418855413585e-10
3.1698711416154045e-10
3.5313617079229653e-10
3.8966287313796357e-10
4.2669266053684793e-10
4.664252472224288e-10
5.032122239702194e-10
5.379301846487248e-10
5.756721765442992e-10
6.123343367751489e-10
6.529859946877782e-10
6.908741087579359e-10
7.309424532069034e-10
7.705433320892557e-10
8.112162493297212e-10
8.4786184623074e-10
8.926767021532495e-10
9.364267062305225e-10
9.84795725164716e-10
1.0235468573267158e-9
1.070680763943898e-9
1.1248133495304474e-9
1.1540951657836954e-9
1.2080853062579293e-9
1.2707835622541767e-9
1.3106554006693002e-9
1.3667324548553366e-9
1.4177325082092307e-9
1.471346163890152e-9
1.5198212462137297e-9
1.5674986730958706e-9
1.636118331046966e-9
1.696915257342678e-9
1.7554908673925284e-9
1.799828060999929e-9
1.8624551551262995e-9
1.931514885641451e-9
2.0051481126223064e-9
2.0944164539105137e-9
2.098264463820671e-9
2.1922509901930183e-9
2.343498512159264e-9
2.3325209197200983e-9
2.4589168459420933e-9
2.5253798652060093e-9
2.508432535474816e-9
2.6201891269266905e-9
2.7030091690524216e-9
2.9149023169185875e-9
2.8786016261463545e-9
3.0118328290934224e-9
3.1154606092449697e-9
3.199875788356063e-9
3.125246542346551e-9
3.3761602784317918e-9
3.481819901810963e-9
3.5240719857161344e-9
3.6135268725287502e-9
3.8103113309816245e-9
4.1454899068818175e-9
4.012529924247116e-9
3.994249541631673e-9
4.232016293089261e-9
4.358139437156889e-9
4.500629573497507e-9
4.536777424876426e-9
4.819723892333254e-9
4.801654442625058e-9
5.1254233971462175e-9
5.3345500251819354e-9
5.433065850118518e-9
5.525534366388243e-9
5.6236213161515754e-9
6.084802514299903e-9
5.779208819676665e-9
5.7432213990654505e-9
6.169936316552952e-9
6.295708815346302e-9
6.576697740111081e-9
6.81703092985129e-9
6.8222170160380696e-9
7.065184715428431e-9
7.35653111683758e-9
7.579344407514645e-9
7.920380149801773e-9
8.397305650873057e-9
7.75905643811004e-9
8.320514363879464e-9
8.437481724567623e-9
8.73812873940749e-9
8.94441251836949e-9
8.912607174280512e-9
9.430321871390039e-9
9.570912199691187e-9
9.699455187237023e-9
1.0235144928772743e-8
1.074238945198936e-8
1.1402822059912709e-8
1.1438962990666281e-8
1.1224858127728883e-8
1.1490657109814569e-8
1.1860742742722454e-8
1.214085524007237e-8
1.2340069494949522e-8
1.2951618305775014e-8
1.3004281568198327e-8
1.3725524721395482e-8
1.5118061009261508e-8
1.4744338888272945e-8
1.615643227050433e-8
1.4221088362789302e-8
1.504570590731995e-8
1.6224691560319635e-8
1.8646544812819733e-8
1.589578322194336e-8
1.7628709399500223e-8
1.7155157829454698e-8
1.824302625322376e-8
1.945450950165717e-8
2.144512999157252e-8
1.9204645530451586e-8
2.0299069396602046e-8
2.0435575473368256e-8
2.1272344960965745e-8
2.1294890709253193e-8
2.1206752454630114e-8
2.3201089540873516e-8
2.2067249990281745e-8
2.3561288078939498e-8
2.413175035471153e-8
2.5993470228214672e-8
2.596527356119146e-8
2.7167862967699125e-8
2.8597755108753753e-8
2.9328174652305958e-8
3.0173036340633426e-8
3.1515540689116116e-8
3.150412449378774e-8
3.359314280531903e-8
3.454371358900469e-8
3.622760794633048e-8
3.853633924103403e-8
4.014495950351652e-8
4.17978755438442e-8
4.252032510231743e-8
4.0712731495410796e-8
2.7970566830780688e-8
4.589423925024037e-8
1.286047959235077e-6
6.780321075479772e-7
4.7403506940229553e-7
3.71492927119038e-7
3.108866902971749e-7
2.6805549700447435e-7
2.3143338548856897e-7
2.1480349513315545e-7
1.970318325505724e-7
1.7788237607936311e-7
1.6516665871449812e-7
1.5400399630425057e-7
1.4604249769372862e-7
1.399900136918217e-7
1.2793231352481154e-7
1.2569755978504563e-7
1.16309952653645e-7
1.1262440254024823e-7
1.0835606857374665e-7
1.0382781101142203e-7
9.966254010266773e-8
1.0026821405869813e-7
9.370525086469304e-8
8.894235004692311e-8
8.74980158672483e-8
8.785522211324324e-8
8.196114847460283e-8
7.949804993454926e-8
7.683081696768142e-8
7.560328379138235e-8
7.283253143959281e-8
7.073452868531649e-8
6.871894711716957e-8
6.827221089960322e-8
6.806340428967369e-8
6.478997968931429e-8
6.463806817789634e-8
6.290197833328566e-8
6.154866810922379e-8
6.029010093585324e-8
5.960513594948862e-8
5.629724487783978e-8
5.60296356319623e-8
5.5469832930931083e-8
5.4928744939388456e-8