4.811660231853207e-13
5.293330463696356e-12
1.0110470528922064e-11
1.493291296919334e-11
1.9770463902890333e-11
2.4622154013364664e-11
2.949288280018442e-11
3.4378500413512805e-11
3.931239446036464e-11
4.427389916742141e-11
4.921536210107733e-11
5.3075846548989516e-11
5.937537640014257e-11
6.447840306009127e-11
6.964780732243469e-11
7.488446471769979e-11
8.012937258851434e-11
8.57466309487172e-11
9.088995526723621e-11
9.651382754024827e-11
1.0182177902961326e-10
1.0774371622829185e-10
1.1340810267457465e-10
1.1934152213136438e-10
1.2516133983574619e-10
1.3118824259862502e-10
1.371074495467152e-10
1.4321093618945257e-10
1.4971905703898553e-10
1.56323744378298e-10
1.629489336216617e-10
1.6966954316927178e-10
1.7634378458868722e-10
1.833462623708988e-10
1.901446107240594e-10
1.98236112870359e-10
2.056260922357279e-10
2.1333963153684413e-10
2.2035700101212853e-10
2.2899698702559008e-10
2.372235995818584e-10
2.448144972482679e-10
2.538769576890586e-10
2.6348357408927803e-10
2.719190306417602e-10
2.8145993923989404e-10
2.895903980697345e-10
2.997686272880649e-10
3.079371217822395e-10
3.186314202287199e-10
3.3269177485186303e-10
3.401798640659316e-10
3.503343848858521e-10
3.623228659577023e-10
3.7408246443434307e-10
3.8522627853225976e-10
3.9774952147637546e-10
4.079421294935059e-10
4.2358671321995884e-10
4.3569053754421584e-10
4.4969233140387477e-10
4.5977571451853805e-10
4.788514313716347e-10
4.925129379308444e-10
5.107292202957378e-10
5.238522539698335e-10
5.397049956553733e-10
5.572661856997069e-10
5.665360301949157e-10
5.732288225583233e-10
5.886606452618285e-10
6.210793688105863e-10
6.382022711568384e-10
6.531841990401166e-10
6.814528780160048e-10
7.033191355167469e-10
7.102628017338446e-10
7.303690336502992e-10
7.6830765274586e-10
7.857309505268487e-10
8.02027885983543e-10
8.269894694229254e-10
8.452220110792763e-10
8.722697346741321e-10
9.003382303174023e-10
9.26741435081778e-10
9.570179374366607e-10
9.896440188220256e-10
1.0031784465846293e-9
1.0331355775007914e-9
1.0530102178095823e-9
1.0933501800046681e-9
1.1316765163165808e-9
1.1587753599753008e-9
1.192328445813976e-9
1.2196034887817743e-9
1.2496856180543692e-9
1.2716414173471022e-9
1.3131342254136682e-9
1.3844667066164397e-9
1.443857465810384e-9
1.4266718934949968e-9
1.4975321057104394e-9
1.513551889969693e-9
1.5720846473855778e-9
1.589650611049326e-9
1.6706851485520754e-9
1.7143056670881654e-9
1.7484713040797278e-9
1.8408495141089153e-9
1.859843734758213e-9
1.875755466462189e-9
1.9853613504650863e-9
1.996949232506053e-9
2.036620385799186e-9
2.14173522865209e-9
2.2432213137083676e-9
2.280629976374811e-9
2.318520287910206e-9
2.409726868030145e-9
2.4372992264117053e-9
2.5317693052354813e-9
2.4882573774114646e-9
2.5893422419571177e-9
2.7085609056652904e-9
2.8094222908034456e-9
2.8079406505403077e-9
3.0047865260792722e-9
3.0242715978355095e-9
2.7003680306328283e-9
2.841252752730361e-9
3.330761984535715e-9
3.482152457165616e-9
3.597100665839862e-9
3.791553076484651e-9
3.6494550492001176e-9
3.849366334570251e-9
3.962047716816625e-9
4.010917153694676e-9
4.077726919663229e-9
4.2623677722156536e-9
4.32532034156659e-9
4.356331106805345e-9
4.586418569337652e-9
4.98489599987021e-9
4.959944656796419e-9
4.9434200001607144e-9
5.3282926378940095e-9
5.083673016635437e-9
5.5419111738507735e-9
5.463258633118935e-9
5.511844024356599e-9
5.886868868346658e-9
6.727225364752982e-9
6.342637730036811e-9
6.4830101722977155e-9
6.345642386084194e-9
6.495108528084241e-9
6.850516005916035e-9
7.316024221535428e-9
7.158292131987423e-9
7.722404945697042e-9
7.555557782011892e-9
8.093445982321125e-9
8.058298477243152e-9
7.888084457887057e-9
8.35121676434562e-9
9.557905906872925e-9
8.762191607103204e-9
9.058859000517643e-9
9.796736351603307e-9
9.584396727626215e-9
1.0245454381252596e-8
1.0553768888269752e-8
1.095481848035627e-8
1.1113023147384554e-8
1.1655923323673763e-8
1.191967505744754e-8
1.2327705924396318e-8
1.2336460567925129e-8
1.3874253852533416e-8
1.3748929652686004e-8
1.4257432794823594e-8
1.4203453463664468e-8
1.5423431365441824e-8
1.5761531353577498e-8
1.6343831949649705e-8
1.650451274352442e-8
1.765884837052083e-8
1.8676041348798438e-8
1.914748528949258e-8
2.0186160171603506e-8
2.1448078064241314e-8
2.2485561166608862e-8
2.3715247187809836e-8
2.5156558829865564e-8
2.6266970598246056e-8
2.5959066947684422e-8
1.9531774549678745e-8
6.97917815971168e-8
8.527854282693344e-7