1.917670335842082e-11
2.1100076041683688e-10
4.0298684342081143e-10
5.953994362378008e-10
7.865184122363438e-10
9.812341773908731e-10
1.1767437721306184e-9
1.3626578847528063e-9
1.5769907824557804e-9
1.7658463227070077e-9
1.959211902118127e-9
2.1573721112766086e-9
2.3618838315986858e-9
2.578663587831563e-9
2.771138377414182e-9
2.8948704190024245e-9
3.1660989766167036e-9
3.4119980006810434e-9
3.6026269115896994e-9
3.600874197083568e-9
3.956426200570732e-9
4.191583486354747e-9
4.4241444726808144e-9
4.689242046890049e-9
4.985883532480079e-9
5.1072078034355846e-9
5.3561026421321655e-9
5.621428393141393e-9
5.686469309535646e-9
5.672578201855261e-9
6.403725187716188e-9
6.6459217357749885e-9
6.683365552448174e-9
7.0772376223861576e-9
6.722480952906988e-9
7.2444770186113645e-9
7.868574259132527e-9
8.322865273532256e-9
8.693724046386197e-9
9.061928423025026e-9
8.947286415414659e-9
9.686302750057775e-9
9.64480218118326e-9
9.578498534939484e-9
1.0426077240985218e-8
1.068229884820854e-8
1.0112111981913811e-8
1.1533845135661415e-8
1.1505917415267694e-8
1.1921874725290353e-8
1.2710361464157406e-8
1.4394838005200189e-8
1.3319122752993276e-8
1.1749032904245874e-8
1.3387530104454179e-8
1.4453661478820022e-8
1.5135587611745285e-8
1.5144352896702678e-8
1.5896154564515016e-8
1.5707409130078976e-8
1.648478647123e-8
1.786502826851902e-8
1.6484449525000022e-8
1.768026459879597e-8
1.7340370860555835e-8
1.807994638052211e-8
1.944706338186173e-8
1.7629742638037835e-8
2.1133582170511248e-8
2.0711664242417603e-8
2.2990107212186677e-8
2.024070960640128e-8
2.2094675480520434e-8
2.5011943252630476e-8
2.3738477026007055e-8
2.5084022910928598e-8
2.6213772616032887e-8
2.510128013122512e-8
2.5306262454402732e-8
2.9142980283303796e-8
2.4178062817970846e-8
2.5861955548230656e-8
2.805967438785394e-8
2.900847184214329e-8
3.0977805007621935e-8
3.1953468350511894e-8
3.3664694419845716e-8
3.290299419961921e-8
3.229217619240109e-8
3.3165412203410587e-8
3.4756467859132525e-8
3.593813874968579e-8
3.419160449746202e-8
3.8018880560629574e-8
3.8690553068953285e-8
3.7323343692786484e-8
3.78396603452787e-8
4.02919462684583e-8
4.559917000011778e-8
4.4130702771759046e-8
4.432078463008251e-8
4.0793029073721426e-8
4.304631823326497e-8
4.6513327850625653e-8
4.6338976995313577e-8
4.811961802719196e-8
4.9904242862275576e-8
5.170194565844974e-8
5.473803438446978e-8
5.343354167530161e-8
5.93464058386694e-8
5.898933045024765e-8
5.964853099032815e-8
6.173057999707863e-8
6.369591810514916e-8
6.695100613329556e-8
6.885578463687817e-8
6.791871922890094e-8
6.233400965827683e-8
3.920091305724502e-8
3.1647299150110634e-8
1.928661328645808e-6
1.0167064926347605e-6
6.850441692440489e-7
5.264567779147964e-7
4.349608300615981e-7
3.6863350049976604e-7
3.2243612513327766e-7
2.907367107254675e-7
2.6706461647132796e-7
2.3838849499525661e-7
2.2335727756770925e-7
2.1120698601400656e-7
1.887057090029629e-7
1.8872552928686497e-7
1.7448124927490935e-7
1.6741707017963283e-7
1.564674139408263e-7
1.494246786865769e-7
1.4278875906103883e-7
1.3891814481883233e-7
1.3114902075568116e-7
1.293167960859764e-7
1.2294611519041675e-7
1.207851110524028e-7
1.1176019890299634e-7
1.0720653750122098e-7
1.1189788606757896e-7
1.0523242542393065e-7
9.774030604308523e-8
1.008296914924122e-7
9.647889173286281e-8
9.291760870569296e-8
9.08967063034563e-8
9.092286828070834e-8
8.795543834172058e-8
8.405534129065263e-8
8.134747566672892e-8
8.407055417679036e-8
7.994061919137112e-8
7.764658840387354e-8
7.710856841153505e-8
7.509781563629141e-8
7.244177774617622e-8
7.297606089826839e-8
7.231141538434812e-8
7.03887403982343e-8
6.845668823210646e-8
6.726591950581655e-8
6.642483570814354e-8
6.521732880083075e-8
6.298957977232327e-8
6.265291129012774e-8
6.024773395187736e-8
6.115075451233841e-8
5.908333085804648e-8
5.845177181649779e-8
6.073876990505232e-8
5.674213611150316e-8
5.57741507468838e-8
5.5248744944130265e-8
5.550324788334577e-8
5.319251469165409e-8
5.386815784911686e-8
5.199878350579308e-8
5.123678398956255e-8
5.121475695685535e-8
5.017321353753057e-8
4.951226408908246e-8
4.780740121982632e-8
4.8316138792003564e-8
4.748216145707833e-8
4.70608670196574e-8
4.65980894354286e-8
4.649533567983734e-8
4.515334050707072e-8
4.4847827156772484e-8
4.384070123933478e-8
4.3491061482712667e-8
4.305782414293498e-8
4.246130057538818e-8