9.92241689179898e-10
2.212445527915839e-10
4.296975955955084e-10
6.521647843054176e-10
8.970655124112945e-10
1.175064708237988e-9
1.5005543961075547e-9
1.894001082763419e-9
2.386006710211328e-9
3.0248027791169898e-9
3.8911236133509635e-9
5.1304843940736695e-9
7.031998046498588e-9
1.0255946914469077e-8
1.669570705792124e-8
3.572663591571905e-8
0.000010848759176460703
9.41838867492357e-6
7.168142070373235e-6
5.5002092406020955e-6
4.337761926361103e-6
3.5219748495787954e-6
2.928592527018215e-6
2.4802814492524537e-6
2.1342853178511237e-6
1.8682427665002863e-6
1.6486944666737944e-6
1.469576707078124e-6
1.3253121190259722e-6
1.1985351845974564e-6
1.0930882778041645e-6
1.0035931117815432e-6
9.249979600892159e-7
8.563663929108268e-7
7.97060054880526e-7
7.436161926933606e-7
6.958971171325691e-7
6.540356986273172e-7
6.160241074150115e-7
5.815461389645063e-7
5.502937271031533e-7
5.231599305608974e-7
4.961079096974186e-7
4.7380041222510094e-7
4.5109406163250297e-7
4.321815542602122e-7
4.1203559361323955e-7
3.966698576092305e-7
3.801422342234641e-7
3.660460053440299e-7
3.5211925070190945e-7
3.3927244344081534e-7
3.273020777919211e-7
3.163861767485454e-7
3.056194379426204e-7
2.959057293601467e-7
2.8673636579791693e-7
2.7782413318329655e-7
2.691772917524279e-7
2.616882846414889e-7
2.543744351453679e-7
2.472322840113077e-7
2.4040350329908634e-7
2.3347318465869665e-7
2.277436344767092e-7
2.2217876207607336e-7
2.1677679237500324e-7
2.1150387388265545e-7
2.0639293367069346e-7
2.0137175439047903e-7
1.9659087696437964e-7
1.922237227396688e-7
1.881904431030969e-7
1.841672954301906e-7
1.8023662784709597e-7
1.7639833994941623e-7
1.7285566267478384e-7
1.6924580404937782e-7
1.6585713005008455e-7
1.6255246134340864e-7
1.5931568005597787e-7
1.5606404468228442e-7
1.5329902425923084e-7
1.5043717655333085e-7
1.4776560484122362e-7
1.4506804780708017e-7
1.4250558047888737e-7
1.399742473242436e-7
1.3751912022252907e-7
1.3512127263202074e-7
1.3277958937012565e-7
1.30489450943508e-7
1.281560316673294e-7
1.2610841573816722e-7
1.239134842222491e-7
1.219557513109317e-7
1.200271261999669e-7
1.1811800228918907e-7
1.1624248260376624e-7
1.1441406118280722e-7
1.1262161296248146e-7
1.108635297472319e-7
1.0917659463615193e-7
1.074943115243208e-7
1.0584323388549603e-7
1.042065146795373e-7
1.026372129254835e-7
1.0111016279318888e-7
9.959540052086618e-8
9.809986669200022e-8
9.659059735525586e-8
9.528282209865666e-8
9.381323306388082e-8
9.2471521567983e-8
9.119459274211355e-8
8.98282427108143e-8
8.851762855580231e-8
8.741397306284699e-8
8.614573938648184e-8
8.488180529616733e-8
8.38180192456224e-8
8.250682094083264e-8
8.162521277269749e-8
8.045440209521868e-8
7.906531699506845e-8
7.795647052617446e-8
7.69190083331662e-8
7.595217537948784e-8
7.480722689173065e-8
7.38641414992854e-8
7.297898276574172e-8
7.179415506077025e-8
7.088906416721206e-8
7.009691203504482e-8
6.872061952175958e-8
6.791845024098596e-8
6.72274675134669e-8
6.63258769329786e-8
6.535690953748618e-8
6.463660324771066e-8
6.37023475296791e-8
6.301590648376004e-8
6.221607319015172e-8
6.138728092332672e-8
6.076823466796128e-8
5.9672526013065e-8
5.8951627987031004e-8
5.825385946572812e-8
5.760060583271223e-8
5.687448386735846e-8
5.615556063169546e-8
5.532411329614971e-8
5.471822969734585e-8
5.400339907954271e-8
5.328174373441726e-8
5.26065380363386e-8
5.198451330333948e-8
5.1324594217277544e-8
5.0686194312223634e-8
5.00641051395128e-8
4.945915511585968e-8
4.885386313320792e-8
4.824839171107593e-8
4.7655812540692794e-8
4.7079469349759936e-8
4.6502963450228175e-8
4.594343342801058e-8
4.5385005049658747e-8
4.483660592364184e-8
4.4288560601636755e-8
4.373630097573268e-8
4.325842668959108e-8
4.2744391531869535e-8
4.223512159258139e-8
4.1720013759555983e-8
4.122235685498598e-8
4.0730729968265774e-8
4.028446969309183e-8
3.978942821036463e-8
3.9349749183699034e-8
3.889371230432431e-8
3.842259839457114e-8
3.796509873969387e-8
3.752880084229536e-8
3.706565806817913e-8
3.6706368190439724e-8
3.62853615248762e-8
3.586909382295015e-8
3.5439380553396594e-8
3.502239226240198e-8
3.4631593095710926e-8
3.427909297621848e-8
3.385874251279697e-8
3.351879459198773e-8
3.313456071093308e-8
3.274291458915641e-8
3.2359844447531985e-8
3.206098752833297e-8
3.1642121499510075e-8
3.135080118935346e-8
3.1006827003383574e-8