2.1238571953555883e-10
2.3370290521608644e-9
4.459259153713609e-9
6.579195442524196e-9
8.703213727516544e-9
1.0807536606300801e-8
1.295268804348827e-8
1.5086623161937916e-8
1.7200595368189588e-8
1.937938993454366e-8
2.1443816846200755e-8
2.3484094375947574e-8
2.568939613274735e-8
2.780678801672797e-8
2.989297822501111e-8
3.1968825652814824e-8
3.411933617668913e-8
3.650065863971317e-8
3.876770026992838e-8
4.054373602812122e-8
4.289559784272033e-8
4.4326937598338694e-8
4.60983030806281e-8
4.965467878427574e-8
5.010099991763788e-8
5.278245129866041e-8
4.913781199631952e-8
5.7197876495071614e-8
5.9463616958713407e-8
6.208024575162975e-8
6.38577379053462e-8
6.495545868166482e-8
6.73173317212523e-8
7.082122944168064e-8
7.364290430673195e-8
7.420659289725717e-8
7.644203166695701e-8
7.676550508846268e-8
7.854839109281975e-8
8.06982221412118e-8
8.571665324643869e-8
8.243788155137132e-8
8.430253271151243e-8
8.74223743487454e-8
8.801442075908791e-8
9.403010573282989e-8
9.845670263778136e-8
9.775395106344066e-8
9.964359281401599e-8
1.0063002478196721e-7
1.027680140789463e-7
9.386000636027889e-8
1.0496823070203538e-7
1.0471446405559519e-7
1.1205953824023986e-7
1.1235018379719328e-7
1.0912889144968443e-7
1.1199963026103387e-7
1.1832612408519067e-7
1.2006859965226213e-7
1.2247363486675234e-7
1.206380311859015e-7
1.2360462269250164e-7
1.2532767554304067e-7
1.2791987193555848e-7
1.425547634924208e-7
1.3319857503289645e-7
1.3842817329338595e-7
1.337620251001567e-7
1.4008376374811801e-7
1.4324662518367282e-7
1.4507430936791673e-7
1.4585905362778275e-7
1.459844383844121e-7
1.389926185155949e-7
1.1690082711962152e-7
6.422833106198072e-8
1.801951979913716e-8
1.1081051402897897e-6
2.3792023534354643e-6
1.397202441054358e-6
1.0039910503928365e-6
7.914356117248663e-7
6.477236079270459e-7
5.697494317023853e-7
4.98655449027582e-7
4.491724854158352e-7
3.896126007825271e-7
4.0182804281095256e-7
3.683445603745855e-7
3.2188903674952286e-7
3.012666363521828e-7
2.649962839788943e-7
2.7672235818802134e-7
2.462937956428587e-7
2.427661201514769e-7
2.1843376395129256e-7
2.2464990295302348e-7
2.0611832201189533e-7
1.7774727622467174e-7
1.927951844825633e-7
1.802839754784844e-7
1.7654469408473447e-7
1.8188282157613146e-7
1.7059911529344366e-7
1.6255438225573076e-7
1.5430825959257014e-7
1.5524928179713347e-7
1.4754182304119294e-7
1.5032410713189958e-7
1.3426555083114814e-7
1.367512341094451e-7
1.2828165513127605e-7
1.253773768283641e-7
1.217296505731615e-7
1.2084259018310302e-7
1.178707441529682e-7
1.231642420902555e-7
1.0946976719173854e-7
1.1085281368619908e-7
1.1122353417365627e-7
1.0995935133376981e-7
1.0447108176356506e-7
1.0686427596054839e-7
1.0195543087257697e-7
9.94709121374769e-8
9.72842918424362e-8
9.07938624252855e-8
9.230411093340612e-8
9.3531380934939e-8
8.879491583867317e-8
8.705378809450416e-8
8.941092868516102e-8
8.684066003465267e-8
8.40152813795343e-8
8.401490972432433e-8
8.079415507179217e-8
8.056075705679715e-8
8.014379116397932e-8
7.83138010882902e-8
7.648657910901962e-8
7.556521645897168e-8
7.43913753122366e-8
7.322560754957712e-8
7.17845124219378e-8
7.081583587762284e-8
7.169360475680336e-8
7.106266677119642e-8
6.846203393262912e-8
6.801356728164901e-8
6.670730263971082e-8
6.548940550598263e-8
6.38602214165885e-8
6.208707034207924e-8
6.292855414129389e-8
6.29426445789705e-8
6.099662754775294e-8
5.995302369837987e-8
5.96121556471339e-8
5.8727685553534764e-8
5.593573812950028e-8
5.7209248243753887e-8
5.6632854759264784e-8
5.583998307704245e-8
5.519217275924301e-8
5.416188271842153e-8
5.383440424829618e-8
5.3018116075762216e-8
5.149084311290076e-8
5.115782769259626e-8
5.087746308804654e-8
5.0801734379956694e-8
4.9880481665419784e-8
4.921145809237783e-8
4.898616209657297e-8
4.8171541610737535e-8
4.7489819036610374e-8
4.712184659760758e-8
4.633338864396857e-8
4.594012071044279e-8
4.54413619818273e-8
4.509133139293e-8
4.446515719980397e-8
4.3950385466579146e-8
4.3353742821204077e-8
4.2895809797797706e-8
4.2329617245184674e-8
4.194186486060264e-8
4.13554180893469e-8
4.0937878011124275e-8
4.0442898001300124e-8
4.01436243514174e-8
3.969134739277641e-8
3.925545925475594e-8
3.886741694792137e-8
3.835473438187049e-8
3.808171155320482e-8
3.764046578642549e-8
3.725738458130946e-8
3.68475519313379e-8
3.634570523927858e-8