6.236399917389168e-10
6.857684450583375e-9
1.3081203757528145e-8
1.929029293493945e-8
2.5424841511395358e-8
3.160965052740972e-8
3.776391238383729e-8
4.3612520598715095e-8
4.934548321986905e-8
5.5719869525746045e-8
6.147056116466191e-8
6.739251547292053e-8
7.280137487306146e-8
7.85573976185968e-8
8.362336231838207e-8
8.970897528358052e-8
9.403058195935053e-8
9.832530872785365e-8
1.0529666734741548e-7
1.0898760958897257e-7
1.1437775919359604e-7
1.196313280415175e-7
1.2539404512452152e-7
1.287093157732576e-7
1.3364231979318242e-7
1.3612341030470977e-7
1.4234118129185215e-7
1.4386254353186536e-7
1.6283376483975522e-7
1.537372078691363e-7
1.5533166166602573e-7
1.5475796168646018e-7
1.6024988096920047e-7
1.6572050471604296e-7
1.7330693396908378e-7
1.6720029881433524e-7
1.7154088554617436e-7
1.7571492744228295e-7
1.8418066848596171e-7
1.8016771941427862e-7
1.891357710240732e-7
1.8765755281073471e-7
1.9143117687569868e-7
1.9429740664726107e-7
1.9582094229751605e-7
1.998784689374575e-7
2.0098755500000109e-7
2.0427640759553104e-7
2.056797260680209e-7
2.0814789642030668e-7
2.099670093330143e-7
2.1192382934611487e-7
2.1308774480603182e-7
2.136664062427018e-7
2.1290088618319149e-7
2.10243438508053e-7
2.0333729690775566e-7
1.880394691015534e-7
1.5452843666739178e-7
7.98135541568853e-8
1.3491004140050894e-8
8.603383298008913e-8
4.701194740961948e-6
2.29374837473579e-6
1.5216859910314451e-6
1.1506409255677649e-6
9.301142623409934e-7
7.846990609810022e-7
6.815049723552114e-7
6.02930654538034e-7
5.410286712406767e-7
4.920400824188166e-7
4.499630626410253e-7
4.156457223734696e-7
3.8937208817176865e-7
3.6396834150255424e-7
3.3995461720976293e-7
3.219364752677657e-7
3.060271059417648e-7
2.8783565646004004e-7
2.749528669942037e-7
2.6677741450087483e-7
2.5219615210168896e-7
2.1616504941360364e-7
2.3458876196525293e-7
2.266673677734288e-7
2.2216309360028968e-7
2.0418837648782747e-7
1.9043482495916917e-7
1.8995384662751428e-7
1.8529517681566212e-7
1.82697059857638e-7
1.7856899390830029e-7
1.824566224690976e-7
1.686835140350401e-7
1.6237113650646756e-7
1.5651245177445497e-7
1.4829129867244006e-7
1.5112006592632832e-7
1.465996864983966e-7
1.426373343179226e-7
1.3670209712261242e-7
1.3336813303750785e-7
1.3135632618016102e-7
1.2760792866082301e-7
1.279515075372904e-7
1.252859393597906e-7
1.3028558715848862e-7
1.2320425798964074e-7
1.1834910982127185e-7
1.1524773354799512e-7
1.1306638864172658e-7
1.1119314014790658e-7
1.0756155848963023e-7
1.0468792869061764e-7
1.0515601175219255e-7
1.0498600951554351e-7
9.934696643816141e-8
9.59482274347142e-8
9.844831230288407e-8
9.380113713546942e-8
9.31604387263264e-8
9.216523168209129e-8
9.095634271582392e-8
8.936708896388764e-8
8.703765107991739e-8
8.75437915405982e-8
8.700225712166651e-8
8.392823436325804e-8
8.397350647622986e-8
8.222946297635077e-8
8.215468813479472e-8
8.007849178283339e-8
7.786813252694666e-8
7.696138643726883e-8
7.628357786357449e-8
7.610920769424076e-8
7.490823701436188e-8
7.200808520013742e-8
7.16729339917024e-8
7.086094190930833e-8
6.959861487046702e-8
6.884514341597994e-8
6.863114345529726e-8
6.79366698992106e-8
6.59379869224491e-8
6.535431046904638e-8
6.458635079251602e-8
6.471609080801479e-8
6.25145903197529e-8
6.202152263737673e-8
6.11220389266875e-8
6.024883002837663e-8
5.8842175406474447e-8
5.85046742018626e-8
5.816480948291839e-8
5.7835338328358916e-8
5.6575428517590315e-8
5.599415721008962e-8
5.5539054619206644e-8
5.479619112521968e-8
5.3983192991367715e-8
5.330876033551982e-8
5.259547968101634e-8
5.1761956182500564e-8
5.167056274491064e-8
5.0946596323258123e-8
5.03775316385918e-8
4.974425827020435e-8
4.902495661882644e-8
4.872769503618205e-8
4.799034715207179e-8
4.7255969476491896e-8
4.678087408147307e-8
4.632306668557296e-8
4.572118521316522e-8
4.522958525963252e-8
4.4661652347332313e-8
4.419272623514506e-8
4.367590701885974e-8
4.3213675346100294e-8
4.305971581006857e-8
4.231714174858168e-8
4.186319723015849e-8
4.13006391661299e-8
4.0874836266054334e-8
4.04130783924293e-8
3.999806437011906e-8
3.9471369448486117e-8
3.908740324083024e-8
3.859433699191064e-8
3.819849908430324e-8
3.776736854660887e-8
3.733099049108063e-8
3.6976685955241317e-8
3.6602280841710525e-8
3.6153217223521525e-8
3.578280382295845e-8
3.538413317078868e-8
3.505403323057089e-8
3.4662165433062766e-8