1.7008775101610716e-9
1.8692159301817408e-8
3.559928367998726e-8
5.235153414110641e-8
6.886689051753557e-8
8.510295737900702e-8
1.0097377806960954e-7
1.1630263027066963e-7
1.3154853621400917e-7
1.4515697656524663e-7
1.5943175664636233e-7
1.7321754974866372e-7
1.856147073291624e-7
1.977649511008683e-7
2.0777923543791998e-7
2.204811683008295e-7
2.3054441111807114e-7
2.380136254427073e-7
2.4722701254129575e-7
2.5369434925859894e-7
2.6281595616108773e-7
2.6990002646016705e-7
2.6737914657483237e-7
2.833978781221685e-7
2.856441054157982e-7
2.922376643720354e-7
2.9889539471704307e-7
3.0085570909094525e-7
3.0310832469497526e-7
3.0992297056906663e-7
3.115789851785663e-7
3.044773661120947e-7
3.148060791080823e-7
3.162027989050497e-7
3.186240051126171e-7
3.1823308487122344e-7
3.179280030789009e-7
3.16291614019224e-7
3.128603819566081e-7
3.070556434854244e-7
2.970958981394481e-7
2.803513116145866e-7
2.5106918624297e-7
1.9753902050012343e-7
9.644613567365039e-8
9.803689512432382e-9
2.8331124853720713e-8
6.357742882222331e-7
5.1354472140047954e-6
2.7369699310407665e-6
1.888765171333643e-6
1.4511437281306826e-6
1.1809043342968605e-6
9.990882503650274e-7
8.644162918511755e-7
7.647760159303901e-7
6.843379732790221e-7
6.211323562518422e-7
5.692492277988664e-7
5.230846707155002e-7
4.860391461868742e-7
4.5551255876102913e-7
4.2509700606161657e-7
4.000254330092184e-7
3.7834934209458975e-7
3.571972656508502e-7
3.3989009459086073e-7
3.23133015220807e-7
3.0887800448081683e-7
2.959476413737016e-7
2.8295834842086667e-7
2.703060908837682e-7
2.627989234229977e-7
2.520104509748101e-7
2.422667751964522e-7
2.3454336594149024e-7
2.2625395878551304e-7
2.2098102033750862e-7
2.1251263222841414e-7
2.0726979152103004e-7
2.0373798921617698e-7
1.972174993459121e-7
1.9099255908989697e-7
1.843846164608085e-7
1.783713080245148e-7
1.743697246197937e-7
1.7028304299452545e-7
1.67422386243636e-7
1.6128383835005987e-7
1.6309734097185142e-7
1.537943965413734e-7
1.4675981995351714e-7
1.4786378627573254e-7
1.4266338253106511e-7
1.4292127815894435e-7
1.3909514621802063e-7
1.3622164312216763e-7
1.3304319253768232e-7
1.3001277687087771e-7
1.2821213467254598e-7
1.2609341336221678e-7
1.222981071561767e-7
1.2063016701514324e-7
1.1882846281037904e-7
1.1824965242139129e-7
1.1747413188468253e-7
1.1345042453672328e-7
1.0888396603939726e-7
1.0842479082186525e-7
1.0755836155232746e-7
1.053692951167055e-7
9.929887177276727e-8
1.0324335216955125e-7
9.972088395060576e-8
9.844028500304875e-8
9.938898857591841e-8
9.723969004084054e-8
9.282802297747068e-8
9.22515767054077e-8
9.19597293294651e-8
8.959694370267813e-8
9.233185717896387e-8
8.824465091599476e-8
8.323506059889988e-8
8.500000221574763e-8
8.317387518945987e-8
8.180043290329944e-8
8.117040211119184e-8
8.149139449466352e-8
7.905508553499507e-8
7.813693763617252e-8
7.647887137577326e-8
7.554212040916074e-8
7.393173731135e-8
7.364091210648631e-8
7.238714265578397e-8
7.073351749528764e-8
7.067485022955174e-8
6.911977762110443e-8
6.847703229462268e-8
6.72449742404941e-8
6.668047415650298e-8
6.617104014622353e-8
6.519375800467965e-8
6.415618157101936e-8
6.296877683043775e-8
6.263756584195938e-8
6.195782643921567e-8
6.116022253154075e-8
6.050053717942729e-8
5.951188634809434e-8
5.9241999582594845e-8
5.829026827061822e-8
5.739474870951387e-8
5.676829307553394e-8
5.613339822416203e-8
5.5055657864168444e-8
5.450056791217963e-8
5.368384411881344e-8
5.3503270408547065e-8
5.262383409586202e-8
5.198516943181364e-8
5.140158064311008e-8
5.0683524987438035e-8
5.0019266439282104e-8
4.941658020137803e-8
4.88664247581366e-8
4.838005421957882e-8
4.799351216740933e-8
4.72155651015893e-8
4.667054196453142e-8
4.61288013448322e-8
4.5540808107801674e-8
4.506828017693679e-8
4.4516291718643276e-8
4.3993492111532336e-8
4.3495651235520276e-8
4.295712566115101e-8
4.257812067418769e-8
4.200676463669185e-8
4.1603885855281936e-8
4.1054503545382826e-8
4.057584852856782e-8
4.012755235795265e-8
3.969207035930713e-8
3.925450697244262e-8
3.880596796898095e-8
3.837157621055072e-8
3.794452322829625e-8
3.753090300904116e-8
3.7118443728808305e-8
3.671353184494385e-8
3.6310171180666235e-8
3.591395803916298e-8
3.5523951531355324e-8
3.51341867179545e-8
3.47579810385154e-8
3.437803439060871e-8
3.4013168487790276e-8
3.3640028406640233e-8
3.328663741215272e-8