1.3888805772293777e-9
1.526533231188608e-8
2.9089248126187332e-8
4.2807318529113023e-8
5.636919660471786e-8
6.973705426299426e-8
8.306352577548134e-8
9.56649573626352e-8
1.0841796962661245e-7
1.2048173991585028e-7
1.3226783481957024e-7
1.4365521832041713e-7
1.546412688859623e-7
1.646326175908843e-7
1.744039887834708e-7
1.841037889984196e-7
1.934747832478232e-7
2.0251835829829596e-7
2.0888758444766703e-7
2.1755172603377753e-7
2.306615903282361e-7
2.3353535839315967e-7
2.352610405268498e-7
2.433531347693601e-7
2.5009315988260125e-7
2.501213555234808e-7
2.548387735597005e-7
2.646126005559809e-7
2.686912872221455e-7
2.837665442917929e-7
2.756891821896417e-7
2.7934997680090474e-7
2.8196957107402947e-7
2.8565509368909335e-7
2.865265139441438e-7
2.8769207669015156e-7
2.909050890986943e-7
2.9140454076662764e-7
2.922634844700057e-7
2.925803457105533e-7
2.918262002822418e-7
2.8955216731515965e-7
2.8514786291566274e-7
2.7715022885139183e-7
2.629032334213857e-7
2.371406840541976e-7
1.8834034390035804e-7
9.298691197982327e-8
1.0520517510010772e-8
3.443194306670803e-8
0.000011393667350643204
4.122286723042817e-6
2.3639875861905848e-6
1.6760441866467633e-6
1.3050048618591277e-6
1.0731516967326194e-6
9.135346645125318e-7
7.968086724636085e-7
7.068812239604928e-7
6.353675886458836e-7
5.790188249628509e-7
5.309447975305921e-7
4.897715566483608e-7
4.5623525690879553e-7
4.2316695782774137e-7
4.025748864753196e-7
3.803219984042118e-7
3.5183354844722053e-7
3.359892437005395e-7
3.2166649507427376e-7
3.0593813207233026e-7
2.92328979862645e-7
2.797967722204802e-7
2.6849699601132103e-7
2.574351463525154e-7
2.493302979826771e-7
2.4008768724450633e-7
2.2959207006753163e-7
2.2794723797742783e-7
2.180718841035901e-7
2.0912721528752973e-7
2.0157783334435424e-7
1.9847503386717806e-7
1.934024521262151e-7
1.8821196676805374e-7
1.8227470347043854e-7
1.8172248538208995e-7
1.7740002700194328e-7
1.6682677679402395e-7
1.6491276189339995e-7
1.5825803467131123e-7
1.5285571824761982e-7
1.4903215334445892e-7
1.4881583351070642e-7
1.452238689685414e-7
1.420886714299875e-7
1.3954477957546843e-7
1.3605227825848543e-7
1.400019830826682e-7
1.3062695129296178e-7
1.2811234685841835e-7
1.3315017568805108e-7
1.1953325702097505e-7
1.1904299258106555e-7
1.2195266386605567e-7
1.1639086637434346e-7
1.1504512623786697e-7
1.118972917540198e-7
1.1050522865291278e-7
1.0879364677690304e-7
1.0609224803681676e-7
1.0760789075059731e-7
1.0610654059010122e-7
1.0187274571452912e-7
1.0086415446428226e-7
9.965563126596563e-8
9.400106868349004e-8
9.142071342028524e-8
9.360898565781795e-8
9.32677686819211e-8
9.056168217274946e-8
8.897679305777383e-8
8.576922706626051e-8
8.778771590135721e-8
8.276812299947277e-8
8.386835626986565e-8
8.132426265131196e-8
8.054036713853434e-8
7.959148466002456e-8
7.992277977705372e-8
7.817463221507338e-8
7.7681450704392e-8
7.513740110979145e-8
7.422989519708376e-8
7.514421961806541e-8
7.364773383735936e-8
7.248951692917975e-8
7.210753619844625e-8
6.95811958871318e-8
6.811331838963403e-8
6.796233582124832e-8
6.731622089242451e-8
6.71732504062395e-8
6.57110736644626e-8
6.51279881451477e-8
6.459669514559533e-8
6.28801748405959e-8
6.226720139494207e-8
6.151526382843543e-8
6.089173089165108e-8
6.028039410512843e-8
5.9211940509289454e-8
5.887795899959767e-8
5.7987074341080956e-8
5.699193614329313e-8
5.651036950042689e-8
5.5609276918608946e-8
5.509844292253781e-8
5.450641388053128e-8
5.400485474068377e-8
5.320967661458138e-8
5.210272228435493e-8
5.1652648504240414e-8
5.095712131958351e-8
5.035641768957969e-8
4.9676384424129975e-8
4.907283652769073e-8
4.877847760747115e-8
4.807106290180316e-8
4.758518021135965e-8
4.698786590117892e-8
4.6484143668693407e-8
4.603423378401786e-8
4.5366765742698625e-8
4.4840433288595466e-8
4.431546842789132e-8
4.3865410666757325e-8
4.3291386598369244e-8
4.280388696144909e-8
4.233673839791205e-8
4.1858517585563074e-8
4.1405502629754935e-8
4.089702396354172e-8
4.0432657371132563e-8
3.998498347767765e-8
3.95441885319012e-8
3.911305277776649e-8
3.868753367005851e-8
3.823159963833833e-8
3.780885645385543e-8
3.739686183610336e-8
3.698822810699938e-8
3.658692875474076e-8
3.6196057301790305e-8
3.5800136354335633e-8
3.5410914019551814e-8
3.502585800449939e-8
3.464945519639064e-8
3.4277773576378506e-8
3.391258977028462e-8
3.354710926764446e-8