1.9833606205816032e-14
2.1818965076175363e-13
4.1664575003984984e-13
6.152933986846935e-13
8.142253107329395e-13
1.0135359579859046e-12
1.2133223594954834e-12
1.413684719721954e-12
1.6147252438233557e-12
1.8165535177420206e-12
2.0192815409255035e-12
2.2230257948827106e-12
2.4279108796300982e-12
2.634076473257064e-12
2.841659719029596e-12
3.0508093371125507e-12
3.2616853232977315e-12
3.47446022413579e-12
3.689315150789569e-12
3.906459716444391e-12
4.1260988735950795e-12
4.348465830451215e-12
4.573813344379518e-12
4.802404214700084e-12
5.034534372214792e-12
5.270544924102289e-12
5.51082926764065e-12
5.755534967077476e-12
6.005358695000873e-12
6.260530413076644e-12
6.5217430280836285e-12
6.789360523433678e-12
7.063873998446872e-12
7.346217392248673e-12
7.636839199755395e-12
7.936618902862139e-12
8.246209097995919e-12
8.566601615684514e-12
8.898809363384284e-12
9.243891332523712e-12
9.602832137187007e-12
9.977126434543317e-12
1.036799942466913e-11
1.077706255272316e-11
1.1205896272816419e-11
1.1656305089786263e-11
1.2130326590371657e-11
1.2630047684730263e-11
1.315777207683853e-11
1.3716123917278737e-11
1.430788759055488e-11
1.493608406735632e-11
1.560404966481894e-11
1.631545719053391e-11
1.7074183583719057e-11
1.788466464510967e-11
1.8751502912373715e-11
1.9679856919028707e-11
2.0675317440082434e-11
2.1744110963603422e-11
2.2892758248359777e-11
2.412846754645105e-11
2.545936548151683e-11
2.6893406434118165e-11
2.844101874510434e-11
3.011138361796872e-11
3.191793051268908e-11
3.386659987178946e-11
3.5975980170508136e-11
3.825955469623151e-11
4.073132960243072e-11
4.340853139705627e-11
4.6309057188446133e-11
4.945221255537913e-11
5.285984671816559e-11
5.655447488353373e-11
6.056086415035589e-11
6.49053468717263e-11
6.961587866185925e-11
7.472730712359194e-11
8.027012874210535e-11
8.628049929077222e-11
9.279878077866158e-11
9.986473308098988e-11
1.0752452171111953e-10
1.1582401311512564e-10
1.2481468580397304e-10
1.3455455209453522e-10
1.4509742672032164e-10
1.565071534676651e-10
1.6885165456907072e-10
1.821950850459009e-10
1.9661564497097028e-10
2.12191213703382e-10
2.289998721382958e-10
2.4712471027458836e-10
2.666682603886275e-10
2.8770849277273374e-10
3.1035234502251836e-10
3.346905329624921e-10
3.6081918653914876e-10
3.888566650790113e-10
4.188995236789859e-10
4.510536493407914e-10
4.854207153820675e-10
5.22100718746073e-10
5.611993971609434e-10
6.028046670420864e-10
6.470008045603987e-10
6.938623736811817e-10
7.43454993964301e-10
7.958198801402205e-10
8.510072141941311e-10
9.090150274015944e-10
9.69813006909767e-10
1.0333581758613333e-9
1.0995894083409309e-9
1.1683746371444101e-9
1.2395171155397223e-9
1.3128485835593722e-9
1.3880742919440027e-9
1.4648237146688984e-9
1.5427619150233613e-9
1.6213527362507772e-9
1.7000271195770505e-9
1.7781721745643942e-9
1.8549038765851257e-9
1.929467987001444e-9
2.0008454381778164e-9
2.067969857854855e-9
2.1295953123827183e-9
2.1843757677632075e-9
2.23083632758709e-9
2.267446538094674e-9
2.2924725752458005e-9
2.304202549238271e-9
2.3008603031287622e-9
2.280686741227208e-9
2.2419986670169067e-9
2.183541284572493e-9
2.104181500352499e-9
2.00360774685155e-9
1.8823816657864636e-9
1.7423121180834065e-9
1.586803942054333e-9
1.4213556708801256e-9
1.253768555573491e-9
1.0944211831631741e-9
9.561483936691374e-10
8.537584273108111e-10
8.035445484376073e-10
8.230562952266447e-10
9.330203455367862e-10
1.164876455225072e-9
1.5827193300430907e-9
2.345821151349198e-9
3.918523410642688e-9
8.062582735505844e-9
2.6722984161486334e-8
1.2468567927443745e-6
4.814027331128218e-8
9.478125332205049e-9
3.7683634033411035e-9
1.9458677713802094e-9
1.149961222487216e-9
7.358213394586801e-10
4.941125231743776e-10
3.4032952121967273e-10
2.3403740120493094e-10
1.4452450660484003e-10
4.378639295180818e-8
5.720820551743694e-8
6.42872742350224e-8
6.84475302471379e-8
7.08269947772798e-8
7.213106710414904e-8
7.267314264417621e-8
7.274108597746672e-8
7.25045577704695e-8
7.195905916076493e-8
7.136835693248143e-8
7.069039025398237e-8
6.981934055745806e-8
6.853200661156911e-8
6.761876453513519e-8
6.683937674742111e-8
6.577029000529186e-8
6.461822787378978e-8
6.370042348503265e-8
6.265768450722941e-8
6.187144496619109e-8
6.104156781700698e-8
5.956950107364812e-8
5.908631645546754e-8
5.802027073105763e-8
5.714184100364442e-8
5.6558895596290826e-8
5.5232815386154723e-8
5.438226992982813e-8
5.36360528899224e-8
5.281847714043504e-8