5.2401391865690345e-14
5.766987691317704e-13
1.102420999288837e-12
1.6308677507811592e-12
2.163380640833157e-12
2.7013076741441623e-12
3.246062856068297e-12
3.799107995170384e-12
4.361999981417507e-12
4.936268666867079e-12
5.523755346075657e-12
6.126179501935054e-12
6.745493988375567e-12
7.383759639134968e-12
8.043257537611585e-12
8.726214692656429e-12
9.435571001472785e-12
1.0173864476834082e-11
1.0944234446992084e-11
1.1749896491026294e-11
1.259471480512522e-11
1.3482421266763067e-11
1.4417025351036671e-11
1.5403485720480852e-11
1.644679584710376e-11
1.7552439912278717e-11
1.8726313041087868e-11
1.997511557403599e-11
2.1305935528909712e-11
2.272656924935627e-11
2.4245350040146905e-11
2.5871566674985338e-11
2.76155376479303e-11
2.9488090860168474e-11
3.1500925423458983e-11
3.366784493834764e-11
3.6002024326736514e-11
3.851894765870842e-11
4.1237636484313515e-11
4.4173872447983766e-11
4.7348847075551637e-11
5.078145267918899e-11
5.450233494336349e-11
5.852912888958387e-11
6.289377123442496e-11
6.762497373653165e-11
7.275620672598597e-11
7.832222276620814e-11
8.436167684672541e-11
9.091586569944134e-11
9.802993776331234e-11
1.0575262021792324e-10
1.1413443069904735e-10
1.2323124762814454e-10
1.3311038947414448e-10
1.4382946401000957e-10
1.5546061412594957e-10
1.6808098101774291e-10
1.8177099510287032e-10
1.966156310638111e-10
2.1271142413846448e-10
2.301530595093256e-10
2.4904041827698605e-10
2.695029939102392e-10
2.916408536082585e-10
3.1559039503826754e-10
3.414822140570897e-10
3.69449939653723e-10
3.9964938523326174e-10
4.322195655353527e-10
4.673464765496852e-10
5.05173563729544e-10
5.458786231263516e-10
5.896360406528256e-10
6.36643283280151e-10
6.870362534029499e-10
7.410544010904983e-10
7.988500014949642e-10
8.606157627400118e-10
9.2651104720975e-10
9.967151976760503e-10
1.071386437567301e-9
1.1506593917258797e-9
1.2347104382338119e-9
1.32348151485002e-9
1.417194021399448e-9
1.5158240484049492e-9
1.6193672334097148e-9
1.7277571897200957e-9
1.840883920515156e-9
1.958565172792056e-9
2.0805478556209792e-9
2.2064555802278146e-9
2.335893919723993e-9
2.468304174994241e-9
2.6030238863531622e-9
2.7392410548168746e-9
2.876014676487801e-9
3.012286661576704e-9
3.1467820683062543e-9
3.278192994164766e-9
3.4044770547870643e-9
3.5242506316386095e-9
3.6353279920614557e-9
3.735355133106234e-9
3.8220571742650275e-9
3.892487501647583e-9
3.944009260135411e-9
3.973505057066301e-9
3.977878555288074e-9
3.954004028946547e-9
3.8989044467152766e-9
3.8098384417611865e-9
3.6843258641985392e-9
3.5215206177089652e-9
3.3212639134133054e-9
3.0854360357824813e-9
2.8123444773331337e-9
2.5284691273905567e-9
2.2268319698109348e-9
1.929804197508675e-9
1.658170607757961e-9
1.4366598134362132e-9
1.2930830217943781e-9
1.2571794152378634e-9
1.3620026284575838e-9
1.6524544589897323e-9
2.213455337132392e-9
3.25283142619235e-9
5.3748902846519755e-9
1.0819210226374933e-8
3.369731420140099e-8
7.877407356618883e-7
8.815009891584722e-8
1.5411712686747616e-8
5.952471607069412e-9
3.0459910123900452e-9
1.8000211623223958e-9
1.1592384910193954e-9
7.890553618183742e-10
5.568974032686054e-10
4.017554035986951e-10
2.9209213983847064e-10
2.0914881161480234e-10
1.2926547808910038e-10
4.771318321788269e-8
6.183954029787391e-8
6.992560929806091e-8
7.485295837276969e-8
7.806366723127507e-8
7.996154840489197e-8
8.085012679867175e-8
8.150602680868874e-8
8.147735275041917e-8
8.160267563469058e-8
8.081282874606673e-8
8.000448118834285e-8
7.925068861146277e-8
7.890879126701256e-8
7.766919533914846e-8
7.681180935842422e-8
7.531900084615624e-8
7.446395838268498e-8
7.344909625338967e-8
7.255936664383032e-8
7.160972988720116e-8
7.080497685119653e-8
6.948521258656487e-8
6.86327346158835e-8
6.758173413323086e-8
6.647924109886183e-8
6.563594854241806e-8
6.450684256008291e-8
6.364133746190345e-8
6.237160403383405e-8
6.193728613147659e-8
6.08599228393441e-8
6.025775843781351e-8
5.944800091283902e-8
5.858326641339597e-8
5.794639872957406e-8
5.7020205177644884e-8
5.632893270970084e-8
5.549936775905468e-8
5.479192818082232e-8
5.416426761400401e-8
5.3465489021788715e-8
5.2803672092486524e-8
5.195114193104188e-8
5.1498804184855134e-8
5.0702450476819943e-8
5.0141236160834194e-8
4.9483972192972945e-8
4.8890535610550135e-8
4.8312138130832915e-8
4.763457053097416e-8
4.719667800712554e-8
4.6570405961518357e-8
4.600232061569179e-8
4.5525224941631265e-8
4.493711538297759e-8