1.545260351433078e-8
1.598826523185535e-7
2.5738341845972e-7
2.803527749854729e-7
2.262985244820183e-7
1.2584811570990924e-7
4.149501243915092e-8
1.9611733347955015e-8
2.5474103756236574e-8
3.464454432771118e-8
4.87528521470338e-8
7.237888128134224e-8
1.1691038424746436e-7
2.1770833748964114e-7
5.357909288267415e-7
2.887065408192089e-6
0.00002641002402227644
1.0313639101584309e-6
3.134877675015049e-7
1.4783853500173902e-7
8.494121855938702e-8
5.461157641908354e-8
3.7752506890425395e-8
2.7451348332392772e-8
2.0717164992435942e-8
1.6085950331552042e-8
1.2772967925053227e-8
1.0327154060469882e-8
8.474452524522008e-9
7.040662702539196e-9
5.910827200827283e-9
5.0066456975204775e-9
4.273323950064659e-9
3.671609270915498e-9
3.1728014923089993e-9
2.755535022773216e-9
2.4036476695717316e-9
2.104737500306382e-9
1.8491647896434923e-9
1.6293491277209574e-9
1.4392660656537524e-9
1.274081159043802e-9
1.1298801906491261e-9
1.0034677456700143e-9
8.922150150339572e-10
7.939435232516314e-10
7.068353030641595e-10
6.293627511994866e-10
5.602331887255386e-10
4.983443872526841e-10
4.4274813787995965e-10
3.9261936083557575e-10
3.4722821818959537e-10
3.0591190107014565e-10
2.6803995704948627e-10
2.329582270092504e-10
1.9986314788351227e-10
1.6738173132368223e-10
1.3044432447259572e-10
6.084233320619097e-8
8.794564040494156e-8
1.0444825604026121e-7
1.1571637267239907e-7
1.2409334713782858e-7
1.3035580424411226e-7
1.3510750589072558e-7
1.3895676394959686e-7
1.414169545699405e-7
1.437844920789347e-7
1.4490028861771656e-7
1.4628762449192135e-7
1.4704214282680354e-7
1.4755710428027892e-7
1.4775894839796595e-7
1.47588862405396e-7
1.4693600982662535e-7
1.4691790087751743e-7
1.45828944860645e-7
1.4578536847121776e-7
1.4482623016870918e-7
1.4388387341737766e-7
1.4309844211512116e-7
1.420939832248091e-7
1.4100153205823447e-7
1.3983986815132194e-7
1.38560941238542e-7
1.3722356196735327e-7
1.3584640944694624e-7
1.343658262177071e-7
1.3297622977389295e-7
1.3121152266525783e-7
1.302187859141278e-7
1.289935268631856e-7
1.2699674843715084e-7
1.2600529737558223e-7
1.2449075741632277e-7
1.2276177872735218e-7
1.2158560161326342e-7
1.2000679824844589e-7
1.1849905379584673e-7
1.1690607058647717e-7
1.1550829298211635e-7
1.1420279330227796e-7
1.1209823878812741e-7
1.1133822806413607e-7
1.0957846158749429e-7
1.0838871321493757e-7
1.0699156602501889e-7
1.0504260892339174e-7
1.0423368903545267e-7
1.0276964850731955e-7
1.01340883107823e-7
1.0011954651970918e-7
9.869781275006931e-8
9.720877018032145e-8
9.611357798929207e-8
9.468818416608484e-8
9.348839924728227e-8
9.218586978700914e-8
9.094563349209422e-8
8.971142814122275e-8
8.849520658751548e-8
8.730209271734429e-8
8.605713107935637e-8
8.498615718578616e-8
8.37668465751076e-8
8.268621004897217e-8
8.158502973112486e-8
8.037886810357224e-8
7.940330016830301e-8
7.831397646182419e-8
7.723672595492655e-8
7.623577173030562e-8
7.51961317724631e-8
7.41850120517007e-8
7.3201543590946e-8
7.221263789841631e-8
7.12498511428448e-8
7.030453719698023e-8
6.934676251791103e-8
6.842747028285659e-8
6.7526331106576e-8
6.664828307161356e-8
6.576427341608882e-8
6.488831190441089e-8
6.404863919569152e-8
6.320874803150771e-8
6.236055897319232e-8
6.154135591559022e-8
6.077007965912958e-8
5.998361062912601e-8
5.918801063788025e-8
5.839793213878728e-8
5.766621128264685e-8
5.692641005825553e-8
5.6194273535916215e-8
5.5484315378700834e-8
5.477896661542252e-8
5.405727720614701e-8
5.3365989820415396e-8
5.2706861605175496e-8
5.203312332629925e-8
5.138477011852334e-8
5.073628867035648e-8
5.010021804830315e-8
4.947443143646767e-8
4.884762935055367e-8
4.8239919407010665e-8
4.7646134185396955e-8
4.706564889875121e-8
4.648678657533447e-8
4.591460804093883e-8
4.5347385045824485e-8
4.479057673785963e-8
4.424973049353021e-8
4.371014067121621e-8
4.317384084270506e-8
4.2653183745279475e-8
4.2147081730980635e-8
4.16413108095444e-8
4.113534336068735e-8
4.0655109782874755e-8
4.0165596218465666e-8
3.9691946537432206e-8
3.922112312461939e-8
3.8758414215414655e-8
3.83045329963691e-8
3.785362492671874e-8
3.740740252188442e-8
3.6978078593720724e-8
3.6552199752629705e-8
3.611729393226801e-8
3.570916687202547e-8
3.5295796678504594e-8
3.489210839012893e-8
3.4495384680932806e-8
3.409152461354473e-8
3.370731996458196e-8
3.3329218860555554e-8
3.295132833549605e-8
3.257402258725532e-8