2.750465241980576e-9
3.0166468495706614e-8
5.714017448444073e-8
8.327373878677237e-8
1.0817648992113679e-7
1.3146812209630054e-7
1.5278079393754505e-7
1.7176028851792617e-7
1.880669920854583e-7
2.0137447328533926e-7
2.1136971028961285e-7
2.177525407743998e-7
2.2023896545439289e-7
2.1856007059613484e-7
2.12489624161021e-7
2.0185259915439148e-7
1.8659172572157785e-7
1.6684481990606478e-7
1.4308390872451598e-7
1.1631020169491601e-7
8.828538558547659e-8
6.170784719241752e-8
4.009226947415567e-8
2.699085978919561e-8
2.4448829018800758e-8
3.1999872396657066e-8
4.988145084813278e-8
8.922195751220771e-8
2.048217013243241e-7
8.912861102249813e-7
0.00008507636443966808
6.003370188425671e-7
1.6061834540422617e-7
7.213857495850615e-8
4.036664319296689e-8
2.5518967562931656e-8
1.7432630462583068e-8
1.2562799422028447e-8
9.413529562758198e-9
7.265805911130673e-9
5.739591061751828e-9
4.618876524857331e-9
3.773624969512188e-9
3.121816123651598e-9
2.609679032606246e-9
2.2007962995336957e-9
1.869808226280532e-9
1.5986254967908497e-9
1.3740709890191773e-9
1.1863661040444116e-9
1.0281334597541956e-9
8.937239313044364e-10
7.787528954740943e-10
6.797743803612092e-10
5.940479007285831e-10
5.193685500654281e-10
4.539406485486773e-10
3.962811783831104e-10
3.4514250946320577e-10
2.994445981289185e-10
2.5820301517017394e-10
2.20421590619739e-10
1.8483648384922988e-10
1.4877953696882815e-10
3.7382391482503893e-8
7.391077903767912e-8
9.3398160772636e-8
1.0641281066027912e-7
1.1568589047289874e-7
1.2253594200506609e-7
1.2783085617312703e-7
1.314420702568339e-7
1.346038050541164e-7
1.3691512766347613e-7
1.3843939970102504e-7
1.3940670817217138e-7
1.4019904039375905e-7
1.4073233636852952e-7
1.4075733231203877e-7
1.4044446332162677e-7
1.4028472454116728e-7
1.395673837040187e-7
1.388187171869495e-7
1.3836206426983934e-7
1.373026750606439e-7
1.365511048071088e-7
1.3553978662688977e-7
1.3443866499422822e-7
1.333282584532191e-7
1.3213909683734423e-7
1.308338041161679e-7
1.292674028009643e-7
1.2818295757719965e-7
1.26954751232129e-7
1.256184402232956e-7
1.2381053730735227e-7
1.2278533747754394e-7
1.2151754440836255e-7
1.1924305801925814e-7
1.1870078303076077e-7
1.1721286408023802e-7
1.153545582553683e-7
1.141799364713957e-7
1.1297294623065126e-7
1.1161671603720715e-7
1.1028083021770028e-7
1.0864703903821096e-7
1.0754497058479565e-7
1.0600405652394089e-7
1.0475475201714453e-7
1.0348647695094476e-7
1.0149160333597246e-7
1.0090612222504682e-7
9.945340444526676e-8
9.792046354514866e-8
9.690715847622131e-8
9.556773876007234e-8
9.424392827786483e-8
9.313225113718483e-8
9.167973581182895e-8
9.065411908021726e-8
8.938446517064504e-8
8.820564811588735e-8
8.702950869877953e-8
8.585016241223639e-8
8.479471725921551e-8
8.363000233651036e-8
8.257090498936353e-8
8.139268058895554e-8
8.036423353737851e-8
7.92900041428798e-8
7.826780909248916e-8
7.724381390848364e-8
7.617711479520598e-8
7.520838031750126e-8
7.425249282897264e-8
7.322465877380737e-8
7.229357118419681e-8
7.135674479786935e-8
7.038741646800723e-8
6.949027160921778e-8
6.853598994906743e-8
6.766896388539132e-8
6.679599725712899e-8
6.59319474237398e-8
6.509032248567355e-8
6.4205986336681e-8
6.342277460543433e-8
6.260963846018006e-8
6.177528998001444e-8
6.09651941927378e-8
6.022407561648943e-8
5.9467032567236825e-8
5.870996039453186e-8
5.794803319417586e-8
5.722453385234504e-8
5.6492840315416425e-8
5.580786154025442e-8
5.5101267670735395e-8
5.441078286303322e-8
5.3704453464681035e-8
5.3022981905417587e-8
5.238792141876624e-8
5.174657187829565e-8
5.110796785514917e-8
5.0476108033742076e-8
4.985461799334311e-8
4.9241075958591234e-8
4.86284110683851e-8
4.8032224066573635e-8
4.745876636733994e-8
4.68863911037617e-8
4.6330026563758707e-8
4.5770803007578894e-8
4.521509663690446e-8
4.466639271004762e-8
4.4132205221980585e-8
4.3606503353620365e-8
4.308695104779269e-8
4.257948246361912e-8
4.2073092036022483e-8
4.1573387244261126e-8
4.109285254246904e-8
4.0605650716817594e-8
4.013590205658056e-8
3.9672780139679065e-8
3.9207109330897795e-8
3.875596250807135e-8
3.830283006245501e-8
3.7867004192936634e-8
3.743256531341702e-8
3.701266732712435e-8
3.657841682585895e-8
3.616700972314236e-8
3.575449928492926e-8
3.535153200761434e-8
3.496123604944037e-8
3.455784091442139e-8
3.4174309187235476e-8
3.379694266690921e-8
3.341465336375944e-8