1.4788708978750267e-8
1.565721345500415e-7
2.6929171928056906e-7
3.3266672621683446e-7
3.3635995942378396e-7
2.8260839240283045e-7
1.890440659952235e-7
9.101265861312071e-8
3.204216599853066e-8
2.3786719585178174e-8
3.1902802824964405e-8
4.4592656130254275e-8
6.57304581269776e-8
1.052359219089384e-7
1.933727533578665e-7
4.634924527832906e-7
2.279739570358706e-6
0.00004417532062167033
1.0623098752152295e-6
3.0802218184000416e-7
1.4270736678501048e-7
8.124127970289723e-8
5.194263823196999e-8
3.5775659656347265e-8
2.5947085484826778e-8
1.9545287355637397e-8
1.5154723475551537e-8
1.20205140886455e-8
9.71049959127788e-9
7.962954998854206e-9
6.611958234494503e-9
5.548256501684902e-9
4.697573721985803e-9
4.008014139803744e-9
3.442451905884847e-9
2.9737738421873996e-9
2.5818159762593436e-9
2.2513385759275467e-9
1.970656376894348e-9
1.730692620363318e-9
1.5243135734792754e-9
1.3458524273589466e-9
1.1907634708587498e-9
1.055367335538127e-9
9.366609081467085e-10
8.321737760414661e-10
7.398585569525598e-10
6.580061720171662e-10
5.851795984003012e-10
5.201613761023417e-10
4.6191123334180994e-10
4.095309206223627e-10
3.6223353183154e-10
3.1931420326610554e-10
2.8011709124959613e-10
2.4398753193956525e-10
2.1017660870317318e-10
1.7756492961122948e-10
1.4322558973281188e-10
4.729719990874894e-8
8.08897745575716e-8
9.977350006128793e-8
1.1250653571534852e-7
1.2156057896430994e-7
1.2819378471643058e-7
1.334991986363776e-7
1.375333902823955e-7
1.4040913988302248e-7
1.42567411262386e-7
1.4447932008501238e-7
1.4567071303787232e-7
1.461509420583579e-7
1.4686905595986489e-7
1.4661975697955926e-7
1.4703207451735223e-7
1.4699876196769082e-7
1.4675452707698807e-7
1.460419739887845e-7
1.448489044013983e-7
1.447678155068858e-7
1.4372973883647228e-7
1.4251352977122716e-7
1.4192461148484607e-7
1.4086242236023332e-7
1.3963503091691943e-7
1.3827022022605886e-7
1.369016436316098e-7
1.3572444852925804e-7
1.34327346026429e-7
1.3265498374928835e-7
1.3136755320079563e-7
1.3033079510400638e-7
1.2889292090573057e-7
1.2670083176764768e-7
1.2604895605426857e-7
1.2431116884485674e-7
1.2296265360705295e-7
1.215674040696033e-7
1.1984975238563838e-7
1.183904833144981e-7
1.1703586326487536e-7
1.1558620539304106e-7
1.1418054673770859e-7
1.1249383947424509e-7
1.1133570017973075e-7
1.0972548198343668e-7
1.0835431680938727e-7
1.0706875613968924e-7
1.050620519513347e-7
1.0424202133869741e-7
1.0283405061715528e-7
1.0124920407419845e-7
1.0013403313893295e-7
9.877349155940322e-8
9.713480896062841e-8
9.615047415338549e-8
9.4789320217491e-8
9.351642671467849e-8
9.226382716793268e-8
9.100779328436386e-8
8.975782846238668e-8
8.855431771154725e-8
8.737400892019108e-8
8.615018360242973e-8
8.502730463425846e-8
8.382011895606392e-8
8.27460247271143e-8
8.164330096168923e-8
8.039744322749298e-8
7.945574499971055e-8
7.838582795201854e-8
7.72764789752215e-8
7.628620423800227e-8
7.526905829485936e-8
7.421322674335307e-8
7.325888195683469e-8
7.226607863391052e-8
7.129203528066095e-8
7.037169082096387e-8
6.941377684239074e-8
6.849409544998454e-8
6.757941340458227e-8
6.670437530800852e-8
6.581707601205e-8
6.493897591296799e-8
6.409834212273654e-8
6.326840871552986e-8
6.241790952559609e-8
6.160204782204682e-8
6.082041628643392e-8
6.003625050378878e-8
5.925748626654185e-8
5.8478015769333845e-8
5.7730306100655764e-8
5.6977673856852085e-8
5.626927996022988e-8
5.554156387119561e-8
5.4833309137232746e-8
5.411258006330721e-8
5.342403888131063e-8
5.2758711017951434e-8
5.210724216492242e-8
5.1447296211219854e-8
5.0790305418914975e-8
5.015437865935852e-8
4.952860635028556e-8
4.8915591413818e-8
4.829813898796365e-8
4.769923920198407e-8
4.7119060067518895e-8
4.6540264490182185e-8
4.596801924804283e-8
4.5400610893674114e-8
4.484983201010778e-8
4.4302067796966815e-8
4.3762332714135925e-8
4.324314068666197e-8
4.2717691997565965e-8
4.2199441519891166e-8
4.169345543116924e-8
4.1187171104680846e-8
4.07064797949538e-8
4.022328494602616e-8
3.97436177936776e-8
3.927238735082225e-8
3.880933860955035e-8
3.83552324252458e-8
3.790392008386309e-8
3.746744696231735e-8
3.702865139858609e-8
3.6602140315484784e-8
3.616955122995377e-8
3.575750988483975e-8
3.534588182108694e-8
3.494151578434209e-8
3.454398053331405e-8
3.4153855239365277e-8
3.37588137452102e-8
3.3377537189599846e-8
3.299919800226032e-8
3.2627403996604676e-8