6.842346510193947e-14
7.531462338900998e-13
1.4403138347205656e-12
2.132167986669094e-12
2.8310007402879658e-12
3.5391169825574147e-12
4.2590171429625595e-12
4.993130563910681e-12
5.744124853044972e-12
6.5147797296024096e-12
7.308025623438406e-12
8.1269735541508e-12
8.974973965808237e-12
9.85556063900219e-12
1.0772683931382609e-11
1.1730368457877991e-11
1.2733140267831285e-11
1.378581196286981e-11
1.4893659915520822e-11
1.6062283083492587e-11
1.729807883031665e-11
1.8607577610055736e-11
1.9998148856190282e-11
2.1477742554696183e-11
2.3055068411621987e-11
2.4739479990661645e-11
2.6541392889283806e-11
2.8471619821458132e-11
3.054322207140685e-11
3.2768764036477454e-11
3.516283825353782e-11
3.774135772549355e-11
4.0521161426851896e-11
4.352170704707871e-11
4.676229788746895e-11
5.026566501731853e-11
5.405575967515274e-11
5.815837416781292e-11
6.260329053182336e-11
6.741894946674723e-11
7.264037159635729e-11
7.830260869292103e-11
8.444766281319337e-11
9.111486334361921e-11
9.835261664588572e-11
1.0620896747503826e-10
1.1473953865080982e-10
1.2400188833336843e-10
1.3405575549583503e-10
1.4497014811973755e-10
1.5682376823217749e-10
1.6968765013019514e-10
1.836471781704315e-10
1.9879583715668351e-10
2.1522428928794123e-10
2.330395117642131e-10
2.5235182017529085e-10
2.732792042111412e-10
2.959417678259385e-10
3.204798948931675e-10
3.4703297573580937e-10
3.757237540304352e-10
4.0675386161952746e-10
4.402580657147458e-10
4.764103905994517e-10
5.153931351630804e-10
5.573942954781845e-10
6.026093139034177e-10
6.512252444977279e-10
7.034487745386176e-10
7.59488452494539e-10
8.195526203002745e-10
8.838417450593956e-10
9.525654556726303e-10
1.0259189665746212e-9
1.1040832602786538e-9
1.1872505985185805e-9
1.2755755801019926e-9
1.3692013925448114e-9
1.4682268557870267e-9
1.572745975477979e-9
1.6827968965976129e-9
1.798391796091025e-9
1.919440603922736e-9
2.045813137375178e-9
2.1773209887961922e-9
2.313716080851629e-9
2.454565958233255e-9
2.599455926789601e-9
2.7476809073757425e-9
2.898631573179188e-9
3.051359305565414e-9
3.2048201829325013e-9
3.357901582387007e-9
3.5090737081040304e-9
3.6569421539241554e-9
3.799530853087625e-9
3.934535689627916e-9
4.060201299918594e-9
4.17374878853911e-9
4.272542649988276e-9
4.353469418613543e-9
4.413382677662473e-9
4.448930213577238e-9
4.45658007476114e-9
4.432792877224278e-9
4.3741544102017215e-9
4.277547679271861e-9
4.140370807032681e-9
3.9610837108925344e-9
3.7242282084075828e-9
3.4774252818664227e-9
3.179610205776102e-9
2.8542982572438855e-9
2.514224506384148e-9
2.177061830711884e-9
1.8656776696796887e-9
1.6076199498390082e-9
1.4339099728561514e-9
1.3778797258436375e-9
1.476163090775072e-9
1.7773256800145177e-9
2.3712956845382276e-9
3.4768623561975646e-9
5.729664444574091e-9
1.1472990133724539e-8
3.522479473277044e-8
7.252076074411471e-7
1.0119566321933804e-7
1.7123809612227384e-8
6.561486949531447e-9
3.3480099507285607e-9
1.9769293140315507e-9
1.273784272550605e-9
8.684022856420744e-10
6.146718372016026e-10
4.455910312956606e-10
3.2677144686592345e-10
2.3848444633375387e-10
1.6567088176128202e-10
3.773141868136254e-8
5.74787584263476e-8
6.788143650031396e-8
7.425222157449377e-8
7.824776659610788e-8
8.077963078350493e-8
8.2334990532151e-8
8.297957934840694e-8
8.33618471718146e-8
8.322351769893707e-8
8.308268153969952e-8
8.244578933741606e-8
8.172838003766474e-8
8.0900130690688e-8
8.021111959103497e-8
7.922743414171266e-8
7.8155398808331e-8
7.720456788029138e-8
7.600762689137558e-8
7.519080144919804e-8
7.376173833215862e-8
7.321033391084663e-8
7.210742001997642e-8
7.106514631018613e-8
7.013113045441044e-8
6.900518147446578e-8
6.811387847626895e-8
6.726860348804736e-8
6.612517903905107e-8
6.521242586115056e-8
6.435010845262541e-8
6.348133630861027e-8
6.237179058382196e-8
6.159333124896844e-8
6.09991384542854e-8
6.035009336909131e-8
5.929758120714402e-8
5.8383558672574296e-8
5.7715882968753733e-8
5.693339237260174e-8
5.606275234882124e-8
5.5514855446623825e-8
5.465908093228863e-8
5.402874691720529e-8
5.337942553850854e-8
5.271694055407722e-8
5.1972279315446005e-8
5.140469893548389e-8
5.077686884311431e-8
5.0156443000341726e-8
4.950214718654282e-8
4.888827464130255e-8
4.828841008085882e-8
4.781194116225156e-8
4.716713397530112e-8
4.664848825910181e-8
4.6095207138219366e-8
4.5582545749916433e-8
4.4965888556624496e-8
4.447480252198645e-8
4.403276896757086e-8