1.1329736607320712e-14
1.2463118072870685e-13
2.3795303235198047e-13
3.5131390200742106e-13
4.647325142939429e-13
5.78227797403078e-13
6.91818811799893e-13
8.055250429832538e-13
9.193660951680888e-13
1.0333625224937496e-12
1.1475345573154456e-12
1.2619037891280876e-12
1.3764916407557488e-12
1.4913208754905713e-12
1.60641460117661e-12
1.7217975469149275e-12
1.837494117328891e-12
1.9535311385771373e-12
2.0699356483421607e-12
2.1867366509259513e-12
2.303964620645393e-12
2.42165046219714e-12
2.5398281701654188e-12
2.6585326237550773e-12
2.7778032799008626e-12
2.8976762449115654e-12
3.018195488384992e-12
3.1394075014659862e-12
3.261359627687164e-12
3.384101053403833e-12
3.5076875448208717e-12
3.632178554745755e-12
3.757634147073921e-12
3.884129220544323e-12
4.011729587844008e-12
4.140509120381491e-12
4.270563380692626e-12
4.401980396706068e-12
4.534853974936521e-12
4.6692911762370644e-12
4.805411887393915e-12
4.943334333198084e-12
5.083200010337847e-12
5.2251360990297424e-12
5.3693433766008204e-12
5.5159389067450535e-12
5.665131788414825e-12
5.817150883181291e-12
5.972229740352435e-12
6.1305067635943265e-12
6.292340977136128e-12
6.4579995831205515e-12
6.627751154936668e-12
6.802036205684015e-12
6.980988994467078e-12
7.1653388300988305e-12
7.35533175182531e-12
7.551441263366372e-12
7.754224348759587e-12
7.964232745519075e-12
8.182124731892679e-12
8.408515675032419e-12
8.644185831825858e-12
8.88996635425514e-12
9.146678086375691e-12
9.415275602626148e-12
9.696899285262528e-12
9.99259272742546e-12
1.030363794873935e-11
1.0631427521174612e-11
1.0977439979818296e-11
1.1343246405634727e-11
1.1730578882778815e-11
1.2141543420447298e-11
1.2578113791185055e-11
1.3042586770091044e-11
1.3537565746888742e-11
1.4065628074095427e-11
1.463000307844796e-11
1.5233657596313508e-11
1.588017155313764e-11
1.6573600023120885e-11
1.7318034647492043e-11
1.8118020087821073e-11
1.897858080089199e-11
1.9905082622424793e-11
2.0903527734224844e-11
2.198026419491255e-11
2.314226784722454e-11
2.4397223629492147e-11
2.57530126276663e-11
2.7219032192405307e-11
2.8804785847436152e-11
3.052064398168145e-11
3.2378124012388624e-11
3.439009728164653e-11
3.656920546623689e-11
3.8930307754715834e-11
4.1489149188895433e-11
4.4262070477546086e-11
4.7268109871571605e-11
5.052667703879393e-11
5.4058679191644324e-11
5.788797744979792e-11
6.203857244404649e-11
6.653688699779765e-11
7.141079376379244e-11
7.669215891709e-11
8.241226815215841e-11
8.860655930310807e-11
9.531238792729668e-11
1.025686025986679e-10
1.104180429879241e-10
1.18904841652753e-10
1.2807677642387207e-10
1.3798343908055211e-10
1.486771546003714e-10
1.602138098629544e-10
1.7265277243111913e-10
1.8604891570347603e-10
2.0047101224056547e-10
2.159811453089704e-10
2.326456782048112e-10
2.5053707910717854e-10
2.6971478236046197e-10
2.902577907967009e-10
3.122342063723943e-10
3.357117056183486e-10
3.607580624807337e-10
3.8744104298471357e-10
4.1581727425057775e-10
4.459453674555634e-10
4.778753267884768e-10
5.116459379794816e-10
5.472826095446551e-10
5.848113745828383e-10
6.242293832545314e-10
6.655245314370537e-10
7.08657062397284e-10
7.535668350648915e-10
8.001723607360207e-10
8.483461687482937e-10
8.979377343590553e-10
9.487672287270512e-10
1.00058298270324e-9
1.0531013812207928e-9
1.1059971836445495e-9
1.1588598350244277e-9
1.210879149629522e-9
1.2626010637893073e-9
1.3123578274287683e-9
1.3598295417556384e-9
1.4042459718854368e-9
1.4447926715494233e-9
1.4805416756056522e-9
1.5104858682955613e-9
1.5335451747255728e-9
1.5488086089274803e-9
1.5544784367943892e-9
1.5499824806306178e-9
1.533977607880228e-9
1.5054266201078876e-9
1.4634654094431438e-9
1.4075819926767172e-9
1.3377108183038534e-9
1.2544855993838298e-9
1.1594237998821074e-9
1.0552501530402836e-9
9.460920960244885e-10
8.377141379133208e-10
7.374872664936891e-10
6.544310660610671e-10
5.987699125978265e-10
5.817092029741003e-10
6.154436786689849e-10
7.151865373497298e-10
9.056028688832786e-10
1.2386188328601165e-9
1.8436073776087056e-9
3.0981500081944797e-9
6.4560380625876216e-9
2.2226631330038602e-8
1.9048024856745262e-6
3.2541247646623347e-8
6.787793506457868e-9
2.7348334651309106e-9
1.4150086673559851e-9
8.326560799297738e-10
5.27184148967785e-10
3.467965013828812e-10
2.282039675235404e-10
1.833188992356777e-8
4.579096324151048e-8
5.619647489947235e-8
6.158433028605685e-8
6.452124553626879e-8
6.599147172939998e-8
6.672404600586497e-8
6.670548323053265e-8
6.654893009300872e-8
6.576694928402779e-8