4.4792045307356474e-13
4.9341741455571234e-12
9.455738148174996e-12
1.4044985787366823e-11
1.8734880014297703e-11
2.3559046464126042e-11
2.8552318254974053e-11
3.375068528805341e-11
3.919169857779592e-11
4.491557133544305e-11
5.096281623317622e-11
5.7378288547607356e-11
6.420968318505442e-11
7.150538174102078e-11
7.932054984931447e-11
8.771124151849588e-11
9.674041211093672e-11
1.0647317231367215e-10
1.1698409072000506e-10
1.283474876906244e-10
1.406421404803933e-10
1.539651095416e-10
1.6841636647642068e-10
1.8407407509050035e-10
2.0107752372330057e-10
2.1953695646507258e-10
2.3958618254339245e-10
2.592317079787269e-10
2.827061127499184e-10
3.107034578328001e-10
3.386015643180948e-10
3.6889640903442155e-10
4.017810247154221e-10
4.3747721225699927e-10
4.762059653813412e-10
5.182005564136906e-10
5.637136379375281e-10
6.130299704259368e-10
6.664389475647242e-10
7.242089734793361e-10
7.866785054798053e-10
8.541936318372121e-10
9.270548847002292e-10
1.005684910779026e-9
1.0904160461941091e-9
1.1816054728833863e-9
1.2796883825817287e-9
1.3850289654599587e-9
1.4980571590920215e-9
1.6191383491741633e-9
1.7486731228394968e-9
1.8870433770058683e-9
2.034624692424713e-9
2.1917167230175845e-9
2.358673631243424e-9
2.53565830114057e-9
2.7229655725292706e-9
2.9207132029369053e-9
3.1289534748338565e-9
3.34760737296714e-9
3.576660651565847e-9
3.815651330889476e-9
4.064286558724197e-9
4.321835384498527e-9
4.58778007294171e-9
4.860948285980358e-9
5.140124195625806e-9
5.423837417940378e-9
5.7103328839874755e-9
5.99714316128147e-9
6.282961395831652e-9
6.563936228738727e-9
6.83722115379529e-9
7.0991714857158445e-9
7.346480897862749e-9
7.572982477154058e-9
7.775305753398699e-9
7.947533829159008e-9
8.083998745410595e-9
8.178383862379427e-9
8.224232156520147e-9
8.214595990918414e-9
8.1407992254192e-9
8.00155483217048e-9
7.788273990367495e-9
7.495021627950026e-9
7.1204491361579575e-9
6.665248698082964e-9
6.134477544819341e-9
5.539165701354054e-9
4.8979219443366e-9
4.238682754323682e-9
3.599518323411182e-9
3.0286179305999577e-9
2.582652630047132e-9
2.323812875730933e-9
2.318250143627715e-9
2.6431046298251186e-9
3.4210197559883e-9
4.932903473326924e-9
7.987426036147668e-9
1.54775137297504e-8
4.3612471689668435e-8
4.877632801074832e-7
2.3946345040032844e-7
3.135313263324115e-8
1.1328691894583507e-8
5.65052373488454e-9
3.3062893065743144e-9
2.1267855493586688e-9
1.4554120857264014e-9
1.0394516886593417e-9
7.651573094340952e-10
5.752989265049579e-10
4.3852809876959986e-10
3.364029867254214e-10
2.572057701814562e-10
1.9219426882887278e-10
1.2407888036056676e-10
5.0878477289537835e-8
6.700306620996657e-8
7.678855602497808e-8
8.30855666474788e-8
8.721390767962108e-8
9.020598878967249e-8
9.217790461779647e-8
9.3314426139055e-8
9.368633743503608e-8
9.40201724975737e-8
9.410005518614109e-8
9.36087032399434e-8
9.265813207448524e-8
9.26124784876667e-8
9.074220387728379e-8
9.082789911374852e-8
8.977792401091131e-8
8.884933515369903e-8
8.753243649497383e-8
8.622641853523025e-8
8.559540801477178e-8
8.454081475564192e-8
8.385844446424039e-8
8.206703157456457e-8
8.112680003127294e-8
7.967479500877986e-8
7.891340442773725e-8
7.710006188294152e-8
7.656549422023347e-8
7.578007522752185e-8
7.450346602078733e-8
7.374782618643618e-8
7.264476478830491e-8
7.175457058606325e-8
7.082518489463585e-8
7.051630197444286e-8
6.883931207070498e-8
6.829364547457607e-8
6.738577053096242e-8
6.637687055998803e-8
6.532439849956071e-8
6.441247225187767e-8
6.39069131209043e-8
6.300063498795937e-8
6.22870918137204e-8
6.138540009443454e-8
6.077090088776991e-8
6.001967155737198e-8
5.930858601435722e-8
5.844817180254754e-8
5.781817464435846e-8
5.7101433313973294e-8
5.636130431851898e-8
5.571123351441966e-8
5.5046467222622396e-8
5.442216688092351e-8
5.3758901381919556e-8
5.312174462908411e-8
5.2455187686428776e-8
5.192323169136438e-8
5.125087096951469e-8
5.0629346321838884e-8
5.0106232414004744e-8
4.9534808122377234e-8
4.891237233651026e-8
4.836827486983705e-8
4.7793519405531595e-8
4.729625729006767e-8
4.676779519299403e-8
4.619960155125945e-8
4.5670711134086966e-8
4.51587246480425e-8
4.469219217881553e-8
4.4212179665214486e-8
4.3714468416176973e-8
4.321811586774665e-8
4.2736392676819286e-8
4.2223333415199825e-8
4.181636705651581e-8
4.138206250468332e-8
4.0945448986908644e-8
4.050211486629752e-8