2.807477465121056e-10
3.0903554277231715e-9
5.910454977061697e-9
8.750456035562177e-9
1.1619010466521059e-8
1.4523977250398896e-8
1.7472167919689845e-8
2.0468878404615288e-8
2.3517606021945038e-8
2.6620173904055535e-8
2.9775514703545244e-8
3.298062869261636e-8
3.622864451108598e-8
3.9510418145139455e-8
4.28116688156479e-8
4.611554035468879e-8
4.9400402449785865e-8
5.26397035784417e-8
5.580440464052383e-8
5.885610345250914e-8
6.175517016488299e-8
6.445545754495554e-8
6.690528877375888e-8
6.904738557546798e-8
7.081948566691846e-8
7.215373573340185e-8
7.297932316022268e-8
7.321936304661745e-8
7.279545944012049e-8
7.162947322492566e-8
6.964672985332353e-8
6.678164626955509e-8
6.298653244396086e-8
5.824554076209055e-8
5.2592582095516106e-8
4.613637184272388e-8
3.909288158857084e-8
3.181578137571228e-8
2.4822402327240143e-8
1.8786528519774393e-8
1.4482431372534423e-8
1.2672076841078544e-8
1.4020290234058865e-8
1.9353715640212305e-8
3.11689073968064e-8
5.973660072783792e-8
1.6124970345025667e-7
1.3597379403320959e-6
1.5192690187056276e-6
1.5772707227736723e-7
5.4918683450583774e-8
2.720700831361462e-8
1.5989426972056144e-8
1.0394033298618446e-8
7.220609106956269e-9
5.256726811211682e-9
3.9620461426273e-9
3.066604914514315e-9
2.4235404945892088e-9
1.947502826877481e-9
1.58619967611708e-9
1.3061759816470593e-9
1.0852402830358205e-9
9.082131489917833e-10
7.6443201193885e-10
6.462297400042506e-10
5.479751241547972e-10
4.6544854424763913e-10
3.9542232980529715e-10
3.3536624460987135e-10
2.8322292700762926e-10
2.371976370707222e-10
1.954401603734268e-10
1.549580051109286e-10
3.0233197561902556e-8
6.70373059235108e-8
8.584008228704456e-8
9.831653473428305e-8
1.0724674822173188e-7
1.1364549843645047e-7
1.1855705329538428e-7
1.219644763467915e-7
1.2477580717998025e-7
1.2637441109957735e-7
1.275254708589618e-7
1.286494465037091e-7
1.2904141654449694e-7
1.2893293997713297e-7
1.285376363182981e-7
1.2860290882846573e-7
1.274716265735958e-7
1.2725622200216694e-7
1.2631895570251785e-7
1.254984643950786e-7
1.2389856774368331e-7
1.230325519187686e-7
1.2204020155156736e-7
1.2105828210180713e-7
1.2008324837465117e-7
1.186626711804906e-7
1.1781039126353235e-7
1.164774843601654e-7
1.148144656784851e-7
1.1369922761428386e-7
1.1271800746777033e-7
1.1099784372133308e-7
1.0981491300860399e-7
1.0895909823704332e-7
1.0725446045531918e-7
1.061470824656882e-7
1.0467372135708033e-7
1.031993376462496e-7
1.02241222161967e-7
1.0097955339231115e-7
9.976963117589147e-8
9.828839385276319e-8
9.727257722177776e-8
9.534400281344195e-8
9.483512250783923e-8
9.3624806538107e-8
9.224442110276334e-8
9.123233140546671e-8
8.9941206028e-8
8.888820437519145e-8
8.780572638866395e-8
8.643138789805309e-8
8.544019050071982e-8
8.434488193392078e-8
8.325609626550774e-8
8.220800410566636e-8
8.11548410680651e-8
8.003692646523768e-8
7.92379981293492e-8
7.800486151147493e-8
7.706145989260674e-8
7.606752968779618e-8
7.505371569399968e-8
7.416023894706254e-8
7.317038341865993e-8
7.22443415469098e-8
7.138068950765758e-8
7.040903240495175e-8
6.955892226745725e-8
6.866036721548774e-8
6.776443591460354e-8
6.692908125150688e-8
6.6063472768395e-8
6.523222371376196e-8
6.441939336763463e-8
6.362855399758792e-8
6.282777676289636e-8
6.203908791637996e-8
6.129215014119697e-8
6.051805173109044e-8
5.970123116541373e-8
5.900376531862623e-8
5.830756160152085e-8
5.7595455375550775e-8
5.685987782662289e-8
5.616701089961531e-8
5.5464905896235e-8
5.4821892059244507e-8
5.415881994672623e-8
5.349852323996665e-8
5.282778720536746e-8
5.212915262178664e-8
5.153838290826269e-8
5.095441251973565e-8
5.034906617884468e-8
4.97574669456795e-8
4.9146902505382954e-8
4.855718913307431e-8
4.7984493934886824e-8
4.739250446876678e-8
4.6857679113600104e-8
4.6315679488698805e-8
4.5786075627881785e-8
4.525135618984097e-8
4.4717692207397425e-8
4.418429261546862e-8
4.3645147225499476e-8
4.316863707315908e-8
4.2678480229054776e-8
4.2188141809156726e-8
4.171085323467111e-8
4.1230091024424074e-8
4.076791919800486e-8
4.02949679521566e-8
3.983091618854737e-8
3.938593134094335e-8
3.895017465358537e-8
3.850946728204522e-8
3.808730946795993e-8
3.7654649877192666e-8
3.7230790746331526e-8
3.682612069100819e-8
3.6424720301871505e-8
3.601476020837715e-8
3.5621954554754255e-8
3.522958798371947e-8
3.485099073984601e-8