3.1643750661927925e-10
3.4829350569742857e-9
6.659926351670535e-9
9.856699819268994e-9
1.3081654454386664e-8
1.634225879979635e-8
1.9644736610721072e-8
2.2993587439152445e-8
2.6390718504589088e-8
2.983666010274033e-8
3.332849000248192e-8
3.685953090972978e-8
4.042136873587307e-8
4.3999766866843514e-8
4.7578339468823707e-8
5.113250364576449e-8
5.463866145421625e-8
5.806174362753611e-8
6.136722323346729e-8
6.451077535986925e-8
6.744420137625274e-8
7.01139720033356e-8
7.245968136603771e-8
7.441632650507977e-8
7.591263774981227e-8
7.687112161333037e-8
7.723309496218441e-8
7.685770218669063e-8
7.571886902076812e-8
7.371392529920876e-8
7.077503497160615e-8
6.684985161818449e-8
6.191411386479374e-8
5.5999012934898184e-8
4.921195826162923e-8
4.177128066903969e-8
3.4041920235704813e-8
2.6562459154417287e-8
2.0043276483314073e-8
1.530829135597257e-8
1.3173277751451267e-8
1.4338607852800334e-8
1.961576452058102e-8
3.139825762916592e-8
5.958842506063229e-8
1.5717835036491514e-7
1.18713771717273e-6
1.9205373662723383e-6
1.739955207558715e-7
5.907630975639957e-8
2.8963679693486064e-8
1.6927359397455714e-8
1.096666364180536e-8
7.601705441044468e-9
5.525987657573357e-9
4.160795146437733e-9
3.218267840933909e-9
2.5423295078117486e-9
2.0425129243195574e-9
1.6635074463609947e-9
1.3699883158949788e-9
1.138558118100247e-9
9.532327933273303e-10
8.027974221505546e-10
6.791966418019242e-10
5.765212714313165e-10
4.903503698517611e-10
4.1731073775588393e-10
3.5477073261091077e-10
3.006133247582984e-10
2.5304071916373285e-10
2.1033168693602602e-10
1.702437524176579e-10
1.2517158106749607e-10
5.7019719810263535e-8
7.998721495256148e-8
9.433259211455742e-8
1.0447547635695642e-7
1.1181517199434117e-7
1.1718747268182515e-7
1.2136620009064943e-7
1.2414985255253524e-7
1.2609954033423676e-7
1.278494774939141e-7
1.2902166212267877e-7
1.2953712575623645e-7
1.2955775949215788e-7
1.2947775725952707e-7
1.291750297937102e-7
1.289824583113365e-7
1.2804612201548585e-7
1.274127338449435e-7
1.2636236200896666e-7
1.257663511285336e-7
1.2477490655896597e-7
1.237449630771677e-7
1.2290173570654564e-7
1.2100731534682703e-7
1.2008256624685994e-7
1.1878526051747938e-7
1.1741086688796536e-7
1.1650103720302776e-7
1.151550947280883e-7
1.134018639303079e-7
1.1245800782590884e-7
1.1127710361770788e-7
1.0953551310131784e-7
1.0857632998582178e-7
1.0722877000291355e-7
1.0595966904001162e-7
1.0456493000119214e-7
1.0356208999250999e-7
1.018162509045935e-7
1.0093687038909379e-7
9.938830751769877e-8
9.828748849656957e-8
9.709232648952002e-8
9.574489938700555e-8
9.475672999573343e-8
9.325896960319296e-8
9.233886977844085e-8
9.112172091567204e-8
8.941880813480842e-8
8.878731907317669e-8
8.757999034437077e-8
8.644365842254954e-8
8.535512935500698e-8
8.425956820876291e-8
8.310750333638569e-8
8.205565932993216e-8
8.105334694786096e-8
7.996437494154148e-8
7.898058389372264e-8
7.789451645691845e-8
7.694808129112794e-8
7.593299102275119e-8
7.499051550246491e-8
7.401465582229394e-8
7.2995110560254e-8
7.214323322902781e-8
7.125118026266709e-8
7.029046446806055e-8
6.944184590032272e-8
6.853211550331553e-8
6.765526214542492e-8
6.6814302903163e-8
6.597164969628395e-8
6.511349878863612e-8
6.427112472253262e-8
6.351446738573152e-8
6.270048016900729e-8
6.192067494712859e-8
6.118260150875366e-8
6.040799314406893e-8
5.9542984919452386e-8
5.8907021916458695e-8
5.8200367258108845e-8
5.7477554152500074e-8
5.673946203588727e-8
5.606474463222156e-8
5.537553126137363e-8
5.471569516720211e-8
5.4055306056668114e-8
5.3388721221046075e-8
5.2709448447604313e-8
5.20531194849264e-8
5.14607684790937e-8
5.08483399446372e-8
5.0252397916526074e-8
4.965051858413597e-8
4.905561584028858e-8
4.8450611467324336e-8
4.7871450850285835e-8
4.731375961535577e-8
4.677195252363134e-8
4.622310102170294e-8
4.5682275353602305e-8
4.514432530539966e-8
4.4612946297410076e-8
4.4083926968346815e-8
4.356809230758062e-8
4.3069012559512236e-8
4.2578690980769173e-8
4.2097415085076346e-8
4.16102042605478e-8
4.114427681900095e-8
4.06654595390505e-8
4.0201693274822715e-8
3.974885539482455e-8
3.930331732226513e-8
3.886097504957848e-8
3.8426105429318616e-8
3.7993379816514674e-8
3.7571508721092485e-8
3.7150281290211704e-8
3.6744660806478724e-8
3.632825195417415e-8
3.5933340745515715e-8
3.553786284663717e-8
3.514956522849164e-8
3.476820534305273e-8