4.990495084763655e-14
5.492099886851811e-13
1.0497926964778319e-12
1.5528289515223774e-12
2.0595117461561444e-12
2.5710676016504468e-12
3.0887582426610594e-12
3.61388503348773e-12
4.147849259055088e-12
4.692085069469115e-12
5.2480693647083375e-12
5.817598083712205e-12
6.4022362539269085e-12
7.003907708818247e-12
7.62462601423683e-12
8.266572579385e-12
8.932035490379215e-12
9.623523131941475e-12
1.0343713183176802e-11
1.1095861446339884e-11
1.1882755094504286e-11
1.2708419321258724e-11
1.3576217916140634e-11
1.449056033579532e-11
1.5455789510512852e-11
1.6477101235642784e-11
1.7559688752403145e-11
1.8709474511287112e-11
1.9932827026305758e-11
2.1236857556729695e-11
2.262915043295588e-11
2.4117811124853026e-11
2.571228104284507e-11
2.74220005214374e-11
2.925806230797531e-11
3.12321642768196e-11
3.33570493184399e-11
3.5646297858261384e-11
3.811553147853056e-11
4.078130746146763e-11
4.366147496374758e-11
4.6775298158196326e-11
5.014471241756433e-11
5.379155294579724e-11
5.774179976965886e-11
6.20225166949569e-11
6.666257934591349e-11
7.16957454741827e-11
7.715425390933207e-11
8.307716566279726e-11
8.950492839470375e-11
9.648152562394683e-11
1.040533569815741e-10
1.1227294752041813e-10
1.2119284380140496e-10
1.3087838177838187e-10
1.4138804931030812e-10
1.5279142549557216e-10
1.6516454710968047e-10
1.78583479869604e-10
1.9313569396773835e-10
2.0891236148909845e-10
2.260076319727616e-10
2.4452432556487997e-10
2.645736548707396e-10
2.862680214839861e-10
3.097415859464734e-10
3.351098570976175e-10
3.6251821337690524e-10
3.921070885238573e-10
4.240248044184081e-10
4.5842964239913137e-10
4.95492230458352e-10
5.353636397174029e-10
5.782155313954761e-10
6.242587241713537e-10
6.736318817801632e-10
7.265281179217833e-10
7.831326760946984e-10
8.436186250054334e-10
9.081456625253722e-10
9.768869846434356e-10
1.0499920785770752e-9
1.127610112125974e-9
1.2098450844980364e-9
1.2967965500905525e-9
1.3885219825199654e-9
1.4850567691518755e-9
1.5864051421702287e-9
1.6924752379544177e-9
1.8031726409401585e-9
1.9183234503647646e-9
2.0376655818351616e-9
2.1608603100784894e-9
2.281761563948381e-9
2.416982760087201e-9
2.548728087105435e-9
2.681933034883425e-9
2.8156718079492175e-9
2.948899391472967e-9
3.080360715474135e-9
3.208764285409918e-9
3.3321279787844985e-9
3.4491004647169346e-9
3.5574936677045274e-9
3.655124955234624e-9
3.7395523330922565e-9
3.808203094642422e-9
3.8582067963938675e-9
3.8866606826035965e-9
3.890470117398971e-9
3.86614826362685e-9
3.812198440636853e-9
3.7244271889631144e-9
3.601269766077683e-9
3.441519470955877e-9
3.2451607492880686e-9
3.0142478677839275e-9
2.7530784231653577e-9
2.4694061229045485e-9
2.1747573861569187e-9
1.885039327240613e-9
1.6205848134963098e-9
1.40567733808569e-9
1.2674584789601686e-9
1.2350518048518413e-9
1.340859927148844e-9
1.629110579536675e-9
2.183775659641777e-9
3.21056862232629e-9
5.307743949646308e-9
1.0694704507857982e-8
3.3401122912979936e-8
8.009199683950892e-7
8.585379216473307e-8
1.5100590658683272e-8
5.840850210858629e-9
2.9904228723809925e-9
1.7674026131054647e-9
1.138089181082069e-9
7.743885881664753e-10
5.462039908671334e-10
3.936224359816532e-10
2.8561816057830375e-10
2.0353553878970853e-10
1.4914164975995394e-8
4.919540989509226e-8
6.251571103699702e-8
7.018294365228875e-8
7.492083312276454e-8
7.7907824939913e-8
7.972952908892389e-8
8.063723857274573e-8
8.101197485755276e-8
8.125558819967581e-8
8.082560540059772e-8
8.056628402703431e-8
7.99319696624931e-8
7.886376179682207e-8
7.816729065802625e-8
7.759679185982766e-8
7.602731358892448e-8
7.520220622627647e-8
7.36200528922498e-8
7.292735423986478e-8
7.209898847508502e-8
7.110652015405057e-8
6.997013114851211e-8
6.840400117652128e-8
6.827110455245762e-8
6.733765199115148e-8
6.565666218148701e-8
6.51988490236339e-8
6.426802726476945e-8
6.33831414052746e-8
6.209103492428402e-8
6.15355605763707e-8
6.073378232929729e-8
5.975742341360296e-8
5.902726639823466e-8
5.802095955981568e-8
5.725003898800638e-8
5.6589964264451774e-8
5.574765184774253e-8
5.5022393528377416e-8
5.444113969832197e-8
5.3828835477821445e-8
5.297276465894451e-8
5.2283779594304044e-8
5.17094236967054e-8
5.100124318586879e-8
5.0471263342027534e-8
4.971329046891959e-8
4.912788613954009e-8
4.8505757128401436e-8
4.797113503485771e-8
4.735157934008652e-8
4.68356789061321e-8
4.621721161941569e-8
4.567529522714035e-8
4.5149167176297295e-8