2.2201264800276034e-14
2.4424229329684163e-13
4.664253396324212e-13
6.888805617505313e-13
9.117398421028255e-13
1.135137746018848e-12
1.3592124903705666e-12
1.5841059840642477e-12
1.809969944093591e-12
2.0369538893072834e-12
2.265226660857589e-12
2.494956103768525e-12
2.726327203170143e-12
2.95952797464701e-12
3.194768496272648e-12
3.4322631943353468e-12
3.672261422397402e-12
3.914999129519325e-12
4.160753633512435e-12
4.4098289779169464e-12
4.662538838706503e-12
4.91922703881584e-12
5.180266173775903e-12
5.446065901329581e-12
5.717097133177227e-12
5.993736179936483e-12
6.276598515404982e-12
6.566221608484121e-12
6.863252971479181e-12
7.168297901901036e-12
7.482205440596215e-12
7.805674181507964e-12
8.139581760571552e-12
8.484980119892028e-12
8.842757588045822e-12
9.21416171321609e-12
9.600377049281042e-12
1.0002825434797228e-11
1.0422842416667978e-11
1.0862328013684503e-11
1.1322730551510562e-11
1.1806075520525565e-11
1.2314622940300655e-11
1.2850513491916809e-11
1.3416283181912393e-11
1.4014653098675473e-11
1.464872384813974e-11
1.5321591628120434e-11
1.603691787666797e-11
1.679863586530741e-11
1.7610907922168895e-11
1.847836537851803e-11
1.9406139011213e-11
2.0399669256772496e-11
2.1464952477259275e-11
2.2608521720707665e-11
2.3837508150892896e-11
2.5159737603086538e-11
2.658375527972492e-11
2.8118499310151586e-11
2.9774051525860826e-11
3.1561560734565395e-11
3.3492656512498044e-11
3.558004908479277e-11
3.783827543377145e-11
4.0282015652678605e-11
4.2927532821133183e-11
4.579442413347867e-11
4.889882255819655e-11
5.2264353351123075e-11
5.59128456605665e-11
5.986930978800225e-11
6.41595997628824e-11
6.881362240062401e-11
7.386139035176864e-11
7.933611092588709e-11
8.527372611927003e-11
9.171537974872854e-11
9.869970474821203e-11
1.062728941452581e-10
1.1448287386482569e-10
1.2338037679626342e-10
1.3302165862644214e-10
1.4346280690935226e-10
1.5476870553093481e-10
1.6700695747450556e-10
1.8024558773997863e-10
1.9456122086983152e-10
2.1003174576253633e-10
2.2674097325302803e-10
2.4477818846374927e-10
2.6423397508281815e-10
2.8520616899384355e-10
3.0778954252626294e-10
3.320976024273752e-10
3.5822053015915913e-10
3.8627695600322875e-10
4.16384790305715e-10
4.4865214908793547e-10
4.831951724846472e-10
5.201146963649285e-10
5.59528465372251e-10
6.015366797055353e-10
6.46245021030091e-10
6.937498560897558e-10
7.441136190670312e-10
7.974430839980313e-10
8.537570883011684e-10
9.130986629494901e-10
9.75472569510741e-10
1.0408070175898356e-9
1.109269118245902e-9
1.1805345640237178e-9
1.2545533270977937e-9
1.3311671741949938e-9
1.4101250351869818e-9
1.4911296625803206e-9
1.5738460832020937e-9
1.6578103601483578e-9
1.7425196733023386e-9
1.827332738288404e-9
1.911668944139593e-9
1.9944746961278434e-9
2.0750102942064e-9
2.1521634962450976e-9
2.224759714734268e-9
2.2915332169236422e-9
2.3509321987571476e-9
2.401484693651969e-9
2.441478527966283e-9
2.4690802780282727e-9
2.4824333389014707e-9
2.4795851692521484e-9
2.4587078202452e-9
2.417909887591593e-9
2.3557690535182143e-9
2.2710983600026435e-9
2.163530760163357e-9
2.0335348060438464e-9
1.882946092626071e-9
1.7153551489442072e-9
1.5365273607756306e-9
1.3547401101753847e-9
1.1810170665970688e-9
1.0290820683670117e-9
9.148331854801713e-10
8.557757067420024e-10
8.707417760376693e-10
9.817624230316308e-10
1.2217915877150947e-9
1.6574802343686904e-9
2.45426849106054e-9
4.094354816932778e-9
8.401763722438065e-9
2.7629886190971956e-8
1.162571672408073e-6
5.203570182667558e-8
1.0110972253556558e-8
4.007247866437776e-9
2.0675714415832857e-9
1.222343757633841e-9
7.831930580481696e-10
5.272896961330297e-10
3.6494639473198943e-10
2.5372789936876277e-10
1.6713621226502054e-10
3.87634960280674e-8
5.516116999346749e-8
6.357187256222277e-8
6.845236559209977e-8
7.124329696641917e-8
7.278765718886136e-8
7.371711020591618e-8
7.403856117424529e-8
7.376603663121303e-8
7.34330798416874e-8
7.289207267921744e-8
7.200611761061539e-8
7.111097665394558e-8
7.014855922347681e-8
6.942086963679659e-8
6.847434747116336e-8
6.730008889569806e-8
6.629008497535397e-8
6.534969527878526e-8
6.431889877497915e-8
6.322868220196349e-8
6.231222053222941e-8
6.14687500640189e-8
6.054688912813081e-8
5.967939895553792e-8
5.8722550598436584e-8
5.743354311383803e-8
5.7034049394253205e-8
5.577160462311432e-8
5.511220723048927e-8
5.435642477997656e-8
5.3640078265826065e-8
5.251670047809373e-8
5.1803922192226584e-8
5.121491178842383e-8