7.252541483590225e-14
7.983240589060159e-13
1.5268512338800755e-12
2.2606051115826826e-12
3.002137789868125e-12
3.754056189517938e-12
4.51903577085885e-12
5.299957987047959e-12
6.099678860664837e-12
6.921306570236759e-12
7.768122396222406e-12
8.643648350903121e-12
9.551550795754643e-12
1.0495851621537703e-11
1.148074811943557e-11
1.2511030525461497e-11
1.3591573902297332e-11
1.4727594335970228e-11
1.5925476659166193e-11
1.719112227800932e-11
1.8531466634935937e-11
1.9954118648432526e-11
2.1467092465828468e-11
2.307942070549347e-11
2.480054577186843e-11
2.6641284046988608e-11
2.861291231760249e-11
3.072797174420486e-11
3.300011134035584e-11
3.5443550056415304e-11
3.8075240038958854e-11
4.0911872515528076e-11
4.397380411915053e-11
4.72802992229294e-11
5.085474654965524e-11
5.472152675719674e-11
5.890780062270205e-11
6.344186839493205e-11
6.835523799115157e-11
7.36827133217177e-11
7.945870650865543e-11
8.572937794485341e-11
9.253496005493322e-11
9.991696031924788e-11
1.0793041944656837e-10
1.1663762890809588e-10
1.2608952862223032e-10
1.3635125099458825e-10
1.4749237525214609e-10
1.5958742911775198e-10
1.7271682315369826e-10
1.8696643667134106e-10
2.0242809106371055e-10
2.191999165268185e-10
2.373869828729936e-10
2.571058306142329e-10
2.784732805763015e-10
3.016106599042248e-10
3.2666934816583124e-10
3.5377796049381173e-10
3.8309648572727183e-10
4.1477873260491807e-10
4.490002363820307e-10
4.859219665864723e-10
5.257468488419984e-10
5.686683220590665e-10
6.148473958527535e-10
6.645161402572703e-10
7.178778823323001e-10
7.751498940990201e-10
8.365361969066144e-10
9.022472473738654e-10
9.724540375040794e-10
1.0474324391261053e-9
1.127334295893722e-9
1.2123427107607953e-9
1.3026357202037804e-9
1.398350664770747e-9
1.4996148203438626e-9
1.6064941216902911e-9
1.71902598770241e-9
1.8372241311822969e-9
1.9610210226983714e-9
2.0902952395433777e-9
2.2248392671020097e-9
2.3643716434622398e-9
2.508497843938354e-9
2.656731006600439e-9
2.8084889810445754e-9
2.9629800689940873e-9
3.1193458877422305e-9
3.276503907889323e-9
3.433224250135837e-9
3.5880847646005465e-9
3.739571877699153e-9
3.885688804745198e-9
4.024101731504366e-9
4.152952599731365e-9
4.26950468406673e-9
4.37094461165736e-9
4.454249285045054e-9
4.516070216071751e-9
4.552980681799417e-9
4.561396077558219e-9
4.536949445019859e-9
4.4783829377460655e-9
4.380206772791744e-9
4.240508323060864e-9
4.057694905710104e-9
3.8314506953859115e-9
3.5637189176890157e-9
3.2591685042889335e-9
2.9261917686212653e-9
2.577697080604999e-9
2.231707620145708e-9
1.911537566103941e-9
1.6453460015661462e-9
1.4648709844545568e-9
1.4042242374510508e-9
1.500829463477676e-9
1.8040498842582398e-9
2.4048718656571393e-9
3.5243583268151514e-9
5.804627608585394e-9
1.1610263875606074e-8
3.5539648823175873e-8
7.133380573926338e-7
1.0416254945349422e-7
1.7500803129856225e-8
6.694429626620578e-9
3.4136808099166572e-9
2.015312976027788e-9
1.2986026948811736e-9
8.855754040443823e-10
6.271607101714092e-10
4.5504716105117224e-10
3.3421501658379453e-10
2.446694210848303e-10
1.7178764190569278e-10
3.4946217413752844e-8
5.637328815546247e-8
6.731824667094179e-8
7.399102548991839e-8
7.815624750735385e-8
8.089667312873013e-8
8.255726740584418e-8
8.343121839303672e-8
8.332526897600975e-8
8.382138740063324e-8
8.338119248520715e-8
8.302623093754815e-8
8.230083444228537e-8
8.158278477777519e-8
8.072535395182372e-8
7.97319017053817e-8
7.86246380286549e-8
7.763193592801427e-8
7.649547441429301e-8
7.568650718939596e-8
7.453863369934002e-8
7.348058227708117e-8
7.280366519186769e-8
7.18382102234606e-8
7.062113488758571e-8
6.936166405984614e-8
6.882507850097503e-8
6.770059044108629e-8
6.672281722373318e-8
6.570579468050158e-8
6.449697853740303e-8
6.403411972516673e-8
6.278757281326757e-8
6.2170630634475e-8
6.112758753239581e-8
6.032417807021009e-8
5.983689192880422e-8
5.876456676247983e-8
5.8153042376517783e-8
5.737748934930234e-8
5.674312608025471e-8
5.584120490468323e-8
5.541218280297298e-8
5.458440645313941e-8
5.3700792092372535e-8
5.3066365337582335e-8
5.247266589151577e-8
5.183500857926177e-8
5.1114083827216565e-8
5.0484004985929475e-8
4.9865733919748174e-8
4.930801921968895e-8
4.862694052919986e-8
4.8132120425386685e-8
4.755166837044386e-8
4.6894593263045906e-8
4.646430015129188e-8
4.593327416487423e-8
4.5346783372105924e-8
4.483626028446004e-8
4.4354427185779056e-8
4.386035744325716e-8