5.2420194400729194e-12
5.7755813667656036e-11
1.1073748737035835e-10
1.6461392455278883e-10
2.1982497593306255e-10
2.768063305304704e-10
3.360136561153195e-10
3.9789337800811897e-10
4.629266224575907e-10
5.316615915436267e-10
6.045529685679331e-10
6.821533029680526e-10
7.650043429343285e-10
8.536948865660329e-10
9.489018271130788e-10
1.0512114313922034e-9
1.1612644269071341e-9
1.2798047128876838e-9
1.407498126891623e-9
1.5452221016221769e-9
1.6936771842980902e-9
1.8537352654402404e-9
2.026191265075839e-9
2.2119304372928493e-9
2.4118987808052225e-9
2.6269283156240927e-9
2.85796002477099e-9
3.105892959489313e-9
3.3716981196731786e-9
3.6561531331876738e-9
3.960185692475712e-9
4.284483082338457e-9
4.6299005141201026e-9
4.996946075516822e-9
5.386188470945593e-9
5.798051471747322e-9
6.232584110028213e-9
6.689927904575574e-9
7.169572942718907e-9
7.671545759876289e-9
8.194395691021331e-9
8.737200862027161e-9
9.298135254052175e-9
9.875240857158458e-9
1.0465791585175467e-8
1.1066554619930471e-8
1.1673767261714396e-8
1.228285640611054e-8
1.288836372555205e-8
1.3484825406628316e-8
1.4064714520514702e-8
1.4620362186445644e-8
1.514297665413643e-8
1.562313467697161e-8
1.604958575467603e-8
1.641111255096003e-8
1.6694626689614304e-8
1.688686882959161e-8
1.6973578515875353e-8
1.6939593945036867e-8
1.6770614813894012e-8
1.645189332191805e-8
1.5971079128014465e-8
1.5315493998538286e-8
1.4485819182136633e-8
1.347768342843697e-8
1.2304068595100347e-8
1.0990783728455547e-8
9.581036721824236e-9
8.140160448819032e-9
6.757484425043978e-9
5.546139028508639e-9
4.637494066731107e-9
4.173192775375265e-9
4.302290342687408e-9
5.210091385869812e-9
7.249637176629609e-9
1.1397093828900115e-8
2.1024913086176563e-8
5.265640113460299e-8
3.2784958404651125e-7
1.119118403976953e-6
7.217061254439076e-8
2.2995818853684642e-8
1.0918403399368165e-8
6.239101828754141e-9
3.967283370493867e-9
2.703260778251454e-9
1.932448350325997e-9
1.43029117716458e-9
1.086363294280456e-9
8.413339750873957e-10
6.610585177066405e-10
5.247647179685737e-10
4.192027117775877e-10
3.3553139862474224e-10
2.675138684314028e-10
2.1022677578736897e-10
1.5789826260697948e-10
3.592101630291372e-8
6.286755142644517e-8
7.742011789254784e-8
8.705453807171583e-8
9.357970820605532e-8
9.819136132739469e-8
1.0136619269131482e-7
1.0365605882690475e-7
1.0503103714316236e-7
1.0620156434262837e-7
1.0638032143617791e-7
1.0686281793944978e-7
1.0647041931441198e-7
1.0604358473811893e-7
1.061342704322122e-7
1.0830805288657022e-7
1.0433043344225416e-7
1.0289892197798435e-7
1.0066137870370927e-7
1.0091164026349387e-7
9.964041758097175e-8
9.846384120605145e-8
9.715684859006134e-8
9.730369068899867e-8
9.523340269152332e-8
9.378176249390084e-8
9.276595156732732e-8
9.168384829172653e-8
9.098526890791554e-8
8.970873890113028e-8
8.905552427312737e-8
8.662576856085759e-8
8.621286972670922e-8
8.450952765925162e-8
8.407280362084907e-8
8.244011686120346e-8
8.241081381299597e-8
8.084401552883194e-8
8.003527270875104e-8
7.888565334046105e-8
7.771180336721067e-8
7.696396979939651e-8
7.56329076868184e-8
7.492759103870364e-8
7.396337649575271e-8
7.303183440801051e-8
7.213084650445018e-8
7.12074373396671e-8
7.041040128420256e-8
6.941780878529838e-8
6.863365302009471e-8
6.769950418083744e-8
6.672607261755701e-8
6.60643114057882e-8
6.51354356723495e-8
6.444097726883155e-8
6.364885072496646e-8
6.28866320398319e-8
6.211589267989351e-8
6.129629857958604e-8
6.065450878695156e-8
5.984678790007534e-8
5.914423147256422e-8
5.841538107229187e-8
5.77619035392975e-8
5.7031485995061486e-8
5.6393370750559024e-8
5.574295304262091e-8
5.503959203241418e-8
5.435707372269814e-8
5.3796188856016196e-8
5.317712993068738e-8
5.252060502506283e-8
5.192004921366198e-8
5.130100329030948e-8
5.074739343144086e-8
5.015842325834583e-8
4.958292933279708e-8
4.896208069002614e-8
4.8346373693674434e-8
4.788573895463492e-8
4.7360459941124695e-8
4.6829130034867056e-8
4.630454047393865e-8
4.5754067728359104e-8
4.524284381292621e-8
4.470421845021845e-8
4.424885224230609e-8
4.377519463695293e-8
4.329460239332686e-8
4.281427964943703e-8
4.233458696319913e-8
4.1844950535793866e-8
4.134293624912663e-8
4.0957223720735096e-8
4.052878194331893e-8
4.009616865326658e-8
3.9667030793084555e-8
3.923089316999443e-8
3.879438124900854e-8
3.835797057838485e-8
3.797087166002207e-8