3.857516772804749e-11
4.2381026472772993e-10
8.101784052822071e-10
1.1960303410308541e-9
1.5849771152255876e-9
1.96992534745467e-9
2.3633851847454612e-9
2.7599165591423805e-9
3.1608125124851535e-9
3.548814936067943e-9
3.956011241742939e-9
4.339364239154511e-9
4.756596803556721e-9
5.1217651509181844e-9
5.581332418362887e-9
5.976835832582905e-9
6.331867105911724e-9
6.754586810738824e-9
7.241432026376473e-9
7.80887451162631e-9
8.1249317259366e-9
8.577225452793906e-9
9.11300521534508e-9
9.289337347087807e-9
9.95151953784237e-9
1.0521393867818017e-8
1.0804237076746414e-8
1.169642300401104e-8
1.2047136605007322e-8
1.2265627269512198e-8
1.258680571232442e-8
1.3327098305681032e-8
1.3400149789440646e-8
1.3077114482615362e-8
1.4893070237789858e-8
1.6883019565039485e-8
1.4472808217336968e-8
1.517761227251494e-8
1.6719041402611196e-8
1.7769581111129775e-8
1.741531746745473e-8
1.8615136656664372e-8
1.9599166160984583e-8
2.0678582118660497e-8
2.059807216216732e-8
2.1035395129407453e-8
2.262851802854265e-8
2.3081830133039832e-8
2.4522214398722305e-8
2.3537097188345444e-8
2.515546994411701e-8
2.4526763291007654e-8
2.621810237560863e-8
2.969140411576458e-8
2.7210250463813448e-8
2.907024121134972e-8
3.204895557026756e-8
3.1430261541095147e-8
3.115641229600588e-8
2.87527582364942e-8
3.139475311226374e-8
3.699530906973029e-8
3.217189229309263e-8
3.682629197253574e-8
3.7490104613599376e-8
3.4893171273606325e-8
3.8720978503189755e-8
3.916116731466655e-8
4.018212508414199e-8
4.0925437967806996e-8
4.2315502337580084e-8
4.0194143952652e-8
4.253008701395425e-8
4.521771798069786e-8
4.519448368167412e-8
4.414218754176482e-8
4.756971581226637e-8
5.260394347440058e-8
4.7502798568898476e-8
4.937208399619406e-8
5.125031460522542e-8
5.591634403570408e-8
5.616858287972844e-8
5.7933531018894705e-8
5.1207507005617565e-8
5.0955932985196834e-8
6.056047958940748e-8
5.740046290804092e-8
6.296482137446856e-8
6.419728177083077e-8
6.658400724841763e-8
6.827256719538288e-8
6.684753259737356e-8
7.238450444841208e-8
6.935360477047587e-8
7.255151741441994e-8
7.512015121745877e-8
7.582444622464159e-8
7.534113247948402e-8
7.299549821331754e-8
6.659038505627856e-8
5.161541355972624e-8
2.464505455154827e-8
5.6985219670328015e-8
1.8494886080207855e-7
9.288574343882528e-9
4.0278518200455954e-7
4.272628213789616e-7
3.9492506246266913e-7
3.5911085640073137e-7
3.2773243662933196e-7
3.039883270674267e-7
2.804396498001756e-7
2.5777870281190826e-7
2.416147776646184e-7
2.2926678761015466e-7
2.1665172369383894e-7
2.0421750046762907e-7
1.944712267118407e-7
1.7989913361278153e-7
1.769729044967989e-7
1.66292194610318e-7
1.6544324048994853e-7
1.4651352522402932e-7
1.4327694370337047e-7
1.4428133705003844e-7
1.4954921901982214e-7
1.387363569108316e-7
1.3065163503753428e-7
1.2877371765307822e-7
1.1966506475049033e-7
1.177911233550258e-7
1.1078432143326077e-7
1.1003246306651697e-7
1.0965219515001564e-7
1.0746134287686576e-7
1.0459800802599822e-7
1.0283156244613329e-7
9.750510484538628e-8
9.768425622404722e-8
9.618444183324069e-8
9.786411181165679e-8
9.21351777848186e-8
8.823991502017798e-8
9.494644331925387e-8
8.460241057239692e-8
8.301143680128684e-8
8.197794400789598e-8
7.978954454135509e-8
7.970652409086768e-8
7.892075387705115e-8
7.742850716890242e-8
7.544886737105105e-8
7.460529503905414e-8
7.306784110189176e-8
6.804419478996663e-8
7.051827517656839e-8
6.96242435761154e-8
6.83631047086672e-8
6.530836934984199e-8
6.649506333223559e-8
6.562628543089746e-8
6.438427776770839e-8
6.373745354716974e-8
6.207869399954148e-8
6.127168943242613e-8
6.08714760742263e-8
6.025492792452764e-8
5.943682819632899e-8
5.8012501834504696e-8
5.9024064531814493e-8
5.6490367910986356e-8
5.5901532664941976e-8
5.498504671391963e-8
5.4292647868382054e-8
5.273859852072018e-8
5.308423371308181e-8
5.225545013829115e-8
5.1714537069078235e-8
5.0639466250726435e-8
5.043201878929054e-8
5.0039254123914737e-8
4.906985364055251e-8
4.871573578075547e-8
4.8447009117030145e-8
4.749919973099607e-8
4.6739385014199534e-8
4.607651832644982e-8
4.557293944258946e-8
4.4971690516181224e-8
4.473892074683979e-8
4.403900775114986e-8
4.353575580478493e-8
4.256401867092944e-8
4.252866403597886e-8
4.213617294043339e-8
4.145552785976312e-8
4.1145283751481486e-8
4.052201921577653e-8
4.0298355254442654e-8
3.970579472357029e-8