1.7951948373727078e-9
1.9730763809342503e-8
3.758044682840622e-8
5.528165671682833e-8
7.275635203598165e-8
8.993552863079432e-8
1.0673304567639727e-7
1.2301447339710534e-7
1.391267114883018e-7
1.5460366595924425e-7
1.6931696004656015e-7
1.8320929643434367e-7
1.9678917645447381e-7
2.1098133670017522e-7
2.2337998531819029e-7
2.3329860052248109e-7
2.4532025435571175e-7
2.559894430629473e-7
2.6558296049875896e-7
2.7479867071677907e-7
2.8136310268007593e-7
2.907231401519154e-7
2.9778945271013135e-7
3.0726334786276937e-7
3.113943332920672e-7
3.1899357727076793e-7
3.218257844156669e-7
3.285261238963982e-7
3.357127060246609e-7
3.3381083406019133e-7
3.377207913617368e-7
3.4079029226463445e-7
3.4343610162476933e-7
3.4450958431989965e-7
3.452717734868597e-7
3.4458288329006734e-7
3.422649925953206e-7
3.3768255587052646e-7
3.2936643857031685e-7
3.152205085625248e-7
2.913486667721138e-7
2.503645638174451e-7
1.7920072904849254e-7
6.713160914801348e-8
2.0356191114096074e-8
7.367462994169107e-8
0.00001289437520975373
8.954855482759451e-8
1.8483144058213273e-8
6.626924264521858e-9
5.94837079234822e-7
7.206462037823811e-7
7.045066627180415e-7
6.613801976398565e-7
6.153958891297884e-7
5.724878136789836e-7
5.324680223740051e-7
4.981530716704163e-7
4.654562158051308e-7
4.384109003479286e-7
4.141219916309807e-7
3.910601579041587e-7
3.7032269192380364e-7
3.533559741185256e-7
3.388544629438003e-7
3.2451088829382644e-7
3.080114696535899e-7
2.9625532018658643e-7
2.836269998574803e-7
2.7280932314849197e-7
2.6292011648385166e-7
2.5298023102703573e-7
2.450735889062301e-7
2.3655541564232524e-7
2.3005982337012945e-7
2.222627077628234e-7
2.1566181348371365e-7
2.0896358814456772e-7
2.0298054189444232e-7
1.9695442923252915e-7
1.9281730013694906e-7
1.8721821973058302e-7
1.8338423154487463e-7
1.7676375089928162e-7
1.7311344693820495e-7
1.6904258334602252e-7
1.6607368457305167e-7
1.6208555016928342e-7
1.5878823127308329e-7
1.556576475442591e-7
1.5094485818826998e-7
1.4933353143993343e-7
1.4053658733645707e-7
1.436078571662046e-7
1.3851013792521836e-7
1.3596666853348478e-7
1.3364059188048183e-7
1.3098544800386286e-7
1.2878475726622168e-7
1.2631350601539817e-7
1.243496499773302e-7
1.2608622007015507e-7
1.1988934512949856e-7
1.1661639718550802e-7
1.1363824287530297e-7
1.152695448804609e-7
1.1147137898980911e-7
1.1087637978775658e-7
1.087752769795108e-7
1.0617489574611303e-7
1.0438506707599092e-7
1.0312892667363569e-7
1.0229848134262776e-7
1.0023337937551049e-7
9.865016744964544e-8
9.651694182135353e-8
9.529458578827763e-8
9.459606110680745e-8
9.268287232982269e-8
9.062795323066819e-8
9.032601962228808e-8
8.765983007676249e-8
8.698473568404722e-8
8.578807917024855e-8
8.469125575686197e-8
8.311297629556515e-8
8.200117410008123e-8
8.041537918117628e-8
7.961738176693695e-8
7.845051788435515e-8
7.771901566559816e-8
7.67791794505428e-8
7.586858517094274e-8
7.398046581342138e-8
7.412660146297206e-8
7.159343304265242e-8
7.143451547551355e-8
7.040939100831933e-8
6.944715212539176e-8
6.842679337422537e-8
6.771160651105208e-8
6.688546564725615e-8
6.598607539514014e-8
6.521565710185262e-8
6.473163943715631e-8
6.348154658553625e-8
6.286188964961279e-8
6.222198837491322e-8
6.105302103861007e-8
6.060719819624349e-8
5.963278092621302e-8
5.899942333536435e-8
5.8193604864429725e-8
5.7751453308389795e-8
5.7017831909048144e-8
5.6118237469164124e-8
5.5473547478992105e-8
5.47568713221712e-8
5.4031706189310344e-8
5.346400661889394e-8
5.253865734425691e-8
5.214127320269773e-8
5.153951621266429e-8
5.096499658296865e-8
5.036123793869603e-8
4.964944138971502e-8
4.904539146947735e-8
4.844106779325598e-8
4.787646106570633e-8
4.735236047988823e-8
4.673509338554578e-8
4.618627473053233e-8
4.56741603491555e-8
4.51827090746624e-8
4.4633051636834045e-8
4.4090235946225904e-8
4.359872530439176e-8
4.3128465143587794e-8
4.261592742036778e-8
4.210244774421583e-8
4.163395224013463e-8
4.1150601958542126e-8
4.067006654917026e-8
4.0228925858990235e-8
3.977660688636238e-8
3.9327136712784944e-8
3.885299033470946e-8
3.8450809338518014e-8
3.802347922107584e-8
3.760287421615993e-8
3.7187610815321744e-8
3.677437655807004e-8
3.637337493382553e-8
3.5969794539646654e-8
3.5580103257628e-8
3.519477280818729e-8
3.4808477797892886e-8
3.443298844178697e-8
3.406409722052261e-8
3.368746842661823e-8
3.3330271987078144e-8