4.1609040994383847e-13
4.577761633674724e-12
8.743430528992821e-12
1.291588567383331e-11
1.6877070238353146e-11
2.1022230193258472e-11
2.5522447157877585e-11
2.977197242113127e-11
3.4017914398612825e-11
3.832557490579309e-11
4.2653910756221516e-11
4.7037357064827876e-11
5.1466456727063124e-11
5.5923072818624956e-11
6.049228557507935e-11
6.499376791170288e-11
6.963559374589162e-11
7.441791586996202e-11
7.89985744306676e-11
8.383577644401597e-11
8.873612252539803e-11
9.377353687316762e-11
9.875267817720338e-11
1.0402816149387901e-10
1.0947618238542893e-10
1.1464752471731616e-10
1.2009967493630679e-10
1.255635132369457e-10
1.312372943711793e-10
1.370011806480291e-10
1.4278789171495144e-10
1.4897956974926735e-10
1.5521166197574258e-10
1.6107136597996263e-10
1.6779672264134602e-10
1.7484408071736227e-10
1.8125984880680836e-10
1.8777048400165266e-10
1.953574808222133e-10
2.0259285037276618e-10
2.0967489408275136e-10
2.179065461764767e-10
2.2570235287625984e-10
2.334342247302373e-10
2.4140643231881604e-10
2.504481636846049e-10
2.5937532141930247e-10
2.643175792096558e-10
2.7753400048453103e-10
2.8717941407870295e-10
2.9563614942952774e-10
3.062893115003107e-10
3.138257901086977e-10
3.2668835086749303e-10
3.373957878459186e-10
3.4534782676670515e-10
3.5970094148296367e-10
3.6969583159343773e-10
3.8443488188345123e-10
3.96333461049436e-10
4.1050962409011807e-10
4.217046285336413e-10
4.360902465165434e-10
4.5229084880202793e-10
4.637284475535641e-10
4.772867419114317e-10
4.919681096634746e-10
5.072592068092083e-10
5.219905795760118e-10
5.381086898202463e-10
5.650191029525485e-10
5.753637778252908e-10
5.907211717849182e-10
6.103893486944175e-10
6.296773384650231e-10
6.42387921509842e-10
6.674519996839685e-10
6.889201394559235e-10
7.084023181686854e-10
7.345905115874619e-10
7.507222626538765e-10
7.756162220508631e-10
8.110131031557804e-10
8.288745944882752e-10
8.525867688156483e-10
8.823598201630401e-10
9.051437993854628e-10
9.302566608933127e-10
9.507659346230557e-10
9.79966669883547e-10
1.0192763677134732e-9
1.0492303026422796e-9
1.080290550681594e-9
1.1114575635354079e-9
1.1490657015984464e-9
1.19065064699514e-9
1.2269232647068303e-9
1.259219188963665e-9
1.2852843675180615e-9
1.3582424059565743e-9
1.3585647168731275e-9
1.3557693391643798e-9
1.4739140376437088e-9
1.472085641507064e-9
1.5284925672596814e-9
1.5756825334676761e-9
1.6626502380281907e-9
1.6841828969740308e-9
1.7312414540147335e-9
1.789662812864431e-9
1.843769357155903e-9
1.8999427273305346e-9
2.0035596763015207e-9
1.9836250505820173e-9
2.1046979928621292e-9
2.131238074443857e-9
2.2215716974444933e-9
2.2403030989622324e-9
2.341725382040936e-9
2.4360067113024436e-9
2.5098252599051734e-9
2.5393078568986815e-9
2.597871642987828e-9
2.722452717874258e-9
2.803217751661002e-9
3.2902925810930837e-9
2.9049367930838005e-9
3.0238678932967144e-9
3.217641551044365e-9
3.1566506121346143e-9
3.2661139872665484e-9
3.430174868350178e-9
3.601995291932269e-9
3.679647968971226e-9
3.748012536032788e-9
3.8935996146479126e-9
3.894086068626142e-9
4.029165889253052e-9
4.074118034135678e-9
4.240721609451123e-9
4.423075296530405e-9
4.562525632939493e-9
4.644522414470032e-9
4.809793456464324e-9
5.032788601504439e-9
5.071155828017723e-9
5.331297165685509e-9
5.656509332778231e-9
4.941051446908371e-9
5.6925775101708575e-9
5.876848258752183e-9
5.777603824812756e-9
6.251302833327107e-9
6.186612406783811e-9
6.6479225313440285e-9
6.643429363313443e-9
6.933705955103377e-9
7.165953025338415e-9
7.3723199905912085e-9
7.356206182066121e-9
7.396430068425911e-9
8.080121926371194e-9
8.36612745734843e-9
8.42010128771411e-9
8.439311690922186e-9
8.865782478320839e-9
9.245078052574352e-9
9.451624502202339e-9
9.952318946662949e-9
9.89040564574185e-9
1.0015416716017756e-8
1.0741701359967436e-8
1.085682386906521e-8
1.1423263903211868e-8
1.1734033578372245e-8
1.2098903806102658e-8
1.2559572439422904e-8
1.3061150190438588e-8
1.2858811651432506e-8
1.3874468656182459e-8
1.4130066201251479e-8
1.518104948903806e-8
1.5395692513576943e-8
1.559039226614629e-8
1.6353329442031512e-8
1.709283017465547e-8
1.770627280030809e-8
1.8312046047542222e-8
1.875069187835381e-8
1.9079234884805505e-8
1.8952257899074816e-8
1.7877450729845125e-8
1.4750136153844942e-8
1.040908085936753e-8
1.6338366818670077e-7
1.0886505464300894e-8
2.939239956120095e-7
2.615201658108682e-7
2.2600507587891802e-7
1.9810837776783492e-7
1.7727015697008757e-7