1.5995326502507443e-11
1.760508292905099e-10
3.3594565620175203e-10
4.967655526488347e-10
6.572213362312675e-10
8.192395271964621e-10
9.814947243531497e-10
1.1438492784595097e-9
1.3101341118296784e-9
1.4840745882346868e-9
1.6314992005673973e-9
1.8112979262597352e-9
1.9649738691409764e-9
2.1411766802668153e-9
2.306543527316787e-9
2.4977565008681674e-9
2.6765261876503867e-9
2.855554194121481e-9
3.0232084244661755e-9
3.2198434341569078e-9
3.4154189831300893e-9
3.5544446659197653e-9
3.771750528765764e-9
3.958984209187043e-9
4.181234151615492e-9
4.187195892569844e-9
4.549046513350716e-9
4.759552678513535e-9
4.873647712073223e-9
5.163831292690689e-9
5.046997042349143e-9
5.437575588004305e-9
5.653260007766993e-9
5.974437798078906e-9
6.319011959529302e-9
6.47473381626718e-9
6.890890985598868e-9
7.1541179834564335e-9
7.2942231653061855e-9
7.629569304228191e-9
7.770606541764112e-9
8.953401947968796e-9
8.546900102741156e-9
8.737840774850767e-9
9.025788971321661e-9
9.313451042811936e-9
9.597818381848318e-9
9.974521050008363e-9
1.0416706599600358e-8
1.0457461854099654e-8
1.1220819793314791e-8
1.0668968304839959e-8
1.1009573712549596e-8
1.2453349024462405e-8
1.2458853406093064e-8
1.3247593770761687e-8
1.2561648201223971e-8
1.3095953137635873e-8
1.4055031871568295e-8
1.430861750526874e-8
1.536407148128328e-8
1.55392941893619e-8
1.4737052330910664e-8
1.5106185002920245e-8
1.6242658987925776e-8
1.6903187967407045e-8
1.702736783018397e-8
1.7450840171746353e-8
1.8077643747758247e-8
1.9459990450425827e-8
1.945869180501908e-8
2.06038420364151e-8
1.9653939949939465e-8
2.1265181210197427e-8
2.2449226429136674e-8
2.227516407611522e-8
2.264839838842527e-8
2.3692747573385703e-8
2.4781596955714497e-8
2.380679194634081e-8
2.5628236842298148e-8
2.336136467812261e-8
2.583729322460423e-8
2.816017768345272e-8
2.7095849128100834e-8
2.9322605833843017e-8
3.906802397618672e-8
2.8673851788171332e-8
2.9439634891684782e-8
3.0895046552714695e-8
2.9856608769675435e-8
3.2881260739056554e-8
3.4056963370127236e-8
3.4844125335040786e-8
3.8846371629392515e-8
3.549901168133959e-8
3.8426272673211354e-8
3.864122511786137e-8
4.225987940238883e-8
4.0383121974377046e-8
3.946627162327119e-8
4.180129202878144e-8
4.2460635264962294e-8
4.4252147103490236e-8
4.650073543632239e-8
4.6715611446355e-8
4.558057240775143e-8
4.802308790524316e-8
4.987006352341196e-8
4.997995361945535e-8
5.23000896453968e-8
5.405340375622033e-8
5.5196137457028016e-8
5.558153176332816e-8
5.585055343957393e-8
5.454454158021494e-8
5.015354148077241e-8
3.941688986639905e-8
2.029735483956749e-8
6.998325010472099e-8
7.525742290378428e-8
5.1379165295518125e-9
3.9388121654975064e-7
3.7679395169097635e-7
3.4057135896969797e-7
3.0822188814367787e-7
2.825356429573563e-7
2.571289431752642e-7
2.3795601158910837e-7
2.202566522093474e-7
2.0468026012308976e-7
1.9184441304196095e-7
1.8771219444602206e-7
1.7238362869522873e-7
1.6232466906576404e-7
1.5505598569961857e-7
1.5025547307883808e-7
1.4245074714064912e-7
1.372314928997049e-7
1.2884567896799268e-7
1.3255904539384564e-7
1.2346037970569657e-7
1.212439253086483e-7
1.1263884792485669e-7
1.1210210812184655e-7
1.0958443417278925e-7
1.0506964249070949e-7
1.0437996439233826e-7
9.98901834945894e-8
9.989863871356256e-8
9.437927892413723e-8
9.358589068355973e-8
9.074064551877434e-8
8.745900522268688e-8
8.64501339343023e-8
8.441664133392967e-8
8.32508225153659e-8
8.15566026809142e-8
8.010993997734524e-8
7.453965327812667e-8
7.508940939420718e-8
7.50117161263839e-8
7.096930228931649e-8
7.205746389768826e-8
7.206294796010555e-8
6.699551152212005e-8
6.8554191664494e-8
6.718554708456487e-8
6.692067351137662e-8
6.641289990220607e-8
6.520120164064976e-8
6.254012527334607e-8
6.217546431232937e-8
5.9399928047891004e-8
6.042129599641236e-8
5.862596261896142e-8
5.8583601267492554e-8
5.6806906727956834e-8
5.610197915892218e-8
5.504200119233184e-8
5.470907514913297e-8
5.4096672837926e-8
5.399294150530509e-8
5.3017544097481414e-8
5.119495238414427e-8
5.135757651397229e-8
5.017441795855936e-8
4.9945179522952704e-8
4.964803283951257e-8
4.8636141179097336e-8
4.7798511226611174e-8
4.6976351658455235e-8
4.6471392652973125e-8
4.600758346193158e-8
4.4788740667398516e-8
4.5107864927197554e-8
4.46419001863605e-8
4.418181879580336e-8
4.319089870339821e-8
4.2903056715469284e-8
4.2360494848996954e-8