5.44081915860195e-11
5.984765745616382e-10
1.1430503067411491e-9
1.6879164647377324e-9
2.2345208461452967e-9
2.7805545687533844e-9
3.3310970780168238e-9
3.888914887903897e-9
4.439057974243106e-9
4.9910315423346454e-9
5.557582345542317e-9
6.114608859067689e-9
6.631737898477638e-9
7.164163461001426e-9
7.843031972075391e-9
8.517911447343589e-9
8.966730201773856e-9
9.576296543117338e-9
1.0304029640112198e-8
1.0775629797093029e-8
1.1374309237060675e-8
1.2197492459108081e-8
1.2747766854987133e-8
1.3616285889309775e-8
1.3608526691993424e-8
1.4718427063871952e-8
1.5182400152754572e-8
1.6207021854036832e-8
1.645882056002432e-8
1.758832047690113e-8
1.818528687865867e-8
1.952078368198198e-8
2.0707297168270576e-8
2.0167170801526614e-8
2.0926274541785794e-8
2.1740286134967064e-8
2.2312556194449304e-8
2.3810069656194666e-8
2.1424826891261298e-8
2.504176677698443e-8
2.4174006075169006e-8
2.5478607945920755e-8
2.7605568123569184e-8
2.9061064515588874e-8
3.082180505893676e-8
3.0339455392837e-8
2.681693312112628e-8
3.15918564499116e-8
3.251896541961713e-8
3.417308039389837e-8
3.255500836385137e-8
3.501659408872863e-8
3.5520530684787935e-8
3.438506004470056e-8
3.831213206923496e-8
4.1477271444856025e-8
4.052435268862522e-8
3.9892972122802456e-8
4.220611182189745e-8
4.304787207471555e-8
4.2083589929205036e-8
4.552942963844078e-8
4.500303299846747e-8
4.657369978198878e-8
5.00575028992612e-8
5.115958632189243e-8
5.161291642098572e-8
5.253873233403944e-8
6.361369669089906e-8
5.084286438456679e-8
5.651940748976326e-8
5.451799148961141e-8
5.868541084761221e-8
5.1762588452178056e-8
5.998500130407693e-8
6.026030751118588e-8
7.171022438396392e-8
8.502860559220659e-8
6.941479139382248e-8
6.576113354364378e-8
6.646259254297015e-8
6.823232450848969e-8
6.985042460108785e-8
8.118920945572411e-8
7.497336528333308e-8
7.868015418188475e-8
7.865664692451092e-8
8.029633799041314e-8
8.181978681063345e-8
8.358241748567166e-8
8.462966704364293e-8
8.495814102288129e-8
8.50839251329007e-8
8.20663050514571e-8
7.461976116048434e-8
5.7511579201411776e-8
2.668917478491241e-8
5.252181569069482e-8
3.039607723500447e-7
1.171272338264525e-8
3.878989846801971e-7
4.474341522228738e-7
4.217041758316772e-7
3.8251053068302266e-7
3.5021450321091966e-7
3.261940479554614e-7
2.946164433305835e-7
2.755733725243256e-7
2.5916037418012175e-7
2.429177803815123e-7
2.266092145418442e-7
2.1846976339705806e-7
2.1206656437078994e-7
2.0586854241480345e-7
1.8228099896318677e-7
1.7690482404894893e-7
1.7799206873426634e-7
1.6314471182577883e-7
1.5029807544959285e-7
1.4656613129387526e-7
1.4854585095887668e-7
1.4570292850624424e-7
1.405767122442285e-7
1.3407052136881683e-7
1.321635249701168e-7
1.2673843826156593e-7
1.265966284781765e-7
1.185481465353375e-7
1.158648201846408e-7
1.145206204170061e-7
1.1101066920876947e-7
1.1005531141924374e-7
1.0359835579949182e-7
1.0251007964629743e-7
9.960164279800011e-8
9.767243276369303e-8
9.745321697647349e-8
9.777560654142775e-8
9.324485787178608e-8
9.151732750911353e-8
9.00628739273663e-8
8.773210896424042e-8
8.771985983613473e-8
8.458481616800019e-8
8.294964897652793e-8
8.144870471395225e-8
7.969608076011865e-8
7.841701565641329e-8
7.877344438026416e-8
7.430618046172517e-8
7.40738146652139e-8
7.339038389445718e-8
7.298797419534442e-8
7.058445795776177e-8
6.849993384777937e-8
6.777374845847415e-8
6.747676115243616e-8
6.587822463402913e-8
6.51442415147449e-8
6.4543270296894e-8
6.32137824928758e-8
6.327475741859476e-8
6.13004958622996e-8
6.247222078835373e-8
5.996781229618348e-8
5.874181289670831e-8
5.851366316163896e-8
5.773309452516277e-8
5.6833386769073213e-8
5.5699888019849e-8
5.5591470918925294e-8
5.4826152475314285e-8
5.395020223292565e-8
5.2696623767179235e-8
5.228792976922463e-8
5.186487286789593e-8
5.1710914261208925e-8
5.1234646684136145e-8
5.031427632425332e-8
4.9454337595801564e-8
4.9134656676763925e-8
4.864110249590803e-8
4.767853229485447e-8
4.738536786291209e-8
4.675194087154693e-8
4.5966348229690964e-8
4.5265841061894e-8
4.550205683492215e-8
4.4448801601531316e-8
4.41147522151078e-8
4.363627184135412e-8
4.30165381792012e-8
4.264223333454689e-8
4.222871933327092e-8
4.1540788850720445e-8
4.116416161401009e-8
4.063095647706261e-8
4.0168226134868734e-8
3.987240626389412e-8
3.926929738090678e-8
3.8877159713442285e-8