2.0153328306655855e-12
2.2175015119340513e-11
4.234984231020453e-11
6.256875655400106e-11
8.285661112189389e-11
1.0316100017966644e-10
1.236671633396018e-10
1.440019176327333e-10
1.6488519609006834e-10
1.8610365650959552e-10
2.065490427178003e-10
2.2796505732819476e-10
2.49243713956036e-10
2.708197555406267e-10
2.9336401702830105e-10
3.145860136460535e-10
3.369441439102265e-10
3.5977262547003266e-10
3.817351812954414e-10
4.061635281125574e-10
4.2901278861689495e-10
4.565475000895445e-10
4.797829582891804e-10
5.05300914614538e-10
5.297888979550019e-10
5.52949891296335e-10
5.802838823160177e-10
6.069304136980392e-10
6.328732199652847e-10
6.612230465944306e-10
6.912657586233852e-10
7.179725396894743e-10
7.458485205423583e-10
7.821885902308909e-10
8.113310858458053e-10
8.450636474893301e-10
8.762405020531279e-10
9.078338695268823e-10
9.486056354185472e-10
9.841685985537772e-10
1.0200827052942366e-9
1.0505390679161994e-9
1.0873700016943593e-9
1.1078819264792015e-9
1.1700960430862138e-9
1.2031061597501512e-9
1.2425362137979897e-9
1.2829970589324741e-9
1.3251375474725884e-9
1.3806800479672988e-9
1.4148284457515781e-9
1.4821532774969507e-9
1.5153097218562655e-9
1.5739745004449548e-9
1.6269330709755643e-9
1.668775646349533e-9
1.7372896220457033e-9
1.792765033932207e-9
1.8313328682854549e-9
1.900223768279434e-9
1.9829631008746187e-9
2.0207513778391553e-9
2.0821863726680524e-9
2.178156553097098e-9
2.220308338266879e-9
2.2966816263235e-9
2.3496930157370703e-9
2.393416942767288e-9
2.486176356833595e-9
2.575035357918054e-9
2.6582240471684177e-9
2.7271388889219677e-9
2.8446639192067248e-9
2.806771689457465e-9
2.9565177919010413e-9
3.114781165404544e-9
3.216376049129008e-9
3.294823066927824e-9
3.3470020853559335e-9
3.4478780367820237e-9
3.6020007610286663e-9
3.681254845503545e-9
3.9424805428625315e-9
3.87553580429259e-9
3.981283682849327e-9
4.110986177088144e-9
4.304488929632111e-9
4.380888441414797e-9
4.501863325014158e-9
4.64389288340346e-9
4.851535623699719e-9
4.890182697201778e-9
5.167326218517567e-9
5.137528289898274e-9
5.37600434559804e-9
5.63929357880935e-9
5.864483491223734e-9
5.892668843130331e-9
5.9396016574312584e-9
6.171505202508878e-9
6.576156588557603e-9
6.4541815122068385e-9
7.1323264529052895e-9
7.303667231110403e-9
6.913605518392294e-9
7.420415864437759e-9
7.863612063423086e-9
7.522481998019297e-9
7.85904052924926e-9
8.426468519627376e-9
8.427268652459913e-9
8.56245592390094e-9
9.002256430435883e-9
9.166478175722042e-9
9.674644316863944e-9
9.289716032712503e-9
9.968830885845721e-9
1.0212979718227957e-8
1.0572723713998288e-8
1.1374335152902003e-8
1.1060878583954906e-8
1.0934368434057855e-8
1.1940150443774285e-8
1.1233732933576015e-8
1.2395763782485458e-8
1.2833485997321115e-8
1.2682399137685904e-8
1.3262890446306316e-8
1.378788235126865e-8
1.4009525384604932e-8
1.4477726597765864e-8
1.4442998182545212e-8
1.5302908371609536e-8
1.5946396943856506e-8
1.5942174603465527e-8
1.6832566955319638e-8
1.7026799538082477e-8
1.8702280475334582e-8
1.830134042689866e-8
1.819801445987443e-8
1.784198366526749e-8
1.9689153779229135e-8
1.90341741194217e-8
2.0722432517889547e-8
2.1098859145279995e-8
2.265556768685888e-8
2.237947668422322e-8
2.3243808723758576e-8
2.4244548460372553e-8
2.576585518690148e-8
2.6303058824458274e-8
2.702768030963223e-8
2.745061682823046e-8
2.8141028165650484e-8
2.9017340765229652e-8
3.017544643917953e-8
2.9038180643920345e-8
2.713406281960351e-8
2.1943384806545014e-8
1.3554778215078535e-8
1.1274451795768882e-7
2.1138270633082302e-8
3.1460969978492e-7
3.1598794025087004e-7
2.79226383492619e-7
2.4791807584282205e-7
2.2232069036725994e-7
2.0034352879969867e-7
1.835751508975879e-7
1.6921686007308168e-7
1.5635085302212404e-7
1.473579103758165e-7
1.403377985880546e-7
1.322462352258569e-7
1.2343091786960776e-7
1.180073398557989e-7
1.1173833180561804e-7
1.1109985301670964e-7
1.0395282099822011e-7
1.0097830331740602e-7
9.904105895783696e-8
9.358078679376565e-8
8.874354907795306e-8
8.715583564697378e-8
8.479774156971727e-8
8.174343863202276e-8
7.908780178616231e-8
7.803671758447303e-8
7.535980180656922e-8
7.33726104601946e-8
7.167792471900924e-8
6.98741444383584e-8
6.854831294513921e-8
6.659889438612034e-8
6.204218203869023e-8
6.347379527323642e-8
6.364989713892455e-8
6.09678576294407e-8
6.002061179110753e-8
5.8401740503750166e-8
5.764736424158001e-8