4.729069002557588e-9
5.190271600819224e-8
9.849521230408975e-8
1.4400163475029706e-7
1.8793322277698102e-7
2.2990892892229458e-7
2.695921118807955e-7
3.065336706762268e-7
3.4109708612198886e-7
3.723833673921387e-7
4.0078599542289847e-7
4.261918258534195e-7
4.486674976480369e-7
4.693080132269718e-7
4.85000118875744e-7
4.990175752496726e-7
5.107053635484353e-7
5.210121713807299e-7
5.26150987584532e-7
5.300235880315375e-7
5.33799442602614e-7
5.311800115871415e-7
5.268847141641907e-7
5.194077114521092e-7
5.064738094261948e-7
4.869269469100495e-7
4.578818141867979e-7
4.141271292142979e-7
3.468422601730759e-7
2.41608179912687e-7
8.893036207437233e-8
1.393003294057902e-8
2.9769243356165987e-8
1.0094286345298914e-7
5.1430718121879555e-6
1.7510070929831198e-7
3.39904709365095e-8
1.2882704824548838e-8
5.897780994354892e-9
7.33407587363963e-7
8.701153709572117e-7
8.513881997101215e-7
8.019410860634922e-7
7.470711050138376e-7
6.946117770428199e-7
6.472754359164739e-7
6.034180736063688e-7
5.646114749041709e-7
5.311317490617242e-7
5.012506504732728e-7
4.728481370320354e-7
4.4839322440481314e-7
4.256606829905288e-7
4.0538295775501603e-7
3.8662601080858744e-7
3.6921123443673705e-7
3.527263868264186e-7
3.3845899790151394e-7
3.253416127311934e-7
3.1280933735485867e-7
3.011651364391583e-7
2.905468708054988e-7
2.803743520898675e-7
2.710932215400982e-7
2.6238863689527924e-7
2.5422676085480804e-7
2.458708157924139e-7
2.3925966341562216e-7
2.3195129515185913e-7
2.25810764740577e-7
2.1920527618037384e-7
2.137613926324262e-7
2.0803349115725837e-7
2.0256739170903628e-7
1.978427715922028e-7
1.9284641736171211e-7
1.8817629174328044e-7
1.840337918917474e-7
1.7961674423129178e-7
1.7564414969855767e-7
1.7187394085197667e-7
1.6803804659321182e-7
1.644883002673439e-7
1.6112510094424168e-7
1.5774194470220883e-7
1.5451133251762524e-7
1.5161719104389246e-7
1.48404617489467e-7
1.4674071000567428e-7
1.4341794920201026e-7
1.40106087189813e-7
1.379550791164888e-7
1.3498504684349015e-7
1.3289830972730615e-7
1.3070552604285508e-7
1.2804599887521945e-7
1.265418852839178e-7
1.240696777188498e-7
1.2284009267196693e-7
1.205174634959488e-7
1.1742313140282821e-7
1.1730951829725354e-7
1.1529350284957306e-7
1.1332675689560178e-7
1.1006243199843009e-7
1.0866338979749406e-7
1.0810253484549476e-7
1.0505154036927989e-7
1.0374049378473184e-7
1.0225640571959145e-7
1.0044632825964442e-7
9.881340286741857e-8
9.786882514993606e-8
9.578721967064074e-8
9.46848408007788e-8
9.304089016351811e-8
9.163269599457555e-8
9.047538115449692e-8
8.946037162021939e-8
8.811985147415508e-8
8.671343190637238e-8
8.531481111126233e-8
8.459177310940168e-8
8.327530703969849e-8
8.24607863379534e-8
8.026237422975865e-8
7.970882003899499e-8
7.860174142653872e-8
7.781063318586518e-8
7.65463740095567e-8
7.55477743926354e-8
7.437363443371982e-8
7.357187687629273e-8
7.245024326890519e-8
7.152715842310464e-8
7.06359690353183e-8
7.015937544296556e-8
6.884811771712746e-8
6.841833844690723e-8
6.768665107528326e-8
6.611136310152411e-8
6.500937732543224e-8
6.48220622049197e-8
6.338025744301676e-8
6.271308093963085e-8
6.208649661759252e-8
6.151356996117685e-8
6.043126387171199e-8
5.984092230685581e-8
5.885036268809126e-8
5.8111099753941054e-8
5.7399794568356346e-8
5.6670699009413585e-8
5.6024709086614555e-8
5.5114241945426346e-8
5.456630730881023e-8
5.389729399538224e-8
5.3266079527328465e-8
5.258736856311208e-8
5.203721136323163e-8
5.126875138715188e-8
5.0546494508745544e-8
5.007803994595439e-8
4.9470201802558324e-8
4.8913166886080864e-8
4.825769119429868e-8
4.7763646502441663e-8
4.716304399334843e-8
4.661349697716309e-8
4.6068970382078944e-8
4.546642461868805e-8
4.493723508955302e-8
4.439927616092664e-8
4.388342457970622e-8
4.3360782267611083e-8
4.286351693391285e-8
4.236076317324104e-8
4.187404178102005e-8
4.139338055282022e-8
4.090522039835111e-8
4.044135114551405e-8
3.99734170401099e-8
3.951364577572845e-8
3.9060072075933284e-8
3.861816765604348e-8
3.817886197707668e-8
3.7755774821050865e-8
3.7316899859345193e-8
3.691268818813983e-8
3.6491985455123235e-8
3.60823146582441e-8
3.568305803671292e-8
3.5276409594326066e-8
3.490973185298773e-8
3.45200643175668e-8
3.413695796336421e-8
3.3747433100585745e-8
3.3391339611273823e-8
3.30224318116805e-8
3.266497612268462e-8
3.2298676606780674e-8