1.3372649822361243e-10
1.4706804799643857e-9
2.80848913628899e-9
4.143211671395993e-9
5.4866613682989335e-9
6.828445609113713e-9
8.166502531206338e-9
9.521845579173986e-9
1.0869668597053802e-8
1.2207722812187959e-8
1.3607209077345569e-8
1.492245718141396e-8
1.6305521555886964e-8
1.769157970933452e-8
1.907354494392986e-8
2.0406204661794455e-8
2.192970209261562e-8
2.3283430232584172e-8
2.4743725880211722e-8
2.6204853123548585e-8
2.75225210295213e-8
2.9071583417362994e-8
3.0327255689791044e-8
3.191056556810614e-8
3.3140839002950954e-8
3.510708596292857e-8
3.676241204305469e-8
3.752751427216581e-8
3.985331998347549e-8
4.051088315086286e-8
4.25434526312588e-8
4.401343052241837e-8
5.030269321907786e-8
4.6622095080867744e-8
4.843537714149196e-8
5.133715234761164e-8
5.129258052439924e-8
5.325799840045398e-8
5.683357167834128e-8
5.762904602505304e-8
5.7494916180177685e-8
6.008724895204797e-8
6.138789754608882e-8
6.318115087491645e-8
6.398715392720314e-8
6.532587705137618e-8
6.912794871122165e-8
6.592061518171754e-8
6.785788349871852e-8
7.062838800791253e-8
7.245365538796724e-8
7.596456827605454e-8
7.343772524785128e-8
7.76960782002603e-8
8.360339093969964e-8
8.429968792078393e-8
7.579371739424745e-8
8.529469242311145e-8
8.348706568348152e-8
9.721060501202938e-8
9.266698414985917e-8
9.428802375574337e-8
9.392604166179881e-8
1.0756265587945268e-7
1.1075151066356706e-7
9.971510824988745e-8
9.058149957531193e-8
1.0226953423258218e-7
1.0848276221928482e-7
1.0958543049395578e-7
1.142149144521368e-7
1.1156837390692055e-7
1.1285543641206561e-7
1.197675061649735e-7
1.1750047081375444e-7
1.2167774848860113e-7
1.1973403456121663e-7
1.1801794412620264e-7
1.1257956285422196e-7
1.0124680997815005e-7
7.676771007390825e-8
3.320914495740858e-8
4.220898432300823e-8
4.364802380119424e-6
2.3223787876318223e-8
4.169102303797208e-9
4.884450377896643e-7
4.876942710292635e-7
4.5304033734900684e-7
4.162392287550704e-7
3.8252134478994596e-7
3.540483493960645e-7
3.3055270549097145e-7
3.065150851771061e-7
2.9524052513446933e-7
2.734609939761633e-7
2.552383747873539e-7
2.5323135215999714e-7
2.2780142880267106e-7
2.233131756561961e-7
2.07720059709877e-7
2.0083483969758318e-7
1.9457500402219138e-7
1.8730129856186447e-7
1.784299389388332e-7
1.7116306502231472e-7
1.6314278183866076e-7
1.6371809023427493e-7
1.550388948652606e-7
1.496623160549235e-7
1.5268422665376832e-7
1.426527552834066e-7
1.3508114167387088e-7
1.3733787679036566e-7
1.358492627986924e-7
1.3140996018161013e-7
1.3026529368056483e-7
1.2241785084726772e-7
1.2103305985759444e-7
1.1313438589417416e-7
1.1159038293114458e-7
1.1083840317158558e-7
1.0895299377481e-7
1.0781247441946501e-7
1.0821045504464427e-7
1.0099068081648229e-7
1.0052917360600401e-7
9.919282295786825e-8
9.825686860116963e-8
9.360228313741451e-8
9.865482089350417e-8
9.004236420222704e-8
9.039455231155661e-8
8.868417011698239e-8
8.686085709506043e-8
8.519336550549887e-8
8.387879445532554e-8
8.200689772214989e-8
8.149413403676312e-8
7.947651701565624e-8
7.823714024938398e-8
7.719203948780396e-8
7.570569460533091e-8
7.409867152434613e-8
7.4210489502647e-8
7.289973339051686e-8
7.22849925982407e-8
7.11614956845228e-8
7.056645518751134e-8
6.780771099379847e-8
6.898640159995021e-8
6.640865786889793e-8
6.590855786572201e-8
6.470271771801151e-8
6.392783847927567e-8
6.375774171515437e-8
6.270817479375319e-8
6.164807084276774e-8
6.069591449292061e-8
5.98650550728863e-8
5.902510212700981e-8
5.794350883765477e-8
5.724887137070277e-8
5.683533632774643e-8
5.625794837267952e-8
5.589900521686118e-8
5.4587441716153495e-8
5.4195646066953035e-8
5.4100868574720577e-8
5.2455736049397054e-8
5.2003557555512524e-8
5.1342121412057964e-8
5.064508385535852e-8
5.0148040437587576e-8
4.933413204798217e-8
4.918084468850321e-8
4.849363258980203e-8
4.7933117964934094e-8
4.753302362192423e-8
4.70233060935556e-8
4.645149431767457e-8
4.5818396346398175e-8
4.529068816087479e-8
4.457366073388592e-8
4.418496262280942e-8
4.381713335726632e-8
4.325493716465061e-8
4.272727017293673e-8
4.250136544603881e-8
4.1876696437281706e-8
4.144663848140386e-8
4.0838849942010984e-8
4.047834447934423e-8
3.998143670512178e-8
3.9501917476077127e-8
3.916301630748811e-8
3.8577332575225675e-8
3.820846081329236e-8
3.799356446569093e-8
3.746287862658491e-8
3.7084081840651956e-8