1.1637059851058118e-11
1.2808463158851554e-10
2.4456937824082144e-10
3.6139631641511013e-10
4.77873315698329e-10
5.987957834486508e-10
7.137137056733979e-10
8.295382289381802e-10
9.500267066297511e-10
1.0690713776232149e-9
1.1903866728748955e-9
1.3147792495223163e-9
1.4369151016750274e-9
1.569178231541503e-9
1.6950652167895876e-9
1.823445755587219e-9
1.937581275206295e-9
2.039838238967298e-9
2.195485821427943e-9
2.344587984187776e-9
2.4370912538760024e-9
2.618185940604252e-9
2.7515131234065336e-9
2.9158113105151895e-9
3.036353770665046e-9
3.182769243389975e-9
3.3256923095395583e-9
3.449738315446572e-9
3.5503219763375966e-9
3.811154066404734e-9
3.920750103469144e-9
4.098835638693747e-9
4.321943984710653e-9
4.485430981073955e-9
4.813638560951929e-9
4.83808773937688e-9
4.894882484419274e-9
5.155615273862394e-9
5.563139269068136e-9
5.275397103263224e-9
5.7169530206888136e-9
5.963678192191238e-9
6.347759517480327e-9
6.428130169891414e-9
6.613859121021432e-9
6.943085178804958e-9
7.162774217694057e-9
7.29404251612284e-9
7.767083473024225e-9
7.703645184891013e-9
8.193679949722736e-9
8.16572393614838e-9
8.543349845863145e-9
8.71685115959629e-9
9.229728595789598e-9
9.536023949031256e-9
9.838602209791976e-9
9.41769721686811e-9
1.005927391676793e-8
1.0463249975966015e-8
1.0620905517537002e-8
1.1237606312268213e-8
1.170844364053568e-8
1.2069639884414568e-8
1.2317327817380768e-8
1.3214484573166204e-8
1.275458295855186e-8
1.2742802724417082e-8
1.3424057828385274e-8
1.3971984939822251e-8
1.4072632773611646e-8
1.4120370063505611e-8
1.5652365514979982e-8
1.5560775292004633e-8
1.5983329275991198e-8
1.669013747569267e-8
1.7148362029981617e-8
1.8309949386485067e-8
1.899945166049007e-8
1.8229224572992036e-8
1.9647371476488597e-8
1.911719943086059e-8
2.1590625807247847e-8
2.3319124316555616e-8
1.9733887861482377e-8
2.1048379017442628e-8
2.0763429127368966e-8
2.2101805391563323e-8
2.199015142011383e-8
2.4644669421716053e-8
2.4738109748447267e-8
2.473210202569121e-8
2.850994593423741e-8
2.48865780292516e-8
2.595312302375354e-8
2.752280170361361e-8
2.9729648364523493e-8
3.1004603269684406e-8
3.029338996007187e-8
2.995328568695307e-8
3.1358549866871e-8
3.225471026883287e-8
3.3951278396438326e-8
3.476775115822119e-8
3.9636793273483384e-8
3.192388106464125e-8
3.465983622708058e-8
3.662060969077026e-8
3.875365184576992e-8
4.2769982933504654e-8
3.845152916562341e-8
4.1054701067606596e-8
4.295062738779451e-8
4.329429290223411e-8
4.589832003242964e-8
4.574630753156853e-8
4.6974245683976236e-8
4.831719521048595e-8
4.9326227290394675e-8
5.104972571680744e-8
5.0329136934157456e-8
4.9248097696407315e-8
4.542116834012655e-8
3.58602521723041e-8
1.898784817029086e-8
7.531683251836962e-8
5.8688454946690974e-8
1.1769476041640546e-7
3.836319383134822e-7
3.593737278501312e-7
3.2347843288984253e-7
2.913013750421704e-7
2.6316588217629443e-7
2.4273793463398196e-7
2.2241717695521523e-7
2.095802690763689e-7
1.9706168382225634e-7
1.8446164428955144e-7
1.777313764157108e-7
1.6688359243209014e-7
1.5723807676244713e-7
1.4967200595822792e-7
1.4544910269087464e-7
1.385552595884425e-7
1.291333851815817e-7
1.2828524924940363e-7
1.234766114414503e-7
1.1977207173081462e-7
1.1462008113230863e-7
1.0816844772488329e-7
1.0878316927791579e-7
1.0417624850160732e-7
1.0177428715615871e-7
1.0046793849094338e-7
9.682364842798431e-8
9.346284796332462e-8
8.93481166794266e-8
8.47979918350757e-8
8.673696001389616e-8
8.439858245532741e-8
8.123824641851033e-8
8.147412323404178e-8
7.998093873435333e-8
7.562577467294095e-8
7.606949412806451e-8
7.273171094451273e-8
7.226339926585576e-8
7.042342745393873e-8
7.227982885428094e-8
6.886187878398019e-8
6.569705985680489e-8
6.673986177201161e-8
6.526434152937611e-8
6.382167806856248e-8
6.345902736405895e-8
6.177304073123631e-8
6.119592438090914e-8
6.077800629463517e-8
5.7488573889548455e-8
5.705645710081549e-8
5.786452461230146e-8
5.6788653858846455e-8
5.5540898466630445e-8
5.454194847459792e-8
5.3875816429226144e-8
5.3192031608769485e-8
5.1587741469384736e-8
5.173739309926399e-8
5.129494522052648e-8
5.0035765296140056e-8
4.982060875530569e-8
4.8833774051156065e-8
4.807139981533923e-8
4.798606319785859e-8
4.674853854909663e-8
4.668575006885568e-8
4.599131424868264e-8
4.531362832532129e-8
4.4686003428980906e-8
4.4524104357860835e-8
4.354290947213971e-8