8.04726259810272e-10
8.848375233846452e-9
1.6877953109041253e-8
2.487737475870103e-8
3.2832727079350076e-8
4.073203144010477e-8
4.857894012074977e-8
5.6320492711189465e-8
6.398862369551609e-8
7.163661964954126e-8
7.906783614876026e-8
8.677715125281332e-8
9.363374403113968e-8
1.0072619976565969e-7
1.0783623143182366e-7
1.1511268505944884e-7
1.2073340075525388e-7
1.278342521391718e-7
1.347208130346934e-7
1.3902332455137586e-7
1.4785256217006785e-7
1.51615262345756e-7
1.5656804799365886e-7
1.6263693961824333e-7
1.680530489989057e-7
1.712891188300242e-7
1.7810547102434196e-7
1.8157592821094568e-7
1.8646018962145594e-7
1.9055558224369524e-7
1.988961967410295e-7
1.997776188016416e-7
2.0282096987055448e-7
2.0702491908447834e-7
2.113169372383266e-7
2.1668309171701931e-7
2.1774494135642105e-7
2.232145987386188e-7
2.2247784423008706e-7
2.3070905656037172e-7
2.3019891142271722e-7
2.3241343760570905e-7
2.3591147474244733e-7
2.3832155667008444e-7
2.4112144754474546e-7
2.4242361800803407e-7
2.4335708530754574e-7
2.4362422602359647e-7
2.422705594360476e-7
2.3864232343651386e-7
2.3108098583633786e-7
2.1657309235134366e-7
1.893219647287797e-7
1.3825477612388598e-7
5.3495234001450265e-8
2.6158475463886594e-8
1.9080803568063255e-7
3.027033241784179e-7
2.4660873256072103e-8
6.967049617479309e-9
5.372397349515244e-7
6.331878771581664e-7
6.13303640979061e-7
5.728697395705128e-7
5.309406475033644e-7
4.931409776610808e-7
4.5808472978349133e-7
4.286238392833479e-7
4.0193890898992843e-7
3.7817959905811275e-7
3.570600203721857e-7
3.370373001759452e-7
3.212459679931713e-7
3.0564760540092243e-7
2.9148273242709685e-7
2.77579275884756e-7
2.669466493992471e-7
2.60351404914896e-7
2.448664082784739e-7
2.372023260972158e-7
2.2550879809026536e-7
2.2063507138953355e-7
2.131820673081524e-7
2.0592157979719214e-7
2.0229766978089002e-7
1.968014370903737e-7
1.8668906541936954e-7
1.8194997102749113e-7
1.7869223008599762e-7
1.7749843218513692e-7
1.6891895372343847e-7
1.6657062357230864e-7
1.5749599830976968e-7
1.5401647775094368e-7
1.519654193231945e-7
1.4638681823806293e-7
1.4740617003983265e-7
1.4380754986044997e-7
1.410277012950251e-7
1.3732018617195494e-7
1.3696303441631142e-7
1.3227677483255124e-7
1.2788615328780733e-7
1.2507258543273415e-7
1.2210756427071324e-7
1.214199079258006e-7
1.2137040332941465e-7
1.1581689526173308e-7
1.162596009855723e-7
1.1841985657238941e-7
1.1115447593595974e-7
1.1140255498153191e-7
1.0750914590246319e-7
1.0679764517661785e-7
1.0200385218454113e-7
1.0331918068130708e-7
1.0028493165907712e-7
9.829708092471782e-8
9.647365444995156e-8
9.507408016010562e-8
9.55759143276847e-8
9.211379157342114e-8
9.116595868314907e-8
8.91618406800734e-8
8.778586373302723e-8
8.783606464324176e-8
8.600888804155254e-8
8.383623995608517e-8
8.300031410263639e-8
8.173422195419243e-8
8.010684001098159e-8
7.841699991733676e-8
7.874745281939955e-8
7.718268254972987e-8
7.487881640408396e-8
7.488439674566234e-8
7.374547186703079e-8
7.193077936921121e-8
7.347513495155791e-8
7.031338880022205e-8
6.985664089223125e-8
6.884032650209097e-8
6.828190964571005e-8
6.715002924593652e-8
6.646021591143337e-8
6.593420115724422e-8
6.493302019777678e-8
6.311390388289039e-8
6.30457827689487e-8
6.225305513826026e-8
6.09033794688724e-8
6.00957183326727e-8
5.973099710668139e-8
5.8989867543135646e-8
5.7813450019434576e-8
5.731834204890233e-8
5.6934271602528135e-8
5.6688276431656195e-8
5.5573876703713734e-8
5.461959760127766e-8
5.407623121900907e-8
5.3674591643817006e-8
5.314156823365759e-8
5.22069440147116e-8
5.1733479808685127e-8
5.115341674191738e-8
5.054736473297711e-8
4.98006414567726e-8
4.9197195493120546e-8
4.872214392724922e-8
4.8046079732538036e-8
4.7490018174793444e-8
4.699123876718115e-8
4.637245716220488e-8
4.5851922887394736e-8
4.5430274132370165e-8
4.4811936260264946e-8
4.4303891653254314e-8
4.383835734235211e-8
4.338831489460242e-8
4.2886395581518434e-8
4.228611249604618e-8
4.1840868018011753e-8
4.1378658226587394e-8
4.0901043498832784e-8
4.042266582354698e-8
3.999985372425585e-8
3.9564326035058754e-8
3.913864165812793e-8
3.876882847630813e-8
3.8251119072072456e-8
3.7822827938923464e-8
3.742787606718698e-8
3.701719287628273e-8
3.6631764282541145e-8
3.621964234698961e-8
3.5824076072010064e-8
3.543979721967766e-8
3.5064778059706186e-8
3.469196366709462e-8
3.432580731103987e-8