5.119583647108399e-12
5.634808863404803e-11
1.0749999646021958e-10
1.5896166605701059e-10
2.1048870560449556e-10
2.622519174587703e-10
3.1404639182835584e-10
3.664322427803849e-10
4.186107558768497e-10
4.718365048692458e-10
5.240202071614174e-10
5.790797645179836e-10
6.322525898528506e-10
6.87666362312969e-10
7.395778654674461e-10
7.963963490614316e-10
8.53954706772473e-10
9.117327882585882e-10
9.638141438110575e-10
1.029064559228228e-9
1.0945761107025239e-9
1.1505566955427687e-9
1.2180366557890893e-9
1.2799486156000042e-9
1.3302770345445939e-9
1.39767673643712e-9
1.482471343050932e-9
1.5469258359950353e-9
1.607305100015441e-9
1.680407762840025e-9
1.7356738996966295e-9
1.8182981561172701e-9
1.896035317369046e-9
1.956747893109995e-9
2.0504316370326597e-9
2.131256713631344e-9
2.235301454100126e-9
2.317409078814773e-9
2.3595147432492815e-9
2.4502704096191677e-9
2.5779844739203295e-9
2.6711952318051274e-9
2.733921885201223e-9
2.8516635601236538e-9
2.9497411120244033e-9
3.035080892747417e-9
3.132619422574521e-9
3.2573642474839086e-9
3.365198528024565e-9
3.4190968041653967e-9
3.5449598323382667e-9
3.7031443650887523e-9
3.8352947022927666e-9
3.9025551822662535e-9
4.085973819734532e-9
4.25699497911462e-9
4.244012790626566e-9
4.414655490764385e-9
4.637266882619466e-9
4.7799967651603e-9
4.988708100036548e-9
5.045051650093239e-9
5.108238627634258e-9
5.253419791519877e-9
5.181909316163785e-9
5.6097346847772e-9
5.789370701262773e-9
6.108200601520314e-9
6.229383496923305e-9
6.6264340949822565e-9
6.561871968641326e-9
6.9101261866350435e-9
7.052174469639736e-9
7.1869538204416275e-9
7.532180761439727e-9
7.689645857500331e-9
7.6371111820589e-9
8.113940966385694e-9
8.586595667695544e-9
9.019003104579757e-9
9.32900593958818e-9
9.068398261426042e-9
9.0176097741945e-9
9.443930237374905e-9
8.995233583455981e-9
1.0201840768352333e-8
1.0462817754495353e-8
1.1049812018248037e-8
1.1069598706652824e-8
1.042089031376188e-8
1.1464464124928395e-8
1.1981125694180399e-8
1.2422291261704511e-8
1.2413211588177723e-8
1.3244739500552388e-8
1.327234474640958e-8
1.4093340565703228e-8
1.3971916944704954e-8
1.3820834701762357e-8
1.4607938444435449e-8
1.4658792069262757e-8
1.589760000699572e-8
1.7369573292981605e-8
1.648417721781715e-8
1.6491902668103853e-8
1.7137481228672956e-8
1.7339026701812052e-8
1.7989624297801303e-8
1.8496988710892878e-8
1.8321990900156005e-8
1.98710372844396e-8
1.9920935895145943e-8
1.9738781430002094e-8
2.1288557622366525e-8
2.2144096583468538e-8
2.368461226635652e-8
2.2866266005000786e-8
2.4675883969295385e-8
2.3963898080162132e-8
2.4707440990103498e-8
2.5003912302703624e-8
2.5092190436822986e-8
2.5442088052577445e-8
2.532415749676475e-8
2.9447134639683552e-8
2.966279793418908e-8
2.942120727822403e-8
3.224899119136813e-8
3.037093559961764e-8
3.321528135212293e-8
3.4487121929157045e-8
3.504005365215553e-8
3.618139250193109e-8
3.6803515913546214e-8
3.8073976341277316e-8
3.874480546328934e-8
3.884505765985416e-8
3.816625083646072e-8
3.544015923947864e-8
2.8309275728691156e-8
1.6114223813165214e-8
9.096638418147501e-8
3.437284410034317e-8
2.8830661440617434e-7
3.5232601217103005e-7
3.1882358579888243e-7
2.844589185650071e-7
2.5573238284420474e-7
2.307705290510132e-7
2.1349057776065988e-7
1.9683353952956828e-7
1.8220589086123238e-7
1.733953405857796e-7
1.6136007079117496e-7
1.5260192014888608e-7
1.4297382548966527e-7
1.3607333056219227e-7
1.3289952900115442e-7
1.2369499186163068e-7
1.1892877227184686e-7
1.1310565285040928e-7
1.0542610314861663e-7
1.0637273929498829e-7
1.0389539138589572e-7
9.947999274886733e-8
9.741554731505302e-8
9.483915107164318e-8
9.282387555085255e-8
9.05354016849494e-8
8.569498652809067e-8
8.418852458778808e-8
8.317972784899498e-8
7.749143451853753e-8
7.868884332041574e-8
7.529050390426754e-8
7.348490584198883e-8
7.194488293021609e-8
7.237417097715462e-8
7.050424232282933e-8
6.75782952866529e-8
6.8311813804226e-8
6.602356151247225e-8
6.505225078767578e-8
6.303780490610267e-8
6.270080914485495e-8
6.194221346254837e-8
5.969740320145297e-8
5.880762454717443e-8
5.818269400108155e-8
5.741140768320312e-8
5.604793075221119e-8
5.436225494476231e-8
5.442506476459991e-8
5.180854408608275e-8
5.260231512125794e-8
5.2148040641458155e-8
5.076958529948602e-8
4.945852428178449e-8
4.935798078600314e-8
4.849197111838988e-8
4.7773553946772064e-8