8.642427394322546e-10
9.502724343873698e-9
1.8124009039112564e-8
2.671336349107203e-8
3.531736509069059e-8
4.37754419977468e-8
5.21581059343122e-8
6.045162030485953e-8
6.871690760980344e-8
7.667761198244559e-8
8.498614789196076e-8
9.210277193819539e-8
1.0006989121414648e-7
1.0749529440469308e-7
1.1509752270052537e-7
1.2205938025708874e-7
1.2840419758647898e-7
1.364359794628838e-7
1.4198063177383164e-7
1.4938145712191715e-7
1.5187451219034144e-7
1.6146501332986747e-7
1.6622092627932355e-7
1.6982445621328325e-7
1.7900631121457433e-7
1.8293288078504472e-7
1.8694820829796067e-7
1.933099548288928e-7
1.9691189754633613e-7
2.0307279007632724e-7
2.060655145556733e-7
2.0909144112546923e-7
2.13808435631383e-7
2.1959094448992053e-7
2.1403131630553627e-7
2.22357093573592e-7
2.2799549029542357e-7
2.391230353137061e-7
2.3577235671146783e-7
2.3921606597795307e-7
2.412774487457971e-7
2.449471805264809e-7
2.465969784044901e-7
2.4854567993365714e-7
2.4992726000935567e-7
2.5092752149642514e-7
2.5096440839870065e-7
2.4948229544387565e-7
2.4552749193794616e-7
2.3751721367664377e-7
2.2235100572912672e-7
1.9411345601525014e-7
1.4151435916659744e-7
5.4571007588051265e-8
2.5615554921292977e-8
1.7262996353066932e-7
3.744352747210499e-7
2.6944962383669475e-8
7.548510739262692e-9
5.18066231679931e-7
6.392498053753029e-7
6.230928343991138e-7
5.830560853945638e-7
5.415730042878583e-7
5.022603971046107e-7
4.6794187268284933e-7
4.3629471831066597e-7
4.0893560703809717e-7
3.8381299369576144e-7
3.633831853869683e-7
3.435431192884794e-7
3.257836580113036e-7
3.109632924330829e-7
2.959543140816468e-7
2.8309408012737386e-7
2.7097192081673625e-7
2.620610016654308e-7
2.504836420404149e-7
2.399167520565264e-7
2.340646572622108e-7
2.2529765412076538e-7
2.1755358829485093e-7
2.0980031270663314e-7
2.026246650534498e-7
1.907165909655431e-7
1.9101139986444062e-7
1.8641147483550063e-7
1.8156283708198145e-7
1.794531898392055e-7
1.6982404000404856e-7
1.679043465886523e-7
1.6412237421544301e-7
1.581320212535547e-7
1.609549479172094e-7
1.5197005684848417e-7
1.4783032856655609e-7
1.446155933657579e-7
1.455489038891339e-7
1.376510092028764e-7
1.4247391108964754e-7
1.3500325754384583e-7
1.301374419423884e-7
1.2839249059370676e-7
1.2500329918335587e-7
1.2354444712799983e-7
1.202356725623136e-7
1.1737465531135455e-7
1.1787807735739031e-7
1.1323074407086022e-7
1.150462168841337e-7
1.1152354468361391e-7
1.1051725855498554e-7
1.0784483633592798e-7
1.042876136328908e-7
1.0265285211868864e-7
1.0166626805325166e-7
9.967076839064069e-8
9.465633384995182e-8
9.566633245018021e-8
9.730904223450504e-8
9.205106481508496e-8
9.145719172862654e-8
9.04538726466844e-8
9.10591413793425e-8
8.692613848197508e-8
8.760984160583986e-8
8.565096113162995e-8
8.481339644049255e-8
8.310071579826646e-8
8.101597288947121e-8
7.983148611991959e-8
7.905816447624678e-8
7.854776142261511e-8
7.52972128494129e-8
7.472673154165407e-8
7.5009902924878e-8
7.345566354475671e-8
7.283201643372822e-8
7.190573428909118e-8
7.115254398790718e-8
6.938867147894692e-8
6.870236006663855e-8
6.786567727790742e-8
6.820275447846202e-8
6.577605293410892e-8
6.522005206237444e-8
6.438925776750877e-8
6.302308973394046e-8
6.247370756208957e-8
6.140079986839875e-8
6.101983862086947e-8
6.024372856162869e-8
5.969773639700907e-8
5.918671269900297e-8
5.829353570748031e-8
5.742024457301308e-8
5.676600748116791e-8
5.599713913419329e-8
5.5293186383478415e-8
5.455078963152752e-8
5.382184188782475e-8
5.343356076005615e-8
5.2894077059289446e-8
5.2193515308420186e-8
5.172712979959137e-8
5.102938778028679e-8
5.036107463621221e-8
4.980834319394221e-8
4.901996211929339e-8
4.856583032026887e-8
4.7972255268908145e-8
4.738194061995906e-8
4.6827990403851814e-8
4.622248053089257e-8
4.5684834507328017e-8
4.520483297372584e-8
4.4682903687752725e-8
4.420228410570965e-8
4.3744241098058184e-8
4.3144926495513106e-8
4.2668220781848355e-8
4.223498862427606e-8
4.161556773569955e-8
4.1246665765860127e-8
4.079633144250519e-8
4.0343047306026636e-8
3.994203582366393e-8
3.9464714899071784e-8
3.901006840160059e-8
3.856253812449699e-8
3.8156830287535016e-8
3.774097655595136e-8
3.7329151811444165e-8
3.690933261190294e-8
3.6524835999802646e-8
3.611353498079549e-8
3.572743723727658e-8
3.535213180961985e-8
3.49674615103291e-8
3.459886875533572e-8
3.4233118129700687e-8