1.0301907367048328e-14
1.13342797111775e-13
2.1649323511225725e-13
3.198535097299851e-13
4.235262421118431e-13
5.276162057330078e-13
6.322331471411411e-13
7.374884400390678e-13
8.435020187466763e-13
9.504015984687425e-13
1.058317841340189e-12
1.167394891331934e-12
1.2777821914305083e-12
1.3896501751827669e-12
1.5031708111950412e-12
1.6185414736027859e-12
1.7359697367849425e-12
1.8556795509179404e-12
1.97792283305302e-12
2.1029642666745614e-12
2.2311150737048297e-12
2.362689640549434e-12
2.4980448512538165e-12
2.6375688245914016e-12
2.7816922286936645e-12
2.9308966038632356e-12
3.085724709207337e-12
3.246675460013159e-12
3.4144201419244194e-12
3.5896808175894547e-12
3.773151606598338e-12
3.965723848009243e-12
4.168344283701594e-12
4.382030632512107e-12
4.6076673399715046e-12
4.8469985372507006e-12
5.10085783149092e-12
5.371143208931463e-12
5.659361668063307e-12
5.967182371070529e-12
6.296983859533597e-12
6.65094156015353e-12
7.031122818714663e-12
7.440676296113665e-12
7.882114963125774e-12
8.361509022667293e-12
8.877960760016315e-12
9.438175351168254e-12
1.0045907870870224e-11
1.070534099475125e-11
1.1420780639647273e-11
1.220500881940459e-11
1.305728362159931e-11
1.3988533399851187e-11
1.5004574192571583e-11
1.6110810981107685e-11
1.732691209500723e-11
1.865739177400313e-11
2.0121078813080346e-11
2.1720223339453055e-11
2.3475836333944096e-11
2.5401881867615797e-11
2.751489093369291e-11
2.983809914828903e-11
3.239288919251755e-11
3.519690259901069e-11
3.82824212323654e-11
4.167989948328576e-11
4.541615409269615e-11
4.953024013916617e-11
5.405150863000808e-11
5.903685859129796e-11
6.452838223421433e-11
7.057234189340355e-11
7.723890069029433e-11
8.457630747100173e-11
9.265520710061274e-11
1.0155780119380154e-10
1.1137677712231486e-10
1.2219024076162242e-10
1.3408514884828405e-10
1.4720393836666027e-10
1.616513163058089e-10
1.7757862904187604e-10
1.9511657301779912e-10
2.144057182521416e-10
2.3563926716398964e-10
2.590450357883696e-10
2.8472049652501226e-10
3.1303550680300297e-10
3.441309967426633e-10
3.78334127789969e-10
4.158663915046374e-10
4.570915341963715e-10
5.022844705379132e-10
5.518428401753276e-10
6.061700287601066e-10
6.656752438553107e-10
7.307323617534067e-10
8.018319360813756e-10
8.793072422624818e-10
9.637451885203323e-10
1.0560136827762185e-9
1.156111349353573e-9
1.2647179656765635e-9
1.3827220615857843e-9
1.51016084639661e-9
1.648024309805086e-9
1.7970213932295448e-9
1.9564947435742372e-9
2.128215656408892e-9
2.3118062486809114e-9
2.5089566423341497e-9
2.718131353163233e-9
2.941625456494985e-9
3.1783063938184343e-9
3.4280223222456977e-9
3.692279582328996e-9
3.971301389143221e-9
4.262968906667596e-9
4.568967560234105e-9
4.886042033838839e-9
5.219241653272155e-9
5.563147536568197e-9
5.920977697542479e-9
6.288794818869943e-9
6.6680325401002695e-9
7.0575129117206534e-9
7.456653396967326e-9
7.86436353699448e-9
8.283300833544143e-9
8.706623411444408e-9
9.138450206254716e-9
9.578162435619125e-9
1.0021065486087e-8
1.0471159892758879e-8
1.092458227031912e-8
1.1383668922609614e-8
1.184543332057283e-8
1.2311617833131342e-8
1.278037398673072e-8
1.3250989313757889e-8
1.3725232358924964e-8
1.420225083637821e-8
1.4682559791988093e-8
1.51650672962908e-8
1.565027960527104e-8
1.6141077313004442e-8
1.6633578488932103e-8
1.7129556196991206e-8
1.7628587141139392e-8
1.81350965859783e-8
1.8647964868817084e-8
1.9167062238096732e-8
1.96948301208509e-8
2.023170999086045e-8
2.0777548295875283e-8
2.133722197021255e-8
2.190970253868016e-8
2.249970677708577e-8
2.3108532634969023e-8
2.3742066878337885e-8
2.4397993329697403e-8
2.5083558315502716e-8
2.5804664837994365e-8
2.6569544374641103e-8
2.737241442198904e-8
2.8235681109823377e-8
2.916543694754439e-8
3.016656252949046e-8
3.125905237729636e-8
3.2465548437032945e-8
3.3802444625204795e-8
3.530118449222148e-8
3.69953539122389e-8
3.893351451111458e-8
4.1140083015411764e-8
4.3630637770769716e-8
4.622742504254137e-8
4.783345006736085e-8
4.0729846977609004e-8
2.2920803948904436e-8
2.1571142793722933e-6
7.650234579007099e-7
4.7276175376885055e-7
3.550952167314e-7
2.879186577648708e-7
2.4749976371182515e-7
2.1346374253965255e-7
1.8962648474309329e-7
1.660080256625851e-7
1.5084158359124752e-7
1.4598645487171612e-7
1.4098015392635275e-7
1.210220612348302e-7
1.124949677088253e-7
9.833372141121809e-8
9.955282104206252e-8
1.0495988886583583e-7
9.584155135768933e-8
9.460900431001783e-8