2.5540120853610857e-10
2.812268417449449e-9
5.384523531994487e-9
7.982840890123278e-9
1.061622596821209e-8
1.3325213184734428e-8
1.6078779944833956e-8
1.8920195611842887e-8
2.187378982670584e-8
2.4878673348964477e-8
2.7977267800616765e-8
3.122901126633253e-8
3.458164282327859e-8
3.802159060423596e-8
4.158835629976339e-8
4.529681129993353e-8
4.908027455622733e-8
5.2971430126969904e-8
5.699788255737084e-8
6.094755816414683e-8
6.50713741137507e-8
6.931763816675057e-8
7.366427093649774e-8
7.769339490511171e-8
8.190334916101913e-8
8.611469768583591e-8
9.013093552953614e-8
9.441023054252432e-8
9.851146415034038e-8
1.027569507021146e-7
1.062853431050107e-7
1.100568976272231e-7
1.1366846970877789e-7
1.1721429137537397e-7
1.2055366676523525e-7
1.2379014708954994e-7
1.2688141793301048e-7
1.2982238465986074e-7
1.3256179756954643e-7
1.3518598028308996e-7
1.3767935938651196e-7
1.3994873446433734e-7
1.421427818448629e-7
1.44182055667165e-7
1.4611632935650104e-7
1.4783950137602256e-7
1.4947428615750256e-7
1.5101164185586604e-7
1.5242474215836486e-7
1.537828541995313e-7
1.550171868712489e-7
1.5618440061872608e-7
1.5727013130492342e-7
1.582921166428272e-7
1.5923995854777461e-7
1.6019884438683913e-7
1.6107744733082467e-7
1.6189963666080922e-7
1.6271577239482776e-7
1.636623762471678e-7
1.6449000608215564e-7
1.6533886852426892e-7
1.661996827956735e-7
1.6710220312877837e-7
1.6806225039334364e-7
1.6900510689071715e-7
1.7001117201465967e-7
1.710498027989113e-7
1.7209512026472847e-7
1.731130612691451e-7
1.7404862397566253e-7
1.7472808827093416e-7
1.7491836474910678e-7
1.741027814711216e-7
1.7114779683972617e-7
1.6359397970534374e-7
1.447470964879596e-7
9.2438680342755e-8
7.753808525975067e-9
3.596427535174413e-6
4.359745947505688e-6
2.1829568712918283e-6
1.3892930005596213e-6
1.03764342703121e-6
8.212400037651719e-7
6.82220797855984e-7
5.667343301428442e-7
5.756202451281717e-7
4.358581693455548e-7
3.913378158677065e-7
3.670132541785518e-7
3.379832304941073e-7
3.6872002090827407e-7
2.8886014375229395e-7
2.85189795956942e-7
2.6145272358270116e-7
2.389429486710002e-7
2.2544716475635988e-7
2.0316859472257834e-7
2.054384139442539e-7
1.914289144943169e-7
2.327774893580788e-7
1.8516352794417384e-7
1.7223376212839613e-7
1.700533208893227e-7
1.6789254297282212e-7
1.747125611650702e-7
1.4530636332819444e-7
1.4271102027407374e-7
1.4116983614585095e-7
1.2908028958864836e-7
1.2434277160315904e-7
1.2278930081616974e-7
1.283268975204488e-7
1.2098541703271683e-7
1.1748984760873492e-7
1.201719338034407e-7
1.119530064955505e-7
1.0756063636793161e-7
1.1139338894919248e-7
1.018628036678814e-7
1.0452998291540992e-7
1.0062548372332451e-7
9.799706935358661e-8
1.003072446108037e-7
9.094105183341359e-8
9.845176950266648e-8
8.672082228564472e-8
8.802080473503581e-8
8.560985936855775e-8
8.658588155084258e-8
8.382461582416923e-8
8.428756134504016e-8
8.043813487696383e-8
8.234693979110645e-8
7.943399746564994e-8
7.999501351108683e-8
7.792883711310798e-8
7.717090084116701e-8
7.650422961776613e-8
7.342553111960703e-8
7.179517638671034e-8
7.062904343743976e-8
7.378531390238837e-8
6.977572459862373e-8
6.942629925851131e-8
6.810282837068855e-8
6.747495157754582e-8
6.606713867457956e-8
6.511918588606473e-8
6.286436904611311e-8
6.405572956804492e-8
6.317599736052726e-8
6.24677616349239e-8
6.178314714470069e-8
6.129507478412585e-8
6.045498970838146e-8
5.9003338071122886e-8
5.894567984878408e-8
5.776289751741443e-8
5.735902953773384e-8
5.63155048380125e-8
5.5891824383317784e-8
5.5389062660950814e-8
5.432646779415327e-8
5.4010813232781386e-8
5.349108146074066e-8
5.281672612881195e-8
5.2188685896158457e-8
5.162497196539335e-8
5.098148008791919e-8
5.037655111462838e-8
4.9832867425614416e-8
4.927186797261432e-8
4.865784684695325e-8
4.812037909470492e-8
4.757880441054e-8
4.70425355100859e-8
4.649192730447997e-8
4.5970377074180226e-8
4.544598182958617e-8
4.493223645435291e-8
4.4433628543911454e-8
4.39410056196578e-8
4.346413216680408e-8
4.2973129830937014e-8
4.249295230820407e-8
4.2023862658710896e-8
4.156135376592133e-8
4.111067257218847e-8
4.06559311829321e-8
4.021641393714097e-8
3.978213739883305e-8
3.9351538995573805e-8
3.892733039746742e-8
3.850931787607838e-8
3.80961183039153e-8
3.768648645050272e-8
3.728941129717411e-8
3.689228459635119e-8
3.6502701780606546e-8