4.803084644543557e-13
5.293159915059617e-12
1.015550215867871e-11
1.5111291879440115e-11
2.020954509643788e-11
2.549375107508119e-11
3.101784730585404e-11
3.6825302661279666e-11
4.298859527227024e-11
4.954052809410634e-11
5.656224626774159e-11
6.411759164469645e-11
7.228379745911543e-11
8.111087722073109e-11
9.07124288023385e-11
1.0117354893010249e-10
1.125982963209991e-10
1.2506335277413331e-10
1.3873775679747141e-10
1.5373093559045134e-10
1.7013458783334683e-10
1.8823921980139203e-10
2.0818053600783068e-10
2.2996789763840443e-10
2.540180285378094e-10
2.8047436285633086e-10
3.096632989729148e-10
3.4174248717420077e-10
3.771873271025248e-10
4.1607497082591e-10
4.591751918895529e-10
5.062919313030776e-10
5.584303167945627e-10
6.157752123407066e-10
6.788378896339105e-10
7.485368688067252e-10
8.250558772455323e-10
9.093130126739009e-10
1.002069423343735e-9
1.1042187263641107e-9
1.2161323612789976e-9
1.3380600027536791e-9
1.4740075360934135e-9
1.618836828774249e-9
1.7840683779175009e-9
1.960431882364754e-9
2.155813772198507e-9
2.368413908054465e-9
2.6003023959183767e-9
2.8524498338011963e-9
3.1279020709066407e-9
3.4259785918088657e-9
3.748476911669968e-9
4.097169485553506e-9
4.4788294091925145e-9
4.8892919557780555e-9
5.327765662745237e-9
5.79876055397846e-9
6.308966891567397e-9
6.849202783893883e-9
7.428871216140833e-9
8.040702535060032e-9
8.692388097639432e-9
9.380202025159605e-9
1.0106640202351868e-8
1.0863546594963216e-8
1.1668825778116625e-8
1.2500338745420954e-8
1.3364298394543773e-8
1.4263653242716272e-8
1.519303886362957e-8
1.6147396675138062e-8
1.7130775857398107e-8
1.8138129695908603e-8
1.917479701861168e-8
2.021223241284274e-8
2.126166096516692e-8
2.235568635879293e-8
2.3445164149673655e-8
2.454829684626998e-8
2.5634052880071507e-8
2.6737832362961215e-8
2.7837509796164817e-8
2.891536751610878e-8
3.004393000745145e-8
3.1143048593207466e-8
3.223176557355108e-8
3.330280798913935e-8
3.438035793442285e-8
3.543363629799611e-8
3.647597126516873e-8
3.7519995218047e-8
3.854715279773106e-8
3.9569539098093905e-8
4.056977954617847e-8
4.15077520883569e-8
4.255616370692612e-8
4.354160794898052e-8
4.448983949775822e-8
4.5474032802070266e-8
4.643692929412375e-8
4.739347621045984e-8
4.8351953703130834e-8
4.9325855329324846e-8
5.0297894170499776e-8
5.1290285746976756e-8
5.226622924111696e-8
5.328250894418426e-8
5.432727202713484e-8
5.537872920578504e-8
5.647782745788649e-8
5.760695043273095e-8
5.879583085629579e-8
6.003503597337035e-8
6.135114737004626e-8
6.273843501180439e-8
6.421615649461026e-8
6.581870162435196e-8
6.754000891608527e-8
6.941418286206056e-8
7.144461105472164e-8
7.366461217686487e-8
7.605172594178516e-8
7.853338450118395e-8
8.088066870376386e-8
8.230342963514306e-8
7.995426473584919e-8
6.010808140950433e-8
1.4150238817219008e-8
5.208847752949477e-6
1.5089799558815467e-6
8.548214293834535e-7
6.048862286929048e-7
4.876374375878115e-7
3.9364886680503763e-7
3.133476853074127e-7
3.0091095104758665e-7
2.633842251251292e-7
2.3169838337129467e-7
2.2018525217257846e-7
1.9789878845588898e-7
1.9351445897998744e-7
1.9215044850037243e-7
1.6558433526859643e-7
1.5070879116725045e-7
1.5290293376357704e-7
1.567431582316126e-7
1.3954117672224545e-7
1.345800683608386e-7
1.412918883919621e-7
1.1079628624320627e-7
1.1445038713247756e-7
1.1484750563880425e-7
1.0832140025945494e-7
9.767071045562468e-8
1.0236659141686691e-7
9.824195598272511e-8
8.965251278643178e-8
8.580795009850423e-8
8.930658912664875e-8
8.25507915858278e-8
8.160493712197638e-8
8.085323126987307e-8
7.988783188429721e-8
7.986196012437343e-8
7.733652434188361e-8
7.748809708477433e-8
5.965233600589874e-8
6.698512932680377e-8
7.057467067135662e-8
6.645538602553338e-8
6.886946178912278e-8
6.451512590704693e-8
6.517633158580948e-8
6.38725048783417e-8
6.07909892433289e-8
6.269406682093616e-8
6.03985508011962e-8
5.79314234979064e-8
5.921545552061079e-8
5.682119925180098e-8
5.703537871474677e-8
5.499472905602821e-8
5.414533762048411e-8
5.345446858505076e-8
5.3193563441545566e-8
5.277985197644859e-8
5.098241918004757e-8
5.215462878070582e-8
5.0041400350696045e-8
4.899710503414715e-8
4.918651614868848e-8
4.9239342126379994e-8
4.774871667652519e-8
4.6717748899826546e-8
4.643514798218674e-8
4.589600876131838e-8
4.5594591317949855e-8
4.5045763998372495e-8
4.432953264119389e-8
4.353834507430956e-8