1.1527449270301841e-8
1.2581965306001293e-7
2.3535588194870742e-7
3.364471450055906e-7
4.262842198990431e-7
5.032174559025135e-7
5.665082979323652e-7
6.169708390414678e-7
6.552212021899713e-7
6.828805086501399e-7
7.014854725018726e-7
7.124450612999418e-7
7.16640979269465e-7
7.162326227151386e-7
7.118919867535691e-7
7.046478533590896e-7
6.949380586564323e-7
6.838369347052308e-7
6.714864071662687e-7
6.58241172379764e-7
6.445256774112906e-7
6.304832443050217e-7
6.16397565603066e-7
6.022714469266123e-7
5.880166001640275e-7
5.740261547020698e-7
5.599311399690563e-7
5.460085586204993e-7
5.319051820894864e-7
5.176139714186752e-7
5.028271545500348e-7
4.873123187616694e-7
4.705628080157934e-7
4.519666500455634e-7
4.303805821622184e-7
4.0413032098057336e-7
3.703549573144572e-7
3.237537231417734e-7
2.5380270474150495e-7
1.366024087669255e-7
3.727926419749604e-9
6.8504314767204835e-9
2.110449290723908e-6
4.274920587147049e-6
4.219633225145922e-6
3.2274477423080044e-6
2.423931900498535e-6
1.8827962491074225e-6
1.5174198370247102e-6
1.2596093135092044e-6
1.0729812983990356e-6
9.397772825483387e-7
8.177426614087101e-7
7.273514646672084e-7
6.574047300232543e-7
5.962699713458173e-7
5.514654448309845e-7
5.008279675718088e-7
4.6529157279131e-7
4.3251440743892813e-7
4.032093623505184e-7
3.78789828725665e-7
3.621236408086945e-7
3.613616422650525e-7
3.168609838923508e-7
3.0350505222802915e-7
2.8454930785477977e-7
2.7292224651590234e-7
2.6262950633057845e-7
2.490362961681316e-7
2.391253124187726e-7
2.311435921154494e-7
2.2070120908862096e-7
2.1390604112012515e-7
2.060711661068109e-7
2.013229509071771e-7
1.9085206852896393e-7
1.8703325649335226e-7
1.795792205366734e-7
1.753482777127115e-7
1.6824949968496875e-7
1.6927501094170934e-7
1.6074114380680279e-7
1.5816995375246866e-7
1.517276061588454e-7
1.5247152061675653e-7
1.3955774120205018e-7
1.425884787820529e-7
1.38259060377645e-7
1.4084791095041605e-7
1.3331383491753952e-7
1.317527814234887e-7
1.2813177428856165e-7
1.4126525316486883e-7
1.2614998543886807e-7
1.2128061084068377e-7
1.201292449790629e-7
1.1387744840533781e-7
1.1279280117969063e-7
1.1584069593931464e-7
1.128653119835872e-7
1.1343322665610024e-7
1.1085219608359708e-7
1.0519244816482195e-7
1.0891972873626733e-7
1.0279236066666848e-7
1.0060053645655335e-7
9.976313996792177e-8
1.0012810384955145e-7
9.656732496894906e-8
9.663599395322832e-8
9.709502078613397e-8
9.503978857217937e-8
9.326668727380836e-8
9.229527290010619e-8
9.020140183394886e-8
8.968135095288542e-8
8.895189685404034e-8
8.834741082281967e-8
8.680361792775716e-8
8.512595566211505e-8
8.440224284120603e-8
8.312908948139621e-8
8.223061908934493e-8
8.108452304489822e-8
8.068573906878714e-8
7.918526679469719e-8
7.848481363966809e-8
7.773057912427537e-8
7.640869049847782e-8
7.550135049673528e-8
7.450105266496598e-8
7.387295629662952e-8
7.257648774204178e-8
7.167909351534802e-8
7.088454311739383e-8
7.01398715073648e-8
6.919808178744047e-8
6.823917742641562e-8
6.738462053215123e-8
6.655754341235467e-8
6.575552448737162e-8
6.49382190632081e-8
6.405958831980767e-8
6.326536468466085e-8
6.246845833256575e-8
6.170346778154645e-8
6.091052644990283e-8
6.01607328811828e-8
5.941961029552464e-8
5.87137836479412e-8
5.7996825665974507e-8
5.730720469772436e-8
5.653902075501555e-8
5.585809119186815e-8
5.516510917254101e-8
5.450119266706789e-8
5.383761676731782e-8
5.318361691125311e-8
5.2536628603743714e-8
5.189665042198817e-8
5.126966532644345e-8
5.065676080699659e-8
5.0047200534543735e-8
4.944301653908209e-8
4.8849291323006253e-8
4.827365146153631e-8
4.770367424684057e-8
4.71363308793935e-8
4.658180512534487e-8
4.603417302381287e-8
4.549507243732319e-8
4.4960829933550093e-8
4.443659934179093e-8
4.391804646185816e-8
4.340890467518424e-8
4.2906477551151286e-8
4.2411233390162374e-8
4.1925128382392343e-8
4.144442928024973e-8
4.097136590786033e-8
4.0502375451996155e-8
4.004276653598309e-8
3.958965121306049e-8
3.9142968833261275e-8
3.869945732353907e-8
3.826538402398615e-8
3.783745598314205e-8
3.741557868714663e-8
3.699962591879546e-8
3.658888571901425e-8
3.618194270802205e-8
3.5783285680056275e-8
3.539022897663992e-8
3.5002640819279393e-8
3.462048236971327e-8
3.424354899802896e-8
3.386886928474368e-8
3.35023845274281e-8
3.3140928871408566e-8
3.2784470781212004e-8