1.3869595238084634e-14
1.5262327622959278e-13
2.916793113453088e-13
4.312825803076221e-13
5.717120036862327e-13
7.132454017026807e-13
8.561713696057792e-13
1.000789813017681e-12
1.1474237448267734e-12
1.296410797314214e-12
1.4480942082599353e-12
1.602868060645868e-12
1.761152609465545e-12
1.9233815053388707e-12
2.0900413398911435e-12
2.2616574019723185e-12
2.438768649071439e-12
2.6220784016971722e-12
2.8122092170180126e-12
3.0098708940397587e-12
3.215961473059556e-12
3.4313143682548837e-12
3.656980077176026e-12
3.8939488960348925e-12
4.143454196493897e-12
4.4067895326393964e-12
4.685667802993045e-12
4.981144974491716e-12
5.295440216890657e-12
5.630276698925685e-12
5.987857720633904e-12
6.3704408085533405e-12
6.780640034294321e-12
7.221505148134816e-12
7.6957855111486e-12
8.207255651611924e-12
8.759994290470235e-12
9.357841955282646e-12
1.0005298835122588e-11
1.0707443169390647e-11
1.1471885150977435e-11
1.2301982618842032e-11
1.3204583445181141e-11
1.4191058548834377e-11
1.5268418423120626e-11
1.6441353141683983e-11
1.7726811181272237e-11
1.913034758262211e-11
2.066888468698791e-11
2.2354898737090604e-11
2.4205797438349922e-11
2.6240520270584473e-11
2.8461710277459754e-11
3.0909028821987974e-11
3.3598603841897694e-11
3.654545507717259e-11
3.9800114956296716e-11
4.3371517464142737e-11
4.7304166995389323e-11
5.161927457707847e-11
5.638319519294094e-11
6.163516013458062e-11
6.739619432955727e-11
7.374189106038678e-11
8.075550829345834e-11
8.847454765097359e-11
9.695836169930925e-11
1.0631546573196531e-10
1.1664507354887549e-10
1.2800634695038317e-10
1.4052045871544952e-10
1.5432942081140736e-10
1.695181394549911e-10
1.8626490378562565e-10
2.0471592263005714e-10
2.2500791449491612e-10
2.4738448678105164e-10
2.7204308653205664e-10
2.9914950036327114e-10
3.287237032967798e-10
3.6180543088122526e-10
3.977631125202038e-10
4.374513354929673e-10
4.810194576265946e-10
5.288564577455461e-10
5.815343519323856e-10
6.387275008696797e-10
7.008559984134052e-10
7.707478601167842e-10
8.462328069534876e-10
9.287169723976914e-10
1.018653476007395e-9
1.116836156187376e-9
1.2238038820898294e-9
1.3400625984573098e-9
1.4659029658518423e-9
1.6027309045054824e-9
1.751167345255916e-9
1.9203943781451404e-9
2.083944194099762e-9
2.2688894535934705e-9
2.4686295588635602e-9
2.6812349251760354e-9
2.9106974711337693e-9
3.1537214893005133e-9
3.4124901702246207e-9
3.6869854124013325e-9
3.978161085997348e-9
4.285310095220018e-9
4.603628620215881e-9
4.944111537458701e-9
5.298359128821885e-9
5.6677697512073786e-9
6.051590646365326e-9
6.449505467814714e-9
6.863844387862771e-9
7.287868846641234e-9
7.726885338332994e-9
8.175119905124345e-9
8.637353613869147e-9
9.104978310270866e-9
9.585745844140625e-9
1.007272008511674e-8
1.0569842262778084e-8
1.1071480104005618e-8
1.1579121551312617e-8
1.2093866051370164e-8
1.2615389082033358e-8
1.3133343211936154e-8
1.3659225732275217e-8
1.4200069265367424e-8
1.473717187946604e-8
1.5256934737384613e-8
1.5794061821625776e-8
1.6332470092603635e-8
1.6872368959052683e-8
1.741715563316847e-8
1.7943918276655703e-8
1.8506947896789632e-8
1.9055833589832195e-8
1.961120614298998e-8
2.0167112725320196e-8
2.073057634312647e-8
2.1291575027642205e-8
2.1868816629312607e-8
2.2449408916367427e-8
2.304248347002391e-8
2.364612523413241e-8
2.4256142106645357e-8
2.4884238062917127e-8
2.5528881640435985e-8
2.619393706743057e-8
2.6877154903667217e-8
2.759511244102236e-8
2.8339496820365878e-8
2.912115740489746e-8
2.994657460793659e-8
3.081784536429077e-8
3.174091157852299e-8
3.273768819939148e-8
3.38152771183677e-8
3.4990520135095175e-8
3.6279560314819035e-8
3.771125405470126e-8
3.929684001856044e-8
4.1089841408412544e-8
4.3122923157878716e-8
4.5424804275953397e-8
4.797777119254019e-8
5.055234257789569e-8
5.183978095519865e-8
4.333220323038905e-8
2.124971883681559e-8
2.4595488449367507e-6
8.40165714776561e-7
4.982557943302375e-7
3.752850471531574e-7
3.055802771239503e-7
2.5914899525127613e-7
2.447857631127037e-7
2.1645408474455848e-7
1.751045535049495e-7
1.6559885796646444e-7
1.548864605248703e-7
1.3840864093722393e-7
1.2305637451934684e-7
1.18511228364794e-7
1.1493336745138401e-7
1.1518979556021213e-7
9.59902232672011e-8
1.0160859733576837e-7
9.605148018440613e-8
9.488475458600778e-8
8.786223643469696e-8
8.497511126236267e-8
7.955799725733906e-8
7.955128626449619e-8
7.451035168965581e-8
7.526608091951463e-8
7.3562609019929e-8
7.194022459018576e-8