7.644368563153633e-13
8.424857917448504e-12
1.6166144598024578e-11
2.4058737156671575e-11
3.218002171534542e-11
4.060880246646157e-11
4.942040419560525e-11
5.871399736316033e-11
6.855555733546248e-11
7.906360924228652e-11
9.031126764285758e-11
1.0242179725678845e-10
1.1553155930521561e-10
1.2971823300400446e-10
1.4516165932471272e-10
1.620762832106734e-10
1.8040053800171628e-10
2.0053131039396467e-10
2.2256845116952542e-10
2.4677248625303664e-10
2.733470191293137e-10
3.02509601483678e-10
3.345837473897129e-10
3.699246039821348e-10
4.0882222381016146e-10
4.514957542829002e-10
4.986393434752231e-10
5.505085762057699e-10
6.076023006638619e-10
6.705070892941293e-10
7.397492983331186e-10
8.159545691974413e-10
8.998684225460649e-10
9.920746277338122e-10
1.094120332742099e-9
1.2051383854375e-9
1.3277545171283864e-9
1.46203015217e-9
1.6111007266593803e-9
1.7727213727088388e-9
1.950673008709943e-9
2.1453470477493736e-9
2.3572500826191035e-9
2.590351174089814e-9
2.84436093985538e-9
3.1211174441412994e-9
3.4222342786650646e-9
3.750685542307089e-9
4.104765256437292e-9
4.489479910099061e-9
4.907039451400837e-9
5.356666692395934e-9
5.83865117345026e-9
6.3570890806726625e-9
6.912751703054443e-9
7.507349568912185e-9
8.141666154443128e-9
8.804301100119207e-9
9.5277571304008e-9
1.0283802965782034e-8
1.1086194522356017e-8
1.1917751475034867e-8
1.2795317650762058e-8
1.3701815660141452e-8
1.4645633560097186e-8
1.563328879245443e-8
1.6645334509796264e-8
1.7707033598868137e-8
1.877723101068058e-8
1.9881601027627638e-8
2.0999777223897563e-8
2.2146475979908774e-8
2.3301818864761764e-8
2.447773138307607e-8
2.565619634574921e-8
2.6856558959129484e-8
2.8043357157433017e-8
2.923211973931847e-8
3.044637271324463e-8
3.1636262889869955e-8
3.2818215333537066e-8
3.400785680838678e-8
3.5167050155551555e-8
3.63397848656757e-8
3.748143177451321e-8
3.8625514888956236e-8
3.973645728458874e-8
4.0858482370070345e-8
4.19497856118667e-8
4.304150333931137e-8
4.410833220216163e-8
4.515698700237184e-8
4.6180063468715446e-8
4.723442772206245e-8
4.823522422775946e-8
4.9273511312391126e-8
5.0286229977928503e-8
5.1287949838462095e-8
5.228974116243806e-8
5.329360368042206e-8
5.430548416929896e-8
5.53314357485732e-8
5.6353081153300256e-8
5.740510081875564e-8
5.847406977326504e-8
5.955392872535679e-8
6.069556027858995e-8
6.185971902639793e-8
6.307544172739322e-8
6.435426590141301e-8
6.568926733589617e-8
6.711789229097624e-8
6.8631375580569e-8
7.026479205836225e-8
7.201858724223218e-8
7.39157912390011e-8
7.597464807922861e-8
7.82130553698196e-8
8.059357067122902e-8
8.303943608693119e-8
8.528342880827647e-8
8.644000221638693e-8
8.347469564780414e-8
6.205884374329983e-8
1.3581065606357621e-8
5.554573887754309e-6
1.6143849755383953e-6
9.370319518533448e-7
6.25694721766129e-7
4.94836879225385e-7
4.131220858757836e-7
3.535918486143451e-7
3.117893585784268e-7
2.7082149150044596e-7
2.505720549594908e-7
2.226669784442405e-7
2.121048816300275e-7
1.7652640281953638e-7
1.9393095409390388e-7
1.6809366621548722e-7
1.7467792598551427e-7
1.5279638285779312e-7
1.4325275281407695e-7
1.385052960153563e-7
1.347976897668777e-7
1.0724693656332723e-7
1.214687068859522e-7
1.1465574442273468e-7
1.2033282029645495e-7
1.0970637858083435e-7
1.0512860897582163e-7
1.1487674499554063e-7
9.697226684715302e-8
8.884986354076566e-8
9.091214217355452e-8
9.03460347670526e-8
8.569822109894051e-8
7.737441350170271e-8
8.390841261173152e-8
8.56451532865868e-8
7.393668996857065e-8
7.65782366790093e-8
8.16298559601115e-8
7.376488361914912e-8
7.299435984582728e-8
7.019678351860644e-8
6.817673942762119e-8
6.798546160394257e-8
6.58949084030211e-8
6.782411877766446e-8
6.41766830217867e-8
6.257158245597765e-8
6.196943988535895e-8
6.432251634898958e-8
6.12140167931183e-8
6.152773298395776e-8
5.8972211316558677e-8
5.6432292037156866e-8
5.7381403686399226e-8
5.573934789468492e-8
5.6237526639648754e-8
5.4850783099928645e-8
5.3680923008022886e-8
5.299047955606472e-8
5.1878537424319585e-8
5.130731392066344e-8
5.105127035892351e-8
5.051499122344634e-8
4.867224217885994e-8
4.941097093734201e-8
4.8398175890565836e-8
4.7347287219725206e-8
4.6898051059641106e-8
4.6290621173455045e-8
4.5977751918450973e-8
4.53876559961431e-8
4.532691852718146e-8
4.437669357566361e-8
4.399379478460213e-8
4.360719954301795e-8
4.288761156579215e-8