1.204724091994661e-8
1.3139622385059552e-7
2.452917328016324e-7
3.494375577500959e-7
4.406749845552499e-7
5.170871133980804e-7
5.780327602246615e-7
6.237958899098531e-7
6.554401273793726e-7
6.74246132805093e-7
6.81809771877209e-7
6.79501173733981e-7
6.685067742564844e-7
6.498019881414258e-7
6.239395516348335e-7
5.910161187202393e-7
5.507219404584745e-7
5.019763277441373e-7
4.4276647223313613e-7
3.694652266554914e-7
2.7537547387712936e-7
1.4595848522043744e-7
2.001064010080258e-9
2.6392093121258497e-9
7.34722606252587e-8
9.33367711983767e-7
1.7541124278061034e-6
2.555417412521816e-6
3.114358261538227e-6
3.2938354731294643e-6
3.168799600581464e-6
2.8783553511654312e-6
2.5421856406620634e-6
2.2218641585812815e-6
1.938707652016095e-6
1.6981272295376434e-6
1.4942725465116119e-6
1.3230619223968125e-6
1.178264340671894e-6
1.0571558370573744e-6
9.522297953238032e-7
8.629478152766366e-7
7.864973010208083e-7
7.183683456614607e-7
6.605275725518794e-7
6.090002457796612e-7
5.621189933841518e-7
5.226489910780988e-7
4.870577988480775e-7
4.5449909512496865e-7
4.2490395287328646e-7
3.9937456894168635e-7
3.7628106835700013e-7
3.549039686999591e-7
3.3552974288967137e-7
3.1807093078788964e-7
3.017814832915756e-7
2.870722453492301e-7
2.739144919992672e-7
2.617260782496623e-7
2.5044764399609613e-7
2.395735608388415e-7
2.3038162766952007e-7
2.2127987182485478e-7
2.1319844291224005e-7
2.057382213162285e-7
1.989418279159217e-7
1.925166802543441e-7
1.8653802180675327e-7
1.810496144685789e-7
1.7586114072155502e-7
1.7100932835922375e-7
1.6654746007552534e-7
1.6235716845828032e-7
1.5828706140119904e-7
1.548547104431579e-7
1.5150021857727902e-7
1.4840029412764491e-7
1.454704331671357e-7
1.4271558446084275e-7
1.401009853115138e-7
1.3764606706763986e-7
1.3534705667521217e-7
1.3315392593373156e-7
1.3108948765405482e-7
1.2913695860138056e-7
1.2741895779797228e-7
1.255493031917426e-7
1.24004992952626e-7
1.2228286408793244e-7
1.2072980850761294e-7
1.1873245316658485e-7
1.1797906643006426e-7
1.1661138609196526e-7
1.1513587923480462e-7
1.1373632394086821e-7
1.1279015762335033e-7
1.1060469746784393e-7
1.0925488538440757e-7
1.0855637016142837e-7
1.0732328956789703e-7
1.0599068773236679e-7
1.0459216006205231e-7
1.0314871617688189e-7
1.0196297543384742e-7
1.0016629141785506e-7
9.917627048474565e-8
9.843623665851686e-8
9.710810526176575e-8
9.583867465090618e-8
9.513246680316072e-8
9.357714310468645e-8
9.270097696899407e-8
9.142907480140607e-8
9.011201265305994e-8
8.916202839271802e-8
8.792943704635775e-8
8.705533364405595e-8
8.590675255610057e-8
8.474284628166952e-8
8.359861637009222e-8
8.266105586359096e-8
8.160474653148178e-8
8.047366379779438e-8
7.944876668149098e-8
7.846819132001244e-8
7.742243008102922e-8
7.63981213897366e-8
7.550456781954189e-8
7.449759690837227e-8
7.349933350324537e-8
7.25679800296604e-8
7.162996145830743e-8
7.072275198622096e-8
6.979268911801971e-8
6.889993938792102e-8
6.800867452145106e-8
6.713752258508813e-8
6.629037824356881e-8
6.544902471744797e-8
6.458498248202077e-8
6.376304125607323e-8
6.294122588632444e-8
6.214513317650602e-8
6.134950507866594e-8
6.057672198695876e-8
5.981443745443669e-8
5.9043567806508026e-8
5.830556652432653e-8
5.756481459995469e-8
5.684836223365879e-8
5.613708052639606e-8
5.543035555915225e-8
5.473924009961164e-8
5.4058796953672915e-8
5.338780325020605e-8
5.272317338464723e-8
5.207429993219932e-8
5.1433500025277265e-8
5.0801896120085e-8
5.017540179414205e-8
4.956176045069266e-8
4.8959005384463206e-8
4.836650387419895e-8
4.778181536860919e-8
4.7201264005779675e-8
4.6633379347336696e-8
4.60738924701481e-8
4.5522428485217086e-8
4.4976371689659845e-8
4.444126593932522e-8
4.391281954331905e-8
4.3392524045824255e-8
4.288014306733002e-8
4.23750541465017e-8
4.1876681998238135e-8
4.1386580938365695e-8
4.090389164970293e-8
4.042554651167789e-8
3.9956902819644104e-8
3.9495005704504145e-8
3.903970145596685e-8
3.8587893263106383e-8
3.8145689701465544e-8
3.770985983058295e-8
3.7280299155248705e-8
3.6856894006833494e-8
3.643894082297173e-8
3.6024965749638715e-8
3.56194728415617e-8
3.521974612056059e-8
3.482569181838262e-8
3.443719836605523e-8
3.405423938342479e-8
3.367367072161364e-8
3.33014375480819e-8
3.293440832382036e-8
3.257254463436479e-8
3.221570565286808e-8
3.186386475861647e-8
3.1516794510754016e-8