9.557360616991655e-9
1.0416628781837891e-7
1.9407458823507841e-7
2.755437674689521e-7
3.457092544986992e-7
4.0272808228127935e-7
4.4571892369568865e-7
4.7460095687926006e-7
4.89795999226864e-7
4.919730317110457e-7
4.81800296325815e-7
4.596831442227222e-7
4.25565060958874e-7
3.786267694702049e-7
3.168670089531908e-7
2.3616113043025874e-7
1.2740753416759e-7
1.537766603028375e-9
1.9184733537735555e-9
2.3589196095861426e-9
4.225889599999365e-7
9.826772707815483e-7
1.576896707960877e-6
2.1633063766430203e-6
2.64447194390316e-6
2.930817810421491e-6
3.0097381252252696e-6
2.914802894591973e-6
2.716368020198094e-6
2.4733181607995766e-6
2.2238402063813297e-6
1.988627587740003e-6
1.7763516484392537e-6
1.5880536921573281e-6
1.4222712407522067e-6
1.281139792986511e-6
1.1570486000389462e-6
1.0487801671188165e-6
9.543870183230578e-7
8.707362589070699e-7
7.981669083004341e-7
7.328551518438052e-7
6.763444390061909e-7
6.250656504775439e-7
5.780040866768096e-7
5.382517099797094e-7
5.018031759683098e-7
4.683613342352145e-7
4.3771691331317535e-7
4.111145570630509e-7
3.86832732653012e-7
3.6440060795596386e-7
3.4388878588622e-7
3.254643372926441e-7
3.0828705389300674e-7
2.926296233080412e-7
2.7847654534773403e-7
2.657133363637191e-7
2.5389236220598793e-7
2.429353353559282e-7
2.3280326314395592e-7
2.2339632316712072e-7
2.1479310195577337e-7
2.0671156322082113e-7
1.9976899659355165e-7
1.9317062635546523e-7
1.8703188935998815e-7
1.8131826465083864e-7
1.7612530494349133e-7
1.7125692842686973e-7
1.6670562677961318e-7
1.6253158279613805e-7
1.586270613461102e-7
1.5499893805158985e-7
1.5177611657771828e-7
1.4872767335640286e-7
1.459058229373169e-7
1.4325396382057563e-7
1.4076816870435264e-7
1.384319416568289e-7
1.362407207336524e-7
1.3417619643466122e-7
1.3217944222694276e-7
1.3037736519842645e-7
1.2864795705125966e-7
1.270002601281022e-7
1.2540893293408252e-7
1.2387723685916998e-7
1.2236791621596565e-7
1.2095058986508131e-7
1.1957399082373266e-7
1.1814086595722134e-7
1.1681226079419334e-7
1.1557976345453255e-7
1.1450470581756279e-7
1.1301238624052553e-7
1.1195698236634088e-7
1.1023421198804884e-7
1.0923987632347388e-7
1.0781881388392163e-7
1.0719009696524369e-7
1.0563762981459258e-7
1.0416451854823455e-7
1.033224540244436e-7
1.0169944312564497e-7
1.0061700614154282e-7
9.906723820826149e-8
9.796518770547265e-8
9.688954837914892e-8
9.592745026584177e-8
9.446501654862312e-8
9.351666268231154e-8
9.21770274388007e-8
9.117494882008424e-8
8.995807320371983e-8
8.885577444746461e-8
8.745614282320142e-8
8.661991593122236e-8
8.544594355490977e-8
8.444447353481464e-8
8.329535971983742e-8
8.240788886545422e-8
8.12850377740136e-8
8.013263356352464e-8
7.907116607770249e-8
7.807630796055714e-8
7.707522012018393e-8
7.605221791090297e-8
7.507231882042087e-8
7.408641400453131e-8
7.308563500481784e-8
7.217535047253686e-8
7.126043534266914e-8
7.033210190096529e-8
6.94143009239696e-8
6.851602292581878e-8
6.763146021626953e-8
6.67781199517887e-8
6.589429631198546e-8
6.505558816246724e-8
6.42119973907036e-8
6.338505607484169e-8
6.257302496993189e-8
6.177438129198929e-8
6.097566803266378e-8
6.020467538142342e-8
5.9442329815934615e-8
5.8684655636793406e-8
5.7939959939349326e-8
5.720887444328187e-8
5.6492488648553544e-8
5.57779478889908e-8
5.507953167981153e-8
5.43909699704585e-8
5.3713871041982945e-8
5.3039425144772796e-8
5.238220058411616e-8
5.173452391952164e-8
5.109707251335318e-8
5.046538200955048e-8
4.984292331030375e-8
4.923178157973345e-8
4.863299067989176e-8
4.8041636623242353e-8
4.745463936028311e-8
4.688054734186882e-8
4.631497064779365e-8
4.57577350624483e-8
4.5205519201585156e-8
4.466464890160913e-8
4.413076362879007e-8
4.360575946128483e-8
4.30879613095725e-8
4.257672212437371e-8
4.207461459038498e-8
4.157782909516843e-8
4.10901649970828e-8
4.060714233718513e-8
4.013344038853103e-8
3.966678998768224e-8
3.920697329700341e-8
3.875383604819158e-8
3.830407265908069e-8
3.7863967705368725e-8
3.7430217763317205e-8
3.700269460457567e-8
3.658129855728013e-8
3.61638113099542e-8
3.575342748301786e-8
3.534991238208623e-8
3.495218009448033e-8
3.456006846202315e-8
3.4173527351576937e-8
3.3789366524455104e-8
3.341387173283039e-8
3.304355909129247e-8
3.26784133559097e-8
3.231841286830144e-8
3.196347491467998e-8
3.161350284957695e-8
3.1265936140429833e-8