1.3186333764082253e-8
1.4381879039260502e-7
2.684778264929889e-7
3.825126614731396e-7
4.825365638369052e-7
5.665568208361727e-7
6.339702584236196e-7
6.854881703953103e-7
7.22241447724498e-7
7.459076958352529e-7
7.583652178193768e-7
7.612813562242406e-7
7.561913008733968e-7
7.444016654640607e-7
7.268600865319239e-7
7.043179355528038e-7
6.771308946750822e-7
6.453868621473223e-7
6.086801506169679e-7
5.661761579719147e-7
5.164074541788865e-7
4.567569350008532e-7
3.828530292537947e-7
2.86582968733983e-7
1.5049357064820538e-7
2.2822733687681437e-9
3.1344628494753206e-9
3.836447686250394e-7
1.3147943409860828e-6
2.336268102533287e-6
3.160843843567573e-6
3.485034766838651e-6
3.3498705086632713e-6
2.9863214753916496e-6
2.579083669978889e-6
2.2098382771625975e-6
1.8972387473185372e-6
1.6410678862179588e-6
1.4311047136483313e-6
1.258181559541562e-6
1.1154458750783567e-6
9.95826935802161e-7
8.961279997298442e-7
8.102819215602072e-7
7.384319075552313e-7
6.745387476776208e-7
6.218473230791274e-7
5.71874089022095e-7
5.294412631042466e-7
4.929900856865897e-7
4.599522873594101e-7
4.296999151338375e-7
4.0302647382668197e-7
3.7958452071624047e-7
3.5805892564472986e-7
3.3875353575997845e-7
3.2081882289453365e-7
3.043710613795779e-7
2.895869710700163e-7
2.764981843666159e-7
2.6406335334972326e-7
2.53062619624013e-7
2.424142760688841e-7
2.3272643998856053e-7
2.2340900606026137e-7
2.1516100866287007e-7
2.0785542495700245e-7
2.0089232199019115e-7
1.9441788242314006e-7
1.88289253237778e-7
1.8267406860980561e-7
1.773797261672113e-7
1.7248915483976726e-7
1.6791526721050976e-7
1.634748824380511e-7
1.5933161050238906e-7
1.5580609934507484e-7
1.5238590323569983e-7
1.4905869976814089e-7
1.4603614629141973e-7
1.4313176618692766e-7
1.4048703451946159e-7
1.3789702937306344e-7
1.3552302217841538e-7
1.3315453990682783e-7
1.308725200084596e-7
1.2909253513926514e-7
1.2721773849532154e-7
1.2554491750965434e-7
1.2423634104326564e-7
1.2237519778533764e-7
1.2066205955384343e-7
1.1887896971595627e-7
1.165653874729418e-7
1.148910929353634e-7
1.1441929245779637e-7
1.1078923941483134e-7
1.1098258106227418e-7
1.1013747023868306e-7
1.089115992539638e-7
1.074538670313749e-7
1.0702911368348969e-7
1.0473438918482658e-7
1.035663556407316e-7
1.0261299427731758e-7
1.0109981087135652e-7
9.908893511533502e-8
9.795953329857152e-8
9.76659498605447e-8
9.565850048931779e-8
9.553655879024543e-8
9.39477702036571e-8
9.276792623108018e-8
9.14652258436824e-8
9.10506869040741e-8
8.97903463651276e-8
8.827965682741171e-8
8.735463813839143e-8
8.594620163612141e-8
8.506105073817683e-8
8.388206294625359e-8
8.30519707982183e-8
8.187316043206568e-8
8.072876068231353e-8
7.965435690079274e-8
7.871246573542633e-8
7.769018004916765e-8
7.667972663098276e-8
7.572240085958517e-8
7.47637057790352e-8
7.376484025288799e-8
7.283701657592684e-8
7.191326764256493e-8
7.096427305013765e-8
7.004436319874235e-8
6.91606906537758e-8
6.82915467302049e-8
6.74179583096393e-8
6.65189051962289e-8
6.569524405521495e-8
6.488661292583024e-8
6.406424154620303e-8
6.32080700488127e-8
6.24118916415224e-8
6.16118163566361e-8
6.083200044190744e-8
6.006051438660122e-8
5.930600800477467e-8
5.855378532739423e-8
5.782183952715268e-8
5.710053486098382e-8
5.638568551890574e-8
5.5677922041190854e-8
5.498215925722103e-8
5.430063852770701e-8
5.3631365769341596e-8
5.2963339023604705e-8
5.23133071601208e-8
5.166936246905782e-8
5.1037304349603254e-8
5.041212647580038e-8
4.9793904549861104e-8
4.918685416440005e-8
4.8593936598991476e-8
4.800805174934662e-8
4.742586536910199e-8
4.685677630823889e-8
4.6295480767026946e-8
4.574275435841138e-8
4.519492235773263e-8
4.4658221230352585e-8
4.412800437366114e-8
4.360673647122712e-8
4.3092519495075084e-8
4.258565137756649e-8
4.2086982490266646e-8
4.159426612304319e-8
4.111006582389439e-8
4.0630395023924595e-8
4.016004103308446e-8
3.9696641193386624e-8
3.9239953306588844e-8
3.878979087914183e-8
3.834297820176807e-8
3.7905727121526045e-8
3.747477450672366e-8
3.7049900456241134e-8
3.663112486104317e-8
3.6216101403335226e-8
3.58081542083376e-8
3.54071144676474e-8
3.501168253622921e-8
3.4621840295731905e-8
3.423746548140119e-8
3.385540360233299e-8
3.348199437793253e-8
3.311364876028819e-8
3.275043846196481e-8
3.2392315314519216e-8
3.2039185045460466e-8
3.1690952279999314e-8