2.223597910963547e-9
2.2553777634212094e-8
3.352800934378476e-8
2.720720361447023e-8
3.6254876299218247e-10
4.641827895347132e-10
5.720380541356037e-10
6.892669779955272e-10
8.186902571113289e-10
9.637225427233216e-10
1.128794492533958e-9
2.571395792952772e-7
5.236580458188378e-7
7.880399360413084e-7
1.0718164569357487e-6
1.372852725602077e-6
1.6789964854447315e-6
1.972564815631768e-6
2.22570068390701e-6
2.423670965426131e-6
2.545338270523397e-6
2.5831447646785984e-6
2.5546000615437843e-6
2.4681121766562615e-6
2.3447502675908005e-6
2.198494011243414e-6
2.0433654886616026e-6
1.8869028677106244e-6
1.7364082217504526e-6
1.5950306787409525e-6
1.462910291314976e-6
1.342799386359176e-6
1.2334223780506917e-6
1.1339147796932937e-6
1.0445540063269314e-6
9.62307730165706e-7
8.900816546175841e-7
8.229599534362984e-7
7.627414430332861e-7
7.080980182917031e-7
6.580276750785847e-7
6.118378353087811e-7
5.714090474451999e-7
5.338235117522501e-7
4.98923359707391e-7
4.664890874284462e-7
4.3794463367235314e-7
4.116751338046121e-7
3.871762746991573e-7
3.648228084165636e-7
3.439203791946015e-7
3.2478209627175994e-7
3.0659350001013177e-7
2.9099950990548443e-7
2.7642653270432104e-7
2.628491087444643e-7
2.504004949024286e-7
2.3889887823381853e-7
2.283001583247576e-7
2.1825363120222226e-7
2.0950579209973263e-7
2.0141314188140648e-7
1.9421642443258952e-7
1.875214552578188e-7
1.8136322841265258e-7
1.7571500546606866e-7
1.7065341453685264e-7
1.6597163914588969e-7
1.616700875226722e-7
1.5779270077416272e-7
1.542175325818874e-7
1.5090752888125633e-7
1.480897422105937e-7
1.4542389147132968e-7
1.4302022682226715e-7
1.4078217851496308e-7
1.3870674176291536e-7
1.3676583236925406e-7
1.3496772849320165e-7
1.332741638008293e-7
1.316547670340059e-7
1.3013973213020337e-7
1.287176959187543e-7
1.2735700710261962e-7
1.2603804512878745e-7
1.2473333241371418e-7
1.2344399731318336e-7
1.2217829481365776e-7
1.209616736616882e-7
1.1972706683162515e-7
1.1851536008895381e-7
1.1731530269179133e-7
1.161155035794374e-7
1.1489652535966821e-7
1.1367661792264576e-7
1.124661590478585e-7
1.1125009039006283e-7
1.0996155139488099e-7
1.0877652335328909e-7
1.0756604603478029e-7
1.0635098000598666e-7
1.0512823692715053e-7
1.0390699625880883e-7
1.0267884623587007e-7
1.0145257311110909e-7
1.0021742603742608e-7
9.900513810028644e-8
9.779418455859152e-8
9.661588430383522e-8
9.54093042479932e-8
9.421123084509514e-8
9.301792253243679e-8
9.181794833948074e-8
9.065584262508649e-8
8.951187958858975e-8
8.83352486504995e-8
8.719701499687757e-8
8.606366705437428e-8
8.496363428369885e-8
8.385558074858234e-8
8.274740847478096e-8
8.16941148672254e-8
8.06113461830415e-8
7.958604206526142e-8
7.853751801504946e-8
7.751058303765324e-8
7.649332084211819e-8
7.547861079692253e-8
7.450413333054869e-8
7.349212000212368e-8
7.258129501213705e-8
7.160750865304367e-8
7.069554119987537e-8
6.976793206848825e-8
6.885285100540249e-8
6.796352072518472e-8
6.708232714944986e-8
6.620101785461386e-8
6.53270002783072e-8
6.449400259179368e-8
6.36600880425668e-8
6.28347694875023e-8
6.202775593662075e-8
6.122710578333551e-8
6.044303140512511e-8
5.966858338920366e-8
5.890580509207762e-8
5.815605026255863e-8
5.741538731660716e-8
5.668912390015983e-8
5.5966427945788764e-8
5.526079317339218e-8
5.4565987589761876e-8
5.388110910629628e-8
5.320394566073631e-8
5.253643772126049e-8
5.188249720549651e-8
5.123792689914594e-8
5.0603484457954274e-8
4.9972610469235965e-8
4.935651754348836e-8
4.8750791818319054e-8
4.815382260501143e-8
4.756108037388249e-8
4.6981603578872156e-8
4.641071796445584e-8
4.584831532372463e-8
4.5291093005500643e-8
4.474537696406704e-8
4.4207519244653374e-8
4.367774761780212e-8
4.315527183716773e-8
4.264007888015232e-8
4.2133036208538085e-8
4.163230048934573e-8
4.113988051058695e-8
4.065415562564665e-8
4.017515731177703e-8
3.970480390723718e-8
3.924123714355624e-8
3.878445993595326e-8
3.833118181015994e-8
3.7887679810016636e-8
3.745053419469367e-8
3.701977212804123e-8
3.6595256505952546e-8
3.617461960246369e-8
3.5761270012721156e-8
3.53548323681394e-8
3.4954227312740015e-8
3.455935170654069e-8
3.417012215118595e-8
3.378643998811474e-8
3.340531040515177e-8
3.30325062240186e-8
3.266495116092495e-8
3.230260718594124e-8
3.194536646107826e-8
3.159316906474646e-8
3.1244548933615584e-8
3.0901136544526555e-8