2.8203692979446917e-14
3.1052268363467094e-13
5.942513643729401e-13
8.806895600172504e-13
1.1711513577451585e-12
1.4670062227057532e-12
1.7696365902432633e-12
2.0806264583579454e-12
2.4014458296878967e-12
2.7337721082842792e-12
3.0791976559519534e-12
3.4399290784542373e-12
3.817885155675176e-12
4.215084641770111e-12
4.634281268801959e-12
5.077796243166693e-12
5.548701639859477e-12
6.049880571667314e-12
6.585077038912375e-12
7.15754732815455e-12
7.771789563649744e-12
8.432304603388407e-12
9.143743571230656e-12
9.911932987810414e-12
1.0742543919001072e-11
1.1646250915785946e-11
1.2617824536480829e-11
1.368059451036508e-11
1.4835007310400143e-11
1.6093130859280558e-11
1.7464511961526906e-11
1.8961945031370563e-11
2.0599391125447387e-11
2.2385897172328656e-11
2.434832177149262e-11
2.649362807903406e-11
2.8851594838592524e-11
3.1434387514050475e-11
3.4275813438410775e-11
3.738258196296535e-11
4.080120070561512e-11
4.456165483921826e-11
4.869954388693488e-11
5.3233153954351196e-11
5.824888143423862e-11
6.37609758520258e-11
6.980843454143954e-11
7.649229980285527e-11
8.384862094238711e-11
9.195216793888512e-11
1.0086666082052576e-10
1.1071538582777561e-10
1.2150948799209333e-10
1.33481986876424e-10
1.4662885150103193e-10
1.6111741799101837e-10
1.7712953213153692e-10
1.9471288005008393e-10
2.1411807454792247e-10
2.3443561828924656e-10
2.590248791661827e-10
2.8498564288862594e-10
3.1352137994171914e-10
3.4498157193286564e-10
3.7966133731108355e-10
4.177927790043837e-10
4.596512365705341e-10
5.060882290219838e-10
5.565711375096819e-10
6.122340416504929e-10
6.73343959983587e-10
7.403176918235535e-10
8.139017137186702e-10
8.947444353811589e-10
9.830192806050813e-10
1.0795759794185162e-9
1.1851994876871575e-9
1.3002644024942473e-9
1.426142012920577e-9
1.5632222406927904e-9
1.7121022531853348e-9
1.873519665326666e-9
2.0493649568994957e-9
2.2390291807656445e-9
2.444047853259268e-9
2.6635111231157326e-9
2.9035083437967202e-9
3.1595247672659723e-9
3.4328369493608104e-9
3.724349824460168e-9
4.037734296009365e-9
4.368589977778184e-9
4.719577662062463e-9
5.091306949537169e-9
5.483925003413556e-9
5.897917572701206e-9
6.328964018712132e-9
6.78184991979613e-9
7.25539919961571e-9
7.743629759603425e-9
8.252560405059315e-9
8.790724640188657e-9
9.333705515291097e-9
9.892515310004365e-9
1.0446587000988368e-8
1.1029884502018451e-8
1.162863965772644e-8
1.2230232041377623e-8
1.2845777077060394e-8
1.3466072336362525e-8
1.4094626211239758e-8
1.473131011987456e-8
1.5371188672763164e-8
1.601732607749002e-8
1.6666669222850272e-8
1.7321412796476322e-8
1.797357832883314e-8
1.863039400534815e-8
1.9285035577315116e-8
1.994127871586563e-8
2.0597031234906707e-8
2.1253566609659468e-8
2.1911708162506322e-8
2.2567681250620156e-8
2.3224483359573042e-8
2.3881878003775867e-8
2.454189308881281e-8
2.520084830092686e-8
2.5868371864774767e-8
2.6537605710572034e-8
2.720997027552643e-8
2.7884702922039828e-8
2.857386715149299e-8
2.927586223489125e-8
2.999056077278439e-8
3.070888373027105e-8
3.1451293345049815e-8
3.222135477370156e-8
3.299869702128209e-8
3.3808277797452476e-8
3.466620632871379e-8
3.555029142343962e-8
3.6471805561517826e-8
3.7460768297870266e-8
3.849512014775291e-8
3.961292049926169e-8
4.082559093867571e-8
4.213327408022619e-8
4.356288356699067e-8
4.513307555953197e-8
4.6868169734676486e-8
4.8828327807614794e-8
5.101097895473532e-8
5.34205714566753e-8
5.603698130522495e-8
5.847232654565498e-8
5.9055564335194915e-8
4.786909033748217e-8
1.880928999139912e-8
3.075116868961376e-6
9.878185705916512e-7
5.910437532397946e-7
4.404899919466621e-7
3.326163381167412e-7
2.9841311547715474e-7
2.596293220100999e-7
2.1135143588276645e-7
2.0760969771619042e-7
1.858353507754052e-7
1.6153611051148857e-7
1.5307165085642467e-7
1.4405845765162999e-7
1.3765385602283855e-7
1.2974151616807843e-7
1.227148011842966e-7
1.1739680331777737e-7
1.1916700403590312e-7
1.0249701621326374e-7
1.1031850632876233e-7
9.564487364787066e-8
9.621032240755808e-8
9.295705445509065e-8
8.750013322379153e-8
8.696362096245758e-8
7.93408856767926e-8
8.429349413215152e-8
7.595518797636061e-8
7.271142504715071e-8
7.473237685141785e-8
7.120840018307533e-8
6.977122400175071e-8
7.086073957689054e-8
6.698539877291772e-8
6.533401675429466e-8
6.251310131010852e-8
6.332991016302035e-8
6.124249330422454e-8
5.8360744508145415e-8
5.9203663284111567e-8
5.7480842608847216e-8
5.8834324061954445e-8