4.687395840298927e-9
5.134566689438845e-8
9.701390509307417e-8
1.4093026003517653e-7
1.820347657048559e-7
2.1989980228246868e-7
2.547216905621569e-7
2.8499388700978247e-7
3.1234208898240735e-7
3.3493752174912395e-7
3.539574391658366e-7
3.7191599179395545e-7
3.8342086895267236e-7
3.9380495445551697e-7
4.01360193890192e-7
4.0696841801070044e-7
4.1062584653089705e-7
4.1299638192577033e-7
4.13801951337568e-7
4.1376527888358385e-7
4.1266412161724414e-7
4.107310399693207e-7
4.082748167998274e-7
4.053599705637772e-7
4.0215964735359527e-7
3.9849318749534453e-7
3.945339863871735e-7
3.906948522978303e-7
3.86606885428546e-7
3.824696890027604e-7
3.782928216905579e-7
3.7419126238264847e-7
3.700899113329676e-7
3.6599551045378915e-7
3.6191562710241557e-7
3.579731861711975e-7
3.5411984686549294e-7
3.501060619765315e-7
3.465142131376006e-7
3.4270061152117213e-7
3.38985902823246e-7
3.35194621303384e-7
3.312395399878481e-7
3.2708667957518177e-7
3.2252573271450135e-7
3.17284413709365e-7
3.11021057781321e-7
3.029611011361154e-7
2.9204563790107293e-7
2.760507079841398e-7
2.507319449611784e-7
2.0657497788843333e-7
1.1851541483591411e-7
5.040801498999663e-9
8.086420441441983e-7
4.632581947003957e-6
4.397863726893097e-6
2.8482236081134327e-6
1.9704599517327704e-6
1.4781321513949458e-6
1.1733089303331042e-6
9.69753888685037e-7
8.269143709881242e-7
7.206904701141701e-7
6.383671807100054e-7
5.656505095932198e-7
5.165334112350878e-7
4.5548171390077324e-7
4.3311142161656445e-7
4.0385093516012476e-7
3.659843037323663e-7
3.547613671399155e-7
3.236864366722849e-7
3.2185580179975905e-7
2.931983147772337e-7
2.828988623903245e-7
2.6521282908723044e-7
2.540115423800533e-7
2.383056889914826e-7
2.267775079964595e-7
2.1957955227232022e-7
2.130258495700191e-7
2.066737048107602e-7
1.9775705581934921e-7
1.861832320372515e-7
1.8281339510716204e-7
1.8388250240934132e-7
1.7010427530988975e-7
1.7243839383068192e-7
1.5782821921302154e-7
1.5348508351613e-7
1.514326023626525e-7
1.4841579778258295e-7
1.4236072195046073e-7
1.413765177159651e-7
1.37513464062581e-7
1.333147167800344e-7
1.3352262146360593e-7
1.3185265604828162e-7
1.2956149164994308e-7
1.2254928130630322e-7
1.310627791431914e-7
1.1879998383298147e-7
1.1501628874912049e-7
1.1058568051218961e-7
1.0844752514635543e-7
1.1198161070501358e-7
1.1573084023107977e-7
1.0545139365392342e-7
1.0564311257233967e-7
9.835679661686688e-8
1.0070261380281924e-7
1.0641908048780596e-7
9.789312414755249e-8
1.0024042637192767e-7
9.588640320233125e-8
9.302643436579842e-8
8.968928443860581e-8
9.001468450394647e-8
8.794053381501017e-8
8.805912487452801e-8
8.788839458349017e-8
8.55560072014384e-8
8.295752698262044e-8
8.229527147727145e-8
8.311884277771088e-8
8.205118159476237e-8
8.102936159623199e-8
7.897570053497071e-8
7.809893744016712e-8
7.81431511553454e-8
7.655235065494511e-8
7.546686516931708e-8
7.438188318245248e-8
7.407517286199596e-8
7.305416201210654e-8
7.189124057042181e-8
7.083760905804455e-8
7.0047654342114e-8
6.933421588774445e-8
6.848391674197974e-8
6.757117373036281e-8
6.6606827589745e-8
6.574695197285319e-8
6.504132456234002e-8
6.42516192467465e-8
6.357311968757678e-8
6.261263077088719e-8
6.189580247424137e-8
6.116251449266684e-8
6.047178661427649e-8
5.963489705093929e-8
5.9003252506519776e-8
5.8315502157133013e-8
5.75712049541859e-8
5.686419227059765e-8
5.6175436616562315e-8
5.5504509619660226e-8
5.482963108576169e-8
5.418174705924108e-8
5.35182473372859e-8
5.2867705474788625e-8
5.224603582702826e-8
5.1626473101743834e-8
5.102182343428394e-8
5.042809701778294e-8
4.981637884458987e-8
4.9224403529322996e-8
4.864138167418101e-8
4.80732122981769e-8
4.7519111344802326e-8
4.6972409245519554e-8
4.64259661023707e-8
4.588924805060854e-8
4.536495541531585e-8
4.4836592869298574e-8
4.432207149533548e-8
4.381687148758257e-8
4.331178025882284e-8
4.282288716659896e-8
4.233649927007239e-8
4.185800679046034e-8
4.138552421050553e-8
4.092268308540561e-8
4.046335223544417e-8
4.001108194416057e-8
3.95661760384024e-8
3.912801535503768e-8
3.86955160945921e-8
3.826561166464837e-8
3.784536400027684e-8
3.743090846632907e-8
3.702215209714859e-8
3.6618524422477924e-8
3.621851785795964e-8
3.5826668019071814e-8
3.544010784435334e-8
3.5058952499211514e-8
3.46830178906345e-8
3.4312259495539854e-8
3.3943550438684814e-8