1.2516308494511823e-12
1.376987388022614e-11
2.6304827449735007e-11
3.884559401895368e-11
5.142094218265979e-11
6.402311038447405e-11
7.66517549998976e-11
8.938068766636008e-11
1.0209709579447375e-10
1.1500037883055886e-10
1.2804053154358836e-10
1.4096996841832464e-10
1.540266837759785e-10
1.6730897282163888e-10
1.802979305994133e-10
1.9364755348962245e-10
2.075768407675136e-10
2.2095586698885488e-10
2.35453561009138e-10
2.506581092688624e-10
2.6338275374843344e-10
2.7698899002524254e-10
2.9163205761216545e-10
3.067601069589253e-10
3.2270856853783083e-10
3.3798699240461944e-10
3.4857013464281483e-10
3.6835364725545087e-10
3.8511096758836517e-10
4.039950672882176e-10
4.1897585061025576e-10
4.35474738819816e-10
4.5203852071769193e-10
4.707118246965348e-10
4.821459724466802e-10
5.032805048029344e-10
5.239505080199254e-10
5.432140779807892e-10
5.633910707140756e-10
5.701837653946916e-10
5.864944349905978e-10
6.213397190164229e-10
6.330236436285446e-10
6.509233477228817e-10
6.859686895807396e-10
6.898355166910688e-10
7.145651490847878e-10
7.455597201833629e-10
7.699559479071123e-10
7.900274895059643e-10
8.153124274074455e-10
8.407420242934441e-10
8.689451258730313e-10
8.962981638445567e-10
9.211137629884572e-10
9.280593428354036e-10
9.58201186985607e-10
1.0007754737598426e-9
1.0167710260541622e-9
1.0725810876297234e-9
1.1114973560330738e-9
1.1252674416145004e-9
1.1634057212548648e-9
1.1975943152179614e-9
1.2107931751495093e-9
1.2480537250420627e-9
1.3183334047530594e-9
1.3582865977438097e-9
1.3582553194364105e-9
1.4267079568115146e-9
1.4405345450549857e-9
1.4734222226491843e-9
1.5382276531434491e-9
1.5933874009744088e-9
1.6296972679256638e-9
1.6758801280873485e-9
1.7317314522771027e-9
1.786224430330595e-9
1.839732748153167e-9
1.8305666927608215e-9
1.8804708730949514e-9
1.971491376684589e-9
2.0338340740986348e-9
2.0749015116348756e-9
2.150346502935873e-9
2.1878559771261076e-9
2.242317823922031e-9
2.153915848671766e-9
2.369934366119183e-9
2.414277919914283e-9
2.503969052566578e-9
2.6008188845222408e-9
2.611772685575632e-9
2.676096043979567e-9
2.7318891853500266e-9
2.7740371257213685e-9
2.8766002080216434e-9
3.0506463181659195e-9
3.075015157073949e-9
3.140983864115967e-9
3.2752268966691074e-9
3.325223642416381e-9
3.407284778738438e-9
3.4851673716314656e-9
3.539082143715483e-9
3.901515878950862e-9
3.848256013105159e-9
3.92802726280475e-9
4.035974224359633e-9
4.099546725070145e-9
4.246044115378838e-9
4.339145052334612e-9
4.412322217911156e-9
4.637616954481132e-9
4.690576670001098e-9
4.770752371482578e-9
4.995354931058049e-9
4.511370019892473e-9
5.265323624922559e-9
5.4986514936003334e-9
5.555040413700931e-9
5.650331573356509e-9
5.865454735431246e-9
5.671244226724991e-9
6.015054590972261e-9
6.312606515282418e-9
6.22090148983078e-9
6.58633520354439e-9
6.611720596864176e-9
6.617483252577259e-9
6.569039335932098e-9
7.708768696192875e-9
7.488690802886224e-9
7.610373749501034e-9
7.7268488929968e-9
7.509361030048484e-9
7.88224946854438e-9
8.040294005620537e-9
8.671258669673555e-9
9.154353179526905e-9
9.964304973014776e-9
9.173927515505236e-9
9.095295036497822e-9
8.94463839199522e-9
9.78706200635856e-9
1.0187952520531374e-8
1.0257717721241187e-8
1.084101503450408e-8
1.06430060219845e-8
1.111859428747975e-8
1.0772673120302655e-8
1.1448467204068183e-8
1.1997085237449297e-8
1.2180302583038677e-8
1.2606448324246849e-8
1.2813062682815204e-8
1.3249693968409907e-8
1.35112284741271e-8
1.3296421062323715e-8
1.4669890989845564e-8
1.4318972293669051e-8
1.4910280857093282e-8
1.5564482544122012e-8
1.6061909453702404e-8
1.602283646396649e-8
1.695165388813731e-8
1.707789955628421e-8
1.972257617614479e-8
1.8687091248091827e-8
1.954505881260722e-8
2.0864014439937546e-8
2.0373644935591747e-8
2.1864060444866143e-8
2.2384691391149196e-8
2.2322068408232073e-8
2.4398511193661797e-8
2.5665035167792978e-8
2.699567086490887e-8
2.8656396703894374e-8
3.0752166338143027e-8
3.228811674717626e-8
3.44133696421815e-8
3.5638644824965805e-8
3.078780241224476e-8
2.727324914648549e-8
1.8301107196486842e-6
6.980005779332999e-7
4.4776148746923955e-7
3.29351253638007e-7
2.7525309917465406e-7
2.3175044032635304e-7
2.056536046536898e-7
1.8260587640019682e-7
1.6564612586253614e-7
1.5116165069518073e-7
1.405995550269611e-7
1.3060818349299195e-7
1.205351112463244e-7
1.1756748732386766e-7
1.081754553899291e-7
1.0356772414210335e-7