5.316835556350509e-11
5.854740621324729e-10
1.1173145730664764e-9
1.6495980153819435e-9
2.1805686724559763e-9
2.718591182606979e-9
3.5023864097034523e-9
3.79126384036296e-9
4.62506084574312e-9
4.848603731218678e-9
5.455073375188713e-9
5.972869587254768e-9
6.495965413634076e-9
7.137463615226813e-9
8.313942668095168e-9
8.05807665707656e-9
8.64032879868258e-9
9.171023566614331e-9
9.581972173297054e-9
1.0442338272808165e-8
1.0696320545013963e-8
1.2246288724492343e-8
1.2164335857627963e-8
1.2988766292576525e-8
1.3496044475905964e-8
1.4191316104075515e-8
1.5005066191680825e-8
1.525706620148712e-8
1.6399454833993695e-8
1.680398206854402e-8
1.6419331281227306e-8
1.659817873251499e-8
1.747814511743835e-8
1.879346230746735e-8
1.93073730253919e-8
2.057728284329861e-8
2.0121904076972887e-8
2.107284874135463e-8
2.2093273987179567e-8
2.2733382111674917e-8
2.309805769257204e-8
2.2332263255102894e-8
2.3816819977727255e-8
2.655487411930678e-8
2.525292297940032e-8
2.6793542183236845e-8
2.644032304337376e-8
2.9446386764476896e-8
2.9252157498033032e-8
2.828028067688476e-8
3.285012658397669e-8
3.0969917898027714e-8
3.117443395548092e-8
3.319346510206753e-8
3.6622163718323066e-8
3.569620023501342e-8
3.506370199024977e-8
3.754953373995717e-8
3.8845852400121855e-8
3.5913516043013634e-8
3.892263497812051e-8
4.10800557267458e-8
4.5163206434575883e-8
3.936055755356842e-8
4.185892505332587e-8
4.2575717407765846e-8
3.69449845934075e-8
4.238332817381413e-8
4.8443687691365334e-8
5.59619861254926e-8
4.489502687439926e-8
4.807972067874178e-8
4.5869535139220936e-8
4.925068915926734e-8
5.423115474075704e-8
5.7484088295138203e-8
5.164229336989223e-8
5.81784814144656e-8
5.5400854702196164e-8
5.3071944774204005e-8
5.337823010195106e-8
5.806254467048084e-8
5.70796812961621e-8
6.130247102834435e-8
6.616543697654122e-8
6.426228679434925e-8
5.910195588646581e-8
5.9079780804853294e-8
6.489947467762374e-8
6.682004883621677e-8
6.966873297653145e-8
7.061365203370988e-8
7.239895821513645e-8
7.67923674879338e-8
7.80131290653691e-8
8.165173456897676e-8
7.70041526276324e-8
8.399104060139542e-8
8.572496837255848e-8
9.013746705304158e-8
8.815945431464411e-8
8.733884047292233e-8
8.164895938684634e-8
5.7159974779219055e-8
1.2518048675477303e-8
7.501586695485725e-6
2.179268478942161e-6
1.1703385165193813e-6
8.137874525523305e-7
6.373514331699746e-7
5.128048413125422e-7
4.3680213143019876e-7
3.8691958223165773e-7
3.4045997666821464e-7
3.1339687976340363e-7
2.7849456876998186e-7
2.5587585926630245e-7
2.4848606093510714e-7
2.301812858925407e-7
2.194819829255531e-7
2.0114846617141987e-7
1.894233069870612e-7
1.7598967174670182e-7
1.7560950118624678e-7
1.6616042090879315e-7
1.523001643475251e-7
1.521994619278092e-7
1.4951509622453023e-7
1.490267291991271e-7
1.353100825011527e-7
1.1757104522436368e-7
1.2480343819410497e-7
1.2524367173597415e-7
1.2382012774973363e-7
1.1567618113872324e-7
1.1358546327485716e-7
1.0594941445309538e-7
1.0753124106437284e-7
1.0574635578964971e-7
1.0393819212341239e-7
1.0089200764044456e-7
9.57469273787946e-8
9.444283037041455e-8
9.60578229888038e-8
9.100696267421432e-8
9.066735881799111e-8
8.661190623084411e-8
8.481391440239515e-8
8.063688350911692e-8
7.845614048019862e-8
8.124752101331342e-8
7.53893370621497e-8
7.610966028977059e-8
7.752960910413453e-8
7.467167869989823e-8
7.346474025483477e-8
7.496420891930169e-8
7.431428419672872e-8
6.966940829730098e-8
6.8691299347917e-8
6.796133618528966e-8
6.532188378877952e-8
6.52744318586971e-8
6.399848217578955e-8
6.209538941463579e-8
6.269027254757907e-8
6.168621672563985e-8
6.058256220408604e-8
5.970060133574386e-8
5.818374293267617e-8
5.707640772652109e-8
5.593480255372646e-8
5.635727481501592e-8
5.398462038649969e-8
5.448344209626601e-8
5.4101538358736885e-8
5.340801892825353e-8
5.282488225830076e-8
5.164553799451006e-8
5.1039088263889905e-8
5.115130348673122e-8
4.974972018841317e-8
4.8934337709733226e-8
4.846013019483743e-8
4.783365493519336e-8
4.7518715482311494e-8
4.75420499508144e-8
4.711109758339522e-8
4.604380216364662e-8
4.4872566490784854e-8
4.461309508849187e-8
4.368751732478937e-8
4.327583949032414e-8
4.318036196755203e-8
4.206451997556797e-8
4.212045193722435e-8
4.140307791006924e-8
4.095726456861252e-8
4.080106004929592e-8
4.023182586684491e-8
4.00295447284432e-8