4.814771743518432e-10
5.28920679519122e-9
1.0100882718064544e-8
1.4897054023777571e-8
1.9675510260077188e-8
2.443806267048552e-8
2.9117517021313024e-8
3.383310015698313e-8
3.8361895286364475e-8
4.3107223063183706e-8
4.783178905544691e-8
5.2239549028269104e-8
5.654347002125858e-8
6.094656447246941e-8
6.530377063279959e-8
7.01313690227295e-8
7.348445645567638e-8
7.793598325517107e-8
8.162561749875557e-8
8.544045178432451e-8
9.00016417302436e-8
9.385439771770663e-8
9.74569587367532e-8
9.704902930903297e-8
1.0217962348956083e-7
1.0654131985003872e-7
1.0995870616199417e-7
1.1090027290861316e-7
1.1908556333631848e-7
1.178512310076134e-7
1.238037750271601e-7
1.2540674313578462e-7
1.3101073184162915e-7
1.342177851467392e-7
1.3203409412231958e-7
1.3741994055246405e-7
1.388470061288443e-7
1.4984144348744437e-7
1.4149151433504626e-7
1.4910118478734644e-7
1.5226026340907024e-7
1.458139404818792e-7
1.6066500294234024e-7
1.5556540850919505e-7
1.5370166084690806e-7
1.5897440986304092e-7
1.570299199730052e-7
1.617662834121174e-7
1.6311350803355495e-7
1.614792432457986e-7
1.6608339696811848e-7
1.6770499105784777e-7
1.6979283001583e-7
1.7056865696513633e-7
1.7207478017522542e-7
1.7323948557500267e-7
1.7398670053204255e-7
1.7663304776125202e-7
1.739033000551775e-7
1.7448943547608915e-7
1.720782923456664e-7
1.6702260321369415e-7
1.563790421079768e-7
1.3359420061569441e-7
8.053419517936108e-8
7.224179606607801e-9
2.4136752246771357e-6
5.8366563107273934e-6
2.9765505900931526e-6
1.8433829288355187e-6
1.3228026502702242e-6
1.029993351702913e-6
8.48002903460764e-7
7.243288644606236e-7
6.266906339165614e-7
5.562073285558563e-7
5.013461579823116e-7
4.5356659957196207e-7
4.181242834422126e-7
4.0245216275224616e-7
3.6379478768364427e-7
3.3665235499623516e-7
3.160911558226831e-7
2.9780310126900115e-7
2.8531050920457185e-7
2.654316402082365e-7
2.5459632113198664e-7
2.5044078913930644e-7
2.4189711278287493e-7
2.2667039275905063e-7
2.2446218619521738e-7
2.0316140719054403e-7
1.9269397229666492e-7
1.9825308964419603e-7
1.7846325688139377e-7
1.7769220057978988e-7
1.7992133540110283e-7
1.683689166670469e-7
1.6338154066800552e-7
1.6149866429505438e-7
1.5360784874083107e-7
1.5262797079338927e-7
1.4762359226546304e-7
1.4208347401765258e-7
1.3532341263715058e-7
1.2857734379269962e-7
1.3758377548369232e-7
1.2947211419125628e-7
1.299214713347153e-7
1.1998913545317233e-7
1.206511925760155e-7
1.2359482225305274e-7
1.1773401478364595e-7
1.1609284266233572e-7
1.1295772345250378e-7
1.2024561034831598e-7
1.0339344688925067e-7
1.0927386593805831e-7
1.0302137933809618e-7
1.0004757045212336e-7
1.0234718478024267e-7
9.903705529410222e-8
9.609374381074044e-8
9.14014304328043e-8
9.152958010824596e-8
9.108849944104876e-8
8.906240199947726e-8
8.696129869878035e-8
8.641602279358604e-8
8.778738969636188e-8
8.462899227762852e-8
8.315073492234711e-8
8.170952001091702e-8
8.055377551585179e-8
7.750161256536676e-8
7.690041014126119e-8
7.630806500011024e-8
7.534344217450991e-8
7.465401759907567e-8
7.371030126603273e-8
7.303448565161236e-8
7.167909215655836e-8
6.896434106927553e-8
6.860767118023662e-8
6.884087805739034e-8
6.772775283534122e-8
6.650375126238863e-8
6.556819403104807e-8
6.492936479795735e-8
6.410792882055984e-8
6.322338526648697e-8
6.247781247371071e-8
6.190796376033681e-8
6.095520132499578e-8
6.011505143260582e-8
5.845522060635401e-8
5.85655248914184e-8
5.7216827255867104e-8
5.694615247398138e-8
5.613385577391767e-8
5.550391478103784e-8
5.466123572837759e-8
5.3978021857307085e-8
5.3420033787454415e-8
5.25994365010664e-8
5.234969819804779e-8
5.151956060834021e-8
5.062842702390882e-8
5.0250257279264595e-8
4.979652866183174e-8
4.9193722372652014e-8
4.867353207439864e-8
4.797458151998135e-8
4.75965429915469e-8
4.713338509981389e-8
4.621964670233369e-8
4.577952541331236e-8
4.511310110304921e-8
4.477915559874228e-8
4.4089275801766623e-8
4.3796541163023377e-8
4.330758892178431e-8
4.27345126198584e-8
4.236061113529086e-8
4.184091428327839e-8
4.15315195130107e-8
4.104095696160887e-8
4.061257695181668e-8
3.9954450545017076e-8
3.953010350790189e-8
3.923576399766219e-8
3.8621830675876585e-8
3.824676264091214e-8
3.7839030455246535e-8
3.743622027238383e-8
3.702376441466196e-8
3.671239017034119e-8
3.622699181896605e-8
3.5856624193908434e-8
3.5495395185999645e-8
3.50997682383347e-8