1.1319788754893571e-10
1.244296272851663e-9
2.377000383747117e-9
3.509440394421915e-9
4.645390001587161e-9
5.778311988146684e-9
6.945375111501862e-9
8.049503662788048e-9
9.185054008631328e-9
1.0303917004236668e-8
1.1435444871289103e-8
1.2614685668157449e-8
1.3762964201848723e-8
1.4881042277045124e-8
1.5878440915717022e-8
1.73509874941101e-8
1.8357097219700843e-8
1.9481012360568427e-8
2.0675271398738032e-8
2.1828275666554235e-8
2.319718323920213e-8
2.4215962673725296e-8
2.5347624215041607e-8
2.570978148432739e-8
2.7052501867916737e-8
2.8213565693647183e-8
2.9633858957700866e-8
3.172205142432864e-8
3.194018911926408e-8
3.370837426881337e-8
3.477400474335929e-8
3.589488981501748e-8
3.6931097137776714e-8
3.9351696332458046e-8
3.8369013481960885e-8
4.052033122299252e-8
4.274433662087721e-8
4.295238716835251e-8
4.4711257310323313e-8
6.117314955835156e-8
4.724965086256318e-8
4.685930571049726e-8
5.5317132109906225e-8
5.17881188775796e-8
5.222078680897141e-8
5.204988223699106e-8
5.481440036062215e-8
5.696760482524453e-8
5.768562737919025e-8
5.95860809169112e-8
5.9017463605518864e-8
5.926836428251573e-8
6.569112879063514e-8
6.453277020412504e-8
7.190868821907756e-8
5.995033633278705e-8
7.122971572224956e-8
4.8178206441722443e-8
6.233388110314602e-8
6.959215540455154e-8
7.361836084778904e-8
7.463850531127752e-8
7.511998130465472e-8
7.358244626246693e-8
7.214823322430711e-8
7.40485800424273e-8
7.331609420275433e-8
8.37442067804876e-8
8.355484143620648e-8
8.267164340907405e-8
8.318637894193683e-8
9.303005064674395e-8
1.0347601956240405e-7
7.667322554992654e-8
8.656082221788396e-8
7.964092405811461e-8
7.849714580381184e-8
9.504012769618012e-8
1.0674614649479716e-7
9.35864127732056e-8
9.591058486666377e-8
1.032380280872206e-7
1.0488758726477181e-7
1.0669716283739261e-7
1.0829398989282215e-7
1.104356848335819e-7
1.0957942463537137e-7
1.068418646348542e-7
9.735933188005483e-8
6.462363690871741e-8
1.0508718205300262e-8
7.319739693474379e-6
3.012443135092086e-6
1.5370141927398842e-6
1.0478058746179458e-6
7.85444496775326e-7
6.379600762561792e-7
5.489220446547211e-7
4.794329770495449e-7
4.1949517156984853e-7
3.7946906485864777e-7
3.4960606181975756e-7
3.0017747692656006e-7
2.936150897137826e-7
2.5087310235635417e-7
2.4680082028542943e-7
2.325563189563617e-7
2.2467573775390955e-7
2.0660910379962348e-7
2.0801909427166133e-7
1.6651948864477096e-7
1.8440860601276552e-7
1.7284506056539755e-7
1.839788208856925e-7
1.7732278046334926e-7
1.586255890043284e-7
1.5444464793413908e-7
1.3982267590600783e-7
1.4752394714376779e-7
1.430129842460535e-7
1.3033998531696938e-7
1.3303048140411602e-7
1.2476427737447932e-7
1.1959385182918572e-7
1.1376220200681421e-7
1.1609316154014028e-7
1.0647032807651877e-7
1.0986740374623835e-7
1.094160486864596e-7
1.0487007894481289e-7
1.0482916148858095e-7
1.0026664341983166e-7
1.0069319231378118e-7
9.617008419671383e-8
9.369082744673155e-8
9.331404568021161e-8
9.228406944809221e-8
8.946827196584461e-8
8.743282230908624e-8
8.615251403842251e-8
8.50537828826324e-8
8.302738572306864e-8
8.284877582285053e-8
8.065243415181608e-8
7.796457127969213e-8
7.944161255143491e-8
7.595125406765137e-8
7.499636643764302e-8
7.193677204073598e-8
7.314130321610853e-8
7.086130583681708e-8
6.972008380004793e-8
6.955938985088156e-8
6.806553193432995e-8
6.711539324611986e-8
6.619068099904429e-8
6.506600499639046e-8
6.533784134409674e-8
6.245745954014883e-8
6.26300369214787e-8
6.032787296575557e-8
6.169504863921752e-8
5.959188986406629e-8
5.8624332426026784e-8
5.778231615291083e-8
5.74346428159731e-8
5.703658878264912e-8
5.558114114521388e-8
5.5042389039843456e-8
5.52030570733092e-8
5.406889424779212e-8
5.2901356169491974e-8
5.2654907398147894e-8
5.1780793319716175e-8
5.179453320357229e-8
5.070805594023983e-8
4.976060193485959e-8
4.905268589903919e-8
4.8991003415413435e-8
4.796748690780666e-8
4.7356898993326786e-8
4.680780723474063e-8
4.5954972898001905e-8
4.610367380957335e-8
4.555614413521328e-8
4.484042949528352e-8
4.424906049240631e-8
4.38498426413184e-8
4.334984538599793e-8
4.257957894072719e-8
4.2342949811632824e-8
4.1935377904486725e-8
4.1413333944902726e-8
4.085512157315293e-8
4.0549065478447036e-8
4.001248245306812e-8
3.9670385912914605e-8
3.911414526429622e-8
3.864113361191012e-8
3.816955881014997e-8
3.796793479492348e-8