1.6765355960567026e-10
1.8434075573307573e-9
3.5191335714702267e-9
5.196169300322723e-9
6.856969721733855e-9
8.544750350031592e-9
1.0217807317058736e-8
1.1907469362232552e-8
1.3561130156282762e-8
1.51725258231074e-8
1.6943851823310987e-8
1.8550565469868273e-8
2.0241956283011306e-8
2.194570680205841e-8
2.361489788694597e-8
2.5126042061119114e-8
2.687047295824913e-8
2.8540083527133583e-8
3.030584674884679e-8
3.1944912768104397e-8
3.361850011705029e-8
3.525358225989776e-8
3.421883500904549e-8
3.833434664982222e-8
4.022735680872388e-8
4.3665912806549465e-8
4.337350125084646e-8
4.600436187079017e-8
4.664987362308304e-8
4.814972037058693e-8
5.063404226173431e-8
5.1887618163738316e-8
5.871918418721759e-8
5.352554533673829e-8
6.17154316596352e-8
5.901988896650138e-8
6.057547983130916e-8
6.037289091665962e-8
6.288401997358046e-8
6.453236126284278e-8
7.005127471970159e-8
6.760174800377856e-8
6.921425974451639e-8
7.75129367879102e-8
7.244522735097071e-8
7.781390519397666e-8
6.242708190826556e-8
7.993568030977718e-8
7.31541648090762e-8
7.888817474271676e-8
8.173369060940603e-8
7.873878879161058e-8
8.852892470857256e-8
8.40406705068637e-8
8.25625606072827e-8
8.451935684666561e-8
8.794033531558255e-8
8.029960077198599e-8
9.442439704532383e-8
8.813907276316446e-8
9.933910879699141e-8
1.0288118533675758e-7
9.477821495452622e-8
7.684618038458253e-8
1.0268592494538976e-7
1.1010019460905155e-7
9.854614634055095e-8
1.0740770651357137e-7
9.432993846005258e-8
1.0808299656212283e-7
1.0846463882033425e-7
1.1133502721329517e-7
1.12947889783516e-7
1.0968305034244177e-7
1.188526338441881e-7
1.13423747922752e-7
1.248884115347428e-7
1.2084547668194546e-7
1.2399223441691366e-7
1.22254161507851e-7
1.1828736388082664e-7
1.0600093651717744e-7
6.877142586620532e-8
9.552144181922503e-9
6.152279283746676e-6
3.636005986947375e-6
1.799729092347731e-6
1.2097819328155641e-6
8.982539813464533e-7
6.968183853988918e-7
5.91414890863856e-7
5.247867061585597e-7
4.536519235752127e-7
4.11310998546078e-7
3.813498082721099e-7
3.467785620171734e-7
3.321873807861293e-7
2.8200751261808327e-7
2.7765785911653747e-7
2.576811801819785e-7
2.358227617652098e-7
2.3681540162335324e-7
2.2860395817944984e-7
2.0987718957453193e-7
1.9970129983945809e-7
1.908927275633234e-7
1.7977819275663623e-7
1.7854524533972803e-7
1.7411163913607852e-7
1.65428910647498e-7
1.5851488312502313e-7
1.5740686397257147e-7
1.5061815780856576e-7
1.4566612586026448e-7
1.4892130139729646e-7
1.3483091496976376e-7
1.3563484693449125e-7
1.2636601565090438e-7
1.2306326701749188e-7
1.2285234452379358e-7
1.2410619461082013e-7
1.1650177340576461e-7
1.185614685311333e-7
1.1170761532068081e-7
1.0864773331032686e-7
1.0957280025140445e-7
1.0365105241443494e-7
1.0834432599832015e-7
1.0452000503592583e-7
9.861905146680954e-8
9.426864298267438e-8
9.586736148472315e-8
9.247841024466038e-8
8.60417358087988e-8
8.778020914765695e-8
8.815478954015597e-8
8.593150326025342e-8
8.518401381196658e-8
8.262007169063599e-8
8.208927213341454e-8
8.186024853955159e-8
7.773245223966523e-8
7.696071525578596e-8
7.625035968578199e-8
7.577455537344153e-8
7.428748956238089e-8
7.246193554310288e-8
7.149624813360119e-8
7.056471592632145e-8
6.937275602361954e-8
6.960021957713515e-8
6.712750195392127e-8
6.673521940062519e-8
6.525005228524674e-8
6.50975915233358e-8
6.346997193789233e-8
6.365740144004913e-8
6.197547375382467e-8
6.066912601251739e-8
6.009150742192261e-8
5.905212953583243e-8
5.8938637780860976e-8
5.754808055831921e-8
5.783341979798004e-8
5.6522122742009214e-8
5.58143283464279e-8
5.5206438274307966e-8
5.435894366233052e-8
5.325453216990933e-8
5.2811983042800186e-8
5.2017861878672693e-8
5.1705824991094435e-8
5.097331634429718e-8
4.970300001186087e-8
4.977025785400149e-8
4.891420691894422e-8
4.8386246240621195e-8
4.798155706940539e-8
4.645907024456766e-8
4.6803682391135137e-8
4.63214937137774e-8
4.596902343216258e-8
4.515389250353813e-8
4.46584706137743e-8
4.4079170347511025e-8
4.3694558252865765e-8
4.3573823291904226e-8
4.261324571974759e-8
4.22911400125193e-8
4.177833993360209e-8
4.12377698467923e-8
4.086236123552711e-8
4.042215344828963e-8
3.992953895231053e-8
3.9386077322111854e-8
3.904700739046939e-8
3.872316859683958e-8
3.8267133727975446e-8
3.779200185632149e-8
3.745423959334753e-8
3.6980035745389337e-8