2.509023407432031e-10
2.75953007014636e-9
5.266969475938282e-9
7.767018970175787e-9
1.0258915990957605e-8
1.2765420722034074e-8
1.5240156330590725e-8
1.7760836110320374e-8
2.021885119134778e-8
2.280395396291972e-8
2.5200247419289783e-8
2.762446554592756e-8
3.0117082296491876e-8
3.252801631864504e-8
3.4877268850811874e-8
3.7614370787357154e-8
3.916166963515444e-8
4.209413473358537e-8
4.446008134177497e-8
4.6881709596832854e-8
4.956091742052526e-8
5.182318028152414e-8
5.446135645051917e-8
5.497288820001851e-8
5.778803240720425e-8
6.018690109253249e-8
6.227917799959285e-8
6.622692471529298e-8
6.799815568412584e-8
6.915751835326421e-8
6.839696202281377e-8
7.561303813445163e-8
7.61908073992589e-8
7.386367818260809e-8
8.166872658898813e-8
8.178855906628448e-8
8.203225845954174e-8
8.407249375481111e-8
8.699755997873425e-8
8.824570090525605e-8
9.253645199868498e-8
9.22313757699209e-8
9.084130982067485e-8
9.514580479305123e-8
9.550527335782193e-8
1.0103995298080365e-7
1.2130432828670518e-7
9.694116259850885e-8
1.0615682155581799e-7
1.0811165572588615e-7
1.0667591783143887e-7
1.0882710178937548e-7
1.2120801169449224e-7
1.160746515625083e-7
1.1227759523759017e-7
1.1423653909809168e-7
1.1881806317493306e-7
1.2000671011546372e-7
1.209547842242852e-7
1.39891203345966e-7
1.2395796208872993e-7
1.2425600509990096e-7
1.2505273414156455e-7
1.269030109501004e-7
1.3296597121569543e-7
1.3331580640046695e-7
1.360014381801386e-7
1.3630417348767807e-7
1.400867354523583e-7
1.2579870455206205e-7
1.40058742377138e-7
1.4143914326910543e-7
1.3763219855922029e-7
1.3151555000837033e-7
1.1619095022542633e-7
7.3183628791812e-8
8.625218898065276e-9
4.625240828739884e-6
4.424125801457924e-6
2.1523410714577753e-6
1.3819517378893537e-6
1.0183591642820378e-6
8.130246023265384e-7
6.753572160551724e-7
5.674989118409575e-7
5.123867283284378e-7
4.6853356580292925e-7
4.05882424680057e-7
3.8025911595186133e-7
3.6365178206429256e-7
3.2605212052323835e-7
3.0446950215289714e-7
2.833895043289297e-7
2.81189242054595e-7
2.6321708928951943e-7
2.406833457954632e-7
2.2975397361959779e-7
2.1667751566008003e-7
2.2152508179548202e-7
1.9711278020377386e-7
1.9123243789517626e-7
1.891263006614423e-7
1.7859696212481572e-7
1.7391360287701012e-7
1.6183436257849574e-7
1.602986840383675e-7
1.653647291036298e-7
1.5995247298238266e-7
1.5093370151389764e-7
1.4243079085470034e-7
1.397898960263118e-7
1.3181946910114532e-7
1.3358530636789678e-7
1.2504187826994013e-7
1.2655161656872846e-7
1.2950807148249603e-7
1.2184190121531323e-7
1.2017129173087214e-7
1.1645667557512287e-7
1.1171738114220544e-7
1.0604422209034736e-7
1.0777626007781e-7
1.0640412757023604e-7
1.0367972833665117e-7
1.005818702100187e-7
9.915353252482004e-8
9.910771193031395e-8
8.643465742085332e-8
9.642165557590104e-8
9.114512377579972e-8
8.898504339350067e-8
9.26308645061015e-8
8.407886634730156e-8
8.798881779488194e-8
8.140154593059311e-8
7.926881625790938e-8
8.159585312798245e-8
8.030010577059825e-8
8.022234945516576e-8
7.744253193020076e-8
7.623221303875302e-8
7.561654673034434e-8
7.332569806437503e-8
7.153121952203351e-8
7.140635046157185e-8
7.067459174224351e-8
6.877131491608338e-8
6.900297863130366e-8
6.911848168704275e-8
6.72153559436646e-8
6.629797358701287e-8
6.502548109849699e-8
6.406857070981642e-8
6.228773047754137e-8
6.165286462852436e-8
6.166343181514504e-8
6.040718832974695e-8
6.049754489071923e-8
5.9324731501908685e-8
5.832637646723943e-8
5.470742405188859e-8
5.755701564119215e-8
5.6130502325262314e-8
5.497418915169077e-8
5.4937106289646084e-8
5.4000524843743186e-8
5.353275322747829e-8
5.188602665005388e-8
5.253216208572832e-8
5.129858491854787e-8
5.074760406285855e-8
5.040636636398468e-8
4.9763135840756804e-8
4.8852014144286554e-8
4.869952840393763e-8
4.785062342829583e-8
4.7213355493625614e-8
4.666941860395485e-8
4.620281356372789e-8
4.57645039381665e-8
4.5541561732503e-8
4.485682785271335e-8
4.4355865703726093e-8
4.374036436221244e-8
4.3092640335168514e-8
4.252275071548356e-8
4.228135857586887e-8
4.175106070546474e-8
4.128564403033851e-8
4.0670187306390084e-8
4.027240190491785e-8
3.992795474602914e-8
3.9453468675823315e-8
3.91016351477898e-8
3.860527487914752e-8
3.830317131913102e-8
3.79817806352207e-8
3.745905127408214e-8
3.700701797156299e-8
3.652826094814337e-8
3.6222277262357944e-8