1.7748014278857484e-10
1.9515683233037255e-9
3.726235869742207e-9
5.496198381794133e-9
7.275978667407233e-9
9.039795146418404e-9
1.0823649444316352e-8
1.260849516150114e-8
1.4370712933767942e-8
1.61264928961336e-8
1.7876509747661346e-8
1.970381704116277e-8
2.1413402830881105e-8
2.279786207712861e-8
2.499219448636709e-8
2.663525877293466e-8
2.8796535243129277e-8
3.018551619139237e-8
3.2072301979990575e-8
3.331777766610737e-8
3.54891678629992e-8
3.714677650935952e-8
3.895366931291219e-8
4.06438343033537e-8
4.4423662117973756e-8
4.3698160564027014e-8
4.60718759233147e-8
4.731212254142602e-8
5.0026710834303156e-8
5.156202095577785e-8
5.1354524862942376e-8
5.489660131718385e-8
5.758378861838008e-8
5.6594311215714754e-8
5.987204590855466e-8
6.080393452091011e-8
6.15687681518549e-8
6.424692150758027e-8
6.613106121487128e-8
6.712014182940623e-8
7.083163114132524e-8
6.72697585573153e-8
7.396411362036849e-8
7.83819647082642e-8
1.1642568169345772e-7
7.600291613731507e-8
8.295861474480871e-8
7.962221955370706e-8
8.901933629247415e-8
7.038772405975538e-8
8.210839879215249e-8
8.765785729606217e-8
9.021092661734717e-8
8.474516646006269e-8
8.597814912442692e-8
9.07056920899603e-8
9.78355309038772e-8
7.912193373611803e-8
9.433615965164495e-8
9.85212549812336e-8
9.755838246659595e-8
1.0675151048859872e-7
9.814461961905419e-8
1.0593427840160195e-7
1.1701767350266142e-7
1.117127088041263e-7
1.1006463089966299e-7
1.0722101231486682e-7
1.0614316003971279e-7
1.1678083453351093e-7
1.1145339038636677e-7
1.1515080702774391e-7
1.0823579625299547e-7
1.2229318338152063e-7
1.2057719707285474e-7
1.2216067349930015e-7
1.2405247880340307e-7
1.2106940998811302e-7
1.2411420268282737e-7
1.2000909009422284e-7
1.07352782350564e-7
6.938614376654745e-8
9.417970221795522e-9
5.945244223379495e-6
3.7376939632098516e-6
1.8471234366436779e-6
1.225337018987226e-6
9.104917358354317e-7
7.182120603666815e-7
5.972137748800557e-7
5.290802910463568e-7
4.5125949978142025e-7
4.357461780195577e-7
3.728459312536163e-7
3.531840010559304e-7
3.2647833312505683e-7
3.0554038399993434e-7
2.9083761492013184e-7
2.5307973447963476e-7
2.4945394556583994e-7
2.3306344886907104e-7
2.2630722801826332e-7
2.1157661369385224e-7
2.0413493080675405e-7
1.9147309477816783e-7
1.881366171421832e-7
1.709730137151452e-7
1.7480560669479308e-7
1.7214032129280476e-7
1.5821046091554122e-7
1.4827454667979613e-7
1.5023499076328917e-7
1.4277904674672383e-7
1.4311548766154185e-7
1.2570965605424187e-7
1.3711530639692818e-7
1.2453754071835752e-7
1.2427863034089625e-7
1.1797698812313969e-7
1.1553492920241263e-7
1.193995930242251e-7
1.1795417285629516e-7
1.1572008184522977e-7
1.1143742329287963e-7
1.0416793077883371e-7
9.912767680374006e-8
1.0631949823206942e-7
1.012044235135946e-7
9.905715294398892e-8
9.180710809024608e-8
9.413827486179275e-8
9.298548912253097e-8
9.176766988555399e-8
8.481782702404245e-8
8.688750914051682e-8
8.58714866128615e-8
8.477381692037982e-8
8.414948007216507e-8
8.001223493923246e-8
7.897843300044616e-8
7.535469556897589e-8
7.695668654418893e-8
7.634102474738806e-8
7.574995992700719e-8
7.437235212730274e-8
7.299563907130538e-8
7.441366413324799e-8
7.146951543238078e-8
7.232495399604613e-8
6.906681965763785e-8
6.859006762483118e-8
6.644643787553763e-8
6.514633931923379e-8
6.618712586691474e-8
6.438379666510579e-8
6.331505148646658e-8
6.298689532366612e-8
6.174625840028572e-8
6.093859332584039e-8
6.005351804365473e-8
5.925867145281123e-8
5.875521482018171e-8
5.7976320609215476e-8
5.706988967393279e-8
5.672773899306141e-8
5.526603115580655e-8
5.4581670175169364e-8
5.404329926548749e-8
5.3391196284283574e-8
5.266512028670109e-8
5.2388335729441656e-8
5.145438581910184e-8
5.016146484425234e-8
5.0905695205856156e-8
4.9304990074880764e-8
4.821628251536698e-8
4.8213164119267264e-8
4.764586406797114e-8
4.6414342305293284e-8
4.6785070151660774e-8
4.622622567836308e-8
4.5773677441862734e-8
4.487071250123097e-8
4.4505092257893584e-8
4.4200871454868176e-8
4.3837464796420564e-8
4.3040100969134625e-8
4.259327820610163e-8
4.195835275680956e-8
4.160895600007392e-8
4.089740652991374e-8
4.061639947947425e-8
4.0153209509740774e-8
3.980493638701834e-8
3.944112771853312e-8
3.886644746424367e-8
3.8432373109958634e-8
3.809230986040771e-8
3.7670150865848084e-8
3.7275355902658486e-8
3.696589955121171e-8