7.55145818032321e-13
8.308411724281598e-12
1.5872525184099246e-11
2.3439934820405382e-11
3.1027148186769547e-11
3.862866151899303e-11
4.6296673061689524e-11
5.39064291870702e-11
6.161479373873872e-11
6.784174136577853e-11
7.712471964797439e-11
8.510682218445377e-11
9.299318590138576e-11
1.0092955648488377e-10
1.0880013309859858e-10
1.1679438060309613e-10
1.254444066540009e-10
1.3371908510346488e-10
1.4168287119282563e-10
1.5043337506040738e-10
1.588185360352967e-10
1.6821042157959575e-10
1.7634348315569848e-10
1.8547825150274388e-10
1.9408582611108798e-10
2.0383374252864532e-10
2.1359115714694765e-10
2.2285233883329209e-10
2.325048950516597e-10
2.43098738057281e-10
2.527175077162375e-10
2.623743610735371e-10
2.7381894098315035e-10
2.843386956087932e-10
2.905041525549387e-10
3.0428913634727095e-10
3.1489994859324154e-10
3.2734128238116233e-10
3.392396187144988e-10
3.5366589110396463e-10
3.639220502994237e-10
3.775400837519712e-10
3.8590387176807406e-10
4.0625569740230016e-10
4.136796603573481e-10
4.286872281969821e-10
4.416791368189868e-10
4.551377960519039e-10
4.728351235537053e-10
4.856398984235239e-10
4.965025827163774e-10
5.129146923422486e-10
5.293267170540068e-10
5.492765683196859e-10
5.498344190584255e-10
5.813697247094714e-10
5.98581837053656e-10
6.161971113235149e-10
6.384841940086473e-10
6.564791453885481e-10
6.668584165195937e-10
6.933978420656051e-10
7.078094938875764e-10
7.319712585368304e-10
7.578821839453779e-10
7.747413058200102e-10
7.928380961754322e-10
8.065399849529709e-10
8.405560079385565e-10
8.718068918979857e-10
8.931686398835775e-10
9.147752951610771e-10
9.443788477765597e-10
9.717410407328734e-10
9.852489583156318e-10
1.0212049420519921e-9
1.0494497835567376e-9
1.0847441820188786e-9
1.1178429237283778e-9
1.1309184673813272e-9
1.1814295608719202e-9
1.1987346644909988e-9
1.2338820348719172e-9
1.2737244254800598e-9
1.3067995235301835e-9
1.3037410197482913e-9
1.3544352550929614e-9
1.4025831876993248e-9
1.4494401042853853e-9
1.5113264683945191e-9
1.5179702680001927e-9
1.5616597696577095e-9
1.6083048328014603e-9
1.6357222987346342e-9
1.766269904699383e-9
1.739553821626828e-9
1.802297185767395e-9
1.8454118212462973e-9
1.9212422641912224e-9
1.937419044258546e-9
1.93126989537958e-9
2.053593118119998e-9
2.083867024573938e-9
2.1451678008131207e-9
2.1603884603439727e-9
2.215929531397851e-9
2.402010273204943e-9
2.3849915305291264e-9
2.278775356797222e-9
2.59035848275456e-9
2.5732649213892708e-9
2.643062280150268e-9
2.714261648265849e-9
2.826493517688758e-9
2.86817730365353e-9
2.9350828948853895e-9
2.9762807391426513e-9
3.1187836855190443e-9
3.204644093107695e-9
3.253777996994471e-9
3.2896497358645765e-9
3.4129905901365098e-9
3.594573298989405e-9
3.756325435693059e-9
3.676625809984001e-9
3.6768006257448734e-9
3.85537965841839e-9
4.059560932478177e-9
4.1195929192160905e-9
3.831163106540876e-9
4.354786513803922e-9
4.535772369321995e-9
4.553389906755825e-9
4.562051605200998e-9
4.76221948313152e-9
4.9059779035061405e-9
4.904286677016191e-9
5.036090731351374e-9
5.2983929604319586e-9
5.223537603291406e-9
5.417191249812927e-9
5.741476787324e-9
5.874151322442602e-9
6.1321828120671725e-9
6.248628553744199e-9
6.1403943874832865e-9
7.025840199501874e-9
6.662530344571392e-9
6.898796127540409e-9
7.06275853983552e-9
7.6922434133465e-9
7.175745057343075e-9
7.373284900102144e-9
7.9064955291888e-9
7.994034785023445e-9
7.898927120130724e-9
8.217654274486135e-9
8.441348346214122e-9
8.666489581253864e-9
8.674216581605105e-9
9.202586619876608e-9
9.32496214599016e-9
9.097310644145265e-9
9.963348654768161e-9
9.46322894728671e-9
1.0020481955382867e-8
1.0437064375219552e-8
1.0669031216270839e-8
1.1576256331287833e-8
1.1578406220782129e-8
1.207907152239606e-8
1.2359142284013925e-8
1.3205977066653772e-8
1.198247987328925e-8
1.2897738479008315e-8
1.4301616410592532e-8
1.3730569592810365e-8
1.4937681114678952e-8
1.4433291345620623e-8
1.588860988393874e-8
1.5482603076231992e-8
1.6729511547431598e-8
1.6865997477626857e-8
1.747549635445792e-8
1.8664108522232415e-8
1.9449041093723697e-8
1.945703771576617e-8
2.162456829202699e-8
2.1384543891490073e-8
2.3739235828642152e-8
2.5239940379698824e-8
2.6644116941152103e-8
2.8731359218456824e-8
3.050718031245544e-8
3.2105250364723806e-8
2.8401558693552857e-8
3.012229334996499e-8
1.573741110175141e-6
6.254285011297202e-7
4.059992781978179e-7
3.087030722928428e-7