5.431823639737895e-10
5.972032479764278e-9
1.13935175459572e-8
1.6805234190923915e-8
2.2185924081207504e-8
2.7573401121457093e-8
3.2857861809725494e-8
3.814020734321905e-8
4.332034453380785e-8
4.830268959298749e-8
5.346910137727918e-8
5.863364257187016e-8
6.326596547505488e-8
6.847393470446189e-8
7.335851961409148e-8
7.543980749172472e-8
8.2190332482055e-8
8.730638711167032e-8
9.123865498195339e-8
9.473419179213513e-8
1.0105869115964006e-7
1.0380207327787615e-7
1.0835588373931933e-7
1.126890546933846e-7
1.1393824913376293e-7
1.1818426652135616e-7
1.2422836363354146e-7
1.2756391650704676e-7
1.269935155049764e-7
1.3214306078642215e-7
1.33787340966822e-7
1.387661834279054e-7
1.353656689235266e-7
1.386837787549072e-7
1.4634127025665315e-7
1.5277349830264714e-7
1.5267473427356766e-7
1.6042103100395817e-7
1.578728571203699e-7
1.566897159333325e-7
1.581247129768625e-7
1.6473968293767796e-7
1.627363716209256e-7
1.6455302170595908e-7
1.6436723917917208e-7
1.6966174420549043e-7
1.7544873143159018e-7
1.7512332289323476e-7
1.7441743040546537e-7
1.7649911398227964e-7
1.7774916437543462e-7
1.792163372765572e-7
1.8031658452672795e-7
1.8122581139149184e-7
1.820211328126454e-7
1.8262033406070762e-7
1.8285044052413108e-7
1.813943553762597e-7
1.7855096278592353e-7
1.728528630469407e-7
1.6131941030849024e-7
1.3705194564612802e-7
8.190060496736743e-8
6.976310855429819e-9
2.082543256659673e-6
6.041408751498439e-6
3.1742415795446792e-6
1.954698464631474e-6
1.3938943212875443e-6
1.083362009694317e-6
8.87187922315879e-7
7.518143279007895e-7
6.632640111607681e-7
5.7899805751159e-7
5.234211809333576e-7
4.7486689675819336e-7
4.7091152037811e-7
4.0293425322433905e-7
3.7231995842797493e-7
3.5095371351798963e-7
3.474170144402842e-7
3.121033501581357e-7
2.8965744493715996e-7
2.731344083017519e-7
2.7266706195910266e-7
2.534275690550449e-7
2.492629053560045e-7
2.29683757955536e-7
2.0314640254399766e-7
2.1254429699810608e-7
2.1095937049027765e-7
2.038071430591051e-7
1.9048547320421652e-7
1.8459242325506845e-7
1.8361742585080553e-7
1.7387751118920412e-7
1.6597668460947287e-7
1.687270266255282e-7
1.5729187798314575e-7
1.5340631888279415e-7
1.546863142091891e-7
1.4789682112631856e-7
1.3599066982191607e-7
1.4068250487441034e-7
1.3601772983269876e-7
1.3307514377777536e-7
1.3217852764910772e-7
1.2685032701620744e-7
1.199827201457269e-7
1.221700759575967e-7
1.1963527543406464e-7
1.1868054063686859e-7
1.1553197813396544e-7
1.0930623058184571e-7
1.1012650905233385e-7
1.1085190765656584e-7
1.0298522886496483e-7
1.0363280951910263e-7
1.0449161060840678e-7
1.0002024618425218e-7
9.810048180522656e-8
9.74477378332639e-8
9.118972913542185e-8
9.100915191576736e-8
9.237628710581562e-8
8.854646383455425e-8
8.832425504819477e-8
8.608578756547015e-8
8.629227703616855e-8
8.463039884272748e-8
8.421231986058314e-8
8.117174224333407e-8
8.101223662325588e-8
8.084059382767326e-8
7.802411183379298e-8
7.712874107694543e-8
7.639607594834314e-8
7.436023664865407e-8
7.43044215436487e-8
7.378005079013818e-8
7.074019805517762e-8
7.034093594771847e-8
6.960823323510106e-8
6.781923444951195e-8
6.766136224884008e-8
6.745935830811437e-8
6.629278792807184e-8
6.483828252240404e-8
6.422239416430806e-8
6.343401883556854e-8
6.266597298052577e-8
6.184247801070424e-8
6.080162541689272e-8
5.957201851877341e-8
5.988248852645455e-8
5.798175721391044e-8
5.824699384796115e-8
5.823544580528398e-8
5.598605067563847e-8
5.5914616394820385e-8
5.507934522818656e-8
5.466372712353561e-8
5.3900075849290634e-8
5.3379070231669785e-8
5.2452015640550475e-8
5.164718526267563e-8
5.1494195533397826e-8
5.068729932827003e-8
5.0160489846891375e-8
4.861570858550757e-8
4.894130994096902e-8
4.834913554243356e-8
4.799328320249983e-8
4.741433714707494e-8
4.661134812112975e-8
4.628062639671897e-8
4.561173525449492e-8
4.510083260247166e-8
4.447711381912365e-8
4.385592587197941e-8
4.3487577218589134e-8
4.3037108460083486e-8
4.248619323983276e-8
4.2188781450261626e-8
4.1764858255179235e-8
4.130190372140034e-8
4.0711612491681016e-8
4.0212237366808884e-8
3.9781579205989916e-8
3.9301775388875216e-8
3.888286790144555e-8
3.851251933403372e-8
3.798444974249104e-8
3.762295282149442e-8
3.7204610748706255e-8
3.688011765051266e-8
3.64479447300966e-8
3.603443962468294e-8
3.567867096887775e-8
3.526887205760814e-8
3.4860350915790954e-8