4.5454555138195224e-11
5.000918450050613e-10
9.537008176360932e-10
1.4101800237060902e-9
1.8639442591526354e-9
2.3309498898093037e-9
2.774252804774482e-9
3.2472500693468164e-9
3.7001682533878434e-9
4.152820176245123e-9
4.625976056883991e-9
5.084596615524846e-9
5.608143534293579e-9
6.000475676124853e-9
6.5923963874808615e-9
6.977495306395614e-9
7.2867970368749226e-9
7.978994156242082e-9
8.430245575163794e-9
9.200213408714053e-9
9.313487821559287e-9
9.918289945843482e-9
9.984764717394454e-9
1.080145466936145e-8
1.1345309184867903e-8
1.2008420587189322e-8
1.244248039887542e-8
1.2840940108383354e-8
1.3650879924442878e-8
1.3701426795103394e-8
1.4505939512868282e-8
1.5484491909424818e-8
1.629107526230048e-8
1.590411955340336e-8
1.618952203331627e-8
1.682228997764749e-8
1.7456277621067053e-8
1.8757154220893653e-8
1.8611760037770517e-8
1.867068686917305e-8
1.8272787414255574e-8
2.0626777777923696e-8
2.1474330516351927e-8
2.1280986712597876e-8
2.2008291737332917e-8
2.3300149168120348e-8
2.3455155944503828e-8
2.6031890050539904e-8
2.5692561925810806e-8
2.7309143874226747e-8
2.986060547690012e-8
2.704281952935404e-8
2.8103335637430338e-8
2.847131088360417e-8
2.9994615872609965e-8
3.0216258917690464e-8
3.3591185028391594e-8
3.2085514499698753e-8
3.259459369509701e-8
3.073102511838868e-8
3.5679294286011904e-8
3.8762026853772274e-8
3.5349020650066924e-8
3.6056561218345485e-8
3.665911642916068e-8
4.0314724048038294e-8
3.702142243383074e-8
3.80764650219269e-8
3.9494131367557693e-8
4.132894021387552e-8
3.625217602773227e-8
4.0691601346695555e-8
4.253265229329488e-8
4.720722742832064e-8
4.567410137111621e-8
4.25728141410688e-8
4.5058095368643866e-8
4.575449914870512e-8
4.5911473054930486e-8
5.000171388908846e-8
5.253725009469642e-8
4.88694246813264e-8
6.08476655273682e-8
5.3627415431656206e-8
5.592202876978794e-8
6.091853974280734e-8
5.6409854708114806e-8
6.219250918632798e-8
6.49518895815433e-8
5.964137490035659e-8
5.9414539692409586e-8
6.394774859465637e-8
6.380727285733116e-8
6.595336767452294e-8
6.640653660132092e-8
6.341659502800814e-8
7.261315244725196e-8
7.17646781052164e-8
7.346048880642151e-8
7.534942016468243e-8
8.032249149162212e-8
8.067577107088629e-8
8.281906760831924e-8
8.434576225316235e-8
8.394959585669073e-8
7.879699010541366e-8
5.570138659073603e-8
1.2966452951780787e-8
7.2341967286642755e-6
2.0326941297166176e-6
1.1136181079635927e-6
7.75708153260371e-7
5.997172871643676e-7
5.027180073801605e-7
4.1961149223425887e-7
3.7602506270307355e-7
3.3013450433808027e-7
2.9647878934160163e-7
2.7688275616575643e-7
2.4979152136622145e-7
2.403039771899768e-7
2.151292996564264e-7
2.0684648807620871e-7
2.0213503537199982e-7
1.8227215225097457e-7
1.7207943081932654e-7
1.6923291513281485e-7
1.648041263727125e-7
1.4886311919477635e-7
1.4351139942026586e-7
1.5034441253189238e-7
1.328831902570233e-7
1.304296442410794e-7
1.2584760897986252e-7
1.238159179306857e-7
1.1778071984876064e-7
1.2547680403892046e-7
1.1533409347207453e-7
1.1334406273782077e-7
1.0884744432029098e-7
9.897469927751031e-8
9.725438232771603e-8
9.868618546611541e-8
1.0028691194410542e-7
9.709519061059452e-8
9.033125943341918e-8
9.231890448692809e-8
8.896906404008967e-8
8.732459059423734e-8
8.571170305833533e-8
8.305591946362705e-8
8.142959729715609e-8
7.862426668676857e-8
7.951395792827202e-8
7.661313433860463e-8
7.620048404839193e-8
7.267940408078717e-8
7.273266126629989e-8
7.117776388804819e-8
7.067350564967343e-8
6.738507712838818e-8
6.357494734141282e-8
6.56677356721505e-8
6.497961712849789e-8
6.500622503218843e-8
6.272165328065195e-8
6.174263883278846e-8
5.956022362735019e-8
5.911966528039262e-8
5.997252847613256e-8
5.958723645790733e-8
5.817577631836606e-8
5.638703649380429e-8
5.637945148136967e-8
5.566820443796088e-8
5.443718799232571e-8
5.391082915918003e-8
5.343181897683298e-8
5.244257799481632e-8
5.1839165720362434e-8
5.1545445281226515e-8
5.063056078381862e-8
5.108196501132869e-8
4.900420176585442e-8
4.872191271230235e-8
4.830463945499601e-8
4.75103818990129e-8
4.6895985451258745e-8
4.6369887506450546e-8
4.591922376393214e-8
4.6264435611249494e-8
4.49085125887595e-8
4.41003122737646e-8
4.3342044192944205e-8
4.2923875894327427e-8
4.2703164489240494e-8
4.208688055400474e-8
4.1572193611071844e-8
4.1204573782994686e-8
4.0539125386298064e-8
4.028304518842522e-8