1.4330946885732887e-9
1.5751051956405457e-8
3.000297516925401e-8
4.4113614546300586e-8
5.805133610764665e-8
7.171960774006511e-8
8.511926282917573e-8
9.807677004313813e-8
1.1084985329521556e-7
1.230718482736809e-7
1.3475272508045148e-7
1.460289219054707e-7
1.5575588970628633e-7
1.6671571082986735e-7
1.7898891413927344e-7
1.8326235548751143e-7
1.9203415534286696e-7
2.0256480554457532e-7
2.108573470446429e-7
2.1659215769860448e-7
2.242122141163148e-7
2.2803182860646497e-7
2.3827638100572935e-7
2.378153738795317e-7
2.4257176241903537e-7
2.48050716948612e-7
2.5280807283925834e-7
2.528969442689634e-7
2.5701308731388195e-7
2.4644025383006115e-7
2.6622306562305225e-7
2.9246023567652354e-7
2.623203613439393e-7
2.6120434855588473e-7
2.6954120394096036e-7
2.6118769639457736e-7
2.672455718595779e-7
2.656893679200586e-7
2.640403600681836e-7
2.615696610732963e-7
2.57365851417883e-7
2.51391222888233e-7
2.4225338332981534e-7
2.281159749429132e-7
2.0528042507976015e-7
1.6592546627173243e-7
9.224971052498333e-8
5.062619478982684e-9
1.3382884645895595e-8
4.846548037562959e-6
5.234545851115168e-6
3.4089189533306864e-6
2.3422741951039277e-6
1.7476387978498125e-6
1.3831817140005365e-6
1.1422421568627739e-6
9.73866149872024e-7
8.534782101643676e-7
7.491893152609574e-7
6.717334622553541e-7
6.084046318329306e-7
5.582986513525603e-7
5.11185653678474e-7
4.756815373307601e-7
4.4250987112557286e-7
4.1471851076511305e-7
3.9296742876734143e-7
3.6941472623651014e-7
3.4863432817423044e-7
3.3182277101454637e-7
3.155233043105454e-7
3.0235184140415114e-7
2.902675330524961e-7
2.748896372648149e-7
2.64669753302783e-7
2.5538277485402616e-7
2.459452215741897e-7
2.349659462219201e-7
2.2719955569685538e-7
2.225341781053664e-7
2.1267723833022716e-7
2.0828746209424602e-7
1.9847625887506878e-7
1.9427818482343312e-7
1.903967208276724e-7
1.8467577713613542e-7
1.7775678696828898e-7
1.666672930461491e-7
1.6994389833492244e-7
1.6403030703111146e-7
1.6335489670915058e-7
1.6003040964418292e-7
1.5299691181846578e-7
1.5284756200761037e-7
1.4701756266545005e-7
1.4414138782829337e-7
1.4004017694954376e-7
1.3100967049935245e-7
1.3721671231190966e-7
1.307338396110144e-7
1.3031051799019372e-7
1.2726048458944284e-7
1.2501775154280932e-7
1.2536969216718004e-7
1.1878393010868211e-7
1.189406741237042e-7
1.1474950550180057e-7
1.1357948952067107e-7
1.1022337677840404e-7
1.0786397025215643e-7
1.070098765935481e-7
1.058984342864289e-7
1.0600887970225509e-7
1.0585138955092748e-7
9.821921788317421e-8
9.724051829771574e-8
9.731691207563203e-8
9.403281460455786e-8
9.343670697774491e-8
9.131190433211451e-8
9.07303453732938e-8
8.546403071462417e-8
8.675961617005313e-8
8.639785148236981e-8
8.566093173702611e-8
8.462059632056451e-8
8.203833286217445e-8
8.160845822761487e-8
8.026895006930743e-8
8.024987543003526e-8
7.873543900076491e-8
7.525066744766935e-8
7.63807026874106e-8
7.476046923154381e-8
7.336092460867592e-8
7.206374569935235e-8
7.257795818086245e-8
6.921392060037032e-8
6.92549818555894e-8
6.807358835389028e-8
6.769527375962052e-8
6.662369035852675e-8
6.654912735646932e-8
6.556186551745306e-8
6.466201224508797e-8
6.365896185903358e-8
6.289980624908057e-8
6.222342548087734e-8
6.112758818252556e-8
6.06441018685642e-8
5.998122351636647e-8
5.941300824176775e-8
5.847755873690378e-8
5.748019237511382e-8
5.693639881517568e-8
5.625036948290244e-8
5.575509395408727e-8
5.4961145555779505e-8
5.4005676155949946e-8
5.3199486317069216e-8
5.279758047708454e-8
5.204967950553065e-8
5.1348702242288894e-8
5.08476361690996e-8
5.026832644432979e-8
4.9588626981031735e-8
4.91831530519898e-8
4.853891388094927e-8
4.8004154603629044e-8
4.7350149231174384e-8
4.6766009026152926e-8
4.632630803949484e-8
4.5713797943110875e-8
4.536363982028882e-8
4.471227970547451e-8
4.3913737181950205e-8
4.365264624844104e-8
4.3141366456555755e-8
4.2597800268752163e-8
4.222007231791403e-8
4.1727051273726446e-8
4.128141131703706e-8
4.065415574556021e-8
4.024633747920311e-8
3.980626632724449e-8
3.936475010671032e-8
3.8952392688262785e-8
3.847166586505103e-8
3.804542063584849e-8
3.7658389258638745e-8
3.724222634173845e-8
3.683717164589475e-8
3.642769314817893e-8
3.6034573452257636e-8
3.564378822241623e-8
3.5256689555577525e-8
3.487640339649784e-8
3.45016099688896e-8
3.413065344843047e-8
3.3765322496261895e-8
3.340368280690685e-8