2.8324718958481303e-9
3.1098228754671804e-8
5.908487535873941e-8
8.650530504762734e-8
1.132280219793032e-7
1.3897174372986828e-7
1.6348541653268185e-7
1.8671064395917464e-7
2.0833765407941539e-7
2.2893123409433345e-7
2.486176388562612e-7
2.6464827712771105e-7
2.794337351992614e-7
2.933266496948445e-7
3.049099983062606e-7
3.168754116717789e-7
3.2738636257074897e-7
3.3243194659671495e-7
3.426729256196198e-7
3.4729431505077943e-7
3.4657742572631905e-7
3.504555180913175e-7
3.505083759333509e-7
3.519240375155732e-7
3.260461711590311e-7
3.473620373868247e-7
3.4222861567877215e-7
3.3533554690962934e-7
3.261831141435097e-7
3.136897810715237e-7
2.9651245804824315e-7
2.723960571841836e-7
2.373939447779159e-7
1.8385846086555065e-7
9.677654486727348e-8
3.7002410764515104e-9
6.6335233576629204e-9
1.8986949621533018e-6
4.771855045291401e-6
5.022249173201169e-6
3.850644319204963e-6
2.8743265516449385e-6
2.2229217295680134e-6
1.7867965859109327e-6
1.4818271393751166e-6
1.2642386580267463e-6
1.0947682985681877e-6
9.661733025522965e-7
8.653111383535074e-7
7.789508396609214e-7
7.075013740700206e-7
6.512633724080771e-7
6.013116149009163e-7
5.579598727630238e-7
5.21293174237747e-7
4.878205818637493e-7
4.581940080763433e-7
4.36488415345894e-7
4.1017302853355e-7
3.884022734418525e-7
3.688045984482672e-7
3.513149225350007e-7
3.3555628458697704e-7
3.226565490748995e-7
3.094559596790129e-7
2.972271256709869e-7
2.838184589452927e-7
2.744605472885253e-7
2.646224278845673e-7
2.557139099070508e-7
2.461618153670355e-7
2.3904388658028667e-7
2.3214503762320864e-7
2.2407458788309446e-7
2.173634905662995e-7
2.1132982009300894e-7
2.0555253144534595e-7
1.998029148882939e-7
1.941379175639874e-7
1.8856189075905258e-7
1.846221986153416e-7
1.7988502380910006e-7
1.760700605999714e-7
1.7123258062029718e-7
1.6735999348522278e-7
1.6296754425565082e-7
1.6017908360795158e-7
1.5427417779456336e-7
1.529896216422512e-7
1.4773115854554878e-7
1.4504854220194229e-7
1.4449315448306307e-7
1.3945191456858003e-7
1.3702355037989285e-7
1.358318682223301e-7
1.3182750794525358e-7
1.3050463272374876e-7
1.2745180927424356e-7
1.25328031667198e-7
1.2276590299495454e-7
1.2216272448905997e-7
1.1764454574658761e-7
1.1583392084800327e-7
1.164164814335261e-7
1.1084177747237173e-7
1.1021560564906177e-7
1.0760988524784268e-7
1.060774365856591e-7
1.0539367530740252e-7
1.0397819727847798e-7
1.0219787397280158e-7
9.993194312511752e-8
9.875020279877154e-8
9.727193429229413e-8
9.324206301076232e-8
9.38438665931293e-8
9.486721652887496e-8
9.097360705330999e-8
9.003218772139406e-8
8.862125701738437e-8
8.748899866992843e-8
8.701467635071185e-8
8.496407285524595e-8
8.427745416945503e-8
8.331938172552158e-8
8.192832315697558e-8
8.059252135127787e-8
7.873160081638819e-8
7.833145472986903e-8
7.653271918272781e-8
7.427199349338721e-8
7.393491895787535e-8
7.337389053179036e-8
7.29708109127111e-8
7.16288797986607e-8
7.102099231691073e-8
6.980604529075716e-8
6.824702515076555e-8
6.93170592549737e-8
6.736128871092957e-8
6.594461534226086e-8
6.519824050911307e-8
6.455857598993098e-8
6.367701510441665e-8
6.329700781520604e-8
6.264093732591542e-8
6.094268437344074e-8
6.072894625290099e-8
5.971858029165316e-8
5.8877149830318767e-8
5.820270504833657e-8
5.741866238699983e-8
5.678296362106411e-8
5.603788021409726e-8
5.5519971215743154e-8
5.45625187366722e-8
5.375929408410351e-8
5.3174554294172784e-8
5.249542618499471e-8
5.195258014068087e-8
5.14336355766277e-8
5.074392841146557e-8
5.005846240544143e-8
4.9554776090398973e-8
4.864307184038265e-8
4.836568786635215e-8
4.772756755464281e-8
4.721767406744257e-8
4.6648195535972136e-8
4.6080828047443446e-8
4.557167965472073e-8
4.499009082105706e-8
4.444594317593748e-8
4.3918742110265507e-8
4.342353071346709e-8
4.2894508280610796e-8
4.243215232000187e-8
4.193487272989882e-8
4.143525833022412e-8
4.097548830528721e-8
4.050947991171362e-8
4.0048924065431375e-8
3.9591417885695724e-8
3.914350982859988e-8
3.8700823553274056e-8
3.8251015544842e-8
3.783810543479071e-8
3.7417786841316424e-8
3.69898082578095e-8
3.657524459844067e-8
3.617300358107042e-8
3.577407567645694e-8
3.5388057970539464e-8
3.500729051291582e-8
3.461423474246579e-8
3.423344550536078e-8
3.38653938259667e-8
3.348662699176398e-8
3.313860151333658e-8
3.278881330101028e-8
3.2419193497420256e-8