4.0327068414925497e-10
4.436884306841142e-9
8.49020693358615e-9
1.2565509715580087e-8
1.6709939725831922e-8
2.083908646182455e-8
2.5074740093271378e-8
2.9258588773224894e-8
3.368446186030136e-8
3.813122033262392e-8
4.254728861525021e-8
4.722121954961729e-8
5.183893140523484e-8
5.647579130570512e-8
6.12089041701025e-8
6.607275880061053e-8
7.06137861944358e-8
7.566714414215721e-8
8.04724585115512e-8
8.53577948133373e-8
9.002242607723992e-8
9.483961263325888e-8
9.964168577654645e-8
1.0393781366863347e-7
1.0841744972972779e-7
1.1279292441690386e-7
1.1702113083331109e-7
1.2090852794186545e-7
1.2512313933162486e-7
1.285422391948972e-7
1.3204308333368286e-7
1.3533024014635205e-7
1.3842630571804835e-7
1.4147124095658502e-7
1.4424791512105768e-7
1.46585329866987e-7
1.491586760295199e-7
1.5129050347517704e-7
1.533614179159842e-7
1.552618551070042e-7
1.5695718782789438e-7
1.5857868416514252e-7
1.6006652404100086e-7
1.6130598669366707e-7
1.6250929649096026e-7
1.6352451091081765e-7
1.6445926445587663e-7
1.6535246295245842e-7
1.6607507934851878e-7
1.667746498770089e-7
1.673820069524165e-7
1.6793813886885067e-7
1.684142141967372e-7
1.688593069948973e-7
1.6929398085886643e-7
1.696597692429131e-7
1.6999067741934782e-7
1.7034328524728484e-7
1.7068856034073125e-7
1.7101321690361188e-7
1.71327121344234e-7
1.7167407026216085e-7
1.7200050356430203e-7
1.7234177015777075e-7
1.726710688422384e-7
1.7296558987081253e-7
1.7320139973148498e-7
1.7332836133233522e-7
1.7326310092394346e-7
1.7282042738923416e-7
1.716979515102808e-7
1.693881019028223e-7
1.64780461350178e-7
1.5559999041213082e-7
1.3612564427556127e-7
8.893186406397509e-8
5.357376079423696e-9
1.906003027715478e-6
4.2131311914331164e-6
2.5917128934378997e-6
1.6534632040453909e-6
1.175796254372339e-6
9.480294104705799e-7
7.56808542187085e-7
6.350037038970461e-7
5.610461375565213e-7
5.192302325924843e-7
4.4115807859072907e-7
3.828036788099803e-7
3.613382567865477e-7
3.125484788248167e-7
2.9615109874568093e-7
3.0119553638912204e-7
2.609607635594321e-7
2.7611560336163696e-7
2.3743179209622227e-7
2.3228902503194146e-7
2.1371000434600103e-7
2.0713775365100405e-7
2.0949048042054418e-7
2.2539808785674422e-7
1.9270750268287235e-7
1.3131699575207673e-7
1.4366850778606992e-7
1.603409483641666e-7
1.5672661212710449e-7
1.4909048836543152e-7
1.4582762538564398e-7
1.3998007808154072e-7
1.3642189039119761e-7
1.3224359117726383e-7
1.3498620175947738e-7
1.2672594024768116e-7
1.2516566898590899e-7
1.2745007271205061e-7
1.1540207904213176e-7
1.2459738211173876e-7
1.0034124942315675e-7
1.0637066849835741e-7
1.0687687644636001e-7
1.0243359802531428e-7
9.935686317702173e-8
1.0140822178454241e-7
9.860817419287732e-8
9.167839347191764e-8
9.132224197798264e-8
9.380770924538587e-8
9.141794141583459e-8
8.603367075373515e-8
8.849391996115303e-8
8.719511997453937e-8
8.900456590227222e-8
8.236406220463643e-8
8.020257051664216e-8
7.969532834668538e-8
7.961449808178669e-8
7.95312661463366e-8
7.575215252713511e-8
7.47112378566383e-8
7.391297534858652e-8
7.128347944218861e-8
7.17511560353097e-8
6.932839899573845e-8
6.879931739131119e-8
6.84825605873916e-8
6.781740426424984e-8
6.88980950966627e-8
6.599122513344467e-8
6.660260273442018e-8
6.464985182499117e-8
6.280716228464201e-8
6.382378467213974e-8
6.2413970162359e-8
6.167186176867659e-8
6.123134051746193e-8
6.059448329206097e-8
5.993082394080147e-8
5.8276512967593075e-8
5.83083127011673e-8
5.764435048672843e-8
5.674258993641628e-8
5.5778962764032176e-8
5.55206056168526e-8
5.499731912180459e-8
5.432678892780092e-8
5.346545776148452e-8
5.307584150665478e-8
5.239255850098991e-8
5.183627527320902e-8
5.118691814850445e-8
5.059769494051841e-8
5.0137924870222126e-8
4.947935320489213e-8
4.8864429614767203e-8
4.83385239629129e-8
4.7782543802289856e-8
4.724490058163034e-8
4.674055022861162e-8
4.615002574488867e-8
4.5650620534826914e-8
4.513390589146441e-8
4.464630395107692e-8
4.4134132639074764e-8
4.3640324464717615e-8
4.315852278889299e-8
4.265034501251143e-8
4.2213376854344155e-8
4.1752152216803156e-8
4.129816161692737e-8
4.0839346407052195e-8
4.039792308492007e-8
3.995383034315606e-8
3.951891691878737e-8
3.909599301787367e-8
3.867357937965775e-8
3.8257812921253664e-8
3.784902509835908e-8
3.744436421964735e-8
3.704816911527361e-8
3.665290193698485e-8
3.6265717948980345e-8