3.700214327364796e-13
4.077678039016648e-12
7.823090280910987e-12
1.1638563150198718e-11
1.556348818570814e-11
1.9630218971086278e-11
2.3878759134596597e-11
2.834602779564932e-11
3.307876821511399e-11
3.8114524676748686e-11
4.349745469746634e-11
4.9304905771917504e-11
5.554721619696483e-11
6.232505105743046e-11
6.968506870547544e-11
7.769355173130484e-11
8.642200383940223e-11
9.596831504750802e-11
1.0643026168955425e-10
1.178734838140544e-10
1.3046634298267807e-10
1.4425634825711934e-10
1.5945612863220613e-10
1.7607868637289502e-10
1.9450087231418846e-10
2.1473138686014622e-10
2.369963630178059e-10
2.6150433335235135e-10
2.8855261266243305e-10
3.1831082844297455e-10
3.5111240867618777e-10
3.873189543014432e-10
4.2720075532013444e-10
4.710023923775238e-10
5.194311931809051e-10
5.72678770250273e-10
6.312788860750891e-10
6.959553179463613e-10
7.672521563584445e-10
8.453557454924846e-10
9.299181827777527e-10
1.0262275838857335e-9
1.1302811862287461e-9
1.2440042117971018e-9
1.3698972293156301e-9
1.5068231192761423e-9
1.6573892110012515e-9
1.8216952076296763e-9
2.00202230148809e-9
2.198455591772023e-9
2.4139323941677117e-9
2.6485137564917903e-9
2.9028253771645705e-9
3.179322105835479e-9
3.4799953984750646e-9
3.805215106742128e-9
4.156797588889234e-9
4.53404952250315e-9
4.942847854789463e-9
5.381604830897812e-9
5.849620005603706e-9
6.3539708512309796e-9
6.887240151195076e-9
7.460292214047634e-9
8.054962187463824e-9
8.69154220481574e-9
9.3605439608036e-9
1.0063787440444197e-8
1.0783489604196529e-8
1.1568319203592635e-8
1.2367132357106655e-8
1.3199686881962855e-8
1.4054165164379514e-8
1.492270517549971e-8
1.584015162412148e-8
1.6768756486801205e-8
1.7714045803307327e-8
1.867828017747831e-8
1.9666326360474627e-8
2.0647791923047405e-8
2.1645057586746325e-8
2.265902575345504e-8
2.368150104898006e-8
2.4675623219044667e-8
2.5695815041479046e-8
2.6711387663207135e-8
2.772477476313338e-8
2.8722888825455212e-8
2.9764898355896453e-8
3.071294672953448e-8
3.170129381344525e-8
3.2651340829555774e-8
3.362996440641788e-8
3.458229080540303e-8
3.550261527177536e-8
3.642966777116504e-8
3.733419826291546e-8
3.8248308450370586e-8
3.9139587754233714e-8
3.998470166530821e-8
4.092055863219692e-8
4.178745342937586e-8
4.2654149570483947e-8
4.351911832157243e-8
4.437612845436782e-8
4.5223840221620695e-8
4.607585298940803e-8
4.693663502410251e-8
4.780315082111991e-8
4.868311102102936e-8
4.955928026225797e-8
5.046436055047534e-8
5.1382606091446204e-8
5.232901829592492e-8
5.3301395215738046e-8
5.431188654460707e-8
5.536853283218431e-8
5.647373440432709e-8
5.763389957061358e-8
5.886759818582027e-8
6.018402915887895e-8
6.159141231855088e-8
6.311040282799734e-8
6.475136044666422e-8
6.653117756328622e-8
6.844765530296927e-8
7.04945453794335e-8
7.261441761977415e-8
7.459258611648595e-8
7.570927191882681e-8
7.371887841700599e-8
5.804487179307143e-8
1.0348414330502168e-8
4.851259250570199e-6
1.665121411581282e-6
9.114609780910373e-7
6.274027534251188e-7
4.834453100934807e-7
3.995996581759501e-7
3.451421314834528e-7
2.981906014926502e-7
2.580238689209505e-7
2.334923152038682e-7
2.267035607649008e-7
2.0820753576178299e-7
1.8904995240508205e-7
1.8618794132140514e-7
1.6233846824277225e-7
1.5255147673841061e-7
1.5622796476760488e-7
1.387597737766517e-7
1.2901731022947206e-7
1.1497185736396195e-7
1.2223300301192947e-7
1.1694032121096954e-7
1.20837799287298e-7
1.1713623271406285e-7
1.0141934651958339e-7
1.0212553312539695e-7
9.623403946451776e-8
9.606684219050301e-8
9.279375985656923e-8
8.829977891992466e-8
8.290430759063617e-8
8.3379198569718e-8
8.210802443926945e-8
8.355219911393906e-8
8.815595230839675e-8
7.459408531273887e-8
7.399223762149999e-8
6.731024061255756e-8
7.17190654595489e-8
7.128854300619634e-8
6.636343261200092e-8
6.713736680944814e-8
6.534289906530548e-8
5.843179350563584e-8
6.299725967396631e-8
6.204500834665653e-8
6.098862789530816e-8
5.901163837899512e-8
5.7955296127326846e-8
6.023237694489063e-8
5.8180994885720715e-8
5.337659197392374e-8
5.355742004931472e-8
5.369945847187895e-8
5.352069886475054e-8
5.258033104085034e-8
5.0109356332104833e-8
5.103609204248843e-8
4.978012325178911e-8
5.024671048997027e-8
4.8303750111922725e-8
4.7653243489378855e-8
4.776223100471948e-8
4.685760162629953e-8
4.675265484716948e-8
4.619634615982811e-8
4.547577437769501e-8
4.429072394850218e-8