1.0046126693217981e-8
1.0976210734792727e-7
2.055700585749631e-7
2.9454307159618775e-7
3.7452029545622905e-7
4.4344715500071857e-7
5.014950491328242e-7
5.479475592462752e-7
5.84437466905875e-7
6.114235769602954e-7
6.300628106589502e-7
6.418611432537455e-7
6.47982860606277e-7
6.495820313749998e-7
6.469149389482975e-7
6.416704396137444e-7
6.340763196704282e-7
6.24634828550081e-7
6.140752362983642e-7
6.025627194173644e-7
5.903846083459633e-7
5.777676776306215e-7
5.649047589576121e-7
5.520485111631654e-7
5.390651870464614e-7
5.259213092727927e-7
5.128907906073465e-7
4.997215104519785e-7
4.866037494127138e-7
4.7319432332915735e-7
4.595623822346236e-7
4.454041123724944e-7
4.304080911275602e-7
4.142034780979211e-7
3.962309980814096e-7
3.7553950428183194e-7
3.5076509787637916e-7
3.195161052871364e-7
2.776796150414585e-7
2.1729634614804844e-7
1.2078444285494767e-7
2.7406051959183156e-9
3.2878413996720473e-7
1.49448743520158e-6
2.9565808576028407e-6
3.5018425903725676e-6
3.074007397943695e-6
2.4587651597615512e-6
1.958974377922461e-6
1.5859463839144125e-6
1.3240200915273268e-6
1.1230443497187152e-6
9.736859816240104e-7
8.572463877225611e-7
7.588016395009911e-7
6.799244964116462e-7
6.158820110797766e-7
5.66124827527806e-7
5.189034180582121e-7
4.832126921992295e-7
4.5025477417989053e-7
4.2992024382379424e-7
3.866638164118307e-7
3.62775222231463e-7
3.370402121443219e-7
3.240964440073346e-7
3.030614565623539e-7
2.8604369904042953e-7
2.7674766075543896e-7
2.6499571621340156e-7
2.500660998468787e-7
2.4264123773788475e-7
2.3110912324737325e-7
2.205432657276114e-7
2.1500529187285468e-7
2.0883114188877368e-7
2.064250833308471e-7
1.9097758334702376e-7
1.8586625741133938e-7
1.7889699502404644e-7
1.7397286801864522e-7
1.7018556982541514e-7
1.6366298096985347e-7
1.5898153376640903e-7
1.5635818574652922e-7
1.5823473594195673e-7
1.487772407606602e-7
1.4455284777375008e-7
1.377280781330885e-7
1.3942039247021412e-7
1.4079619055025136e-7
1.2974324263627768e-7
1.3123653427392106e-7
1.286151569789152e-7
1.2498661214412321e-7
1.207487397173514e-7
1.24554254380176e-7
1.1717672248666422e-7
1.1919666065916955e-7
1.1321093239254479e-7
1.111235064369157e-7
1.1244281125884755e-7
1.0981186883002646e-7
1.0605397488383632e-7
1.058054098126952e-7
1.0228943367375632e-7
1.0146999233755804e-7
9.896163672552381e-8
9.777580627144554e-8
9.641254645596277e-8
9.664363024751022e-8
9.960158114731243e-8
9.332288014685545e-8
9.307661243511533e-8
9.217136201806715e-8
9.032121960596538e-8
9.099044919633781e-8
8.939670938100018e-8
8.721980390602017e-8
8.639805351207118e-8
8.475813962939829e-8
8.497188478663564e-8
8.291336032938237e-8
8.179353871572543e-8
8.169340877610458e-8
7.985086091264661e-8
7.930434513983228e-8
7.868589136857497e-8
7.766675190154195e-8
7.623548517370939e-8
7.543401969571553e-8
7.470379047782601e-8
7.336454432746766e-8
7.23205889001692e-8
7.178269372051738e-8
7.09238447322417e-8
7.01119660413339e-8
6.909417459297515e-8
6.815388482841553e-8
6.736736484646651e-8
6.651448892482667e-8
6.599609727109082e-8
6.497642552960954e-8
6.413006504634381e-8
6.332263817979567e-8
6.2511956424188e-8
6.179561601035558e-8
6.093526869906752e-8
6.02505411147168e-8
5.948791140849124e-8
5.87529929584829e-8
5.802552971135254e-8
5.731740162294141e-8
5.662354174489717e-8
5.5930748579100166e-8
5.524267439852123e-8
5.457266490796883e-8
5.390431307516993e-8
5.325394634286152e-8
5.2616104939310966e-8
5.197864824976112e-8
5.135176154050456e-8
5.073230708535679e-8
5.0134584031837876e-8
4.9529310591701184e-8
4.893950608260509e-8
4.8357894428996355e-8
4.7784043669760674e-8
4.7220464681655016e-8
4.6664110813396556e-8
4.611527511410153e-8
4.557543203859451e-8
4.5043949844084435e-8
4.451561298948211e-8
4.399976286831315e-8
4.34904759767414e-8
4.298854157778304e-8
4.2493924041097594e-8
4.200308448000297e-8
4.152234346452172e-8
4.104907945871186e-8
4.058218867147117e-8
4.012193469489315e-8
3.9666343989194086e-8
3.921917019168181e-8
3.877835704881494e-8
3.834255630182642e-8
3.791413509842818e-8
3.74913250573655e-8
3.7074469878504277e-8
3.666390736454037e-8
3.625795728377376e-8
3.585885152258573e-8
3.5465284353509066e-8
3.507553401540914e-8
3.469282021201705e-8
3.431546889142961e-8
3.394329072132588e-8
3.357635680855818e-8
3.321436363888273e-8
3.285546452477284e-8