2.7732828356552064e-12
3.056587391314149e-11
5.865937114853854e-11
8.73232132955981e-11
1.1683933939737614e-10
1.475068640305732e-10
1.7962883983711085e-10
2.1343454975744566e-10
2.49416683375062e-10
2.877928933234679e-10
3.2899221469050237e-10
3.733856872649203e-10
4.2140870166543655e-10
4.735360803539301e-10
5.303235505938397e-10
5.922937646021326e-10
6.596965947367387e-10
7.336288003530616e-10
8.14643303711132e-10
9.035562371319423e-10
1.0010697427470677e-9
1.1077283682247377e-9
1.2252100457366402e-9
1.3543118522100428e-9
1.4957064587183992e-9
1.6510059595585836e-9
1.8213636150049896e-9
2.008487031379744e-9
2.213270917232426e-9
2.4390426130994393e-9
2.6779989021140107e-9
2.953326168847317e-9
3.247055847298553e-9
3.5649895507328766e-9
3.1577118760443784e-9
3.467038473519949e-9
3.799975490850854e-9
4.164166471257333e-9
5.6487192882530655e-9
6.175698337790982e-9
6.744617402962583e-9
7.356409576571113e-9
8.009511437710329e-9
8.713154669855707e-9
9.467094717726714e-9
1.0250179556002153e-8
1.1115862229020597e-8
1.2020491693671348e-8
1.2985436761794333e-8
1.3967495527870633e-8
1.5019731153704318e-8
1.6132895276736274e-8
1.7281556928673294e-8
1.8471719699056392e-8
1.9708109697888195e-8
2.098411864876356e-8
2.229149994730332e-8
2.36305750989739e-8
2.5014433794011508e-8
2.6394190182325767e-8
2.78077598523444e-8
2.922069383019223e-8
3.068921253067269e-8
3.213163331051737e-8
3.3591133543951124e-8
3.5047484858402186e-8
3.649529156741842e-8
3.793291816596298e-8
3.934239986864095e-8
4.077395079714505e-8
4.2182231187370184e-8
4.354456518021357e-8
4.4435810128374984e-8
4.6225436013325256e-8
4.7527812079115306e-8
4.8807229245682997e-8
5.005909513472116e-8
5.1315485206654254e-8
5.251349828977079e-8
5.366960535044879e-8
5.4834933774045266e-8
5.596234706994424e-8
5.7072763417556635e-8
5.803086156456447e-8
5.9209276144198544e-8
6.025612089991718e-8
5.0267815349408364e-8
6.228901683193292e-8
6.329122401798121e-8
6.429091335578317e-8
6.52609984336777e-8
6.624487224440191e-8
6.724111008327721e-8
6.82248773074375e-8
6.921962541953286e-8
7.024170269475606e-8
7.127264614883652e-8
7.233641729401146e-8
7.341987869213536e-8
7.454818626036154e-8
7.57260426455885e-8
7.693068006046929e-8
7.82517241456421e-8
7.962102764772918e-8
8.108493554930616e-8
8.263495195214717e-8
8.428710723471763e-8
8.602828909527531e-8
8.786032123420214e-8
8.971112738555461e-8
9.144911587592582e-8
9.26850576665795e-8
9.24297558570495e-8
8.75986037470828e-8
6.563128771599058e-8
8.707767372973251e-9
4.768857429353641e-6
2.241420016253071e-6
1.172673044917535e-6
8.010902333338601e-7
6.056502467807315e-7
5.04790582930353e-7
4.1222451256740474e-7
3.27766498668765e-7
3.27269157442109e-7
2.9114763763504936e-7
2.3111244661932806e-7
2.3155470313008744e-7
2.5084100377523883e-7
2.1846227506364966e-7
1.8823057551229197e-7
1.7890524517076233e-7
1.85766148148455e-7
1.6218425963720314e-7
1.4551486519988517e-7
1.2978589860206906e-7
1.235401663320335e-7
1.277592185449134e-7
1.2861185229544827e-7
1.2414135785814956e-7
1.0379891808656834e-7
1.1352630910989168e-7
1.3811139831479027e-7
1.0322991843537073e-7
1.0804607571669197e-7
9.342851128969559e-8
9.227562798444593e-8
9.466201977487185e-8
9.272217317452436e-8
9.016937982155941e-8
9.025313446288362e-8
8.087677326358359e-8
8.733529897719269e-8
7.621269673841182e-8
7.974250221674663e-8
7.861644851341616e-8
7.347018353698538e-8
7.93202974579943e-8
7.546305134337766e-8
7.257844880473784e-8
7.072634234203434e-8
6.929011783339866e-8
7.241165793242332e-8
6.647226044265216e-8
6.55573455363216e-8
6.575293147321594e-8
6.294821098142257e-8
6.356117431637156e-8
6.267908251642676e-8
6.168854661266584e-8
6.038326982759639e-8
5.690996386856285e-8
5.7682640718811845e-8
5.726583175582934e-8
5.589226851646031e-8
5.581663853025725e-8
5.5295277839565285e-8
5.463832402677816e-8
5.2653125111331183e-8
5.321899081949751e-8
5.227039981636417e-8
5.1887258690221926e-8
5.107861115894284e-8
5.000109488240463e-8
5.023826285616177e-8
4.840858695156018e-8
4.7880630461632736e-8
4.767958283254682e-8
4.6976095545151805e-8
4.684936709130868e-8
4.619257774797314e-8
4.563715338521512e-8
4.5142632394510755e-8
4.4527253867550584e-8
4.421068937731663e-8
4.365995217838609e-8
4.319645411698947e-8
4.25773698084259e-8
4.231004251920894e-8
4.154366571949564e-8
4.126931204246469e-8