5.090335555949726e-11
5.608207625708996e-10
1.0757069043980565e-9
1.6004820079499217e-9
2.1381102936461224e-9
2.6932512805143052e-9
3.2737876599026996e-9
3.8825221309344404e-9
4.524150654251086e-9
5.195014386940963e-9
5.918402389300467e-9
6.6871990910274515e-9
7.508997375718618e-9
8.383710292902227e-9
9.3120276569586e-9
1.0316773455389517e-8
1.1404762521679615e-8
1.2549196334260048e-8
1.3799863525603653e-8
1.5112468154418133e-8
1.6514948094037713e-8
1.8012312927322747e-8
1.958747226810953e-8
2.124537376437729e-8
2.3087386761133332e-8
2.4869431375822494e-8
2.690058257106681e-8
2.8956155059065554e-8
3.113598321005557e-8
3.331501045184209e-8
3.5681183554033116e-8
3.8008350035514276e-8
4.046566402036665e-8
4.295249228492491e-8
4.549200937934239e-8
4.807677611052093e-8
5.070234917920788e-8
5.330693937198995e-8
5.5934656592699725e-8
5.857118053735802e-8
6.13092918984678e-8
6.379628572993874e-8
6.632678695253359e-8
6.88553775109143e-8
7.1164645495571e-8
7.376321501669134e-8
7.610663023645493e-8
7.843367091527872e-8
8.128647315063627e-8
8.28216536329636e-8
8.486426593206621e-8
8.688771683469858e-8
8.88298705284398e-8
9.065101046481667e-8
9.247223228423455e-8
9.411557097973074e-8
9.571592305630268e-8
9.723330555351056e-8
9.873177124249953e-8
1.0016344185193407e-7
1.014874256371114e-7
1.0276828657803949e-7
1.0398761431589423e-7
1.0387386592077726e-7
1.0628305552440969e-7
1.0736580569217693e-7
1.08418311766062e-7
1.0944973791964175e-7
1.1041383874327399e-7
1.1138363810378226e-7
1.1231689841122258e-7
1.1326039623857346e-7
1.142013285685649e-7
1.151400718024565e-7
1.1609144949771482e-7
1.1704660833059525e-7
1.1801867075781347e-7
1.1905938761033583e-7
1.201034815102296e-7
1.2118851128536105e-7
1.2237003657430983e-7
1.23499026743581e-7
1.2473519519629796e-7
1.2591325708857757e-7
1.271320430363534e-7
1.28219834059192e-7
1.29045280012504e-7
1.2926722227033088e-7
1.281873688808866e-7
1.2414426187730982e-7
1.1264885921237651e-7
7.819356574356811e-8
6.668770446685184e-9
3.162249555175521e-6
3.447996421009144e-6
1.83182313882348e-6
1.1852456464236095e-6
8.171704517277528e-7
7.16443210977216e-7
5.551257650265436e-7
5.014833734654381e-7
5.252560836018839e-7
3.601344260833201e-7
3.415328952442558e-7
2.9612113267575744e-7
2.9839349420498037e-7
2.5611926609854723e-7
2.545028754501869e-7
2.423423166163183e-7
2.2035193477958915e-7
2.0157080998438558e-7
1.9687336137112754e-7
1.8789652141102307e-7
2.0005013184061635e-7
1.6468688862516134e-7
1.8179498191064253e-7
1.6162434198855628e-7
1.527046861203955e-7
1.1433187113775512e-7
1.4260845357196371e-7
1.391178182421094e-7
1.286900701069689e-7
1.26754962985019e-7
1.2644090911631565e-7
1.3962471031005764e-7
1.1370820496970281e-7
1.0415580797761357e-7
9.934650892677105e-8
9.821677383471298e-8
9.437044390418698e-8
9.740957779621773e-8
9.909617889238248e-8
9.952182516282057e-8
8.910145643288658e-8
8.643732054794594e-8
1.1631418817195712e-7
9.107546782409281e-8
8.211246502662654e-8
8.526278687360866e-8
8.586560559551614e-8
7.921206362334174e-8
8.181099607382548e-8
7.758154968329772e-8
7.44274322897619e-8
7.07810177445309e-8
6.961809820394274e-8
7.364978652933578e-8
7.266961771741351e-8
7.064712071494326e-8
7.113034212461038e-8
7.041728073058452e-8
6.62044311584164e-8
6.618971947758743e-8
6.586114351469737e-8
6.549226355209914e-8
6.479162805901369e-8
6.422192698168261e-8
6.325699836432023e-8
6.145861954180985e-8
6.18842409089813e-8
5.956902254841975e-8
5.9563225828808555e-8
5.881459385154734e-8
5.765224285529332e-8
5.6728341480836414e-8
5.691007906388649e-8
5.616188755966145e-8
5.5428879171322774e-8
5.423287292321773e-8
5.388315939126208e-8
5.341146901942692e-8
5.28474708336679e-8
5.212664393510433e-8
5.167682195249671e-8
5.111837903182173e-8
5.0267127276679746e-8
4.976100678834121e-8
4.923023791449567e-8
4.866339719542041e-8
4.7795566551427475e-8
4.750669599374602e-8
4.6870096093980343e-8
4.631308990479878e-8
4.585563159122328e-8
4.532351103054016e-8
4.4860743734485246e-8
4.4416109768665847e-8
4.392251619475883e-8
4.337318654284138e-8
4.294591722604075e-8
4.24814717832228e-8
4.202231866766806e-8
4.1554263323333894e-8
4.1105186109471534e-8
4.065107625687877e-8
4.0203022486882916e-8
3.9775723560166935e-8
3.935835130838354e-8
3.893488813411816e-8
3.84884749637459e-8
3.811459640129648e-8