1.8672314895297166e-10
2.0563387261527154e-9
3.9383709976994794e-9
5.847848192395987e-9
7.790161736850168e-9
9.772411016459336e-9
1.1819675599994843e-8
1.3940180617882438e-8
1.612010905019375e-8
1.8406720740026326e-8
2.0759805433854464e-8
2.3216789637523667e-8
2.5819598303948482e-8
2.838187647858737e-8
3.1234065127307455e-8
3.413920919201291e-8
3.712594255298442e-8
4.016368978735084e-8
4.342672199509182e-8
4.667936121719253e-8
5.011226772268106e-8
5.3637414104855326e-8
5.713164553416955e-8
6.068065474723355e-8
6.455475776064609e-8
6.804015523089767e-8
7.162911809484652e-8
7.526458589563495e-8
7.887635037258838e-8
8.248302389581416e-8
8.634937275489032e-8
8.952336941276093e-8
9.295217191606647e-8
9.629389828690559e-8
1.0008235037359086e-7
1.0268885748601751e-7
1.0570612092945048e-7
1.0860992808657019e-7
1.1135774201024592e-7
1.1396152097764523e-7
1.1642013076791467e-7
1.188098456931515e-7
1.2111277152782074e-7
1.2321907039952236e-7
1.251884833472523e-7
1.2705593772967582e-7
1.2885519844457652e-7
1.3046086090460502e-7
1.3202143024516383e-7
1.3339661240448908e-7
1.3475011042524528e-7
1.359664371886823e-7
1.37101229335326e-7
1.3819100990574774e-7
1.3915191888460671e-7
1.4010080120206247e-7
1.40990770545929e-7
1.4177943262448914e-7
1.425447675205287e-7
1.4331377473298053e-7
1.440144882779246e-7
1.4468867081170987e-7
1.4538274991367426e-7
1.4604652559108104e-7
1.4670292183088224e-7
1.4736869289077698e-7
1.4804373325839315e-7
1.4873404422189186e-7
1.4943661481988675e-7
1.5016998118474602e-7
1.5091241154681914e-7
1.516593483861288e-7
1.5237895977035336e-7
1.530466045723504e-7
1.536020914997439e-7
1.5388899782768677e-7
1.5369621487845155e-7
1.5255298069134753e-7
1.4954148323650614e-7
1.4263931950238708e-7
1.266002627545648e-7
8.467997500789447e-8
5.839692736811794e-9
2.34368669369546e-6
4.00990690670474e-6
2.2449382150270302e-6
1.432303878320707e-6
1.0340991430142237e-6
7.980751240332621e-7
6.824258911078148e-7
5.741590575836669e-7
4.911165130176128e-7
4.336345083533973e-7
3.9790403302696874e-7
4.159971634947724e-7
3.1848357291955487e-7
2.8230492216055133e-7
2.981492438444396e-7
2.7465277194280255e-7
2.4676206642920896e-7
2.3739113692179766e-7
2.1625623428195398e-7
2.144241746458288e-7
1.962540944055667e-7
2.0619338560799132e-7
1.5483931245120105e-7
1.6753688660191856e-7
1.598540770260109e-7
1.7906111348047942e-7
1.60373568143067e-7
1.4106246915419576e-7
1.4081683208618953e-7
1.4634877601689983e-7
1.325983608351384e-7
1.35177633172966e-7
1.3034208658078043e-7
1.3044094316226515e-7
1.3657418201458306e-7
1.181163404075003e-7
1.1746014699293067e-7
1.1506487601072617e-7
1.0585624915720633e-7
1.0870574882210419e-7
1.0332977278014262e-7
1.0017170904193605e-7
1.05943939194945e-7
9.021840431383331e-8
9.433819638297311e-8
9.57092220251991e-8
8.939740586900234e-8
8.872493047642449e-8
8.619269953192441e-8
8.520691094915089e-8
8.597744260381546e-8
8.284230144442108e-8
7.574677203803393e-8
7.702861421566353e-8
7.882542099621855e-8
7.570455485448963e-8
7.19801743381265e-8
7.909854650857558e-8
7.364588548909202e-8
7.581307355948196e-8
7.224585355441309e-8
7.191511711673766e-8
7.020503436900868e-8
6.931522433447403e-8
6.644537715310617e-8
6.640396317033577e-8
6.590337651129215e-8
6.547083937754772e-8
6.519498201847962e-8
6.433218474270256e-8
6.347098022720728e-8
6.157147181353584e-8
6.13257761201796e-8
6.172366161094793e-8
6.006541944462176e-8
5.965992436996681e-8
5.897091870478469e-8
5.7194305269559286e-8
5.682508652895625e-8
5.6246307389025545e-8
5.5942816754933765e-8
5.529729358163174e-8
5.48001944402938e-8
5.406362789686636e-8
5.3324793360224365e-8
5.281794606540678e-8
5.208576353430188e-8
5.15068256271694e-8
5.087109425684549e-8
5.035010591884664e-8
4.9777171406579786e-8
4.930373414868615e-8
4.8684742292550555e-8
4.818380709216732e-8
4.7570266245639396e-8
4.7023150174142276e-8
4.64837308309722e-8
4.597467982447368e-8
4.543173659241044e-8
4.4958611427585485e-8
4.446422365994394e-8
4.396647475900672e-8
4.349646876916664e-8
4.298331051388852e-8
4.251707842262677e-8
4.203869645757521e-8
4.15867828158348e-8
4.1144377167854116e-8
4.0691019263016005e-8
4.024669254119021e-8
3.980823707081445e-8
3.9387262032146606e-8
3.895990625302414e-8
3.854147388847329e-8
3.812835633246285e-8
3.772255641137077e-8
3.7321035377048076e-8
3.692855311549938e-8