8.30670537298585e-9
9.067248893648028e-8
1.6961299224964234e-7
2.4236880104416436e-7
3.067555787564358e-7
3.61310942326096e-7
4.052642580476726e-7
4.3844369928232145e-7
4.6112888011137436e-7
4.739600109955556e-7
4.77587743930926e-7
4.7269113454639916e-7
4.598313175448141e-7
4.3938166155372767e-7
4.1132567787971053e-7
3.7523764335593536e-7
3.301011878539484e-7
2.7390857691712515e-7
2.029742655265411e-7
1.0979765688444013e-7
1.303670559470051e-9
1.6250996264863451e-9
2.422139380698692e-7
6.028537741953643e-7
1.0180505642157485e-6
1.4707931167726888e-6
1.9086994871577798e-6
2.257828741047143e-6
2.463780081846132e-6
2.5150955736293914e-6
2.443120469437073e-6
2.292936154693913e-6
2.1046049820089673e-6
1.908677805758223e-6
1.7204318172917757e-6
1.548350667405823e-6
1.3934382905120135e-6
1.2553155214107103e-6
1.1365871389501495e-6
1.0303607923602217e-6
9.366700232625604e-7
8.56624195299323e-7
7.843384021997492e-7
7.192170398963168e-7
6.646571591387351e-7
6.145405026979877e-7
5.695349050296612e-7
5.296185241139377e-7
4.924371018436816e-7
4.607933583323636e-7
4.3189240661999797e-7
4.0550405184430423e-7
3.8146602768193365e-7
3.594690047172106e-7
3.3945910310262585e-7
3.212489775125261e-7
3.049621664873992e-7
2.8987316655106554e-7
2.7597507641794707e-7
2.633359884745447e-7
2.515062296499842e-7
2.4075362541174457e-7
2.307579375620139e-7
2.2154247912874808e-7
2.1320825712086167e-7
2.0547564089539715e-7
1.983128391889411e-7
1.916559564796218e-7
1.8547324224262e-7
1.7974853084185913e-7
1.743990548606957e-7
1.694765358240207e-7
1.6494213217323348e-7
1.607247936801118e-7
1.5679213417561428e-7
1.5310225069426846e-7
1.4969426059413173e-7
1.4651712896472722e-7
1.4354016158034386e-7
1.4080876204418448e-7
1.3822523230650237e-7
1.3579665464409383e-7
1.33523005198502e-7
1.3138159401570186e-7
1.292791698678798e-7
1.2743075743127425e-7
1.2567907929553704e-7
1.239059598931802e-7
1.223291338889633e-7
1.2083634360997281e-7
1.1924248328537263e-7
1.1776761417551558e-7
1.1573955103583717e-7
1.1522558770906072e-7
1.132441425338114e-7
1.147643257519903e-7
1.1142844644023984e-7
1.0937868422348282e-7
1.0828937244054338e-7
1.0625024293815538e-7
1.0610224389916157e-7
1.0488150599644046e-7
1.0349117489101482e-7
1.0243848048499143e-7
1.0073350146525982e-7
9.996196799476876e-8
9.912665788578216e-8
9.785994246282979e-8
9.737414269071467e-8
9.579294476091763e-8
9.449923284588183e-8
9.273640394091797e-8
9.195483093707889e-8
9.096136227314739e-8
8.971120039206852e-8
8.881497270931233e-8
8.781291520410989e-8
8.651375189693301e-8
8.538563833934738e-8
8.470208619738398e-8
8.316495222422907e-8
8.223524060716589e-8
8.117176093130032e-8
8.011319433095573e-8
7.91272237587675e-8
7.814590884022055e-8
7.710535668670055e-8
7.61559874430554e-8
7.514537768533622e-8
7.418925081191905e-8
7.323964368022236e-8
7.228213286145113e-8
7.136172177847579e-8
7.041960133693995e-8
6.952983579276472e-8
6.861812190361982e-8
6.773762294427527e-8
6.687466286416079e-8
6.601486888535904e-8
6.520934945912354e-8
6.438517837506135e-8
6.352590331095537e-8
6.271494173024183e-8
6.192138006667023e-8
6.111847108726438e-8
6.034752468145435e-8
5.9590772827399757e-8
5.8837757757424894e-8
5.809614595947721e-8
5.737052761211625e-8
5.664728058318113e-8
5.594203893104847e-8
5.5242295572995466e-8
5.454918373327689e-8
5.387234624649042e-8
5.3204491091247344e-8
5.254764500227888e-8
5.1900176833790326e-8
5.1256060155427024e-8
5.0627587850087427e-8
5.000749756925877e-8
4.9397586200848814e-8
4.8795819219414754e-8
4.8199114545810684e-8
4.761534114116604e-8
4.704039059009672e-8
4.647365462209871e-8
4.5915503832583514e-8
4.5365529982162915e-8
4.4819986329314474e-8
4.428617142300349e-8
4.3760088755727346e-8
4.324178558921394e-8
4.273109432419711e-8
4.2225181413997144e-8
4.172936529831009e-8
4.12407813060902e-8
4.075930011092146e-8
4.028485503354599e-8
3.9815168790851743e-8
3.935439995151686e-8
3.890032540135635e-8
3.8452820818986484e-8
3.80105021130453e-8
3.757577716850951e-8
3.714649507669526e-8
3.672417939883605e-8
3.6306817574831736e-8
3.5896476411662094e-8
3.5492009050131e-8
3.509331145814709e-8
3.469862089785873e-8
3.431117185348943e-8
3.3929185827805036e-8
3.355255334785223e-8
3.318126969561458e-8
3.281518730923702e-8
3.2452370935591695e-8
3.209651630358257e-8
3.174560077846492e-8
3.139958588231346e-8