1.4403409945345122e-10
1.5864472411833296e-9
3.0401007144041097e-9
4.5140220819603435e-9
6.01949449407061e-9
7.564280652917043e-9
9.160360699139497e-9
1.0808092978101232e-8
1.253335364536601e-8
1.3785602299104472e-8
1.622595906523556e-8
1.8194237738538833e-8
2.0260075303386375e-8
2.2401864674302158e-8
2.4708482776269552e-8
2.704637808192192e-8
2.9580951279831396e-8
3.212960683269957e-8
3.490153970931278e-8
3.7744789778028264e-8
4.063691830822722e-8
4.364223232566732e-8
4.672525877495335e-8
4.562020241554239e-8
5.3174322143999446e-8
5.644662830957121e-8
5.983110151920762e-8
6.264214651879917e-8
6.65829959223015e-8
7.000889678626365e-8
7.34061264429523e-8
7.666502369898491e-8
8.011731651574671e-8
8.336417195877017e-8
8.6583190253952e-8
8.97319136018361e-8
9.282984087617658e-8
9.597468249779001e-8
9.880199064859864e-8
1.0157803229979484e-7
1.0403417006822773e-7
1.0655399542944901e-7
1.0914029585117313e-7
1.1127904634154182e-7
1.1345374478757766e-7
1.155251393495948e-7
1.1747593672119966e-7
1.1929993362358768e-7
1.2107226530542065e-7
1.2266609420809235e-7
1.2415284379432688e-7
1.2562864796547334e-7
1.2697587088780442e-7
1.2822901294470116e-7
1.2945200768586662e-7
1.3052795714334086e-7
1.3155163484567895e-7
1.3253576559253828e-7
1.3346955294102362e-7
1.343419274732867e-7
1.351590764460252e-7
1.35983972393328e-7
1.3677206799854655e-7
1.375151432412302e-7
1.382669329712664e-7
1.389847562533888e-7
1.3976641803098035e-7
1.4052440371971251e-7
1.4125369305334637e-7
1.4203104532596148e-7
1.4284333525525068e-7
1.4367027106244998e-7
1.4450750720125286e-7
1.453669139880807e-7
1.4619251713043398e-7
1.4702908767697357e-7
1.4773819640391255e-7
1.4821685125561035e-7
1.4826513629271934e-7
1.4745721012168993e-7
1.4489895386603308e-7
1.3865052667143247e-7
1.2363175838425946e-7
8.332527051472706e-8
6.0029344783386435e-9
2.4997412426611307e-6
3.910874888071819e-6
2.1778106282328372e-6
1.3630222124347998e-6
9.836687391188093e-7
7.59217123424626e-7
6.333815558699481e-7
5.68827373604457e-7
4.973734320627516e-7
4.217879302097879e-7
3.9318857858185575e-7
3.435849799624794e-7
3.3261585856232096e-7
3.2740308504370515e-7
3.2591460599758216e-7
3.0397974612990243e-7
2.445930436539537e-7
2.1678468513016261e-7
2.221394499266894e-7
2.01069913421172e-7
1.9114905345657733e-7
1.466957990601953e-7
1.6662831961812867e-7
1.6950861190971972e-7
1.624946764520347e-7
1.611601644807657e-7
1.513045712455551e-7
1.5420302811813464e-7
1.4438784372371792e-7
1.3828244017948353e-7
1.3392666549385156e-7
1.2892095291745313e-7
1.3667125612005082e-7
1.2136662542775333e-7
1.2031944634691236e-7
1.1302346008863666e-7
1.1661280873607042e-7
1.1764032613529843e-7
1.0757541947275129e-7
9.950632497726502e-8
1.0803672188885468e-7
1.0754699991721166e-7
9.752970119142275e-8
9.836490990855173e-8
9.836149502720933e-8
9.252383585435912e-8
8.642073921847727e-8
8.709785970175127e-8
8.68065857578825e-8
8.730527889839574e-8
8.119352076557463e-8
7.770291826825738e-8
7.310668070921918e-8
7.668137700061149e-8
7.65712234258166e-8
7.920117345136099e-8
7.286530749729192e-8
7.234738500105518e-8
7.166878508121665e-8
7.05918979273297e-8
7.012746607515886e-8
6.821888587248922e-8
6.706934288487522e-8
6.812645130297505e-8
6.74962883436643e-8
6.6343232857136e-8
6.563247396115486e-8
6.495648296107849e-8
6.216598671008538e-8
6.275316565137007e-8
6.227148507384494e-8
6.16274708431638e-8
6.063729719381502e-8
6.0158493725564e-8
5.8379238394295325e-8
5.826864902509558e-8
5.7432084724237987e-8
5.719460479440433e-8
5.6416717245113866e-8
5.5585832608544056e-8
5.4624128944654574e-8
5.443919808984279e-8
5.375353973547797e-8
5.3135229270507287e-8
5.2591720057364614e-8
5.187150428863064e-8
5.111974079512311e-8
5.047125814193733e-8
5.0056083521081347e-8
4.9518257366631435e-8
4.9038310859461374e-8
4.843140904494412e-8
4.7932705853518465e-8
4.7325114154468355e-8
4.674840730199105e-8
4.625843500439685e-8
4.575373850135888e-8
4.525095668941433e-8
4.47416167623032e-8
4.422065564597229e-8
4.3757173848547725e-8
4.323658098797914e-8
4.276366260504007e-8
4.2322194662835676e-8
4.185197452956701e-8
4.138698622702122e-8
4.094568300729405e-8
4.049823097449148e-8
4.0059718453803684e-8
3.9623757372187227e-8
3.9203722587085447e-8
3.8778233163254645e-8
3.836566582279245e-8
3.795509139416008e-8
3.755331618512056e-8
3.715380123375484e-8