6.342252296732198e-12
6.993053876265533e-11
1.343539221296237e-10
2.0040057983586126e-10
2.689151251991558e-10
3.408307416968755e-10
4.172085492514806e-10
4.992902427411333e-10
5.885980178404362e-10
1.667926022580665e-7
2.897011479069606e-7
4.197451244547273e-7
5.642580134599108e-7
7.249291712768152e-7
9.02005960792391e-7
1.09083804434479e-6
1.2886307071997737e-6
1.484120665958742e-6
1.6671656331379061e-6
1.827049330008047e-6
1.9525940369445863e-6
2.0365648999054083e-6
2.072587256738241e-6
2.069104450343918e-6
2.0294567298044986e-6
1.9614483466732826e-6
1.8728861645717882e-6
1.7700138804191536e-6
1.6624657372631863e-6
1.5532956789658012e-6
1.4460346293255363e-6
1.3431011037514669e-6
1.2463356688103137e-6
1.155785500192635e-6
1.0703776731262322e-6
9.93723712872722e-7
9.226983194260406e-7
8.566647253903606e-7
7.951699851017033e-7
7.413515032511938e-7
6.909047904342511e-7
6.445726376825136e-7
6.015931646751992e-7
5.621824580923001e-7
5.258873715852217e-7
4.931321889385242e-7
4.627014147889736e-7
4.346662400266721e-7
4.0866068115422886e-7
3.845251767249716e-7
3.6217313749089976e-7
3.4151894872709853e-7
3.2312589136784257e-7
3.058239269747587e-7
2.897756843267169e-7
2.7504573443062504e-7
2.6135655839456914e-7
2.48688332555965e-7
2.3707156969352315e-7
2.263002998530581e-7
2.1653520526004693e-7
2.0760979322424714e-7
1.994387879932914e-7
1.9192772335931084e-7
1.850393702624424e-7
1.7872280802051852e-7
1.7297176750067778e-7
1.6769651145369644e-7
1.629114453597788e-7
1.5860852544352287e-7
1.546972344744352e-7
1.5112212287043865e-7
1.4785231430294077e-7
1.4486388632590342e-7
1.4219288804412507e-7
1.3969218525783885e-7
1.374902582450985e-7
1.3543292241606198e-7
1.335227553924384e-7
1.3174762706947533e-7
1.301092112146822e-7
1.2849760232435954e-7
1.2705088290956408e-7
1.2570003885030895e-7
1.2439029100535358e-7
1.2311789216847208e-7
1.218791573404374e-7
1.2067285498850567e-7
1.1947708327075547e-7
1.1829330145436257e-7
1.1712485774932392e-7
1.1597900197027076e-7
1.1482449186607464e-7
1.1364798018549452e-7
1.1250015490566065e-7
1.113368816158225e-7
1.101744788877345e-7
1.0899103966262098e-7
1.077970806651358e-7
1.0666515164032795e-7
1.0550393539579907e-7
1.043299531139449e-7
1.0315802535414178e-7
1.0197273889767018e-7
1.0079409588803626e-7
9.960048893744407e-8
9.844768223185501e-8
9.724924222318704e-8
9.608588071169244e-8
9.49231433827527e-8
9.375363696291535e-8
9.260064289302102e-8
9.145293184848158e-8
9.030277454106728e-8
8.916914723347838e-8
8.803832938815962e-8
8.692038133731486e-8
8.580922536975015e-8
8.4711725311881e-8
8.36196312692228e-8
8.253760771996847e-8
8.147377975451312e-8
8.041928762315965e-8
7.93787012647167e-8
7.834092884370285e-8
7.732582814445967e-8
7.631681319425555e-8
7.532656601986708e-8
7.43465375784993e-8
7.338006638905892e-8
7.241742885172005e-8
7.147555432736084e-8
7.054613957468936e-8
6.962640805327026e-8
6.871402811823009e-8
6.782179457948641e-8
6.695059289798945e-8
6.608224394137716e-8
6.522978480168159e-8
6.439016891104434e-8
6.356076832581988e-8
6.274084121376683e-8
6.193121742748138e-8
6.113802040779093e-8
6.035248890468368e-8
5.958183687824722e-8
5.882282778552525e-8
5.807824456923454e-8
5.733850501484604e-8
5.6612987648262344e-8
5.5898275592703947e-8
5.51941885304921e-8
5.4496070286511716e-8
5.381271647860977e-8
5.313964211581821e-8
5.2476626709073337e-8
5.182248700376525e-8
5.117540585097844e-8
5.054167048736459e-8
4.991742948773236e-8
4.930249825413408e-8
4.869673158219605e-8
4.809572076934123e-8
4.750796589124049e-8
4.692898026335361e-8
4.635861598523399e-8
4.579676489935795e-8
4.5243050333034084e-8
4.4694360889789515e-8
4.4157287164198473e-8
4.362774734564889e-8
4.310632014759942e-8
4.2592620886058694e-8
4.208419668593612e-8
4.158552138331481e-8
4.1094227909324935e-8
4.06101436485395e-8
4.0133153588020706e-8
3.9661093045388916e-8
3.919799778154997e-8
3.874167759381334e-8
3.8291986166871134e-8
3.784767779278641e-8
3.741054338206804e-8
3.6979733334658206e-8
3.6555593962008325e-8
3.6136493035658454e-8
3.57245039760245e-8
3.531842152806479e-8
3.4918168866885007e-8
3.45220216634095e-8
3.413314089650201e-8
3.37498220516574e-8
3.337194158873588e-8
3.299942343224374e-8
3.263217604471503e-8
3.2268272888314874e-8
3.191134940086661e-8
3.1559451745770635e-8
3.12125068904207e-8
3.087042113877047e-8