4.1451678653940647e-13
4.5681676885184736e-12
8.763706182273246e-12
1.3040183055975108e-11
1.7438591709204266e-11
2.199790146478203e-11
2.6762435749424216e-11
3.1770102657642176e-11
3.707946375199023e-11
4.2723751332097e-11
4.8785657186521584e-11
5.530787909165917e-11
6.232407695842292e-11
6.993687509715946e-11
7.820076289458898e-11
8.71856475881788e-11
9.70278349939194e-11
1.0778415610568359e-10
1.1952228553432374e-10
1.3243855034828524e-10
1.4658080174175378e-10
1.6215868472751902e-10
1.792518207310453e-10
1.9800121780820748e-10
2.1873148068274814e-10
2.415163158772994e-10
2.6657661687822054e-10
2.942337373839441e-10
3.246418147402623e-10
3.5828005499043574e-10
3.951427181825578e-10
4.359891871295854e-10
4.806796636703077e-10
5.300531550479996e-10
5.846349800340469e-10
6.445993338724433e-10
7.107483659670529e-10
7.834725027739661e-10
8.636621582898794e-10
9.51307724482092e-10
1.0481866913263682e-9
1.1541806026813465e-9
1.2707835848844964e-9
1.3991929032730547e-9
1.5397123903535628e-9
1.6936575614194492e-9
1.8614713644282837e-9
2.0457891009428705e-9
2.246000992104681e-9
2.4672441496029404e-9
2.7063404311189777e-9
2.9668398475350874e-9
3.250442513038077e-9
3.5562482153006533e-9
3.8890822347289454e-9
4.247269783297311e-9
4.636230563813389e-9
5.05443109124596e-9
5.500351657609149e-9
5.980604410291694e-9
6.492418182881424e-9
7.0397849511902415e-9
7.624138634485602e-9
8.233023981337875e-9
8.888575851605646e-9
9.570751925076967e-9
1.029608793758885e-8
1.1040327746659561e-8
1.1833206127139687e-8
1.2625082169743098e-8
1.3488651472673396e-8
1.4353770972114642e-8
1.524254517893828e-8
1.6177336390037236e-8
1.712269376040905e-8
1.8084777959711475e-8
1.907907542485058e-8
2.0070100270236408e-8
2.110618926787804e-8
2.21247796009916e-8
2.3156428384646783e-8
2.4195977486632693e-8
2.5216830204740938e-8
2.625528101381406e-8
2.7290501452311907e-8
2.8317561249258938e-8
2.934468489061376e-8
3.035591254923838e-8
3.141038160162456e-8
3.236908970408204e-8
3.3362448208135465e-8
3.432948026594167e-8
3.529658911115019e-8
3.625278703067134e-8
3.7194069783342403e-8
3.775583994851398e-8
3.903690414901014e-8
3.9948361978698754e-8
4.078438301609058e-8
4.173316495098573e-8
4.2619211513539285e-8
4.349115301560152e-8
4.4355229090679303e-8
4.5223412245206204e-8
4.6082379566797166e-8
4.693342362533068e-8
4.7811516508854966e-8
4.8678724045386024e-8
4.955998498624423e-8
5.0453549682854796e-8
5.135806129644057e-8
5.228436027570489e-8
5.3267360109808615e-8
5.4240461614518816e-8
5.524949274476466e-8
5.63198737685184e-8
5.74313927434801e-8
5.857907010428605e-8
5.983682582229388e-8
6.115878594360709e-8
6.257092661998409e-8
6.409129551082904e-8
6.574447092867385e-8
6.752751341049837e-8
6.943872714388719e-8
7.148546137789098e-8
7.358048520285019e-8
7.551214436417865e-8
7.657312040903926e-8
7.444917806749352e-8
5.8457181613848225e-8
1.0248522972840527e-8
4.875311224603722e-6
1.6911164139163805e-6
9.271980030897825e-7
6.284544431186834e-7
4.892591217627309e-7
4.012773438126552e-7
3.5112985303255353e-7
2.9535749065998866e-7
2.818593174720233e-7
2.3847722702128684e-7
2.2650986051534814e-7
2.0099154589016982e-7
1.9820691591077896e-7
1.879578822054221e-7
1.6181311379307516e-7
1.6743457216743888e-7
1.4243839394664208e-7
1.3425343795728085e-7
1.2385530026999596e-7
1.2785172049794197e-7
1.198988276853148e-7
1.165767460946368e-7
1.178796888787392e-7
1.0910727036446854e-7
1.1262899801465179e-7
1.0548675088273789e-7
1.0019250424665637e-7
9.818391216642097e-8
9.361512300202803e-8
9.067618874762245e-8
8.735443525079409e-8
8.249187894088538e-8
7.295255775257009e-8
7.797051508512033e-8
8.14598947815191e-8
6.612113947366232e-8
7.42078036923868e-8
7.315887215454251e-8
7.762925935213253e-8
6.869744277862473e-8
7.084276431659016e-8
6.738925999732275e-8
6.380233938812759e-8
6.455547301433985e-8
6.543797029701511e-8
6.565857088856514e-8
6.054470890607841e-8
5.753146335278806e-8
6.003324239532233e-8
5.7836502584029486e-8
5.7820221628751755e-8
6.142281535023019e-8
5.6255675047435814e-8
5.4031480973648494e-8
5.3066861624751894e-8
5.292866786529311e-8
5.283536240255149e-8
4.9551045477122e-8
5.016442306078463e-8
4.9095843369502266e-8
4.7662142564535964e-8
4.7605550140517034e-8
4.7563682525861664e-8
4.794659553549475e-8
4.6433067822608733e-8
4.58483947405689e-8
4.619728559470249e-8
4.483183330510519e-8
4.415272180408224e-8