1.115340171053095e-8
1.2177215210201827e-7
2.2786726414801714e-7
3.2590544261337443e-7
4.1319624679551366e-7
4.880656176418686e-7
5.497842673424962e-7
5.988101356424946e-7
6.355281845447274e-7
6.617380154182928e-7
6.783478656284408e-7
6.868899433826368e-7
6.886287216691313e-7
6.848726103390068e-7
6.764706281960589e-7
6.64223294486935e-7
6.488290174295008e-7
6.306097107495217e-7
6.098358744243336e-7
5.868775043277603e-7
5.613947513749557e-7
5.331983903629692e-7
5.01723834149916e-7
4.661249661118066e-7
4.249830775209116e-7
3.760848672041823e-7
3.157943575101994e-7
2.3751033320115283e-7
1.2766808145570966e-7
1.9091451255933407e-9
2.6502869479926694e-9
6.185304373592894e-7
1.3323050721005666e-6
2.1271550784636794e-6
2.7342141884907593e-6
2.943750687402123e-6
2.8091497959700016e-6
2.510619413977115e-6
2.18121159976524e-6
1.8812929881206898e-6
1.6252471926091135e-6
1.4131253979072493e-6
1.2295965142221781e-6
1.0964957988065668e-6
9.748690344309408e-7
8.769775957080053e-7
7.910937811696174e-7
7.1903995676346e-7
6.547054851472322e-7
6.040428143758714e-7
5.574869511305719e-7
5.159422088553231e-7
4.795771108726579e-7
4.4743050735843974e-7
4.18716745550701e-7
3.9363443897900684e-7
3.7059154376799405e-7
3.4967363879283644e-7
3.306800767189338e-7
3.133207726305186e-7
2.981208380824916e-7
2.8400615334034465e-7
2.710261907576561e-7
2.585535716091926e-7
2.479568430870424e-7
2.3754007230038921e-7
2.2805153171533108e-7
2.195545943874139e-7
2.1175383519184917e-7
2.042883816205315e-7
1.9724578861446067e-7
1.910422526309989e-7
1.849865102900873e-7
1.7897014807921778e-7
1.741648339819932e-7
1.6927396604669636e-7
1.647228087565443e-7
1.6035159367576268e-7
1.5640890637887634e-7
1.5197796949624514e-7
1.4910921395763297e-7
1.4620713600215046e-7
1.4361694992268303e-7
1.3973636858922318e-7
1.370223691296105e-7
1.3506033195525136e-7
1.3388456017089295e-7
1.2954710071812529e-7
1.2670850548896603e-7
1.259988323255758e-7
1.2357628179230364e-7
1.2165890719160182e-7
1.1838115817654713e-7
1.1670280447241283e-7
1.1588437775090879e-7
1.1531672580150675e-7
1.1089413958008215e-7
1.1102735595476336e-7
1.0977015042355673e-7
1.0855409578427795e-7
1.0675142164525494e-7
1.0783286855619102e-7
1.0403220168563814e-7
1.0293120482483742e-7
1.0113793096907296e-7
9.975989475802653e-8
1.0113246553715733e-7
9.817078482075001e-8
9.759425306059737e-8
9.568944046730297e-8
9.531393485318392e-8
9.378633131235157e-8
9.318649724919361e-8
9.141640465517862e-8
9.007837890356376e-8
8.904795837985043e-8
8.822960859906165e-8
8.748327581246099e-8
8.621155863874712e-8
8.501182249541587e-8
8.421308449663866e-8
8.303612001611844e-8
8.183543296049493e-8
8.095039017204357e-8
7.980207839532257e-8
7.909103125865093e-8
7.790197614319171e-8
7.706187477115573e-8
7.602167505888952e-8
7.502929951768968e-8
7.400448185886788e-8
7.295130821772006e-8
7.202537967385955e-8
7.125384745757474e-8
7.03218480560763e-8
6.947834842784465e-8
6.85587134228477e-8
6.761125095725453e-8
6.683013368124377e-8
6.6026975242783e-8
6.51487346541645e-8
6.432445228936026e-8
6.355876701947085e-8
6.270532511793088e-8
6.192221211796029e-8
6.115519497525023e-8
6.038182388992656e-8
5.963383097045737e-8
5.887246335448045e-8
5.8141339114891665e-8
5.7422534992482634e-8
5.6700525354702e-8
5.6000619336831566e-8
5.530761792416331e-8
5.462844088323662e-8
5.394724570666935e-8
5.328397671898976e-8
5.2635547871784163e-8
5.1990228370873195e-8
5.135435606668573e-8
5.072825497049695e-8
5.011294633459296e-8
4.950642249760506e-8
4.8908956091636826e-8
4.8319556399352486e-8
4.773516360712857e-8
4.7163789540090945e-8
4.660083914968659e-8
4.6045753424618144e-8
4.5498904136046076e-8
4.495667072461207e-8
4.44257002618865e-8
4.3902599587206227e-8
4.338723997063419e-8
4.2879252649561705e-8
4.237860897476507e-8
4.188239100716999e-8
4.139626820096743e-8
4.0917283687543826e-8
4.0444971201043174e-8
3.99776875198686e-8
3.951908864880989e-8
3.906706346869091e-8
3.862120832414112e-8
3.818077266924213e-8
3.774787686342328e-8
3.732069577588978e-8
3.689965015644035e-8
3.648386271313027e-8
3.607507188543521e-8
3.567207652416347e-8
3.5274745601866856e-8
3.48813834064061e-8
3.449519914891305e-8
3.411442027547686e-8
3.373901343981611e-8
3.336881117257692e-8
3.3003793742385586e-8
3.2641930289733773e-8
3.2286991134104265e-8
3.1936954511425684e-8