1.044389845309811e-8
1.1402810950207485e-7
2.134491071201324e-7
3.0569684539529215e-7
3.873318359169441e-7
4.575824658700439e-7
5.161188792428565e-7
5.613691112354152e-7
5.956141383560599e-7
6.199137914623333e-7
6.337786930157835e-7
6.401976237924195e-7
6.396604964774915e-7
6.33211198718543e-7
6.216710713948063e-7
6.056622551235243e-7
5.856706110252621e-7
5.61921856281179e-7
5.343154364599912e-7
5.025673760357053e-7
4.6594758774996747e-7
4.2330733162092926e-7
3.727399024371302e-7
3.1096588028985067e-7
2.3229565340629957e-7
1.2497692910088406e-7
1.7056857350835898e-9
2.2724575873404572e-9
4.76392456925519e-7
1.0422710707380626e-6
1.7008531727262427e-6
2.313268993889951e-6
2.6991855334337794e-6
2.7899500456435607e-6
2.651496031708158e-6
2.403844776217734e-6
2.127538681145084e-6
1.866645970628137e-6
1.636667859260518e-6
1.4395810716256187e-6
1.2744950310292168e-6
1.1341147345746663e-6
1.015371597034867e-6
9.130406564433338e-7
8.280616165234131e-7
7.540111594006138e-7
6.877018719957482e-7
6.328762370715829e-7
5.837945989982873e-7
5.402779768208293e-7
5.018213733263864e-7
4.67233830324191e-7
4.3729322477832917e-7
4.100373086827997e-7
3.856723549129666e-7
3.63314538485631e-7
3.4268209369117006e-7
3.2434905764885586e-7
3.08212334471127e-7
2.9324439918568955e-7
2.7934665772443877e-7
2.669868632353287e-7
2.5463029202425934e-7
2.4419333416094064e-7
2.339580290460235e-7
2.2461842650600546e-7
2.1656178921512033e-7
2.0878427102543897e-7
2.015528067589027e-7
1.9495891011192853e-7
1.8857382479573322e-7
1.8234856325058286e-7
1.771447684505649e-7
1.720762006372106e-7
1.6743625576847878e-7
1.6307291291200317e-7
1.5888045342897595e-7
1.5501243138586418e-7
1.5125442675575368e-7
1.479426114495033e-7
1.447562926704028e-7
1.418274462623341e-7
1.3936545775081368e-7
1.3526649724532535e-7
1.333540207080562e-7
1.3119207996155857e-7
1.2930729066644333e-7
1.2813247200877925e-7
1.2543763004197278e-7
1.2381266530104345e-7
1.2156375071760193e-7
1.1918015542567603e-7
1.1827614525275944e-7
1.1623386926106037e-7
1.1633695909847448e-7
1.1316873024089395e-7
1.1152676264385637e-7
1.1014037667526964e-7
1.0957224562425186e-7
1.0747486893225167e-7
1.06818483406429e-7
1.0602064058935344e-7
1.0339004622166643e-7
1.025279164288585e-7
1.0335329751990238e-7
1.009574932253734e-7
9.883591851620686e-8
9.801364566498258e-8
9.688045768055822e-8
9.588474878405977e-8
9.471510035631602e-8
9.342374196377582e-8
9.265850542193976e-8
9.162706484097594e-8
9.023543110262433e-8
8.926332088950636e-8
8.824062580222762e-8
8.682486827241524e-8
8.6242267385951e-8
8.486198418390712e-8
8.37741238431132e-8
8.266989148841561e-8
8.17845305556797e-8
8.057258023576559e-8
7.955810979065497e-8
7.858797246561674e-8
7.765390523469958e-8
7.660561940751875e-8
7.568367015226193e-8
7.46513133981164e-8
7.369211496084502e-8
7.294040196596759e-8
7.187033355771193e-8
7.091092199180115e-8
7.002806053252472e-8
6.91573373232008e-8
6.82443971349768e-8
6.72975437229367e-8
6.651340989166128e-8
6.567264050722621e-8
6.487442462704097e-8
6.404321283022624e-8
6.322826692429487e-8
6.240623112499025e-8
6.163583290870798e-8
6.085739201660512e-8
6.009912339536337e-8
5.932970336306511e-8
5.859057091089264e-8
5.7861920759012413e-8
5.713892179618451e-8
5.6419703633766045e-8
5.5724865997308634e-8
5.503536520758753e-8
5.434748594284212e-8
5.367670932851697e-8
5.3015938804047875e-8
5.23643746428093e-8
5.172249633348784e-8
5.1086717445310855e-8
5.0465864194711546e-8
4.985068637617586e-8
4.9246009623459556e-8
4.865062533178975e-8
4.8059715475181917e-8
4.7481448484298794e-8
4.691182260660334e-8
4.6350399537948685e-8
4.579744972442276e-8
4.5252168058573e-8
4.4711789627784404e-8
4.418264793967727e-8
4.3661416539095645e-8
4.314770132024595e-8
4.264147641166106e-8
4.213978052584155e-8
4.164822875129185e-8
4.116379988112159e-8
4.0686388205388194e-8
4.021590767286597e-8
3.9750210290629944e-8
3.92931823081722e-8
3.8842748660510024e-8
3.8397620401245194e-8
3.79600766231401e-8
3.7528362477007186e-8
3.710284523634401e-8
3.66837829445444e-8
3.626960406738978e-8
3.58624288949664e-8
3.546103062567336e-8
3.5065214296876894e-8
3.4673399352843704e-8
3.4288740239653864e-8
3.3909584433925824e-8
3.3535644130833406e-8
3.316691230611363e-8
3.280150087999904e-8
3.244301740789901e-8
3.208958008028399e-8
3.1741023024692873e-8