2.9607889353395076e-9
3.4989016889237415e-9
6.906227888377153e-9
1.0775399029318856e-8
1.5429600926359057e-8
2.1351647796467017e-8
2.9327917285008226e-8
4.074852196823619e-8
5.830284507619392e-8
8.781063771610741e-8
1.4394659417840229e-7
2.7330354431438314e-7
6.972733934117681e-7
4.272756094755918e-6
0.000018265956229064367
1.0897179864424584e-6
3.492028260959568e-7
1.6807948167319164e-7
9.759809200832144e-8
6.314420499844248e-8
4.3826358803177254e-8
3.1953211912724124e-8
2.415887639255556e-8
1.878224343825343e-8
1.492737801904831e-8
1.2076789813772352e-8
9.914835813972801e-9
8.240243398780732e-9
6.91984123203614e-9
5.862725763394845e-9
5.005167237711315e-9
4.301442468250683e-9
3.7180780739718917e-9
3.2301285586707713e-9
2.8187075174415943e-9
2.4693124208035175e-9
2.170664573306302e-9
1.9138910409859165e-9
1.691938147191457e-9
1.4991446408663896e-9
1.3309267929642123e-9
1.183543129351689e-9
1.053916616586119e-9
9.394987965751711e-10
8.38164921606331e-10
7.481322106799636e-10
6.678955048120253e-10
5.961760924604432e-10
5.318805173295344e-10
4.740668949420792e-10
4.219167030114153e-10
3.7471017860000195e-10
3.3180323031452266e-10
2.9260277839132125e-10
2.56534414287028e-10
2.2298676557910993e-10
1.9118071885378162e-10
1.5971326872536203e-10
1.227365172227356e-10
6.176590891308866e-8
8.73291375519226e-8
1.034528043916855e-7
1.144947428087843e-7
1.2289916206404088e-7
1.290662054031752e-7
1.3397185982645605e-7
1.3799053723269736e-7
1.407902152000976e-7
1.430988383437294e-7
1.4484038878434634e-7
1.456870287238066e-7
1.468534743965185e-7
1.4749195089338731e-7
1.4714679007044966e-7
1.4716754937939838e-7
1.4738593048887238e-7
1.471797323137475e-7
1.4639749312994086e-7
1.45255338027322e-7
1.4516329641506822e-7
1.4412353015313002e-7
1.4276890937757358e-7
1.422497482144953e-7
1.4117681235706756e-7
1.3987953827142562e-7
1.3837600632497157e-7
1.3684695407182503e-7
1.358467819050909e-7
1.3461202101693826e-7
1.3328340251509762e-7
1.3192344758826694e-7
1.3065155467764282e-7
1.2899541839555815e-7
1.2748583449469928e-7
1.2626393049348455e-7
1.238931572431694e-7
1.2325401131314595e-7
1.2163599118720197e-7
1.1993645677314646e-7
1.1864835821382944e-7
1.1711639266329052e-7
1.1574407735528349e-7
1.1413574493203745e-7
1.1279974292051641e-7
1.1131120745646584e-7
1.0995416180499396e-7
1.0811734087372085e-7
1.0714798592575312e-7
1.0555853695792102e-7
1.041364997639614e-7
1.0292452914265169e-7
1.0134693359346333e-7
1.000432356851924e-7
9.880963175311839e-8
9.730339124694807e-8
9.609926137742132e-8
9.483870273843005e-8
9.337603208794627e-8
9.227363577652166e-8
9.091660126767358e-8
8.972771255916485e-8
8.848885773093401e-8
8.730030478274952e-8
8.614984327482224e-8
8.49484046564028e-8
8.384539854085107e-8
8.261457241357315e-8
8.156916193468234e-8
8.048147445596516e-8
7.93470056254471e-8
7.832520634302897e-8
7.722439325843967e-8
7.620115070701163e-8
7.519938513307334e-8
7.417433367390978e-8
7.317538228066527e-8
7.216821076679588e-8
7.121163486782906e-8
7.027588029616646e-8
6.933917518283253e-8
6.841221943042677e-8
6.749851649524544e-8
6.660710435412445e-8
6.572953140885879e-8
6.486302338179603e-8
6.400951447576448e-8
6.317775179427233e-8
6.234793132619464e-8
6.151210796492551e-8
6.069969765370999e-8
5.99410689598945e-8
5.916480225234658e-8
5.8380526740772425e-8
5.7604066231083504e-8
5.687995404266867e-8
5.614856156681397e-8
5.5447880284250456e-8
5.472955391300862e-8
5.403140504464048e-8
5.3321816569867614e-8
5.2643940415470473e-8
5.1987120870893044e-8
5.134307093254194e-8
5.069178226550449e-8
5.006183895974571e-8
4.941748802360335e-8
4.880166224664391e-8
4.819765547097087e-8
4.759417554315914e-8
4.7017077917179476e-8
4.642538806165495e-8
4.5854660849142225e-8
4.529072195256094e-8
4.473187360331404e-8
4.4189802554872375e-8
4.365156215358621e-8
4.312135292851019e-8
4.2608201167852305e-8
4.2088679129754305e-8
4.1577685840698516e-8
4.107904766840387e-8
4.0597603881365806e-8
4.010695389202164e-8
3.963080786855031e-8
3.9170107325197624e-8
3.87024236837602e-8
3.824448062807467e-8
3.7791000330925804e-8
3.735665128009034e-8
3.691587439046375e-8
3.648783767690827e-8
3.606581627799319e-8
3.565038608837411e-8
3.5237203595417524e-8
3.483634469001634e-8
3.444042877388455e-8
3.403809660601206e-8
3.365297684387425e-8
3.3275829744706346e-8
3.290706097008908e-8
3.2523886161338836e-8