8.389176599818263e-9
9.089547052974763e-8
1.666107101820625e-7
2.2995435906755842e-7
2.7635210349153514e-7
3.0251951273802993e-7
3.066373466772455e-7
2.885338524563754e-7
2.5004446554666054e-7
1.957127005590518e-7
1.3379221423823312e-7
7.674917597193311e-8
3.880935449909144e-8
2.7393663786746504e-8
3.4383990255340466e-8
4.951801483473164e-8
7.688165758366872e-8
1.3467351539747597e-7
2.940624480064326e-7
1.0853781167894602e-6
0.00020143983276944694
1.44323279737605e-6
3.2816696544127723e-7
1.3987989238003842e-7
7.635289966684875e-8
4.7600943666142995e-8
3.224148657798274e-8
2.310880832171521e-8
1.7255430370772678e-8
1.328968056413346e-8
1.0485528907613348e-8
8.434389147654895e-9
6.892195258650881e-9
5.7059584996846175e-9
4.7758883318022375e-9
4.0346822242788146e-9
3.435637928828566e-9
2.9455425652065494e-9
2.540265616541207e-9
2.201942407843506e-9
1.917124741681225e-9
1.6755372709020502e-9
1.4692232199693754e-9
1.2919462228791283e-9
1.1387642387603205e-9
1.0057211899659423e-9
8.896205985167175e-10
7.878571525855127e-10
6.982897830260504e-10
6.191448200546471e-10
5.489411252190476e-10
4.864313298789054e-10
4.305547475826693e-10
3.8039837390065877e-10
3.3516258517217506e-10
2.941273400153292e-10
2.5661147991054355e-10
2.219068726226455e-10
1.891260002343932e-10
1.5665046127083938e-10
1.1626727153968309e-10
6.41759258811379e-8
8.798712547287898e-8
1.0317959662895455e-7
1.1383321584525372e-7
1.219762330397767e-7
1.2792487953375552e-7
1.3256974698468764e-7
1.3623545114942238e-7
1.3888172717526377e-7
1.4105582892551034e-7
1.427609890544497e-7
1.4360437006657143e-7
1.4454777067526988e-7
1.4474787665853288e-7
1.4447341787160111e-7
1.4482617213503705e-7
1.446593187147267e-7
1.44133464528017e-7
1.4381712333118095e-7
1.427697373165272e-7
1.4209354140898883e-7
1.4115578502024031e-7
1.3987459363093264e-7
1.3834335327798837e-7
1.3738724707220356e-7
1.3656796005065024e-7
1.3550083809824127e-7
1.341681106395125e-7
1.328398242907911e-7
1.3159215396423126e-7
1.3028874840041603e-7
1.2888709611754847e-7
1.2727097536082274e-7
1.2602388465104347e-7
1.2459710683441316e-7
1.2271199823457525e-7
1.2174584699194666e-7
1.199610496187884e-7
1.1863338386561338e-7
1.1723462420860538e-7
1.1570016378733845e-7
1.1431934274480566e-7
1.126579438944297e-7
1.1149050271472502e-7
1.0995867001598002e-7
1.0868149741218183e-7
1.0678488692943989e-7
1.0591078457821572e-7
1.0436724958821324e-7
1.0295041241980438e-7
1.0177995364542302e-7
1.002288146652148e-7
9.895465414152904e-8
9.774517006609533e-8
9.624945799796794e-8
9.509486348485145e-8
9.385152134543929e-8
9.24029311886207e-8
9.132196808576382e-8
9.001389135163318e-8
8.88199972123471e-8
8.763314082418877e-8
8.640946180531419e-8
8.531697436645088e-8
8.414954461140406e-8
8.304905961258478e-8
8.1863072129502e-8
8.081450715164355e-8
7.972628792620652e-8
7.8641105067253e-8
7.762361322650928e-8
7.654480928919908e-8
7.553892007903772e-8
7.455818951250899e-8
7.35395003667689e-8
7.255967363868792e-8
7.158080911863342e-8
7.063167786606504e-8
6.970794926131008e-8
6.87799466420218e-8
6.786977498508059e-8
6.698342848739164e-8
6.606726685895495e-8
6.523343625487618e-8
6.437324316823709e-8
6.35391595515071e-8
6.271856756753902e-8
6.189387042485054e-8
6.105326290006451e-8
6.029056647360767e-8
5.953130792527573e-8
5.876632745272357e-8
5.798973838947384e-8
5.725188761460341e-8
5.650520697482993e-8
5.580065886111529e-8
5.51017411572476e-8
5.439778556757356e-8
5.370137660086793e-8
5.30172808313017e-8
5.2326884554151194e-8
5.168950186650587e-8
5.105329059692072e-8
5.041561432859185e-8
4.9790359670623834e-8
4.9170851695193735e-8
4.854746926358637e-8
4.7949484606959435e-8
4.7361150911415006e-8
4.678237926565206e-8
4.6209394035238013e-8
4.563716012755192e-8
4.5096342711347526e-8
4.4543725864186556e-8
4.399968515133822e-8
4.347368214013081e-8
4.294809454698041e-8
4.242601760171825e-8
4.191892204144204e-8
4.1414243736072476e-8
4.093303674220731e-8
4.04397868501234e-8
3.996354430958023e-8
3.9494503333194804e-8
3.903174901455801e-8
3.8573226265770275e-8
3.811688162239357e-8
3.7679698180379915e-8
3.723988345551708e-8
3.680248201317896e-8
3.6385395039540505e-8
3.5970106031797926e-8
3.554573933811749e-8
3.514741720693396e-8
3.474290875988156e-8
3.43499659236483e-8
3.396283782794051e-8
3.3568393447022726e-8
3.31973559881344e-8
3.282425753987128e-8