1.1361848273874591e-14
1.2498423821991647e-13
2.3862617747024704e-13
3.523054885603954e-13
4.660400945193057e-13
5.798480921686279e-13
6.937476819788096e-13
8.077574435839667e-13
9.21896073161749e-13
1.0361829959774324e-12
1.1506374888232216e-12
1.2652797934382599e-12
1.380130408710533e-12
1.4952105060511187e-12
1.6105417366851598e-12
1.7261472372983993e-12
1.84204968853426e-12
1.9582740386660858e-12
2.074845295589947e-12
2.1917898260314766e-12
2.3091356970567447e-12
2.426911340551156e-12
2.545147763050909e-12
2.663876185726722e-12
2.783132129014567e-12
2.9029485258508803e-12
3.0233646100030685e-12
3.1444214350805566e-12
3.2661613423067343e-12
3.3886267157062817e-12
3.511869608634344e-12
3.6359392753231254e-12
3.760890378336283e-12
3.886785620945799e-12
4.013684177614079e-12
4.1416507077165274e-12
4.2707660740123146e-12
4.401105887701075e-12
4.532752355238795e-12
4.6657949127373585e-12
4.800340156273445e-12
4.936475923653069e-12
5.074335194476326e-12
5.2140304431172426e-12
5.35572092161652e-12
5.499500121520756e-12
5.6455637384671314e-12
5.794082266040409e-12
5.945266992774269e-12
6.099211860594906e-12
6.256230542774763e-12
6.416542567900174e-12
6.58042226123224e-12
6.748107639071077e-12
6.919885979571721e-12
7.0962164231843565e-12
7.277315739418812e-12
7.463666568253572e-12
7.655662738195932e-12
7.85376993934612e-12
8.058502834721251e-12
8.270421317658216e-12
8.490134980971763e-12
8.718256657549393e-12
8.955621221917375e-12
9.202881720602622e-12
9.461014196356254e-12
9.730848633322616e-12
1.0013484102955747e-11
1.0309963993125224e-11
1.0621596764906335e-11
1.0949570911383391e-11
1.1295407988055256e-11
1.1660714911157554e-11
1.2047148544501772e-11
1.2456578931110855e-11
1.2891045112528194e-11
1.3352789162718125e-11
1.384419555139305e-11
1.4367948833205626e-11
1.4926868430219866e-11
1.5524116672871788e-11
1.616306737948653e-11
1.6847488055898177e-11
1.7581276420258887e-11
1.836882059429374e-11
1.92151875164757e-11
2.0125267095710578e-11
2.1104731954353345e-11
2.215971291745084e-11
2.3296956773658156e-11
2.4523581528199824e-11
2.5847512316928153e-11
2.72769924765646e-11
2.8821574278869556e-11
3.0491062156627627e-11
3.2296157731754083e-11
3.424863685650315e-11
3.636114236305343e-11
3.864713715283888e-11
4.112152971043555e-11
4.3800159708022603e-11
4.670008571963677e-11
4.9839969540676624e-11
5.3239031773444716e-11
5.691938552852917e-11
6.090327793257941e-11
6.521520462103105e-11
6.988173113688493e-11
7.493087473313367e-11
8.039210189225603e-11
8.629753023766693e-11
9.268129757028634e-11
9.95789245856853e-11
1.0702919581321444e-10
1.1507129984045927e-10
1.2374859451257287e-10
1.3310522014445164e-10
1.4318863586881767e-10
1.540451151572583e-10
1.6572844290872987e-10
1.7828928301535047e-10
1.9178243578567238e-10
2.0626374507564024e-10
2.217868581653449e-10
2.3841192010440263e-10
2.561947160130017e-10
2.751912320180852e-10
2.954592489175253e-10
3.1704830926887716e-10
3.400113941843527e-10
3.643950636660165e-10
3.902400199532443e-10
4.17577709005513e-10
4.4643619427323267e-10
4.768314116018323e-10
5.087653900956678e-10
5.42228812033504e-10
5.771903427094444e-10
6.136055554566824e-10
6.514005008297917e-10
6.904820564201933e-10
7.307351160092503e-10
7.719669570407946e-10
8.140186319413731e-10
8.566407309760505e-10
8.995614805094565e-10
9.424422879708221e-10
9.84675948811768e-10
1.026511697556478e-9
1.0667709581314538e-9
1.1051312038488342e-9
1.1409197011678718e-9
1.1734803619490949e-9
1.2020495418295856e-9
1.2258159457742541e-9
1.243902474242687e-9
1.2553850912660764e-9
1.2593489884081518e-9
1.254865338716404e-9
1.2410723359095979e-9
1.2172296199779876e-9
1.182770918088408e-9
1.1374509248881639e-9
1.0814359413521583e-9
1.0154922066228373e-9
9.411594583948636e-10
8.609392282513551e-10
7.784841210755649e-10
6.987370214956833e-10
6.27915485090263e-10
5.735199541114383e-10
5.441800010237426e-10
5.494787586997815e-10
6.005840578226195e-10
7.125379427623207e-10
9.109794959576185e-10
1.2499725381186949e-9
1.8621840868699977e-9
3.1310823886210366e-9
6.529925086327205e-9
2.2521272558974483e-8
1.981436615089246e-6
3.277726142277951e-8
6.855500894937378e-9
2.766146741049822e-9
1.433218021694393e-9
8.448076700594312e-10
5.361639785252608e-10
3.541244693346368e-10
2.3521792978650724e-10
1.3633350415629564e-10
4.281858149277829e-8
5.4248373576608355e-8
6.011193211498972e-8
6.334645076709425e-8
6.501036231219423e-8
6.584935044445438e-8
6.604343584911005e-8
6.586229970034191e-8
6.546964138021733e-8