2.5188918907934586e-10
2.7726029497137593e-9
5.302342788285565e-9
7.849091728019642e-9
1.0420174595521202e-8
1.3022187051619802e-8
1.5660818419550257e-8
1.83400365034623e-8
2.1062660528128592e-8
2.382941502066944e-8
2.663840449002104e-8
2.9485668713315833e-8
3.236441787058239e-8
3.526401867062207e-8
3.817101936040768e-8
4.1068029739149954e-8
4.393355954628983e-8
4.6740436810261494e-8
4.946009302768727e-8
5.20548020638191e-8
5.448485590718317e-8
5.670430693293198e-8
5.866230883579515e-8
6.030317858448376e-8
6.156512174644343e-8
6.238368368438359e-8
6.26904143132668e-8
6.241520595219776e-8
6.148623843154746e-8
5.984184831628842e-8
5.742364687527837e-8
5.419491024934156e-8
5.014791114789947e-8
4.532212535006863e-8
3.9823933397702934e-8
3.385404154037788e-8
2.7732871313440862e-8
2.19181917948266e-8
1.700004472141763e-8
1.365612105141743e-8
1.256996744653789e-8
1.439204798477092e-8
2.0032470273762274e-8
3.214089554665372e-8
6.10492574676997e-8
1.6140743648109015e-7
1.2332976867977938e-6
1.9132047044667963e-6
1.7615902877632608e-7
5.998354142801315e-8
2.9444111686846696e-8
1.7220043501736616e-8
1.1161600840422349e-8
7.739748612489277e-9
5.628207965144644e-9
4.239108250818519e-9
3.279895763136679e-9
2.591892965207931e-9
2.0830997259368907e-9
1.6972562465442878e-9
1.398425673945244e-9
1.1628022869954267e-9
9.741218772833919e-10
8.209728204520623e-10
6.951591719363242e-10
5.906702198378975e-10
5.030118507597443e-10
4.287597399482046e-10
3.6525057166189556e-10
3.1035728677272054e-10
2.6230614232488817e-10
2.1948045111552286e-10
1.8004912374113362e-10
1.4026704060177311e-10
4.242797117138567e-8
7.135438904909816e-8
8.79327910816955e-8
9.936490812579556e-8
1.0742643862744286e-7
1.1362876904536264e-7
1.1812989727780841e-7
1.215595105212236e-7
1.2413672922994625e-7
1.259655922660281e-7
1.2714065963533654e-7
1.280505020023775e-7
1.2844573095983903e-7
1.2841807386895176e-7
1.2810446648297069e-7
1.2817840586023545e-7
1.2691088082527887e-7
1.2692986424358875e-7
1.2600852435373543e-7
1.2529847710180806e-7
1.240183776162402e-7
1.227176652079273e-7
1.2205997082788068e-7
1.2053537592958951e-7
1.1981422580436873e-7
1.1864514426820595e-7
1.1783911429310682e-7
1.1601390540243361e-7
1.1465911642558074e-7
1.1382616610072833e-7
1.1250834270165695e-7
1.107779550376181e-7
1.0995684766712233e-7
1.0852630274183659e-7
1.0691031587876455e-7
1.0592303368687059e-7
1.0461040561123981e-7
1.0332959885053867e-7
1.0222381243863263e-7
1.0045849819878865e-7
9.968242376335409e-8
9.8194476753178e-8
9.725810016516084e-8
9.586222538198025e-8
9.47029786495716e-8
9.363218442801192e-8
9.22682806091032e-8
9.113829149053433e-8
9.002176141265537e-8
8.858798415227598e-8
8.778804079239432e-8
8.65099189817865e-8
8.54476324222142e-8
8.429065521518107e-8
8.323072077785316e-8
8.212736218432417e-8
8.106664072844824e-8
8.006031948692623e-8
7.90232006684482e-8
7.801685104838012e-8
7.69808016987584e-8
7.603662532006347e-8
7.500905961931205e-8
7.409730958328617e-8
7.314747764742017e-8
7.213264103744004e-8
7.130907341502836e-8
7.038659530976498e-8
6.94372951796561e-8
6.861392951955348e-8
6.772602241077095e-8
6.687047824007317e-8
6.60342845691238e-8
6.518259165602398e-8
6.435933225137214e-8
6.353521888220401e-8
6.27846394320513e-8
6.197512704510736e-8
6.12024596593333e-8
6.046484160667215e-8
5.97014018524773e-8
5.88890989059568e-8
5.822333541323414e-8
5.753084418804713e-8
5.682206471545834e-8
5.610926399631905e-8
5.542837073352601e-8
5.473497703872109e-8
5.409080075130448e-8
5.344674419721427e-8
5.2795663517516974e-8
5.2133789210992815e-8
5.1498443055023056e-8
5.0865102473454034e-8
5.028660989987414e-8
4.9689108756440494e-8
4.9105904231321355e-8
4.8504236460583705e-8
4.792387197057281e-8
4.736016922823556e-8
4.6795421125237555e-8
4.624648376806922e-8
4.571952373153941e-8
4.518982762275435e-8
4.466298045683459e-8
4.413738704722073e-8
4.361568301915962e-8
4.310209537071974e-8
4.2608266300923184e-8
4.2125707185038376e-8
4.1649509827631265e-8
4.1171974434041425e-8
4.0698276762716674e-8
4.024326676801107e-8
3.9778409532372445e-8
3.932684895195147e-8
3.8893605158021455e-8
3.845570025948089e-8
3.8022136058312036e-8
3.759990516718201e-8
3.718274067925662e-8
3.677106477703411e-8
3.635626040015882e-8
3.5960703761465575e-8
3.5569772978053705e-8
3.5175416661413984e-8
3.4792615255923586e-8