1.6113122261632942e-14
1.7725395916353405e-13
3.3844290421321585e-13
4.997238980383466e-13
6.61141288051437e-13
8.227401959729866e-13
9.84566665216166e-13
1.146666909298923e-12
1.3090898343626002e-12
1.4718852159663987e-12
1.6351044001455738e-12
1.7988009728855944e-12
1.9630300628603684e-12
2.1278526122707005e-12
2.293327784597449e-12
2.4595204572394713e-12
2.6265007015972653e-12
2.794338396401314e-12
2.9631151573455824e-12
3.132907688678006e-12
3.303804950366866e-12
3.475903865196877e-12
3.649302264086166e-12
3.824107592822659e-12
4.0004353847885694e-12
4.178410993751145e-12
4.3581617959062746e-12
4.539836338670035e-12
4.72359533786019e-12
4.909608353584171e-12
5.098041543989252e-12
5.289116787571696e-12
5.48308530140365e-12
5.680015236878202e-12
5.880333874785682e-12
6.0842414103683535e-12
6.2920501902374554e-12
6.504105525225584e-12
6.720716666680771e-12
6.942251757177954e-12
7.169252310628701e-12
7.402038770262848e-12
7.641165349920253e-12
7.88712643254969e-12
8.14059315136912e-12
8.402114367882996e-12
8.67245872251978e-12
8.952339875272278e-12
9.242665888502617e-12
9.544205871451331e-12
9.858144672096914e-12
1.018540355002595e-11
1.0527264665304248e-11
1.0884886202384111e-11
1.125981049230185e-11
1.165347229875338e-11
1.20676110361049e-11
1.2504030151497277e-11
1.2964665139089898e-11
1.3451777990120783e-11
1.3967626823482602e-11
1.4514868241289807e-11
1.5096326582749866e-11
1.5714998569079614e-11
1.6374255263707814e-11
1.7077722425594255e-11
1.782929201068634e-11
1.8633533673676734e-11
1.9494889183943013e-11
2.0418648280730082e-11
2.1410165960170338e-11
2.2475581997488723e-11
2.3621777483862514e-11
2.485542362309028e-11
2.6184443220159584e-11
2.7617707880741137e-11
2.916386616046098e-11
3.0833068136854647e-11
3.2636174766120296e-11
3.458478761337104e-11
3.6691651317040016e-11
3.897047278328398e-11
4.1436097149244815e-11
4.41041414652289e-11
4.699316393689011e-11
5.0120839040039416e-11
5.35079117468487e-11
5.717597276699248e-11
6.114852248964917e-11
6.545067068233589e-11
7.01101496880047e-11
7.515546189845356e-11
8.06183678664776e-11
8.653135324379763e-11
9.293235330994119e-11
9.985623124542387e-11
1.0734478583469279e-10
1.1544541195212722e-10
1.2419941235552093e-10
1.3365673272057733e-10
1.4386851175974912e-10
1.5488868270028935e-10
1.66777716058583e-10
1.7959205968829492e-10
1.933945795601223e-10
2.082495143749821e-10
2.2422680467805166e-10
2.413948116280651e-10
2.598233914949406e-10
2.795853828229876e-10
3.0075461071427277e-10
3.2340717473580405e-10
3.4761134246571087e-10
3.734435072636805e-10
4.0096739460415607e-10
4.3025494199262673e-10
4.613623898593578e-10
4.943453426409729e-10
5.292483699446122e-10
5.661049921579234e-10
6.049383010797951e-10
6.457557328124228e-10
6.885510840631173e-10
7.332740890075017e-10
7.798824345613421e-10
8.282887856750444e-10
8.783585743922998e-10
9.29959630684617e-10
9.82869140219931e-10
1.036864740300381e-9
1.091640234950592e-9
1.146842001133952e-9
1.2020765427964341e-9
1.256808506298863e-9
1.3105381985196283e-9
1.3626147730953085e-9
1.412319438062561e-9
1.458872519923608e-9
1.501387279425335e-9
1.5388754271112722e-9
1.5703214656229404e-9
1.5945920257411751e-9
1.6105086927987152e-9
1.6168824571590946e-9
1.612493507795271e-9
1.596229323865018e-9
1.5670429071240604e-9
1.5241731173386169e-9
1.4671641968609137e-9
1.3960970415211428e-9
1.3117960967293896e-9
1.2159969465485116e-9
1.1116581851065369e-9
1.0031924726747958e-9
8.966288239543896e-10
7.997208244395298e-10
7.21864786081105e-10
6.738816182971468e-10
6.678822956565502e-10
7.17705511199282e-10
8.413981013275459e-10
1.068766936403223e-9
1.4618510112576425e-9
2.1727007038361907e-9
3.639943937227571e-9
7.532441231869587e-9
2.5377044729696435e-8
1.491724745110797e-6
4.1890386328116507e-8
8.466156366546784e-9
3.389443660445928e-9
1.7544887590154285e-9
1.0372408852020533e-9
6.628907506742783e-10
4.4374731655704325e-10
3.035997453728341e-10
2.0507850420174265e-10
2.277171198490211e-8
4.743224703920964e-8
5.778442493207633e-8
6.346198935352703e-8
6.669628662016467e-8
6.852696390465107e-8
6.943785969626249e-8
6.979366997001189e-8
6.966368174155997e-8
6.930516641129304e-8
6.876899109766349e-8
6.80572852772508e-8
6.713727444491484e-8
6.645344805244995e-8
6.539431090164693e-8
6.430511959983172e-8
6.352233024184214e-8
6.243431518584537e-8
6.142361619783092e-8
6.055739067510118e-8
5.9500145851657516e-8
5.8506850089158504e-8
5.7161270736728404e-8
5.658866892095674e-8