2.2334952590008656e-13
2.4597523770329055e-12
4.710717793444664e-12
6.989613126999675e-12
9.310005321877562e-12
1.168584749881099e-11
1.4131450633608792e-11
1.6661737445607057e-11
1.929236708126669e-11
2.2039503964814083e-11
2.492084638754449e-11
2.79543729319294e-11
3.115978580436202e-11
3.455802570368123e-11
3.8171340051899697e-11
4.2023815757961925e-11
4.614161357230039e-11
5.05525531660287e-11
5.528584196186158e-11
6.037440596200308e-11
6.585430679426186e-11
7.176214597680233e-11
7.8140453877719e-11
8.503190357354745e-11
9.24864243922357e-11
1.0055472352750061e-10
1.0929375855322624e-10
1.1876293666447874e-10
1.2902972822137327e-10
1.4016595472685492e-10
1.5224301929478155e-10
1.6534885647529463e-10
1.7957103985731707e-10
1.9500268996871258e-10
2.1175263223899472e-10
2.2991811030482148e-10
2.4963830973888963e-10
2.710269436283814e-10
2.94212921890011e-10
3.193573472809839e-10
3.4660241146175295e-10
3.761212086621812e-10
4.080857551893123e-10
4.426764910233124e-10
4.800917922570287e-10
5.20534340361706e-10
5.64226196988037e-10
6.113915850405576e-10
6.622615627548948e-10
7.170735448047545e-10
7.761187514752641e-10
8.396138857496309e-10
9.078446218360645e-10
9.810841491318195e-10
1.059586881154327e-9
1.1436421037272004e-9
1.2335152303328676e-9
1.32943926415407e-9
1.4316962524889496e-9
1.5405036289842646e-9
1.6560268857518346e-9
1.7784963937251554e-9
1.908034277336065e-9
2.0447155575659553e-9
2.1886153180448785e-9
2.3396476007319965e-9
2.4977537531565422e-9
2.6627216474209975e-9
2.834235902560076e-9
3.011930633019248e-9
3.195167485818259e-9
3.3833020006425857e-9
3.575492421956419e-9
3.770650730057238e-9
3.967266548955408e-9
4.164482389838294e-9
4.360011497950598e-9
4.5519920114766115e-9
4.738243935287818e-9
4.916285302261834e-9
5.082686913095845e-9
5.234824939234025e-9
5.3691455336081994e-9
5.4816213569825615e-9
5.568317854476608e-9
5.62475019593674e-9
5.64667486506331e-9
5.629310210232721e-9
5.567651588798837e-9
5.4594467383766735e-9
5.30052311108458e-9
5.088030235396432e-9
4.821863164669259e-9
4.504135986381323e-9
4.140254037830397e-9
3.73998618039429e-9
3.3184719848135395e-9
2.897183454270927e-9
2.504263462416778e-9
2.1742588531611703e-9
1.9472633941170414e-9
1.867845390526719e-9
1.986463911322373e-9
2.369745485671642e-9
3.135951363664817e-9
4.561880053227238e-9
7.43244977568845e-9
1.4553713679732064e-8
4.210719755893753e-8
5.550856701224426e-7
1.863071465241785e-7
2.6746420414902878e-8
9.86587653504203e-9
4.963123187295774e-9
2.9163020445424854e-9
1.879769275370356e-9
1.2872726754424077e-9
9.190511123222136e-10
6.75620565581947e-10
5.067001970678541e-10
3.846184687215863e-10
2.9295529412642967e-10
2.2095034775150982e-10
1.5887138492056655e-10
3.638262375914331e-8
5.8255958196379674e-8
6.999784170173638e-8
7.738008868666915e-8
8.225537101370636e-8
8.546135478443835e-8
8.770858400627111e-8
8.896926510501516e-8
8.971307316350685e-8
9.003837803728894e-8
8.986992553046859e-8
8.999460716760712e-8
8.945041604699626e-8
8.906507737261699e-8
8.791419067417618e-8
8.730767368644313e-8
8.62282725063242e-8
8.527581112960604e-8
8.407002403173902e-8
8.330099891816576e-8
8.241649879906128e-8
8.114317607484092e-8
8.015285888820597e-8
7.908323083172428e-8
7.791874111716026e-8
7.611530873840297e-8
7.573049748594135e-8
7.503954518830286e-8
7.353990378936341e-8
7.29482080475252e-8
7.173637867981128e-8
7.130613245731532e-8
6.974883072242981e-8
6.940148940648894e-8
6.809102492770723e-8
6.742252449422681e-8
6.614791287394006e-8
6.571754324936927e-8
6.468892542410859e-8
6.376126995918012e-8
6.309162459350444e-8
6.225060733892189e-8
6.153356809892063e-8
6.080321386388878e-8
6.00213056681402e-8
5.924291536385198e-8
5.852638133783285e-8
5.775458124943039e-8
5.7101727767602757e-8
5.630093038038244e-8
5.570028118444398e-8
5.496820535079028e-8
5.434168735666854e-8
5.3585871958626285e-8
5.2999509620087956e-8
5.230925630773882e-8
5.180097266140457e-8
5.106700704134814e-8
5.057619312156229e-8
4.9977099815007525e-8
4.9280537369682664e-8
4.8815449886654056e-8
4.828839039835016e-8
4.7721401745269807e-8
4.7080431418044896e-8
4.659106997739935e-8
4.610507759597878e-8
4.5612807163670225e-8
4.50838708851635e-8
4.451929189886458e-8
4.3991795495291265e-8
4.358236036234762e-8
4.3129849437788255e-8
4.264927474279508e-8
4.217338320564233e-8
4.167230017772815e-8
4.121024059256208e-8