2.900702586055204e-13
3.1948396487411837e-12
6.1199851936536515e-12
9.084176737490056e-12
1.2106424292565316e-11
1.5206162046831618e-11
1.8403447874333867e-11
2.171915011564999e-11
2.517512705616095e-11
2.8793783342095287e-11
3.2599709870412234e-11
3.6618437558957736e-11
4.087690932343344e-11
4.540431119214561e-11
5.0232058998635194e-11
5.539292170763963e-11
6.092300266879413e-11
6.68604930263353e-11
7.324808325943865e-11
8.012953734365881e-11
8.755374149317872e-11
9.557199355663131e-11
1.0424254792877037e-10
1.136250519399674e-10
1.2378635376066198e-10
1.3479550771435148e-10
1.4673118233082485e-10
1.5967776548462067e-10
1.7371239586518797e-10
1.8895765932515127e-10
2.0549010922262885e-10
2.2343500120680486e-10
2.4289731015796877e-10
2.64028985902011e-10
2.8695062764093563e-10
3.1180757442687213e-10
3.3876470229981716e-10
3.679821258015302e-10
3.996440911903331e-10
4.339345530101268e-10
4.710561914994685e-10
5.112209856885584e-10
5.546456287824303e-10
6.015917732641293e-10
6.522435785985746e-10
7.069160134103968e-10
7.658532952550305e-10
8.293377402392908e-10
8.976461431137312e-10
9.710624302344691e-10
1.049895440629274e-9
1.1344330152685947e-9
1.2249673309538154e-9
1.321794448640485e-9
1.4252077328824299e-9
1.5354744156295258e-9
1.6528374113442484e-9
1.7775367212412208e-9
1.909706682444068e-9
2.0496030100421887e-9
2.197282686827789e-9
2.3528011039336098e-9
2.516094901504133e-9
2.687141936528184e-9
2.8656729810669907e-9
3.051416304962773e-9
3.2438561512129723e-9
3.442495696665344e-9
3.646571992616375e-9
3.8551097191000866e-9
4.067003000964965e-9
4.280889215195471e-9
4.495187939245258e-9
4.708053210836836e-9
4.9172848849213735e-9
5.120462855706518e-9
5.3148469954870275e-9
5.497603590753698e-9
5.664380137430297e-9
5.812267666865191e-9
5.936959038736723e-9
6.0338634101320914e-9
6.0983416169864715e-9
6.125582482435253e-9
6.110534579231179e-9
6.047371803227167e-9
5.934180623749827e-9
5.765947339310476e-9
5.539216499519359e-9
5.253873343863984e-9
4.911870832733765e-9
4.518737987608992e-9
4.0845479603384355e-9
3.6253291692430104e-9
3.1638732102158774e-9
2.730261782785928e-9
2.361743350013449e-9
2.101704666508873e-9
1.9984622624757833e-9
2.1063971215402865e-9
2.4961361659941927e-9
3.290810507113612e-9
4.776451516228178e-9
7.762551604276829e-9
1.5129335479565342e-8
4.325254822376868e-8
5.280105798661716e-7
2.1070973270306418e-7
2.9062179862421934e-8
1.0624602616782724e-8
5.325908708843897e-9
3.1246031314374416e-9
2.0129729817061783e-9
1.3787187903129325e-9
9.850823668342614e-10
7.251605514561214e-10
5.45037363559372e-10
4.151164908986539e-10
3.179372670175936e-10
2.423215423470444e-10
1.7960338207109595e-10
1.967247645891784e-8
5.255908881203918e-8
6.703296465433784e-8
7.580965147720228e-8
8.164386243505566e-8
8.549874897111275e-8
8.814688386737667e-8
8.982144666824724e-8
9.073999985787611e-8
9.12918977636834e-8
9.139155495414422e-8
9.112558803638011e-8
9.103952986690434e-8
9.059141465253929e-8
8.9671044888708e-8
8.891223899421456e-8
8.802433646696279e-8
8.723907049353985e-8
8.628824675623856e-8
8.507714911850634e-8
8.435022868211917e-8
8.299008753558714e-8
8.143802278583442e-8
8.090227016098166e-8
7.961639279286132e-8
7.8811225842051e-8
7.775339819708062e-8
7.668712454850905e-8
7.563216723604156e-8
7.462164463921321e-8
7.387798429178692e-8
7.274152092903742e-8
7.212142858504076e-8
7.079693252690195e-8
7.00994418651282e-8
6.890586108997764e-8
6.814483321862906e-8
6.709444029113577e-8
6.633237068800624e-8
6.556708038803731e-8
6.475118103725291e-8
6.384789991575899e-8
6.29589453593222e-8
6.234817141504773e-8
6.150786695136504e-8
6.072998288162059e-8
5.990369841518374e-8
5.929007967030331e-8
5.837520759225448e-8
5.7809163527001904e-8
5.705594060116943e-8
5.6306970247491016e-8
5.571751549504651e-8
5.503159283460507e-8
5.4342567200928944e-8
5.375693887089109e-8
5.302773636430877e-8
5.243380858505548e-8
5.1802062288486196e-8
5.1201195846827015e-8
5.064172121923321e-8
4.996097401848248e-8
4.9438662919251593e-8
4.8890138129921004e-8
4.833904426016765e-8
4.772102561747163e-8
4.720384816199496e-8
4.668993209400288e-8
4.617813737590947e-8
4.5660264456566413e-8
4.5104481719952186e-8
4.456147339385539e-8
4.411071194138203e-8
4.365852209824941e-8
4.3178170734647497e-8
4.271011093288247e-8
4.221443350352336e-8
4.172847896165969e-8
4.1283307755019747e-8
4.086721980635161e-8