1.8837571593929493e-11
2.0752087138911702e-10
3.9775918206965635e-10
5.909416736131841e-10
7.88504630956846e-10
9.918496367530773e-10
1.2024788657164064e-9
1.4217834401510736e-9
1.6512721499429395e-9
1.892463952959177e-9
2.1467551183350466e-9
2.4157945551264227e-9
2.701060935877377e-9
3.004168474913182e-9
3.3265355617909635e-9
3.669756455462245e-9
4.035390812077614e-9
4.4248346324819724e-9
4.839580422688889e-9
5.2809856801839056e-9
5.750187447728131e-9
6.2484492211849425e-9
6.7766624236558336e-9
7.335507661845387e-9
7.92566697381072e-9
8.547215690519749e-9
9.199987835433775e-9
9.88367244285005e-9
1.0596959687535153e-8
1.1338484838916885e-8
1.2105971268744086e-8
1.2896661212972555e-8
1.3706726307722095e-8
1.4531883103296516e-8
1.536638650566894e-8
1.6203943046187885e-8
1.703693890827051e-8
1.7856423335295624e-8
1.8652319823494186e-8
1.9413339396264547e-8
2.012607507124191e-8
2.0777109444571185e-8
2.1348896936188368e-8
2.182558904957122e-8
2.2192222663331015e-8
2.2417700066669255e-8
2.2491982271985133e-8
2.2391235068252622e-8
2.2094594114169417e-8
2.1581600161166057e-8
2.083821655070652e-8
1.985163620586147e-8
1.8619631371393817e-8
1.7151717288268026e-8
1.5473744933098266e-8
1.3635304595057482e-8
1.1714255182310849e-8
9.821838753329558e-9
8.104948415197583e-9
6.7423147406467614e-9
5.9355631659014834e-9
5.902164171005432e-9
6.897755652372165e-9
9.348735188908896e-9
1.4339537084614812e-8
2.5440377490286204e-8
5.846421172031634e-8
2.636844863620831e-7
0.00001095893953599989
1.464385273840097e-7
4.007038886961234e-8
1.799628337568817e-8
1.0007644307205077e-8
6.270059940261465e-9
4.237929029484829e-9
3.0179435733357762e-9
2.232066024934878e-9
1.6984137480223787e-9
1.3208598910108179e-9
1.0448073066572484e-9
8.374228531723681e-10
6.780177871408003e-10
5.530331410767353e-10
4.532709880933728e-10
3.7228471938960116e-10
3.053882675252257e-10
2.489805934418535e-10
1.9991892077311525e-10
1.5406987634991223e-10
3.1769047583565086e-8
6.251227938165317e-8
7.869589870006531e-8
8.934901582647776e-8
9.682042113313184e-8
1.022085774879376e-7
1.0610750126968639e-7
1.0888183363479786e-7
1.1090780576578362e-7
1.1237963392274486e-7
1.127536924485876e-7
1.1364823181793925e-7
1.134334338387614e-7
1.1330970562918276e-7
1.132610338549533e-7
1.1251136487271933e-7
1.1169715408420136e-7
1.1119439413703391e-7
1.1028542031022725e-7
1.0864486420248253e-7
1.0804125083395779e-7
1.0725357648195696e-7
1.0592678881531248e-7
1.0460754201226349e-7
1.0398885427757399e-7
1.0254048588115955e-7
1.012070873870302e-7
1.0024013133021318e-7
9.882933989942453e-8
9.838213216419962e-8
9.667454054165521e-8
9.510311005908775e-8
9.438874824318624e-8
9.320068479339635e-8
9.211856968089556e-8
9.083875710909308e-8
8.961497346585467e-8
8.876156126404056e-8
8.747939296303542e-8
8.644671269271526e-8
8.548978118241938e-8
8.500881646916482e-8
8.336651604141991e-8
8.225337944549919e-8
8.110845261695867e-8
8.026192733121694e-8
7.90667218410163e-8
7.823364009789108e-8
7.714208614743299e-8
7.615487477884239e-8
7.517859194769601e-8
7.435194487939032e-8
7.337425925323509e-8
7.244795175694792e-8
7.152858070832027e-8
7.065665588917608e-8
6.963856355086732e-8
6.893533684287623e-8
6.806569837558191e-8
6.718187552437038e-8
6.642504682865071e-8
6.555362137395592e-8
6.475574432981685e-8
6.397963837346807e-8
6.316412626518761e-8
6.241437729105191e-8
6.163845458981382e-8
6.089568526112385e-8
6.014143258407451e-8
5.9446116864653065e-8
5.8703753904032817e-8
5.799298793495004e-8
5.7343130340492674e-8
5.662153989585769e-8
5.586858395469419e-8
5.5303414836697665e-8
5.46502966636385e-8
5.399805922657343e-8
5.330376307019715e-8
5.2715939176733104e-8
5.211378705134367e-8
5.1522121783382384e-8
5.0915323570002375e-8
5.0306723433181116e-8
4.966409162565624e-8
4.909559182684608e-8
4.8571471736049734e-8
4.8037717718349084e-8
4.748788885167367e-8
4.6946224665900266e-8
4.638219523384919e-8
4.585710561434074e-8
4.530494978411655e-8
4.4828972600699575e-8
4.4337583650221546e-8
4.383884058487026e-8
4.334534700818474e-8
4.285488548996636e-8
4.236755012522066e-8
4.188369935001287e-8
4.142684362307756e-8
4.098465463281878e-8
4.0545591281501755e-8
4.0098021569654634e-8
3.966795409529725e-8
3.922307931892751e-8
3.87917546284136e-8
3.835634616147141e-8
3.796038771130135e-8
3.7558573469233355e-8
3.7161833494897107e-8
3.6754282635929483e-8