2.8386405138555605e-10
3.124312649697524e-9
5.973680161134182e-9
8.839756740906581e-9
1.1729779732913999e-8
1.4649692556880656e-8
1.7604672665364754e-8
2.059771013491846e-8
2.363017158200074e-8
2.670128356628932e-8
2.9807433425192374e-8
3.2941980316531506e-8
3.609438151751384e-8
3.925129706674381e-8
4.239560074597864e-8
4.550392078510268e-8
4.8550123770840544e-8
5.1501869049159875e-8
5.432320157419325e-8
5.6970165139407405e-8
5.939604265016002e-8
6.154617283583009e-8
6.336278393498842e-8
6.478090766694409e-8
6.57315354122385e-8
6.615378434911356e-8
6.593850430133259e-8
6.504447264082636e-8
6.339249639833149e-8
6.091747091832207e-8
5.758060213915871e-8
5.336671638263439e-8
4.831299538014443e-8
4.2524718566327395e-8
3.62062050399664e-8
2.96880818544557e-8
2.3448756095266244e-8
1.8110938386434955e-8
1.4395744213315884e-8
1.3032852789781149e-8
1.470191580235619e-8
2.0296640438090368e-8
3.2366537501572746e-8
6.086861650650836e-8
1.5725996349537207e-7
1.0831130348597794e-6
2.4916323114417713e-6
1.953196245138983e-7
6.470070570578064e-8
3.1405563559594454e-8
1.825800859707092e-8
1.179171001158039e-8
8.157454930456689e-9
5.922492411245406e-9
4.455858026523619e-9
3.44501579238485e-9
2.721047669424183e-9
2.1862864448824565e-9
1.7811393127110147e-9
1.4676098450284396e-9
1.2205665400124937e-9
1.0228620115411506e-9
8.62479024602053e-10
7.307961170803528e-10
6.214975802350875e-10
5.298674606921565e-10
4.523190570060181e-10
3.8607157557731507e-10
3.2891820935184405e-10
2.790452949642473e-10
2.348597664948903e-10
1.9473060918713616e-10
1.5617917044784876e-10
1.706849083268129e-8
6.247353633704765e-8
8.248486448220464e-8
9.557916832948449e-8
1.0496374481559788e-7
1.11897409886426e-7
1.1705326347040818e-7
1.2082772541198778e-7
1.2391417766459633e-7
1.2568346420689427e-7
1.2726743635187315e-7
1.284143441885489e-7
1.2897878175901644e-7
1.290285648145235e-7
1.2905011270181192e-7
1.2882007280502465e-7
1.2850127201932053e-7
1.2783841089729518e-7
1.2713592922695262e-7
1.262663253015558e-7
1.2538050106512018e-7
1.2455860271332221e-7
1.235020107021482e-7
1.2240861122657058e-7
1.2119902380437277e-7
1.196979076707991e-7
1.1870747990034274e-7
1.1764575139993765e-7
1.1638857567545157e-7
1.1499270328329084e-7
1.1337491631550164e-7
1.1243427231897996e-7
1.1099628939971363e-7
1.0964555547028564e-7
1.0847947151303458e-7
1.0721284225615512e-7
1.0576599213981599e-7
1.0459447927102247e-7
1.0306513355901432e-7
1.0201390154676449e-7
1.0080915034279607e-7
9.960128539963825e-8
9.820184991468591e-8
9.709287306631423e-8
9.532741918507384e-8
9.463324330924676e-8
9.346227892637726e-8
9.201343988782855e-8
9.10940284579334e-8
8.983780372710974e-8
8.867299196797427e-8
8.762133135708912e-8
8.628614105145727e-8
8.533193540321429e-8
8.41241739199932e-8
8.309724161607474e-8
8.202721006160544e-8
8.097177178049877e-8
7.992493943414884e-8
7.889714677014337e-8
7.795455775286258e-8
7.689345850422788e-8
7.593288091743414e-8
7.479383414390405e-8
7.400886821294958e-8
7.303250154784852e-8
7.208772637337512e-8
7.120568529854234e-8
7.026581023321922e-8
6.93713025874129e-8
6.845825265151361e-8
6.75978570954526e-8
6.676367570488024e-8
6.589114303910549e-8
6.508054449397941e-8
6.425661996824771e-8
6.341877903280311e-8
6.267582223636402e-8
6.183884337682083e-8
6.11144415846548e-8
6.036119970788373e-8
5.958936739961706e-8
5.8796449381967847e-8
5.8133828637394636e-8
5.743450633620403e-8
5.67168652081674e-8
5.5990767757812753e-8
5.5316992730278014e-8
5.4648520121641615e-8
5.3997131130404014e-8
5.333594250693105e-8
5.268701731470796e-8
5.2018050711813196e-8
5.137315159373328e-8
5.078730178683754e-8
5.018284758312963e-8
4.959405253934645e-8
4.9000767232897484e-8
4.841467872651652e-8
4.7819590147334634e-8
4.7251766821568487e-8
4.6696327090351315e-8
4.616196895847816e-8
4.5623577733339016e-8
4.508755436473782e-8
4.455759557973999e-8
4.403441894219281e-8
4.352221374353424e-8
4.299192609781149e-8
4.2510425092359044e-8
4.2042448680007616e-8
4.1558227945315805e-8
4.1087579116850245e-8
4.0613838243456e-8
4.015377322680925e-8
3.969683460228356e-8
3.923643401918009e-8
3.879827070288822e-8
3.836825072124553e-8
3.793371432957831e-8
3.7517928026648036e-8
3.709218282736977e-8
3.667583935487321e-8
3.627607031004438e-8
3.588038012782722e-8
3.547679755140189e-8
3.509102424020818e-8
3.470440833390545e-8