1.033805597375481e-12
1.1389369084092574e-11
2.183259208006349e-11
3.244385023784077e-11
4.330474863740962e-11
5.4498695525455106e-11
6.611098206324365e-11
7.822997731388659e-11
9.09496879960913e-11
1.0436399596180873e-10
1.1857754965156008e-10
1.3369464663819945e-10
1.4982996457332335e-10
1.671002000259676e-10
1.856345530576574e-10
2.0557452513034414e-10
2.2705318134010278e-10
2.502248333315547e-10
2.752675996076217e-10
3.0236004572777963e-10
3.316639410191005e-10
3.634028120374145e-10
3.9777236938175205e-10
4.350389711832411e-10
4.754104886748539e-10
5.191322596348695e-10
5.665330496253886e-10
6.178676026912441e-10
6.734450683766085e-10
7.336038493248632e-10
7.986839125434362e-10
8.690448125561594e-10
9.450584299036073e-10
1.0271272387813128e-9
1.1156486108711113e-9
1.211046372826628e-9
1.3137636611862051e-9
1.4242520415399273e-9
1.542928490474004e-9
1.6702431363632201e-9
1.8066671625197428e-9
1.9526432791838595e-9
2.1085754436929637e-9
2.2748772432287184e-9
2.451935888895449e-9
2.6400758243338497e-9
2.8395732179001654e-9
3.050563295130473e-9
3.2732557778381198e-9
3.507704213553176e-9
3.75376544738315e-9
4.011305105173584e-9
4.279889434827568e-9
4.55884440504997e-9
4.84770623534546e-9
5.145331489269546e-9
5.450391735249762e-9
5.761445522157176e-9
6.076618286488573e-9
6.393709218964461e-9
6.710157462275468e-9
7.022736843458882e-9
7.328603336035496e-9
7.623169442967342e-9
7.902374523780828e-9
8.161253314260767e-9
8.39423621441578e-9
8.59551677938546e-9
8.758555547187411e-9
8.876629996716795e-9
8.942371272370507e-9
8.948332808639232e-9
8.887126562365166e-9
8.751619519238185e-9
8.535507046452997e-9
8.233804360939722e-9
7.844031163827594e-9
7.366642558632438e-9
6.807198681053275e-9
6.177449699173793e-9
5.497246621180804e-9
4.7966360844373856e-9
4.11626323374624e-9
3.50865826797832e-9
3.0363442905166096e-9
2.7700085416266277e-9
2.787739322859343e-9
3.183706529292221e-9
4.1067635636906554e-9
5.886041068740808e-9
9.441343868793459e-9
1.797197457270416e-8
4.844967392541932e-8
4.2380476619994795e-7
4.0508235094968786e-7
4.365667488979709e-8
1.5165458137601942e-8
7.449255740778896e-9
4.3291049576760895e-9
2.7775364279126456e-9
1.9010091681804012e-9
1.3608418321162797e-9
1.0061822509517669e-9
7.617375760772952e-10
5.865794447285157e-10
4.5690577656345157e-10
3.5805322151916563e-10
2.8043995832484345e-10
2.1718238406474322e-10
1.6152507025743093e-10
3.1915469262845036e-8
5.848388179328009e-8
7.225630624513744e-8
8.099369726000281e-8
8.699568960841098e-8
9.114287952906415e-8
9.403949784421754e-8
9.588356558439255e-8
9.713580079670646e-8
9.773486480916621e-8
9.79030414881686e-8
9.808469183252577e-8
9.722428158012044e-8
9.72028310513486e-8
9.666164241406915e-8
9.509249920389474e-8
9.495344153780852e-8
9.46880689199176e-8
9.261889335170677e-8
9.212543983226375e-8
9.13915822448013e-8
9.01805462820406e-8
8.915215242101529e-8
8.764182081731136e-8
8.694784084929013e-8
8.558388406103473e-8
8.429994459415759e-8
8.343214540236141e-8
8.228321284579224e-8
8.133229405563805e-8
8.058897823496545e-8
7.910104079590245e-8
7.871499118117233e-8
7.701087729131523e-8
7.644484889633679e-8
7.527588193268222e-8
7.434726519161851e-8
7.341226637561956e-8
7.260188518873759e-8
7.136425418327695e-8
7.059980715637459e-8
6.961515172275586e-8
6.884902865479381e-8
6.804674036598051e-8
6.714826532200374e-8
6.628873925640988e-8
6.555434283988328e-8
6.462616066650641e-8
6.39026349800897e-8
6.303868076750405e-8
6.235431325212844e-8
6.149163341201464e-8
6.079399704793732e-8
6.007712972788705e-8
5.9301554309816615e-8
5.862965410261944e-8
5.7868336211843126e-8
5.721842829991886e-8
5.6498123680191554e-8
5.5835414951917705e-8
5.5120695144986226e-8
5.453844424985791e-8
5.384002365230143e-8
5.327689736472861e-8
5.2653534737419366e-8
5.1935702665050255e-8
5.14224286592753e-8
5.084658013628556e-8
5.025653339196697e-8
4.9610828917406514e-8
4.903881673235401e-8
4.854929532789442e-8
4.801306546866582e-8
4.746818554143259e-8
4.6902518131028895e-8
4.633430759870119e-8
4.584912458481102e-8
4.537183485869576e-8
4.487423584759508e-8
4.437244768059998e-8
4.386568982057163e-8
4.333658183417562e-8
4.290178142356427e-8
4.2431603720857015e-8
4.199258193492201e-8
4.154241736723622e-8
4.109206338348124e-8
4.063964059629309e-8
4.0175954066556084e-8
3.969644269641253e-8
3.9341493763270934e-8