6.825291939107986e-11
7.517102007057068e-10
1.4397791962418237e-9
2.1366475715682155e-9
2.846452969896819e-9
3.5732928790082607e-9
4.321133465156349e-9
5.093880628980409e-9
5.8952846382146455e-9
6.72902022343447e-9
7.598214300774196e-9
8.506135668655057e-9
9.455587242145107e-9
1.044855671154511e-8
1.148750360808824e-8
1.2573040310179725e-8
1.3706560621317115e-8
1.4887564936229954e-8
1.6115213250404175e-8
1.7387376196954638e-8
1.8701090667157152e-8
2.0051975356799317e-8
2.143464676976715e-8
2.284080588984197e-8
2.4262330396420695e-8
2.5687654850698198e-8
2.7104080592371358e-8
2.8496440103766122e-8
2.984728757169213e-8
3.113660535640549e-8
3.2344441241514676e-8
3.343902445715876e-8
3.439965660031304e-8
3.519623509568752e-8
3.578913012758746e-8
3.615100114220412e-8
3.624356996028126e-8
3.602989387411273e-8
3.5474656982009435e-8
3.454343940990282e-8
3.320762270012296e-8
3.145424530190534e-8
2.927491924949984e-8
2.669236939478062e-8
2.376051479172486e-8
2.057735887573149e-8
1.7296707708351864e-8
1.413667631877533e-8
1.1380198804291629e-8
9.362057630098919e-9
8.444922447868317e-9
9.007766847813182e-9
1.1536978780167897e-8
1.708600945617685e-8
2.9017758579720286e-8
6.104341820344218e-8
2.0966572745758272e-7
0.0000130310697316531
3.538960514153787e-7
7.344143222830523e-8
3.0178791565864415e-8
1.6084575911007574e-8
9.840094683910352e-9
6.555924509160015e-9
4.627621491855744e-9
3.4049357227791866e-9
2.5843590598378464e-9
2.0090485415574106e-9
1.5914552541686722e-9
1.2796572582952485e-9
1.0413163500041514e-9
8.554590409085197e-10
7.080089807434385e-10
5.892349101075336e-10
4.922289194329925e-10
4.1196264915872677e-10
3.446767552541004e-10
2.87459984777872e-10
2.3791189109825525e-10
1.9373111242435325e-10
1.514726475376739e-10
3.165397163017103e-8
6.443865568388612e-8
8.17055223374243e-8
9.315764796963857e-8
1.0120306186883276e-7
1.0728384169090917e-7
1.1162363481942493e-7
1.1481763539893637e-7
1.1706298562072483e-7
1.1889110285487175e-7
1.196435474230343e-7
1.2048367214613291e-7
1.2090069220140037e-7
1.2097467092973976e-7
1.2085345200282382e-7
1.1988010979953175e-7
1.1969439840134618e-7
1.189099013900573e-7
1.1778730176563107e-7
1.1715918397381866e-7
1.1641681451627196e-7
1.1522175432985622e-7
1.1435051237719873e-7
1.128400548974926e-7
1.1184810987562495e-7
1.1075886519747817e-7
1.0951950784827827e-7
1.0842565551180416e-7
1.0686011494546368e-7
1.0584592354487478e-7
1.0461732070118927e-7
1.0345630214464867e-7
1.0178954355803823e-7
1.0074479449178013e-7
9.967435787005556e-8
9.83142606094516e-8
9.733980865353513e-8
9.598480900843366e-8
9.49562425831825e-8
9.351932064563707e-8
9.26779803850846e-8
9.07826249377932e-8
9.019895943079284e-8
8.90045640669831e-8
8.768489941576597e-8
8.699769886253227e-8
8.552753316812998e-8
8.476256793178878e-8
8.362151856825976e-8
8.238810857900117e-8
8.151655433750328e-8
8.048459553736375e-8
7.939352730112722e-8
7.840357939036515e-8
7.747746160418256e-8
7.639760773850231e-8
7.54772856524598e-8
7.447211931032022e-8
7.358508017121631e-8
7.261293337227844e-8
7.174438622077357e-8
7.080708431973148e-8
6.982185824130279e-8
6.906445150544191e-8
6.823290875297373e-8
6.733244722359031e-8
6.648823995756197e-8
6.5665828119268e-8
6.488049650742993e-8
6.404259018533166e-8
6.327628900048873e-8
6.247621392731739e-8
6.168241459062688e-8
6.095769806480575e-8
6.017690589500694e-8
5.9475808812271166e-8
5.87624488527581e-8
5.8009594757078714e-8
5.728975898490556e-8
5.6648401710942874e-8
5.597882986177816e-8
5.528618699985227e-8
5.457283687535973e-8
5.391875004802494e-8
5.3333162069002464e-8
5.270685715909204e-8
5.207797485721317e-8
5.1447175945223234e-8
5.0788728041626956e-8
5.018531881250493e-8
4.965114802687773e-8
4.907404750783615e-8
4.850000798084251e-8
4.793736747710653e-8
4.73719599674169e-8
4.6785392074132923e-8
4.627186231225012e-8
4.5744427204340197e-8
4.522181126140438e-8
4.471075781822616e-8
4.420087486458876e-8
4.3690523357214236e-8
4.31835008350867e-8
4.2677835707395235e-8
4.2198494307658087e-8
4.1737641154384064e-8
4.127846290177706e-8
4.0816129897841356e-8
4.0356212019205296e-8
3.9913212336396974e-8
3.945860701484836e-8
3.901064326700338e-8
3.858622602843928e-8
3.817130087978598e-8
3.775702463596711e-8
3.7345766368455667e-8
3.693627733993777e-8
3.653562762774493e-8
3.613427506116566e-8
3.5750483244300724e-8