4.794745089221707e-11
5.28119046667434e-10
1.011784639245602e-9
1.5020914301825731e-9
2.0022415476582645e-9
2.515315228079657e-9
3.0445187353837237e-9
3.5926821355348973e-9
4.16315668142229e-9
4.758601964643393e-9
5.3821120199970276e-9
6.036261857448329e-9
6.723688107645562e-9
7.446814140706743e-9
8.20768937490522e-9
9.008570185076049e-9
9.850442288385313e-9
1.0734865850740179e-8
1.166242180991748e-8
1.2633100939885048e-8
1.3646242074523209e-8
1.4700655215958059e-8
1.5794163455255355e-8
1.6923620085002514e-8
1.808464138904717e-8
1.927157999640845e-8
2.0477877507791742e-8
2.1695169107831798e-8
2.2913244486827465e-8
2.4120661094838533e-8
2.5303716721396327e-8
2.644692198790179e-8
2.7532742351900006e-8
2.854141619068727e-8
2.9450793127721746e-8
3.023843625397471e-8
3.0873567405501294e-8
3.1332420725147137e-8
3.1583805272436025e-8
3.159670652185277e-8
3.1339922597670084e-8
3.0782273622126094e-8
2.9899154599677825e-8
2.866641501293053e-8
2.707168079558796e-8
2.511754540452318e-8
2.282774965325504e-8
2.025530925346318e-8
1.7493226479302648e-8
1.4682918707504504e-8
1.2019934546882001e-8
9.753004639384682e-9
8.17193313566483e-9
7.588620743292606e-9
8.337918367524532e-9
1.0885751735807976e-8
1.6304676273089426e-8
2.805300172484241e-8
6.053566345807889e-8
2.2376744828107632e-7
0.0000716180560422581
2.6657165256134763e-7
6.110084926163664e-8
2.5876847477822947e-8
1.398861735241679e-8
8.62605502810613e-9
5.774951175096414e-9
4.08879811993808e-9
3.014175969759889e-9
2.2902350654332172e-9
1.781200933591512e-9
1.4108632414054088e-9
1.1338247056767982e-9
9.21708171060334e-10
7.560519051622691e-10
6.244298918716552e-10
5.182261205360865e-10
4.313008951456766e-10
3.5915654245411477e-10
2.983851872689797e-10
2.462567379137136e-10
2.0028400096329467e-10
1.5714876054033245e-10
2.4611211631596962e-8
6.145000542938113e-8
7.927977149698935e-8
9.104054868610069e-8
9.919668697166071e-8
1.0537858815335227e-7
1.0974754726297895e-7
1.1303805907676015e-7
1.1539714024808779e-7
1.1691992839986567e-7
1.1803191200160184e-7
1.1879681906259045e-7
1.188285182926728e-7
1.1859569177379585e-7
1.185227372671e-7
1.1829549034687287e-7
1.1760051379237902e-7
1.1688604158330468e-7
1.159660443674708e-7
1.1525262162447837e-7
1.1393369278297441e-7
1.1298055348853227e-7
1.119267624826647e-7
1.1069303956707458e-7
1.0953762887994375e-7
1.0830558538466004e-7
1.0720399129112449e-7
1.0638160082372554e-7
1.0499940979215036e-7
1.0352274236638058e-7
1.0228422373549441e-7
1.0150583702821544e-7
1.0030804810987225e-7
9.884255963665615e-8
9.784003259343247e-8
9.656179449733493e-8
9.516340175305483e-8
9.425515908473158e-8
9.24468853289154e-8
9.181858830763188e-8
9.05885828071148e-8
8.937492449089324e-8
8.838540844844322e-8
8.712685867510078e-8
8.633241898070428e-8
8.511465102625722e-8
8.401924140468056e-8
8.300849373171684e-8
8.179324295226116e-8
8.090370470758248e-8
7.980493769386202e-8
7.883883788532739e-8
7.784116910847819e-8
7.690987711253268e-8
7.57782801345353e-8
7.49438934405413e-8
7.392192634396506e-8
7.305572277509034e-8
7.214905859702287e-8
7.118774442985796e-8
7.034591888933365e-8
6.939759939006252e-8
6.86095927922116e-8
6.776926768502909e-8
6.68561514332403e-8
6.60864205324124e-8
6.524799540741542e-8
6.443656170096874e-8
6.36440611102832e-8
6.286582384517966e-8
6.208337788123135e-8
6.127574251954955e-8
6.059677310188345e-8
5.980263397962948e-8
5.912402822749601e-8
5.841906373350603e-8
5.768625778093152e-8
5.6931660786160316e-8
5.631440808618367e-8
5.565512120049575e-8
5.4982670880016666e-8
5.426506999788912e-8
5.3614916702510777e-8
5.3035697536754845e-8
5.241855936958396e-8
5.179768656938558e-8
5.1172623234407435e-8
5.051914539515208e-8
4.9920664845243894e-8
4.939577704375081e-8
4.88256122345662e-8
4.825855640976276e-8
4.7701830755675194e-8
4.714134631642787e-8
4.6555964151489214e-8
4.60539640944505e-8
4.553178609208055e-8
4.501447149671595e-8
4.450940324627407e-8
4.400477482229086e-8
4.3498960346023565e-8
4.29945917274482e-8
4.2491007675642155e-8
4.2022575436590505e-8
4.156659894808848e-8
4.111221456623104e-8
4.065453570498103e-8
4.019883520847963e-8
3.975962245442904e-8
3.930781329484868e-8
3.886237902801466e-8
3.84461271579127e-8
3.803519956906808e-8
3.761825657232809e-8
3.721730195014086e-8
3.680461735385008e-8
3.6398294640732985e-8
3.601740503197212e-8