2.4131843425663112e-14
2.6548250701649833e-13
5.069940696434967e-13
7.488141831522362e-13
9.910934476285588e-13
1.2339837811302055e-12
1.477641040899818e-12
1.7222295353764757e-12
1.9679169726718887e-12
2.214879694355435e-12
2.463302020241673e-12
2.7133739509379166e-12
2.96530346850822e-12
3.2193209931055407e-12
3.475647809967824e-12
3.734520070761006e-12
3.996232198640372e-12
4.2610684388511156e-12
4.5292941925003266e-12
4.801309588538932e-12
5.0774157165331484e-12
5.358031619625365e-12
5.643579497577592e-12
5.934496464744714e-12
6.231307169915779e-12
6.5346001037253784e-12
6.84479875632296e-12
7.162705615497033e-12
7.488920421605932e-12
7.82427876957449e-12
8.169539736982594e-12
8.525633562407333e-12
8.893530105126263e-12
9.274275876740607e-12
9.669113357931424e-12
1.0079270215239263e-11
1.0506120008198658e-11
1.0951196961899393e-11
1.1416167157464176e-11
1.190279399996698e-11
1.2413095452793222e-11
1.294918707330219e-11
1.351349457737072e-11
1.4108484711482653e-11
1.4736944123976757e-11
1.5402084301905567e-11
1.6107056026526102e-11
1.6855536453690034e-11
1.7651512362259632e-11
1.8499279716760823e-11
1.9403491467481024e-11
2.036934603634609e-11
2.1402320628946956e-11
2.250863558328414e-11
2.3695032877556863e-11
2.496816681321338e-11
2.6336478314076497e-11
2.7808154011229713e-11
2.939273775500855e-11
3.109998617469284e-11
3.294094445645689e-11
3.492770903061664e-11
3.707316986287336e-11
3.9391121341432104e-11
4.1897107579898364e-11
4.460712072624035e-11
4.753935687542934e-11
5.0713210871243913e-11
5.4149172178696e-11
5.787012086459184e-11
6.190022922039753e-11
6.626659356669081e-11
7.099660296848224e-11
7.612094938069323e-11
8.167376380220844e-11
8.768834829644827e-11
9.420512899815211e-11
1.0126369743145263e-10
1.0890693623823562e-10
1.1718308609026462e-10
1.2614153761018642e-10
1.3583370434883168e-10
1.4631998129695665e-10
1.5765572418425023e-10
1.699086621779788e-10
1.8314551592783343e-10
1.9743597639382004e-10
2.1285587542557319e-10
2.2948374690206256e-10
2.4740129271903465e-10
2.6669068703258396e-10
2.8745140266539364e-10
3.097617594550267e-10
3.3372749770569357e-10
3.5943426383132303e-10
3.869843746450381e-10
4.164758036813485e-10
4.4799915084189237e-10
4.816601007159033e-10
5.175433322788261e-10
5.557417884080032e-10
5.963338809043414e-10
6.393923798635423e-10
6.849817945787377e-10
7.331484797440362e-10
7.83929801403059e-10
8.373344592340233e-10
8.93350589070489e-10
9.519439047802099e-10
1.0130379736300326e-9
1.076530475500244e-9
1.14226966266354e-9
1.2100587599874427e-9
1.2796435499144894e-9
1.350720477567813e-9
1.4228954817577855e-9
1.495732698843312e-9
1.568686648926697e-9
1.641181096901476e-9
1.7123920154374846e-9
1.7816092917873404e-9
1.8478584254012812e-9
1.910126565574769e-9
1.9672593942756305e-9
2.0180009959187465e-9
2.060973711067012e-9
2.0947133798170593e-9
2.117677861682072e-9
2.1282621497260875e-9
2.1248524440362554e-9
2.1059407130228645e-9
2.0700252939971498e-9
2.0160479538252927e-9
1.9432384243667386e-9
1.851513441901657e-9
1.7416695054205635e-9
1.615697199762617e-9
1.4770855744534902e-9
1.3311968087948092e-9
1.1855502955772826e-9
1.049929347005867e-9
9.36361010026972e-10
8.58831273774888e-10
8.330102991049758e-10
8.76566693992753e-10
1.0117231680803493e-9
1.2737276528965816e-9
1.7345053084092686e-9
2.569782437971603e-9
4.285207553719712e-9
8.782100092945029e-9
2.8758102616152404e-8
1.1419596111631885e-6
5.567190389050361e-8
1.073839783403792e-8
4.251107827560689e-9
2.194471055694042e-9
1.2992726708254724e-9
8.345359778710841e-10
5.640368964164375e-10
3.92898516107685e-10
2.7664219895073987e-10
1.9024559622662064e-10
2.7109212978898298e-8
5.008840642759894e-8
6.060600761001143e-8
6.654907082004572e-8
7.014649628864913e-8
7.218610461029013e-8
7.335361791770505e-8
7.388006917887348e-8
7.402200411372913e-8
7.37344493626713e-8
7.315191298016259e-8
7.296666128397555e-8
7.170067125016475e-8
7.099881011336347e-8
7.010188335208245e-8
6.916563077151064e-8
6.82300410478556e-8
6.720038335341484e-8
6.616036749354464e-8
6.525190864609835e-8
6.471511439142712e-8
6.333234148658613e-8
6.227060853903985e-8
6.150958686509249e-8
6.060105871259373e-8
5.9544533519018375e-8
5.8819485301904206e-8
5.786788495217604e-8
5.71136134540799e-8
5.61568914589032e-8
5.53156402046807e-8
5.4643170065083354e-8
5.389040738651043e-8
5.299968179088498e-8
5.2241301433828264e-8
5.1628702250826516e-8
5.082125182242196e-8
5.0074319919855686e-8