5.171350675307041e-13
5.6973858698537405e-12
1.0922184431772177e-11
1.623234310434782e-11
2.1669562627794623e-11
2.7276352788730856e-11
3.3096676657151054e-11
3.9176412128335855e-11
4.556330303003344e-11
5.230762044695565e-11
5.946154257929646e-11
6.708602782266333e-11
7.523541977751049e-11
8.397727241082594e-11
9.337972171979237e-11
1.0351911104884033e-10
1.144720153226085e-10
1.2633033671784086e-10
1.3917927250890695e-10
1.531272794831503e-10
1.6827782131498326e-10
1.847549776719997e-10
2.0266970857305384e-10
2.2218285780263782e-10
2.4343584776259867e-10
2.665838775075662e-10
2.9180246778516684e-10
3.1927975386859725e-10
3.49224606159344e-10
3.8185748067722487e-10
4.1740525313062276e-10
4.561431659559629e-10
4.983327187496168e-10
5.442265280385002e-10
5.942369524208923e-10
6.486210441727828e-10
7.077651410510116e-10
7.720379481019029e-10
8.418851643251215e-10
9.177674591058206e-10
1.0000545393200385e-9
1.0892305059546366e-9
1.1859145106211662e-9
1.2905680475788556e-9
1.4037796644005885e-9
1.526145622773921e-9
1.6582036895876875e-9
1.8007097333414485e-9
1.954246582339522e-9
2.119394601672171e-9
2.296881157496085e-9
2.4874497173893284e-9
2.6916014825939057e-9
2.909990098499099e-9
3.143391873690205e-9
3.392338617597532e-9
3.6572493294683624e-9
3.938736260163898e-9
4.237178464605664e-9
4.552865542547183e-9
4.8859735157461544e-9
5.236536795620176e-9
5.604777021438274e-9
5.990170077401958e-9
6.392635756030293e-9
6.81106984071761e-9
7.244905297362282e-9
7.692938427612791e-9
8.153685329274587e-9
8.625459772214186e-9
9.106339269876371e-9
9.59355697894783e-9
1.0084646388950497e-8
1.0576399205366814e-8
1.1064783039414541e-8
1.1545435041811775e-8
1.2014399811430315e-8
1.2466921832560026e-8
1.2894018195790571e-8
1.3292696457346704e-8
1.3654691881182301e-8
1.3971485106709643e-8
1.4235597507269994e-8
1.4436609521563297e-8
1.4564397473289182e-8
1.4607950125835985e-8
1.4555127850061862e-8
1.4388988934349711e-8
1.4110366772368425e-8
1.369254687681933e-8
1.3129277483443946e-8
1.241155319823785e-8
1.1534857692011496e-8
1.0503281136300873e-8
9.33218625764459e-9
8.05379780257668e-9
6.721875607464121e-9
5.414743192089526e-9
4.234411616965169e-9
3.298083917223359e-9
2.723407642921404e-9
2.6149957537228732e-9
3.076981538349307e-9
4.309047807663808e-9
6.952681650064929e-9
1.3498432793431448e-8
3.828360177256125e-8
4.479147224854427e-7
1.961995017600734e-7
2.636991690354121e-8
9.561398545977572e-9
4.765383416001325e-9
2.7806287866319637e-9
1.7809216858392552e-9
1.2115072508358412e-9
8.584103101483007e-10
6.2514179657972e-10
4.629923851725042e-10
3.4498684782577473e-10
2.5443614262257223e-10
1.7626943948636343e-10
4.6441250916206e-8
6.787041106669443e-8
7.963165618498754e-8
8.69366882122546e-8
9.16079976467982e-8
9.477541408588811e-8
9.668152264922441e-8
9.710476005843205e-8
9.80119934512329e-8
9.764413627301971e-8
9.773204855873469e-8
9.710857943730652e-8
9.648703378842001e-8
9.509992860199492e-8
9.37385138497373e-8
9.314208260690102e-8
9.148158109294457e-8
9.028013431427636e-8
8.887805882373475e-8
8.914928122270594e-8
8.687817569418373e-8
8.573032361892227e-8
8.495047603199299e-8
8.125699338211002e-8
8.120618433598141e-8
8.056212923532919e-8
7.773961882704277e-8
7.757901407664307e-8
7.71042663021534e-8
7.582313784035013e-8
7.4861403794791e-8
7.439783130535269e-8
7.252869531023419e-8
7.166952883015363e-8
7.059122403719028e-8
7.019636651000973e-8
6.797646100860178e-8
6.774130823554158e-8
6.689819018495754e-8
6.623914489864138e-8
6.508507384540491e-8
6.421371687584992e-8
6.355322916853625e-8
6.264620572982028e-8
6.158678145267893e-8
6.117124161170728e-8
6.017543746950236e-8
5.948230361244507e-8
5.8748451147269316e-8
5.771437428762129e-8
5.723631739069733e-8
5.653999268830547e-8
5.5895055678376657e-8
5.520691386356759e-8
5.4612008414102016e-8
5.386924526108639e-8
5.3137072326381565e-8
5.2360343997913855e-8
5.191996205217296e-8
5.13488733464212e-8
5.07852883202872e-8
5.0160343152340484e-8
4.950781354519527e-8
4.899176775789517e-8
4.836788302745943e-8
4.7770572475211074e-8
4.730796450214296e-8
4.678713587377028e-8
4.628025757059856e-8
4.570445823004964e-8
4.515506480317291e-8
4.468673048716634e-8
4.420057107562305e-8
4.3728529694208834e-8
4.324732730258688e-8
4.276420654644364e-8
4.226962009423751e-8
4.170564193203226e-8
4.134460739244661e-8
4.093007320560243e-8