2.094583551929252e-12
2.3079535122891505e-11
4.426009415678907e-11
6.581695021571991e-11
8.793107561770115e-11
1.1079086222204496e-10
1.3460443458694528e-10
1.5951968844075547e-10
1.8579186537304511e-10
2.136237618753117e-10
2.432449262762441e-10
2.749006069572848e-10
3.0883958673912315e-10
3.4533411629017605e-10
3.846715388289156e-10
4.2716485512763264e-10
4.731491082796039e-10
5.2295859488781e-10
5.769822622831022e-10
6.356413307766961e-10
6.993209946837106e-10
7.68510313033477e-10
8.437234110717186e-10
9.25440877427726e-10
1.0142340165336647e-9
1.110745749448233e-9
1.2155079540326383e-9
1.329309584356314e-9
1.4528115362280307e-9
1.5865812015250459e-9
1.7319009400456929e-9
1.8891302073670928e-9
2.059093639279127e-9
2.243265229236287e-9
2.4420253386485995e-9
2.65644191381633e-9
2.8875257933356057e-9
3.1362736904389976e-9
3.403815459026264e-9
3.6909864559558063e-9
3.99869470029563e-9
4.327912214767677e-9
4.680007757798384e-9
5.055213336413257e-9
5.454651748475739e-9
5.87885886248322e-9
6.328532551933562e-9
6.803839484095996e-9
7.305140491458032e-9
7.832228661404201e-9
8.38530512155045e-9
8.96360253771278e-9
9.56618790044315e-9
1.0191910380082483e-8
1.0839361832156416e-8
1.150664572151621e-8
1.2191157662376455e-8
1.2889752518491587e-8
1.359962483519971e-8
1.4316473111586199e-8
1.5035335652304053e-8
1.5751644186989925e-8
1.6458828572928986e-8
1.7150811258630153e-8
1.7819015879660478e-8
1.8457534681898444e-8
1.9057418224335658e-8
1.9601634513282195e-8
2.0087499629121162e-8
2.0498842657311573e-8
2.082400562102265e-8
2.1047530303279098e-8
2.1153777939373793e-8
2.1125706671156084e-8
2.0932950148842387e-8
2.0587320768086625e-8
2.0049429449593734e-8
1.930633067406941e-8
1.8335718059796558e-8
1.7133073276290804e-8
1.5698279957906846e-8
1.404602270025558e-8
1.2213091717485527e-8
1.0266078920626838e-8
8.308099638345953e-9
6.479986842156856e-9
4.952298270504886e-9
3.9045979657174475e-9
3.500026004427003e-9
3.884056361043125e-9
5.2806768596556154e-9
8.383614694996615e-9
1.590355620873568e-8
4.2590521785562704e-8
3.615575704755815e-7
3.7664625084987017e-7
3.933917037798688e-8
1.3555623234378437e-8
6.624088137973111e-9
3.831868549108509e-9
2.4468327144757355e-9
1.665776470966361e-9
1.1850226222008331e-9
8.695363273904921e-10
6.519735687848222e-10
4.956908503205172e-10
3.79238773889904e-10
2.8902515518406057e-10
2.1483649897278395e-10
1.2732455752416472e-8
5.866120724564574e-8
7.62709843837357e-8
8.69308850382944e-8
9.381457072448558e-8
9.85287735882432e-8
1.0138190569285641e-7
1.0334983924098984e-7
1.0331114711671943e-7
1.050570724940503e-7
1.0499623585537843e-7
1.0344285927000969e-7
1.030594656311948e-7
1.0250465996012395e-7
1.0103611321754638e-7
1.0033058333342615e-7
1.0074793588881387e-7
9.87929064292243e-8
9.692513646659433e-8
9.597755018573537e-8
9.41417419706879e-8
9.287607597766602e-8
9.210909467823717e-8
9.047906095538942e-8
8.883331804492869e-8
8.767028205263841e-8
8.73927038783318e-8
8.557801771238526e-8
8.368510021237276e-8
8.403753493028233e-8
8.259389470435922e-8
8.20261795856433e-8
8.063056805905953e-8
7.968270728852414e-8
7.806135980321799e-8
7.740134205542506e-8
7.540218509336504e-8
7.364651142550092e-8
7.308494888030303e-8
7.263942188002526e-8
7.183894952994636e-8
7.098749806305278e-8
7.011733756395219e-8
6.893749507542564e-8
6.83769870745178e-8
6.756383345058046e-8
6.656539081641579e-8
6.558666816168397e-8
6.485734541692397e-8
6.403466597293576e-8
6.327786318330607e-8
6.250649694818773e-8
6.175114720538398e-8
6.084957413397434e-8
6.018616354756317e-8
5.932667446865865e-8
5.8787635296098475e-8
5.799274469200759e-8
5.729815985959377e-8
5.6660331536489574e-8
5.580578381461265e-8
5.525832559975448e-8
5.466113956529436e-8
5.398058768039179e-8
5.327136604044487e-8
5.2658118166854134e-8
5.211500438501714e-8
5.15384990768755e-8
5.090464997885156e-8
5.023343117386519e-8
4.963908053990408e-8
4.914430177335167e-8
4.861961076215728e-8
4.8043548619906474e-8
4.748397189444086e-8
4.6889931241361475e-8
4.6398772797001217e-8
4.5894025071296535e-8
4.540970807235245e-8
4.489743708856217e-8
4.440267439707249e-8
4.388130269040012e-8
4.334384352205706e-8
4.289022852116922e-8
4.246583827716089e-8
4.200995749490419e-8
4.155424336608108e-8
4.109515112577146e-8
4.0632545525341885e-8
4.0159293083092145e-8
3.9767121322462045e-8
3.935566188360574e-8