1.3759348200105786e-14
1.5136213054442323e-13
2.8901145191285494e-13
4.2674992627292785e-13
5.646205673026265e-13
7.02667323906826e-13
8.409348026776165e-13
9.794692293788737e-13
1.1183180625078854e-12
1.257530769861802e-12
1.3971590334872426e-12
1.5372559482961509e-12
1.6778777908679723e-12
1.819086767552198e-12
1.9609448595102832e-12
2.103517202739242e-12
2.246876563819217e-12
2.391100384419263e-12
2.5362688645892807e-12
2.682466411901432e-12
2.829801880207371e-12
2.978350365317502e-12
3.1282443780601087e-12
3.2795878971459657e-12
3.4325165593000712e-12
3.587168698140578e-12
3.7436815330772585e-12
3.9022345422910845e-12
4.0629986090628646e-12
4.2261692666794346e-12
4.391943805217668e-12
4.5605481460122525e-12
4.7322553648564845e-12
4.9073183731703585e-12
5.086031555217132e-12
5.2686984262379435e-12
5.455784043015411e-12
5.647438336491301e-12
5.84428032907701e-12
6.046694076767347e-12
6.255210322851679e-12
6.4703628549531574e-12
6.6926791955337575e-12
6.92296234380962e-12
7.161815597270059e-12
7.410028896937877e-12
7.668518844082223e-12
7.938206412356018e-12
8.220112073216075e-12
8.515258588761488e-12
8.824988633201261e-12
9.150695222480499e-12
9.493712517902977e-12
9.85559923763568e-12
1.0238383122688655e-11
1.0643780574051082e-11
1.1074009030723397e-11
1.1531120266816178e-11
1.2018117609950739e-11
1.2537446116844107e-11
1.3092265842552964e-11
1.36855753414159e-11
1.4321339609176737e-11
1.5003247607713444e-11
1.5735818628119225e-11
1.6523605709618775e-11
1.7372109174608027e-11
1.828657479852483e-11
1.927334889411428e-11
2.0339086560178886e-11
2.149120774799529e-11
2.273755075092677e-11
2.4087327354273607e-11
2.5549627080658888e-11
2.7134963796435585e-11
2.8854876534836847e-11
3.0720981066625523e-11
3.2748137507429113e-11
3.495042581597574e-11
3.734279059428086e-11
3.99448325886793e-11
4.277374713010152e-11
4.585050338086658e-11
4.919724034127868e-11
5.283842245882488e-11
5.680147189446338e-11
6.1115121324763e-11
6.58074978737607e-11
7.091445551152756e-11
7.647240135003403e-11
8.251994989674553e-11
8.91000211255088e-11
9.625968410031443e-11
1.040454809698229e-10
1.1251364513604853e-10
1.2172119711284618e-10
1.3172881033317852e-10
1.4260241746058176e-10
1.5441398077554736e-10
1.6723712462528653e-10
1.8115793263840912e-10
1.9625737615497434e-10
2.1263322594544556e-10
2.3037927469067678e-10
2.496000654091084e-10
2.704041996102484e-10
2.9291203549011614e-10
3.1723295252024795e-10
3.435194347201776e-10
3.7187523363549753e-10
4.024598607183586e-10
4.353929167576107e-10
4.708454377798261e-10
5.089540335534704e-10
5.498809866635204e-10
5.937669856142817e-10
6.407794551620404e-10
6.91054685511026e-10
7.447653604452192e-10
8.020394348462508e-10
8.630241465528715e-10
9.278445645438312e-10
9.966098948705415e-10
1.0694158281872129e-9
1.1463497657242865e-9
1.2274392480557471e-9
1.3127309612747244e-9
1.4022271866516793e-9
1.4958588777967856e-9
1.5935431435532982e-9
1.6951598967071647e-9
1.8005061187517248e-9
1.909340197149373e-9
2.021310869218431e-9
2.136075207215669e-9
2.2531381394661524e-9
2.371959928920229e-9
2.4918760110325465e-9
2.6122138792214993e-9
2.73185957451004e-9
2.8500914935989043e-9
2.9656668776054465e-9
3.0773441481945564e-9
3.183716361077187e-9
3.283157192637099e-9
3.373850011376108e-9
3.4539858812317884e-9
3.521235295387025e-9
3.5732642542228247e-9
3.6060556272690752e-9
3.621032812047586e-9
3.6109644874573267e-9
3.5742249900500872e-9
3.5074993074344275e-9
3.4079080431035486e-9
3.2728529900464472e-9
3.1004521185437654e-9
2.890197066581354e-9
2.6437481518063618e-9
2.365572429995935e-9
2.0643094582327823e-9
1.7534824583591907e-9
1.4521661578292467e-9
1.1843210479974698e-9
9.770254510517542e-10
8.574564676802067e-10
8.506675242637667e-10
9.824645340890882e-10
1.296774517592959e-9
1.9105444122693393e-9
3.1932190832058244e-9
6.595833863854805e-9
2.218848535486557e-8
1.3254860986964822e-6
3.611207896308614e-8
7.274966254254448e-9
2.89495328426567e-9
1.4858568245658961e-9
8.679789529073334e-10
5.448340643685452e-10
3.5368058495866096e-10
2.251359994467775e-10
3.600318236938827e-8
5.577817459387573e-8
6.468559992992848e-8
6.939687268553237e-8
7.186975978800017e-8
7.30292452888409e-8
7.341558167440639e-8
7.317832800383295e-8
7.266913241224989e-8
7.200803696223379e-8
7.103740958093925e-8
6.985099739158545e-8
6.917427277226761e-8
6.734196385351323e-8
6.64838851265648e-8
6.535457478675836e-8
6.880262628372273e-8
6.204019565350542e-8
6.109089545662786e-8