1.873655434094682e-12
2.0645117391186323e-11
3.959146755922942e-11
5.887268700317272e-11
7.865295033699257e-11
9.90966397371094e-11
1.2037613574905315e-10
1.4266972737924899e-10
1.661625737069212e-10
1.9105319223408783e-10
2.1753291009276064e-10
2.4582242972439283e-10
2.7616177903467136e-10
3.08791900153509e-10
3.4396950260968654e-10
3.819890643919133e-10
4.230698860506342e-10
4.676099448297478e-10
5.159264324118766e-10
5.683393707094442e-10
6.253869642728155e-10
6.873095710451022e-10
7.546124615039562e-10
8.278135869322143e-10
9.073384981624253e-10
9.937472205665085e-10
1.0877802002796419e-9
1.1898407862520948e-9
1.3006966114780209e-9
1.4209390319750931e-9
1.5513939984358263e-9
1.6926815372390163e-9
1.846017246913535e-9
2.011586082370613e-9
2.1907362701866892e-9
2.384217966520986e-9
2.5930677448176602e-9
2.8179388451565576e-9
3.0599990022011308e-9
3.320242870577138e-9
3.5996208779326517e-9
3.8990383533339826e-9
4.219455040075861e-9
4.561662468308068e-9
4.926525675156816e-9
5.314723350974311e-9
5.727165963535707e-9
6.164186113443939e-9
6.626299948504694e-9
7.1129266292205666e-9
7.625157978633397e-9
8.162189784500731e-9
8.723551081006371e-9
9.308734948460738e-9
9.916050773515558e-9
1.0544571651428868e-8
1.1191848775791851e-8
1.1856204232654142e-8
1.2534018731562368e-8
1.3222332516422388e-8
1.3917431951087644e-8
1.4614617208027928e-8
1.530884230755116e-8
1.599425425068054e-8
1.6664374699703656e-8
1.7312278359810066e-8
1.7929324730348026e-8
1.8510312367571624e-8
1.9036511931359785e-8
1.9505471309480064e-8
1.990219042813601e-8
2.0215083871301142e-8
2.042868933592395e-8
2.0527956085142616e-8
2.049695608662379e-8
2.0306315529675246e-8
1.9965518890115184e-8
1.944221842607504e-8
1.8711238091386852e-8
1.7763139761191534e-8
1.659095129424246e-8
1.5193750100380902e-8
1.3586413232435267e-8
1.1805685293153933e-8
9.917340818972376e-9
8.021942346785505e-9
6.256977155998665e-9
4.787971377193288e-9
3.788403736114343e-9
3.4155439963327692e-9
3.8106268515660435e-9
5.195521581954275e-9
8.260644213318759e-9
1.5701639188295032e-8
4.2253142864035235e-8
3.676632505112284e-7
3.5501226430018843e-7
3.8029349691676085e-8
1.3167332052059602e-8
6.44634932954022e-9
3.7322370112384615e-9
2.3840647977427486e-9
1.6231150205226438e-9
1.154435870690981e-9
8.467102434655083e-10
6.343847142102239e-10
4.817539613160613e-10
3.678782949488852e-10
2.794010858842616e-10
2.059002184918614e-10
2.605725144555004e-8
6.150555887817761e-8
7.777597735830422e-8
8.770264663642514e-8
9.421326671548837e-8
9.855996920991158e-8
1.0101578842281356e-7
1.0319965812942102e-7
1.0404995681176062e-7
1.0442954078449213e-7
1.0471597583449436e-7
1.0369355272781297e-7
1.0308244593564004e-7
1.022521773827095e-7
1.012301149612361e-7
1.009706069993448e-7
9.98509007137752e-8
9.785981961763163e-8
9.666761385839959e-8
9.497187032263665e-8
9.43977511917579e-8
9.296057786134916e-8
9.296244988542396e-8
8.925814617390786e-8
8.858565802474489e-8
8.707981507079163e-8
8.672068103336981e-8
8.550673878087887e-8
8.398315598532766e-8
8.30140434930834e-8
8.0791037024556e-8
8.112502891987434e-8
7.908409911687322e-8
7.899895419130636e-8
7.679004135309153e-8
7.594468049601971e-8
7.374664782432724e-8
7.362718717825643e-8
7.286508578527263e-8
7.226379959228999e-8
7.154821368885523e-8
7.020234343312868e-8
6.941525658168781e-8
6.861583919160081e-8
6.761327591551387e-8
6.692939999041965e-8
6.606323313983758e-8
6.470832869880162e-8
6.440373475945005e-8
6.343636140021514e-8
6.272669150865585e-8
6.194023388316287e-8
6.118862904258697e-8
6.035386013719992e-8
5.956305660466542e-8
5.884070020254625e-8
5.816730775344174e-8
5.7496503383186e-8
5.687478658601579e-8
5.6078688387952705e-8
5.540676973848607e-8
5.4810760308522715e-8
5.415097551690308e-8
5.3505362258784975e-8
5.289888945318324e-8
5.2257426741799353e-8
5.1676502084369524e-8
5.107107239233617e-8
5.0437714834689453e-8
4.9806457522395294e-8
4.9285186036943865e-8
4.875858205649426e-8
4.821734204774684e-8
4.76452765380952e-8
4.708489607262631e-8
4.651629345684276e-8
4.600282868634295e-8
4.5518094295293514e-8
4.5025126583254514e-8
4.452979618934164e-8
4.4027616751553487e-8
4.349996518363971e-8
4.3029687640712164e-8
4.2572104193597075e-8
4.212230960274451e-8
4.167649153121848e-8
4.121915172386441e-8
4.076144521102881e-8
4.031424038351818e-8
3.9865469857057755e-8
3.94628567312104e-8