6.318738406009699e-14
6.955921727722202e-13
1.3306629644733286e-12
1.9708752290730255e-12
2.6187052805758884e-12
3.2767319295223558e-12
3.947569950288188e-12
4.6340531607400265e-12
5.339059385621086e-12
6.065448414572682e-12
6.816920771159121e-12
7.596511395897048e-12
8.407970384562926e-12
9.255591218689824e-12
1.0143239750732552e-11
1.1075533143755832e-11
1.2058102585098674e-11
1.309563712512276e-11
1.4194420388324933e-11
1.5360603066052328e-11
1.6601596133944258e-11
1.7924824566105374e-11
1.933774519496116e-11
2.0851139492886224e-11
2.247345510260992e-11
2.4216058006982032e-11
2.6090501603588393e-11
2.810977347129396e-11
3.028805331053808e-11
3.264037529503383e-11
3.518373828372042e-11
3.793617317861079e-11
4.0917722474330647e-11
4.4150541640928095e-11
4.7658034014770023e-11
5.146645639978378e-11
5.5602671354454994e-11
6.010046298228777e-11
6.498980306558828e-11
7.03108460358222e-11
7.610152325254768e-11
8.240476783345255e-11
8.927135198319352e-11
9.674632092416936e-11
1.0488985596819953e-10
1.1376488019403752e-10
1.2343277966207928e-10
1.339626362006986e-10
1.4543661454619042e-10
1.5793907020096027e-10
1.7155546746013956e-10
1.8638765742423765e-10
2.0254253700641997e-10
2.2013395799892734e-10
2.3927411948635733e-10
2.6011564390173045e-10
2.827811363091231e-10
3.074177504790338e-10
3.3423541692498274e-10
3.633610941209572e-10
3.950010483126291e-10
4.293473011232094e-10
4.6661556530559e-10
5.070345583623677e-10
5.508336233965528e-10
5.982892258116824e-10
6.496355171685266e-10
7.051702445763215e-10
7.651867621939742e-10
8.299723579326998e-10
8.998585053166087e-10
9.751736202738996e-10
1.056248421432212e-9
1.1433985890102657e-9
1.2370003437793705e-9
1.3373758555952191e-9
1.444982203118561e-9
1.5599139163537096e-9
1.6827414238249459e-9
1.8136797444705344e-9
1.953011572524595e-9
2.1010153856828375e-9
2.2579714970193827e-9
2.4240567403742847e-9
2.599339791037955e-9
2.7839490173808135e-9
2.9778463190473755e-9
3.1810964371100224e-9
3.393361722968283e-9
3.6144679676592216e-9
3.844042426963796e-9
4.081460770661429e-9
4.326199011759451e-9
4.577375326592779e-9
4.833960884558666e-9
5.094892592520839e-9
5.3586908496803486e-9
5.623763771999932e-9
5.888393370655915e-9
6.150401693485102e-9
6.4078831178614336e-9
6.656832745130837e-9
6.895672506134611e-9
7.1206998034433345e-9
7.3279789211609214e-9
7.51383110220454e-9
7.673412393432918e-9
7.802542006014e-9
7.89379977910267e-9
7.943445909418581e-9
7.944208172276021e-9
7.889808522165168e-9
7.77295246786918e-9
7.586705660270506e-9
7.325089672804831e-9
6.982595329627324e-9
6.555628768000353e-9
6.04468680202667e-9
5.455064216123527e-9
4.8003498879532044e-9
4.103259841944601e-9
3.399293168303635e-9
2.736427804629899e-9
2.1725310860509622e-9
1.7698232929699647e-9
1.5871899073788257e-9
1.6780667111832628e-9
2.110271384760861e-9
3.046270471162436e-9
5.01039528060135e-9
1.0039901940590827e-8
3.095414585840944e-8
6.693728013780633e-7
8.514024433163608e-8
1.4561286528527721e-8
5.577399427897669e-9
2.8363225873102975e-9
1.6657707737931006e-9
1.0651684732743264e-9
7.185142414656946e-10
5.008070831615144e-10
3.543065981446209e-10
2.480509348782793e-10
1.5053939478110322e-10
5.2185069392688404e-8
6.73827757895701e-8
7.58011786007232e-8
8.086763180251322e-8
8.390717959081805e-8
8.557635336868486e-8
8.633929882873559e-8
8.679782185997039e-8
8.661301672484839e-8
8.554287352508941e-8
8.5224979942676e-8
8.550420956527149e-8
8.316935960669493e-8
8.272163506729205e-8
8.090546571532909e-8
8.009615140534264e-8
7.875476119697255e-8
7.762048718805579e-8
7.620428006992287e-8
7.485687298601584e-8
7.356084055257325e-8
7.328410700213178e-8
7.263713045760415e-8
7.056416027067595e-8
6.934245799854138e-8
6.799382658593877e-8
6.720258297851284e-8
6.577337788086012e-8
6.488583528745633e-8
6.489798238241921e-8
6.371083561675193e-8
6.246198813197727e-8
6.174688007601579e-8
6.065014646404464e-8
5.9514230566272085e-8
5.8654082528599484e-8
5.791528729234876e-8
5.7276984088113375e-8
5.640368101762461e-8
5.557189738625176e-8
5.4918544477857724e-8
5.434046417649609e-8
5.347951274748303e-8
5.291483274199098e-8
5.211746748656572e-8
5.1399159962828e-8
5.110503099378951e-8
5.0298023746234e-8
4.961129610697176e-8
4.8832853686995866e-8
4.834105043912301e-8
4.7854115607431586e-8
4.706306641195816e-8
4.6569497517800824e-8
4.6117728527349004e-8
4.544441429139015e-8
4.490293751579199e-8