2.7585764662393728e-8
2.895075299983499e-7
4.862611203780411e-7
5.765969356249561e-7
5.45206383865741e-7
4.0636700315623204e-7
2.1244099138393625e-7
6.006386259320889e-8
1.9476205790704688e-8
2.5029323809922686e-8
3.438246611991354e-8
4.919778872363633e-8
7.502243184672304e-8
1.2669098661157995e-7
2.5607765369088365e-7
7.630360023916338e-7
0.000010346154830047773
3.5537852704337104e-6
5.242378851958974e-7
1.9846446837303143e-7
1.0249099692790175e-7
6.18748870036354e-8
4.103616523125462e-8
2.897627020818153e-8
2.1395684379988976e-8
1.6334752256341334e-8
1.2797366129221338e-8
1.023403838985899e-8
8.321702318782593e-9
6.860446467493747e-9
5.7212648845119964e-9
4.817936176193899e-9
4.091093508349249e-9
3.498801721636981e-9
3.0107737424344625e-9
2.604705036756032e-9
2.2638844004503515e-9
1.9755979777792332e-9
1.7300390999570742e-9
1.5195490722201223e-9
1.3380788816445248e-9
1.1808013514132642e-9
1.0438275354522802e-9
9.239964902696082e-10
8.187173883592264e-10
7.258494679865574e-10
6.436095157533645e-10
5.704995062517801e-10
5.052488155880474e-10
4.467665605970584e-10
3.940998447757971e-10
3.463927363290661e-10
3.02836658741852e-10
2.625886314454673e-10
2.245742481903304e-10
1.8671178082956653e-10
2.3888345890780074e-8
8.43131352274029e-8
1.0863732734392279e-7
1.2320015927436637e-7
1.3280813540587632e-7
1.3939653525344385e-7
1.4392746959970655e-7
1.473963517772082e-7
1.494542035909964e-7
1.5062153396725523e-7
1.5218125608951064e-7
1.5231943462994236e-7
1.5294273006801018e-7
1.529842078821642e-7
1.5278216096344664e-7
1.522162534457459e-7
1.5171366897457426e-7
1.5042426666549071e-7
1.5047236823798562e-7
1.4957600826525228e-7
1.485437264018147e-7
1.4758750381906864e-7
1.461308422808818e-7
1.4485787222343003e-7
1.4365557262772885e-7
1.429139387340317e-7
1.412627051681582e-7
1.403279351338167e-7
1.3921477763591894e-7
1.3778075204227873e-7
1.3639104636292614e-7
1.3533897254603195e-7
1.3399724946939539e-7
1.3170630281999374e-7
1.3112055244320892e-7
1.2959664763135836e-7
1.277376703712686e-7
1.2669883832456138e-7
1.2519140643700562e-7
1.2359924328915077e-7
1.2210278867211105e-7
1.2026662336168763e-7
1.193067431015202e-7
1.1769792304064534e-7
1.1638978351634049e-7
1.1454705282046379e-7
1.135173136340351e-7
1.1177165736224086e-7
1.1051420707462976e-7
1.0915078965624317e-7
1.0749760422282838e-7
1.0630522132904875e-7
1.0488671132913486e-7
1.0315964628649633e-7
1.0215601451036552e-7
1.006562964511618e-7
9.938615992106059e-8
9.801364418128318e-8
9.672463133037725e-8
9.540121782047806e-8
9.412176696566285e-8
9.288298133859767e-8
9.158992155476265e-8
9.040105639603987e-8
8.911046293039245e-8
8.794978808689779e-8
8.675447022419785e-8
8.560747227545824e-8
8.446213431377751e-8
8.324918187266946e-8
8.218759648584526e-8
8.110533452887017e-8
7.991642289087574e-8
7.892644122103579e-8
7.783934673716998e-8
7.677674381624848e-8
7.576671502881108e-8
7.475275229000364e-8
7.373100484440603e-8
7.275342154781014e-8
7.179346639003965e-8
7.082027546028706e-8
6.987781052918056e-8
6.897255596125593e-8
6.805186984466591e-8
6.709275931741913e-8
6.625583846620029e-8
6.539241544774248e-8
6.454554216305209e-8
6.368723221981147e-8
6.285868083174384e-8
6.201673084028499e-8
6.122327945792404e-8
6.043412879190158e-8
5.96438583383068e-8
5.8869767490517315e-8
5.808789982126949e-8
5.73517764583644e-8
5.6637252847303e-8
5.5903369464419294e-8
5.518844823715597e-8
5.4485580096355716e-8
5.3776711302857275e-8
5.309700292573551e-8
5.243067318979815e-8
5.1779183975378455e-8
5.112543950102195e-8
5.048456014414876e-8
4.984996561716439e-8
4.9226189336118824e-8
4.86102177259436e-8
4.801061155819375e-8
4.7414824854268046e-8
4.682987415147056e-8
4.626018877575168e-8
4.568706604939277e-8
4.5140280446189556e-8
4.458220169115796e-8
4.4041006467194686e-8
4.3503251493031164e-8
4.2980409769733825e-8
4.246459369585986e-8
4.1958316812350315e-8
4.1454290771433e-8
4.0953174753957624e-8
4.047643142739137e-8
3.998296846688997e-8
3.951549149148149e-8
3.904815461848158e-8
3.8590280498228366e-8
3.8132322861414273e-8
3.769019633503622e-8
3.725600776352571e-8
3.6830889675828314e-8
3.639418652703746e-8
3.597156651053072e-8
3.5550631276465694e-8
3.5144831124920105e-8
3.474535372901968e-8
3.435371134191172e-8
3.3966494357724764e-8
3.358660282068032e-8
3.319989994297609e-8
3.282255117705464e-8
3.245119630364988e-8