1.3454092964097666e-12
1.4824303986404143e-11
2.8427433504325616e-11
4.226870033838321e-11
5.64631945033425e-11
7.113121150400112e-11
8.639207023947008e-11
1.0237644140221933e-10
1.1920929268730297e-10
1.3703949929103877e-10
1.560043379847237e-10
1.7626417662033358e-10
1.9797891158277102e-10
2.2132650779979797e-10
2.4649643168775843e-10
2.7367791193056854e-10
3.0307134660153743e-10
3.34983166423312e-10
3.6957455755401565e-10
4.071490265993812e-10
4.479748898922826e-10
4.923752877114782e-10
5.406486987457475e-10
5.931828166796649e-10
6.50342640745736e-10
7.125456208850343e-10
7.802136247086498e-10
8.537763242502596e-10
9.338033250502227e-10
1.0207671190307856e-9
1.1152881806408203e-9
1.2178453852229751e-9
1.3291457902324462e-9
1.4498792776228974e-9
1.5806630097361238e-9
1.7222779269439798e-9
1.875664540769781e-9
2.041100846092778e-9
2.219852655007042e-9
2.4126808981636523e-9
2.6203837814379235e-9
2.8438665908966877e-9
3.083993829846003e-9
3.3415579386403476e-9
3.617581259691922e-9
3.912716049035817e-9
4.227901209907117e-9
4.5637714888149865e-9
4.9210016986465915e-9
5.300290778216905e-9
5.702051980032856e-9
6.126292518344251e-9
6.573497979180335e-9
7.04357715121252e-9
7.536332212494368e-9
8.05128762330501e-9
8.587394354615895e-9
9.144012044700444e-9
9.719426276672083e-9
1.0312009732639652e-8
1.0919478205331868e-8
1.1539479118148178e-8
1.2168651087373069e-8
1.2803565665111474e-8
1.34397233577477e-8
1.4071777927631866e-8
1.4698038018184756e-8
1.530889318529763e-8
1.5898245740303037e-8
1.6460910095661633e-8
1.6986523596145354e-8
1.7462757633095755e-8
1.7886147243099497e-8
1.8242932992106095e-8
1.8521477516540627e-8
1.8708776059705672e-8
1.8790175386133678e-8
1.8751199513289486e-8
1.8566389140147392e-8
1.8240943309094885e-8
1.7747071444336305e-8
1.7062388795395078e-8
1.6180380662941998e-8
1.5092523528758162e-8
1.3800177169281764e-8
1.2319121928535438e-8
1.0684528081391445e-8
8.95904095542073e-9
7.237260516466003e-9
5.646523185553425e-9
4.3382785800831196e-9
3.469390505815127e-9
3.1810730941066713e-9
3.603111283513367e-9
4.951335952432598e-9
7.905339150819538e-9
1.511316173971453e-8
4.12446555852356e-8
3.864854222350311e-7
3.0042547113277176e-7
3.4472628141568495e-8
1.2096765109055623e-8
5.95311888281777e-9
3.45479133136835e-9
2.2089023528077922e-9
1.5038935665570884e-9
1.068868249688641e-9
7.827933719526264e-10
5.850781022506204e-10
4.4261378093635333e-10
3.358487764515331e-10
2.5196013105835866e-10
1.7882106729940274e-10
4.479534290820088e-8
6.842215822844256e-8
8.135316078102794e-8
8.951432855775675e-8
9.490786953631295e-8
9.769718489120517e-8
1.0056899027126665e-7
1.020381599001719e-7
1.0242288354630678e-7
1.01740905758619e-7
1.0145746426718156e-7
1.0178147242966122e-7
1.0134836409779318e-7
1.0024030509378787e-7
9.992057918833315e-8
9.843530843526217e-8
9.700098308403818e-8
9.548146137781085e-8
9.420388094204736e-8
9.360770970290361e-8
9.115118469969977e-8
8.926041202012996e-8
8.833541328085845e-8
8.728013871005388e-8
8.705069844950757e-8
8.517235953418933e-8
8.435574569280707e-8
8.315865202056642e-8
8.248139190842411e-8
8.040604140269254e-8
7.938740426230354e-8
7.79757087777146e-8
7.755505880577406e-8
7.543191518583275e-8
7.524678787014343e-8
7.361673611925414e-8
7.34616877812656e-8
7.230409107762043e-8
7.124490545962681e-8
7.01077074693642e-8
6.948439290887811e-8
6.886647998615847e-8
6.759341437268034e-8
6.678071811963962e-8
6.576312300148988e-8
6.504641619666767e-8
6.423904325043628e-8
6.358013700767705e-8
6.219900013446215e-8
6.181968518556105e-8
6.110543238452656e-8
6.032473306866421e-8
5.956254979562448e-8
5.8785369711386545e-8
5.8010882372332216e-8
5.7299134059788236e-8
5.6687489070675116e-8
5.6039479520632117e-8
5.535192562095863e-8
5.46384140867306e-8
5.4065548735973254e-8
5.345425990867485e-8
5.278057662391537e-8
5.202662562515144e-8
5.154761188555011e-8
5.097460779773596e-8
5.036453464289874e-8
4.973150401246523e-8
4.910003308683138e-8
4.8603967598648644e-8
4.8097196330043576e-8
4.756532182877649e-8
4.699130327708757e-8
4.6419982590614987e-8
4.591291954930725e-8
4.5408462321160027e-8
4.4930907028056736e-8
4.4434281105829924e-8
4.394508390152202e-8
4.344105048087456e-8
4.290645207681707e-8
4.245485381714247e-8
4.203785285381703e-8
4.158831882813692e-8
4.1137916688819495e-8
4.06870321852543e-8
4.022611127396908e-8
3.976688934618811e-8