1.1057243492681657e-10
1.2178939318835198e-9
2.3331431507902878e-9
3.4635427407872266e-9
4.616292530854144e-9
5.798353919681232e-9
7.016938489026599e-9
8.278401245501479e-9
9.589999028825613e-9
1.0957514674348496e-8
1.2387797166973333e-8
1.3885959186659667e-8
1.5458111556398672e-8
1.7108022791763482e-8
1.8840714819134383e-8
2.0658603203387125e-8
2.2564665096928762e-8
2.4560676617590912e-8
2.664667744624023e-8
2.882075564640144e-8
3.1082208740564466e-8
3.342514884377103e-8
3.5845047849451696e-8
3.8333397982267965e-8
4.088062774179417e-8
4.3475355159185484e-8
4.610200284328155e-8
4.874462377949577e-8
5.138466388104612e-8
5.400005470342184e-8
5.6567545565360735e-8
5.9057529629882026e-8
6.144199118348548e-8
6.369381114597865e-8
6.577111053480802e-8
6.763715206489074e-8
6.925929038617671e-8
7.058494343225378e-8
7.156703987417627e-8
7.211440150679453e-8
7.223469983466341e-8
7.183889941876647e-8
7.086082096905954e-8
6.912744388750315e-8
6.689467250935432e-8
6.377441811958908e-8
5.981780780807612e-8
5.499944174375264e-8
4.932966566906837e-8
4.289233151698044e-8
3.5876736826405e-8
2.8618960271256915e-8
2.1627940329798456e-8
1.5571790491792763e-8
1.119414855122087e-8
9.158278145978495e-9
9.942662851552257e-9
1.4153994618141165e-8
2.4253730657619502e-8
5.235624535344617e-8
1.9345162456766165e-7
0.00006080217049699756
2.3109223156348738e-7
5.288971592422656e-8
2.237313166062957e-8
1.2078707953081478e-8
7.4367477344987765e-9
4.9695378763907896e-9
3.5108401705207093e-9
2.5814182431915043e-9
1.955421380742928e-9
1.5153041798876407e-9
1.195090037525257e-9
9.55472855674754e-10
7.718719238449513e-10
6.282763275805204e-10
5.138778410467918e-10
4.211271626030165e-10
3.4454087481711497e-10
2.7987700579555043e-10
2.2330437335576103e-10
1.6890449626022584e-10
4.750166977989463e-8
7.694870085617227e-8
9.362870901524736e-8
1.04650036105188e-7
1.1221233908759129e-7
1.1767096812401156e-7
1.210961219671441e-7
1.2383558230473963e-7
1.2534027598011548e-7
1.2632281276420095e-7
1.2638488700721253e-7
1.2650296015879726e-7
1.258987344490349e-7
1.2559533885827126e-7
1.2510398233789793e-7
1.243028229444221e-7
1.2242471268416606e-7
1.2144092414037784e-7
1.2045650930192913e-7
1.1899510682342948e-7
1.17332196068427e-7
1.1658794968412637e-7
1.160251858928285e-7
1.1361956739368872e-7
1.1536632260595127e-7
1.1079964033527053e-7
1.1006914155149121e-7
1.0809069579517485e-7
1.0744716335633542e-7
1.0476547373557792e-7
1.0419994698375044e-7
1.0274540143787437e-7
1.0247355870695554e-7
1.004172364898346e-7
9.933469037639412e-8
9.733964877502413e-8
9.70855068600305e-8
9.536203139939849e-8
9.402022652936635e-8
9.300635889019869e-8
9.144923650409675e-8
9.068092581725134e-8
8.900097768931017e-8
8.851053687567878e-8
8.732279017761881e-8
8.582828875807246e-8
8.483593747763016e-8
8.383408291144328e-8
8.27410687915794e-8
8.172797401018739e-8
8.085940391544649e-8
7.954538649925472e-8
7.874668037343761e-8
7.767479867189709e-8
7.650508185716635e-8
7.572801726557462e-8
7.472453282477317e-8
7.387721126693679e-8
7.304200190613745e-8
7.192367761229292e-8
7.10777896180928e-8
7.021437560829152e-8
6.932589333278825e-8
6.861751758029225e-8
6.761932077422683e-8
6.676591222090802e-8
6.592523426494544e-8
6.51221030866126e-8
6.430319812688675e-8
6.354172651197154e-8
6.274138294057102e-8
6.179486949830368e-8
6.120543064256742e-8
6.048585261858486e-8
5.973234610126857e-8
5.895590670436457e-8
5.826346295200084e-8
5.758208515022208e-8
5.6902294147105704e-8
5.620379101645341e-8
5.5498393977899407e-8
5.4749875131520924e-8
5.415548170176387e-8
5.356179992390654e-8
5.292824090622884e-8
5.230215360656937e-8
5.167665610434174e-8
5.102781314931781e-8
5.0413022027172046e-8
4.9851254663211865e-8
4.929534023292499e-8
4.8721813259672284e-8
4.8158830285539723e-8
4.759401270934704e-8
4.7024594183149066e-8
4.6428986434266924e-8
4.593148016114939e-8
4.5425782088045305e-8
4.492201713198506e-8
4.440836685704443e-8
4.3896183644760805e-8
4.3402344806604605e-8
4.289718559637545e-8
4.2417969735888404e-8
4.195207581792305e-8
4.1483910867340497e-8
4.10267623557601e-8
4.056783478971913e-8
4.010037108643658e-8
3.967314080903407e-8
3.924049196847123e-8
3.880322416101492e-8
3.837913237610791e-8
3.796481424141149e-8
3.754535411852712e-8
3.7139980963163084e-8
3.6738188075990073e-8
3.634211925934238e-8
3.5955935943948e-8