1.0209408510696617e-13
1.1241972775231764e-12
2.1521296688011245e-12
3.1912360697234506e-12
4.246915141234342e-12
5.324875393296956e-12
6.4308130951946985e-12
7.570686363116698e-12
8.750913278980868e-12
9.978138776895458e-12
1.125937768556971e-11
1.2602129087562362e-11
1.4014466508237982e-11
1.550509478090136e-11
1.7083162034826052e-11
1.875910988958536e-11
2.054331581453983e-11
2.2447770047107867e-11
2.4485111614773016e-11
2.6669534918411825e-11
2.901571425766862e-11
3.154082164585385e-11
3.426200576684282e-11
3.719912298542954e-11
4.0373069405887574e-11
4.380794678244145e-11
4.752938451887226e-11
5.156222847545198e-11
5.593913362637698e-11
6.069245544872942e-11
6.58584194156792e-11
7.14735788659762e-11
7.758248112577694e-11
8.423262689804644e-11
9.14704937143611e-11
9.934802738519058e-11
1.0793959342463075e-10
1.1729607261315857e-10
1.2748327863785595e-10
1.3859895506524355e-10
1.5070803746676617e-10
1.6389703227162395e-10
1.782988043802131e-10
1.9395499748506964e-10
2.1102003252552183e-10
2.296213937270819e-10
2.4987496725928216e-10
2.71917553517838e-10
2.9595512199060503e-10
3.220914072346593e-10
3.5052929613008484e-10
3.8146349091092627e-10
4.15078378635867e-10
4.516030958873381e-10
4.913012711855171e-10
5.343829601330784e-10
5.811071894933644e-10
6.31777770993157e-10
6.866941657275132e-10
7.461240053219476e-10
8.104460814504382e-10
8.799612185986636e-10
9.550656531866645e-10
1.0360992102469072e-9
1.1234510323156213e-9
1.2175168803907718e-9
1.3186573477366738e-9
1.4274308609316862e-9
1.544099970630429e-9
1.6690661199712081e-9
1.8028107904989912e-9
1.945728828895757e-9
2.0981116598715796e-9
2.2604095432782976e-9
2.4327813911176564e-9
2.6157182691260623e-9
2.8093252021678758e-9
3.0137787756799656e-9
3.229257509011212e-9
3.455696198857514e-9
3.69303602890675e-9
3.94106414689799e-9
4.199546628683556e-9
4.467949899000395e-9
4.747947965962178e-9
5.03230640863972e-9
5.326378634367007e-9
5.627047832216034e-9
5.932898307901679e-9
6.242279172087966e-9
6.55337967274775e-9
6.8642077157072445e-9
7.17213198717207e-9
7.474451826993957e-9
7.768803046386186e-9
8.049793720405546e-9
8.315442793387104e-9
8.56098074289157e-9
8.781760449867717e-9
8.972233168200093e-9
9.127134432908763e-9
9.239617838810796e-9
9.303353059284427e-9
9.310683621449078e-9
9.254167895522429e-9
9.12547497644314e-9
8.91622397092274e-9
8.61973609023343e-9
8.228379364729976e-9
7.73837701014125e-9
7.148853585025595e-9
6.465706109156226e-9
5.70248371640391e-9
4.884804564687343e-9
4.0524016199806696e-9
3.259891253656979e-9
2.57462091269831e-9
2.0700646966941305e-9
1.8166342306450435e-9
1.8774499610898715e-9
2.327484722612503e-9
3.3388188762552068e-9
5.468013710163982e-9
1.0875035558383188e-8
3.285171264866346e-8
5.98310354699193e-7
1.037824424875499e-7
1.6895401989532396e-8
6.396598905825353e-9
3.2398763431097814e-9
1.901199609951094e-9
1.2172288641841387e-9
8.237559430525855e-10
5.775819756951074e-10
4.13076240252961e-10
2.961490961621836e-10
2.0498372534737912e-10
3.642763194074428e-8
6.09961703525252e-8
7.302376991592289e-8
8.012607555373289e-8
8.462649705569547e-8
8.727436101881819e-8
8.89372774571529e-8
8.96689066086675e-8
8.975292414792051e-8
8.850658469789725e-8
8.767094995925398e-8
8.821926557381849e-8
8.747102364758859e-8
8.631632095597598e-8
8.504872868925427e-8
8.400122744586993e-8
8.235813773027869e-8
8.099452580157433e-8
8.028855696442952e-8
7.866754244673216e-8
7.747019227170087e-8
7.6519011943222e-8
7.505508247214494e-8
7.648172989607048e-8
7.361957344734893e-8
7.186036759851033e-8
7.113392518353284e-8
6.99180940941086e-8
6.872334910201298e-8
6.785585330955185e-8
6.634643263367024e-8
6.502610187321448e-8
6.491004215218524e-8
6.25383860392584e-8
6.285676358206757e-8
6.17369997492054e-8
6.101893652192691e-8
6.069622711110918e-8
5.939398602846956e-8
5.878379015709281e-8
5.791140487322182e-8
5.719694127629489e-8
5.641795290968431e-8
5.539743866711087e-8
5.484142627594124e-8
5.4108620479738216e-8
5.3555605935629725e-8
5.287096217770026e-8
5.220217672550926e-8
5.155202031028172e-8
5.095947542746177e-8
5.009729124847448e-8
4.984519210449471e-8
4.912038115344208e-8
4.849674920987998e-8
4.792634085612177e-8
4.735438627438067e-8
4.678726954941689e-8
4.627638384403799e-8
4.567648248865621e-8
4.507955862515447e-8
4.467571125361176e-8
4.4169596107741567e-8
4.366284541493425e-8