2.7119012416114637e-8
2.8701526129167225e-7
4.937216643384008e-7
6.119933008384446e-7
6.252294809171893e-7
5.3631094777045e-7
3.6961020910445986e-7
1.7949248250938738e-7
4.9566443519440296e-8
2.1081030245133954e-8
2.784036085252708e-8
3.8819485090412076e-8
5.691848838757109e-8
9.02771113793046e-8
1.6307776755696146e-7
3.7685017985290495e-7
1.6394047138771718e-6
0.0001846238470125506
1.1469240982558145e-6
3.063377034663183e-7
1.3778386599774904e-7
7.724898876984765e-8
4.893053413381813e-8
3.348798385684884e-8
2.4175920689893217e-8
1.8146543827259476e-8
1.4030143212633397e-8
1.1102156093950622e-8
8.950381636944148e-9
7.326439534540818e-9
6.073520176535676e-9
5.088727892975087e-9
4.3023136793333475e-9
3.665667682150628e-9
3.144090707707311e-9
2.7122901924262475e-9
2.351487731476881e-9
2.047511840763054e-9
1.7895105422787625e-9
1.5690640201908375e-9
1.379561380277761e-9
1.2157554714874674e-9
1.0734398662384247e-9
9.492111551586193e-10
8.402916245406441e-10
7.443952798481727e-10
6.596252697488893e-10
5.843942064698823e-10
5.173610325571074e-10
4.5737959514850604e-10
4.0345442837088084e-10
3.5469871442816734e-10
3.1028613812710545e-10
2.693767158858559e-10
2.3095104190386037e-10
1.932217284081848e-10
1.475758042615131e-10
7.826471377302839e-8
1.05080039354345e-7
1.2086075416124844e-7
1.3107457271050766e-7
1.379404841250271e-7
1.4299427579505383e-7
1.4624037180638605e-7
1.4885542818024457e-7
1.5066929728328408e-7
1.5143396021590625e-7
1.5238669934417312e-7
1.5244699746565883e-7
1.528154383501642e-7
1.5227801764058232e-7
1.5204677259944347e-7
1.5123443879027067e-7
1.5095507525973773e-7
1.5009648704330315e-7
1.496141491738422e-7
1.4815191478929973e-7
1.4731832250803488e-7
1.4647099314366906e-7
1.4490201078410485e-7
1.4371191206914903e-7
1.4276848714321632e-7
1.4167077385576117e-7
1.401879683530754e-7
1.392005594083292e-7
1.3792603816972353e-7
1.3655391839812466e-7
1.3536742529246084e-7
1.339192464405773e-7
1.3173409346026037e-7
1.311449189866957e-7
1.2950032449764813e-7
1.2792986325772443e-7
1.2671269814010266e-7
1.251480200940751e-7
1.2362852973761592e-7
1.2197178177740554e-7
1.2040929273425073e-7
1.1933067987618835e-7
1.1761796630520803e-7
1.1641274160021239e-7
1.1437307873948403e-7
1.1353722444859062e-7
1.1183865971247331e-7
1.1051420779120976e-7
1.0919606107222186e-7
1.0760440811982403e-7
1.0628670694549617e-7
1.0494312897844209e-7
1.0304680393695535e-7
1.0215394822390821e-7
1.0072844848955723e-7
9.937744003268227e-8
9.806187484596525e-8
9.673691174855883e-8
9.542308876607324e-8
9.414316689550026e-8
9.290730200363612e-8
9.160148606597083e-8
9.043334732107344e-8
8.909412958806016e-8
8.798938632328445e-8
8.680608835756652e-8
8.563334298181043e-8
8.44869732852816e-8
8.329923343773135e-8
8.222398347670833e-8
8.112951866719795e-8
7.995724786451012e-8
7.895404557001005e-8
7.788704985319905e-8
7.679033063685208e-8
7.580883159057589e-8
7.477330537840699e-8
7.376692333057361e-8
7.27821420670688e-8
7.183690019391866e-8
7.086872190105023e-8
6.99175739642472e-8
6.901068381724785e-8
6.809689067803037e-8
6.713173554693385e-8
6.629132185216428e-8
6.544660701963537e-8
6.457434882947962e-8
6.371750207396908e-8
6.288626005336394e-8
6.205915107002292e-8
6.125001973570619e-8
6.047662721819086e-8
5.967300541035087e-8
5.889955606879039e-8
5.8128501723207974e-8
5.737887938696744e-8
5.666696843247342e-8
5.594152199024146e-8
5.521762537882975e-8
5.451488767725741e-8
5.382107760997397e-8
5.312766072447513e-8
5.245855292600123e-8
5.180778902681577e-8
5.115759537996183e-8
5.0513541642251636e-8
4.9879054598542905e-8
4.925518179960535e-8
4.863919047461904e-8
4.803829440911879e-8
4.744312129229931e-8
4.6858397150144484e-8
4.6288757217340796e-8
4.571559827270415e-8
4.516871708899418e-8
4.461047445182423e-8
4.406909678314889e-8
4.353218152441991e-8
4.3008425290772696e-8
4.249251886091435e-8
4.1986161121292846e-8
4.1481952775913876e-8
4.098064778820225e-8
4.050216282877573e-8
4.0010377963616984e-8
3.9542693336819015e-8
3.9074860054938325e-8
3.861718996681497e-8
3.815928373731763e-8
3.771692146812865e-8
3.728243230685231e-8
3.6856899431338976e-8
3.642075524547296e-8
3.5997914780393406e-8
3.558947258775629e-8
3.517079827528007e-8
3.477110217306067e-8
3.437917827157359e-8
3.3991722453269844e-8
3.361510131823874e-8
3.3225498110778365e-8
3.284788425036057e-8
3.247634337784925e-8