1.311290899173493e-11
1.4448116791374215e-10
2.770478369386207e-10
4.1189161159513597e-10
5.501799435005677e-10
6.929487558353445e-10
8.414405020249218e-10
9.967595162038553e-10
1.1601588252587507e-9
1.3328104224254097e-9
1.5161479698066817e-9
1.7114032252805448e-9
1.9201166183800975e-9
2.143482003782401e-9
2.383134325404303e-9
2.6409273313506666e-9
2.9180919744342527e-9
3.2163028452287774e-9
3.5374127379749786e-9
3.8833366575969886e-9
4.256088903639857e-9
4.65647819212377e-9
5.087679968092842e-9
5.5507567325950195e-9
6.047798966894208e-9
6.580489848251688e-9
7.151389471174397e-9
7.761048213610606e-9
8.412062901221509e-9
9.10519404714441e-9
9.841947232747532e-9
1.0623429875208404e-8
1.1449762920421919e-8
1.2321830972404765e-8
1.3239108801908498e-8
1.4201018535671564e-8
1.520755192001856e-8
1.6256259061215167e-8
1.734610560213042e-8
1.847209945251212e-8
1.962986787680956e-8
2.0818797308855623e-8
2.2029515274900712e-8
2.325655031155247e-8
2.4492895139643237e-8
2.5729097589346175e-8
2.6956488715931864e-8
2.8161092264334392e-8
2.9334931337377583e-8
3.046118660430904e-8
3.152902280958308e-8
3.2518633481369175e-8
3.3412315364904334e-8
3.4199046979205314e-8
3.483207163831054e-8
3.531566502617372e-8
3.5608380567853746e-8
3.5693087766700725e-8
3.553209257106993e-8
3.509430293744109e-8
3.435540105596925e-8
3.3275847998698386e-8
3.182743680836912e-8
2.998613614401869e-8
2.7738550479564065e-8
2.509370070923899e-8
2.2090002979097314e-8
1.8807727889545807e-8
1.5391774522980572e-8
1.2056252296771805e-8
9.082647423948397e-9
6.793005595352152e-9
5.499683515111891e-9
5.463078616012362e-9
6.9566404349279365e-9
1.0694018669978817e-8
1.952513236225493e-8
4.788217383722593e-8
2.7392873270575725e-7
1.4510016127161527e-6
7.471434089483359e-8
2.3060577760064807e-8
1.0805024234529936e-8
6.1266327354396505e-9
3.87427205247965e-9
2.6278906509559577e-9
1.870727620643016e-9
1.3788185540370678e-9
1.0425653080946919e-9
8.03289926503746e-10
6.273005365295277e-10
4.941092531160086e-10
3.905955919977633e-10
3.0784474109310663e-10
2.390739563021384e-10
1.7644513244015617e-10
4.382888020958195e-8
7.142862769813962e-8
8.670837802556972e-8
9.656219778599524e-8
1.0330416474303274e-7
1.0782077584000211e-7
1.1098338654338936e-7
1.1284121436274781e-7
1.140757191265139e-7
1.1460477272035534e-7
1.1451664213527479e-7
1.1422425150981034e-7
1.1288557567593686e-7
1.1299953107889737e-7
1.118614184054292e-7
1.1226805062188152e-7
1.0780685655819736e-7
1.0853862618823657e-7
1.0731046959551553e-7
1.0406316352727014e-7
1.0497807892155211e-7
1.0482487747976839e-7
1.015830404820541e-7
1.0162111354452913e-7
9.965873413195923e-8
9.832742105196101e-8
9.696383685439338e-8
9.48377339431366e-8
9.457730388885104e-8
9.302602057115847e-8
9.18823559445258e-8
9.03805830938375e-8
8.937639217146142e-8
8.73651014279637e-8
8.725934193598482e-8
8.601037966561497e-8
8.459757323162966e-8
8.375131896826752e-8
8.237324013443996e-8
8.149980273161855e-8
8.052240413499678e-8
7.923683142849611e-8
7.838455319843934e-8
7.687546428152121e-8
7.63533491621451e-8
7.534010268651879e-8
7.436932110357348e-8
7.339197216247528e-8
7.242946542335695e-8
7.154290086079878e-8
7.071893405921693e-8
6.97455017350395e-8
6.897183457160009e-8
6.79696498228259e-8
6.724531411098536e-8
6.63521787858522e-8
6.548437344046618e-8
6.46693035516381e-8
6.386144141493701e-8
6.308347860657216e-8
6.238196530300509e-8
6.17270159624293e-8
6.085721661088294e-8
6.01592297451412e-8
5.94230020857563e-8
5.852819733899122e-8
5.801809139743375e-8
5.7337601915277315e-8
5.666335377967252e-8
5.597815920446962e-8
5.5275954084111454e-8
5.4632330971461156e-8
5.402379820961317e-8
5.3363825735614896e-8
5.270082855048158e-8
5.200654724765384e-8
5.15229142497538e-8
5.09476219125854e-8
5.0352574402470866e-8
4.976218039713979e-8
4.9141804432544145e-8
4.854862716290153e-8
4.802689458851094e-8
4.7520399694694055e-8
4.6989480396532246e-8
4.645741109842812e-8
4.592867648897999e-8
4.5385422254191664e-8
4.485460606884847e-8
4.437057558444542e-8
4.3895623334700106e-8
4.342252197691764e-8
4.294755307498306e-8
4.24647526441346e-8
4.197894037270007e-8
4.149561131804224e-8
4.1068790591830657e-8
4.06338883386496e-8
4.020103534394882e-8
3.9763387832504504e-8
3.9325035773990726e-8
3.8891563290320964e-8
3.849096012953381e-8
3.808537712922523e-8
3.76702694981063e-8