9.714254694616026e-13
1.0703295176930304e-11
2.052336994285638e-11
3.051269074722901e-11
4.0753143963832504e-11
5.1329588847349686e-11
6.23285095110272e-11
7.38396008779136e-11
8.595990635931622e-11
9.878229548407723e-11
1.1241721210846968e-10
1.2697258743231346e-10
1.4256595865738738e-10
1.5932774231759957e-10
1.7738307485383764e-10
1.9688882839763167e-10
2.1798234097257083e-10
2.4084706546683903e-10
2.6564657055221056e-10
2.9258372359422856e-10
3.218613590438955e-10
3.537274039871662e-10
3.883816279426436e-10
4.261011785194661e-10
4.671603859392616e-10
5.118907578576321e-10
5.605708699695668e-10
6.136065194679246e-10
6.712693959459989e-10
7.340466754439494e-10
8.023127091885162e-10
8.765667070285541e-10
9.572471049921343e-10
1.0448823037537855e-9
1.140056196018638e-9
1.2432862400008275e-9
1.3552052286834595e-9
1.476462835108663e-9
1.6076817987344527e-9
1.749631460742737e-9
1.9029564784187428e-9
2.068378780532162e-9
2.246684395289972e-9
2.4389183235975814e-9
2.64553034732692e-9
2.8674691614123987e-9
3.1054498389184076e-9
3.3603894600553825e-9
3.6328481403935493e-9
3.923619367593881e-9
4.233394304056633e-9
4.5628306670175965e-9
4.912228134165905e-9
5.282351359375773e-9
5.6728715319186e-9
6.0844142148227595e-9
6.516935117633821e-9
6.96995114011999e-9
7.443262391657427e-9
7.935787081097013e-9
8.446917642455038e-9
8.975062824552762e-9
9.51875769714406e-9
1.0075997459190295e-8
1.0644219418232212e-8
1.1220718596741965e-8
1.1801988832687787e-8
1.2384663190600727e-8
1.2963745878677778e-8
1.3534950715508484e-8
1.4092812702054992e-8
1.4630718066065216e-8
1.514368443367739e-8
1.5619493542990362e-8
1.605449846480011e-8
1.64379310475261e-8
1.6759521930647952e-8
1.7008846389835857e-8
1.7172994959026217e-8
1.7239575927410618e-8
1.6928531151068596e-8
1.7015949119315763e-8
1.6705594676776794e-8
1.623967437627398e-8
1.559899354595934e-8
1.454927626825495e-8
1.3766027781186311e-8
1.2568310445227359e-8
1.1200869361287225e-8
9.697517389939398e-9
8.117733905721027e-9
6.5503686230362215e-9
5.113315681129988e-9
3.945598054100102e-9
3.1893188016119537e-9
2.9717816769054626e-9
3.4129534675933352e-9
4.723009734385793e-9
7.56961251196611e-9
1.4550231123298439e-8
4.024473868835218e-8
4.0610141393762133e-7
2.57758703906418e-7
3.139625572138908e-8
1.115067976819392e-8
5.513229279695783e-9
3.206125882874456e-9
2.0514365334907693e-9
1.3965002396433122e-9
9.91671765443775e-10
7.250468933499138e-10
5.404498965676794e-10
4.070728519897157e-10
3.065448648590885e-10
2.262231824401232e-10
1.4615374865846102e-10
5.539787729513164e-8
7.335739806576736e-8
8.39347222742025e-8
9.079239710128103e-8
9.467511005721159e-8
9.806832049550163e-8
9.982475479100907e-8
1.0062928708173339e-7
1.0078776717487222e-7
1.0072361046955386e-7
1.0060965262334881e-7
9.937949207171667e-8
9.915014242157462e-8
9.930208082724574e-8
9.671442616460321e-8
9.544577937283749e-8
9.481369072613856e-8
9.554032250713587e-8
9.258398036918979e-8
9.111254293589157e-8
8.966055713969927e-8
8.787093384842375e-8
8.596475304620864e-8
8.544969268534006e-8
8.677118704677785e-8
8.239948077246699e-8
8.255954989959073e-8
8.07697263431877e-8
7.943767195707138e-8
7.738461255255917e-8
7.713214965415098e-8
7.58262162426063e-8
7.541326645052261e-8
7.394190950192851e-8
7.309832717600113e-8
7.249081066814149e-8
7.133243795829649e-8
7.070774301558975e-8
6.913347162070961e-8
6.864594964223562e-8
6.741130200021568e-8
6.689265696729767e-8
6.575487256799149e-8
6.504995796068699e-8
6.401759293288666e-8
6.339599977178068e-8
6.261562741710995e-8
6.159651297481032e-8
6.100594820927514e-8
6.02833731269635e-8
5.974582694226146e-8
5.880058655698026e-8
5.805904582827295e-8
5.7304954371639664e-8
5.660978099880824e-8
5.592247703433456e-8
5.5318524410226164e-8
5.46033709107094e-8
5.3900460204844086e-8
5.334455795562462e-8
5.269420734420143e-8
5.196805207994257e-8
5.14419191170325e-8
5.0853534564057004e-8
5.030361818030838e-8
4.969855290962173e-8
4.9033076543246113e-8
4.84480598087045e-8
4.8002054526588934e-8
4.745345256628326e-8
4.693598582699253e-8
4.6361071138905224e-8
4.582010897242896e-8
4.530011351737342e-8
4.483705527006241e-8
4.434898198091438e-8
4.3867799402334587e-8
4.336604863895975e-8
4.28621768299927e-8
4.238140351879636e-8
4.193810631871975e-8
4.15043012953904e-8
4.105944488068437e-8
4.061755343457032e-8
4.016478145320831e-8