1.5016009113857018e-12
1.654548619913691e-11
3.1728059803752364e-11
4.717838889490273e-11
6.302378906606595e-11
7.939988961318944e-11
9.644235516682915e-11
1.1429479887793399e-10
1.3309689539073433e-10
1.5301262714673374e-10
1.7420390831939368e-10
1.968325675014299e-10
2.2110483381519433e-10
2.4720175308825635e-10
2.7533454955210814e-10
3.057159847550841e-10
3.386142490000139e-10
3.742323923473756e-10
4.1291230337151707e-10
4.548901160417591e-10
5.005661711326954e-10
5.50065870735968e-10
6.040553661433398e-10
6.627279411692559e-10
7.265530194714672e-10
7.959591221124596e-10
8.714857827046063e-10
9.535535665895758e-10
1.0427435117644385e-9
1.139656432451763e-9
1.244898396142167e-9
1.3590893011423502e-9
1.4829372804779575e-9
1.6171706511112569e-9
1.762478929315114e-9
1.9197149412691038e-9
2.089661397029457e-9
2.2731925426325054e-9
2.4711055715663997e-9
2.6842910692898605e-9
2.9143521253487764e-9
3.160464169870609e-9
3.425059252730674e-9
3.708857181358775e-9
4.011886575826407e-9
4.335733167562314e-9
4.680862164818787e-9
5.048262043132995e-9
5.438168346351025e-9
5.851146122535201e-9
6.287899186370856e-9
6.747569191877864e-9
7.2310705556699555e-9
7.73802507826971e-9
8.267823248011396e-9
8.81970829054963e-9
9.392593887172551e-9
9.985017071865407e-9
1.0595223891414777e-8
1.1220769195364502e-8
1.1859373442181199e-8
1.2507449247442818e-8
1.3161491744640108e-8
1.3817585512610599e-8
1.4470183723522706e-8
1.511458808794993e-8
1.5744063964903768e-8
1.6352236625501623e-8
1.693170208368818e-8
1.7475735284522793e-8
1.7967673620222827e-8
1.8405730770095015e-8
1.8775369548249413e-8
1.9064720773886556e-8
1.9260307581040875e-8
1.934754256347886e-8
1.9310700704420508e-8
1.9124081086496714e-8
1.8793499560567826e-8
1.8289736193653532e-8
1.7590420036970893e-8
1.6686995483018574e-8
1.5571699412211256e-8
1.4245524373616435e-8
1.2723824592577102e-8
1.1042289938624598e-8
9.264538823345698e-9
7.487161879485452e-9
5.840802510282859e-9
4.481363625430407e-9
3.571075071336937e-9
3.2562342380958897e-9
3.6702451488194308e-9
5.030903441190882e-9
8.021546106944333e-9
1.5306455977701882e-8
4.158005364588661e-8
3.801254555665996e-7
3.1709515151662624e-7
3.5600137797583285e-8
1.2438767083563375e-8
6.111200568316908e-9
3.5438695483404585e-9
2.2652010643388193e-9
1.5422397170495853e-9
1.0964047668989193e-9
8.033724513853518e-10
6.009626083629758e-10
4.552357256547811e-10
3.4620063871955415e-10
2.608884818658047e-10
1.8799985515164412e-10
3.990348272800964e-8
6.64053616357895e-8
8.029235109172878e-8
8.897439304596219e-8
9.469724743543694e-8
9.849396907732629e-8
1.0095778948767872e-7
1.0249975432336502e-7
1.0280471724976248e-7
1.0303882993820015e-7
1.0249763801039969e-7
1.0212663099322069e-7
1.0169997403622719e-7
1.0118011498424883e-7
9.778352043599241e-8
9.891970151749936e-8
9.802924017301276e-8
9.667431844966255e-8
9.309789078289796e-8
9.449542494089558e-8
9.430037680714728e-8
9.059660228612412e-8
8.929270203085378e-8
8.849165253979823e-8
8.775192930672222e-8
8.539957592900258e-8
8.478208490824998e-8
8.361303859572632e-8
8.290035367499218e-8
7.776808057763015e-8
8.083305073594214e-8
7.932543435442588e-8
7.724676551887152e-8
7.583169335151257e-8
7.524985043980607e-8
7.449571663355723e-8
7.345744095423472e-8
7.275616358167534e-8
7.21981412100522e-8
7.0647480991914e-8
7.026445994973699e-8
6.926170753874559e-8
6.819528591112056e-8
6.740807146160374e-8
6.62426798598612e-8
6.562734339596813e-8
6.472292265451568e-8
6.416523915245248e-8
6.31182074210413e-8
6.210879930479078e-8
6.15242238628227e-8
6.077195448848624e-8
6.00378556924588e-8
5.926771725616933e-8
5.8561736323619976e-8
5.7907712732658445e-8
5.7151504792528404e-8
5.639540733603737e-8
5.5804809005908814e-8
5.501424430231388e-8
5.449175011872311e-8
5.387022173567737e-8
5.322616542782457e-8
5.261763128130265e-8
5.1960478039360976e-8
5.138311023960169e-8
5.081527577962074e-8
5.018190491890162e-8
4.95625767136444e-8
4.901639754352279e-8
4.849731119467705e-8
4.795361167253361e-8
4.740340721447219e-8
4.682542115853579e-8
4.6270434471693666e-8
4.5757213059678086e-8
4.528818921178208e-8
4.4796665180471166e-8
4.430435899669332e-8
4.380469496821303e-8
4.3279346791003284e-8
4.281147679797732e-8
4.236117254773309e-8
4.191397765365762e-8
4.1465801402723524e-8
4.101728896256999e-8
4.0554219392223127e-8
4.011111429899355e-8
3.966777250100716e-8