1.6568668287882086e-13
1.8248353045293703e-12
3.495408665222295e-12
5.187911236196636e-12
6.913047416570052e-12
8.681727252055718e-12
1.0505347143958023e-11
1.2395641310163025e-11
1.4364923361302933e-11
1.6426307286811286e-11
1.859379288432254e-11
2.0881870826814834e-11
2.3306160211689282e-11
2.588354263140557e-11
2.8632748182138342e-11
3.15725688816214e-11
3.4724804100430226e-11
3.811187232266791e-11
4.1758573306233633e-11
4.5692474307156414e-11
4.9942026471810965e-11
5.4539995967952474e-11
5.952047720712094e-11
6.492113992495583e-11
7.078244479055714e-11
7.715109294944837e-11
8.407486930143519e-11
9.160239015378883e-11
9.979994582742695e-11
1.0871834211026796e-10
1.1843407732766676e-10
1.29023912152188e-10
1.4055841413877798e-10
1.5312597678295925e-10
1.6683398933140177e-10
1.8177234535381825e-10
1.9805347256853464e-10
2.1579856775547794e-10
2.351135529601334e-10
2.562228688622e-10
2.7918651602228375e-10
3.042052147253211e-10
3.314458121913916e-10
3.6109335951862836e-10
3.934018960006564e-10
4.2851957348483317e-10
4.667258087753329e-10
5.082422868265446e-10
5.533584979846402e-10
6.023497525196873e-10
6.555496519455323e-10
7.13224462507814e-10
7.757458244034817e-10
8.434928608259614e-10
9.167795448583569e-10
9.960626534489399e-10
1.0817205048133754e-9
1.1742157018985052e-9
1.2739683885993077e-9
1.3814075236411376e-9
1.4971157104700117e-9
1.6213380827206608e-9
1.7547493858608279e-9
1.8977341835685625e-9
2.0509562084223813e-9
2.2145203324601803e-9
2.389119640387641e-9
2.5751395066523305e-9
2.7729786348577075e-9
2.982770653472635e-9
3.2049499189508995e-9
3.4397914859501063e-9
3.6872954819406505e-9
3.947515313456786e-9
4.220411274047178e-9
4.505783785418665e-9
4.80325848603742e-9
5.112412175603927e-9
5.432429917285678e-9
5.762610135679663e-9
6.101631987603532e-9
6.448510773338326e-9
6.801498364297257e-9
7.1588267186999166e-9
7.518304052854706e-9
7.877538162997559e-9
8.233911922888375e-9
8.584020501167063e-9
8.925211495205787e-9
9.251380871347683e-9
9.560435770892172e-9
9.846534514283066e-9
1.0104473835835199e-8
1.0328228299656826e-8
1.0511363609161502e-8
1.0646634006352497e-8
1.072623577381077e-8
1.0741881404166227e-8
1.0681240523967628e-8
1.0545241577620172e-8
1.031406757997944e-8
9.982315887050161e-9
9.54215052679338e-9
8.988014489705663e-9
8.318534544954663e-9
7.538910456705271e-9
6.663597149574807e-9
5.720468339121084e-9
4.753178583388139e-9
3.823266269724403e-9
3.0076935302493637e-9
2.391769789339483e-9
2.058304744281015e-9
2.0810328723462634e-9
2.5425217943480244e-9
3.623555591267575e-9
5.909096273191441e-9
1.1668089166991501e-8
3.457698312749766e-8
5.434779701011232e-7
1.2533770581369762e-7
1.938179411675748e-8
7.25085001184884e-9
3.6567265897921084e-9
2.1431155008747056e-9
1.3729438463806944e-9
9.31210581139659e-10
6.556666829271111e-10
4.723611535123022e-10
3.434014126538821e-10
2.466598536957317e-10
1.5981351093424913e-10
5.12414237179249e-8
6.860596656853657e-8
7.832340600905479e-8
8.426725621187832e-8
8.805326935159255e-8
9.038201812657567e-8
9.169016358185225e-8
9.221572574141922e-8
9.218068636630118e-8
9.228965239721086e-8
8.921406401366612e-8
8.969327293464993e-8
8.996275164645774e-8
8.793459028614829e-8
8.660760653373757e-8
8.604658806108408e-8
8.427980683393462e-8
8.375782229281785e-8
8.260940645738567e-8
8.022840094080032e-8
7.980207135283231e-8
7.917819182277853e-8
7.693455333981007e-8
7.663030035939862e-8
7.555726892199298e-8
7.4241682297511e-8
7.343662725602638e-8
7.204785962690634e-8
7.034708892973721e-8
6.93588604392326e-8
6.877528781339211e-8
6.806859873362738e-8
6.678648735276345e-8
6.616609827657079e-8
6.512222207385274e-8
6.41653206175942e-8
6.319750488472717e-8
6.225374612627091e-8
6.149830208609748e-8
6.068501104066324e-8
6.009994756789957e-8
5.911939713183394e-8
5.818954924963233e-8
5.766609872935012e-8
5.6895981066489214e-8
5.5877662168765654e-8
5.511817964665141e-8
5.463595621667826e-8
5.381492144430133e-8
5.3161592560913124e-8
5.2612962989967895e-8
5.204664101181994e-8
5.132597146286651e-8
5.064724772046535e-8
5.016324249974898e-8
4.967142642772757e-8
4.8973086528249377e-8
4.83914590757116e-8
4.787040118336587e-8
4.7297940355404475e-8
4.6680167060229696e-8
4.614369120459107e-8
4.565242598494562e-8
4.514083399289802e-8
4.46298029827542e-8
4.4110211906486475e-8
4.35405671045711e-8
4.305058121023705e-8
4.2645891818606374e-8