1.8695885437437136e-8
2.0245954615150526e-7
3.7077775324535357e-7
5.118286418197096e-7
6.172214619460744e-7
6.822780302369352e-7
7.055177922519134e-7
6.877856612752081e-7
6.315442272372863e-7
5.408132233498382e-7
4.2226829506304947e-7
2.8800339148520954e-7
1.5925426373030408e-7
6.574364897369703e-8
2.82400478760555e-8
3.078171210569704e-8
4.498264129626365e-8
7.129289537728887e-8
1.290534155653852e-7
3.0063981742637203e-7
1.3497191461889141e-6
0.00008118298286743911
8.401580208387459e-7
2.2987651361267322e-7
1.0426687606447001e-7
5.8709971653830345e-8
3.728694604708083e-8
2.556633386434672e-8
1.8482446680614005e-8
1.3887767514996156e-8
1.0746418484837945e-8
8.509264114815647e-9
6.863390867596923e-9
5.620002463607956e-9
4.659778652854904e-9
3.904352930994558e-9
3.300562055604129e-9
2.8113289205010127e-9
2.4101695457802237e-9
2.0777674749083136e-9
1.7997724391516657e-9
1.5653479250377899e-9
1.366190205559385e-9
1.1958517992881477e-9
1.0492660201544093e-9
9.224070422783801e-10
8.12042932127552e-10
7.155535898832514e-10
6.307943670408611e-10
5.55992115005756e-10
4.896643646459691e-10
4.305540804723156e-10
3.7757347848587015e-10
3.2974884401205807e-10
2.8615136401032996e-10
2.457721355238553e-10
2.0716748598419447e-10
1.6645834362738712e-10
6.056980187228227e-8
9.506530066488992e-8
1.1388880587405773e-7
1.2596572650150933e-7
1.3398178280978403e-7
1.3955075877494308e-7
1.438983158823244e-7
1.4682364804746107e-7
1.4853427091058723e-7
1.4997411599867525e-7
1.5064191732503928e-7
1.5114318848761626e-7
1.5096688984039483e-7
1.5054557898045536e-7
1.5046388750539092e-7
1.5019164922313288e-7
1.4978154414195486e-7
1.4857835388276986e-7
1.4828584812499436e-7
1.467550189793487e-7
1.459448384860725e-7
1.4505358989521688e-7
1.4337924980707364e-7
1.4210071398679897e-7
1.4112496215162447e-7
1.4001320367794333e-7
1.3866374520625592e-7
1.3768485537828222e-7
1.362955090076317e-7
1.3487620252736384e-7
1.338001172591133e-7
1.32468509832566e-7
1.3029230589346788e-7
1.2956108756529349e-7
1.2810221302488347e-7
1.2609092072127425e-7
1.2520782059601563e-7
1.237113283369398e-7
1.2211125355441201e-7
1.2073442083869819e-7
1.1906549914762458e-7
1.1785742274020125e-7
1.1638074805757163e-7
1.149753973356653e-7
1.1335303618390574e-7
1.1218418774864802e-7
1.1028982629640999e-7
1.0927933938992636e-7
1.078638194295634e-7
1.063046645526171e-7
1.051093093326524e-7
1.036565047072337e-7
1.0216503819225217e-7
1.0098752917312932e-7
9.941870046833546e-8
9.830384031583818e-8
9.68989103672856e-8
9.561738606920661e-8
9.435080303978622e-8
9.307071815421639e-8
9.187535230699473e-8
9.062147176288634e-8
8.941892843499154e-8
8.820925400716397e-8
8.706776593720248e-8
8.57776017886371e-8
8.475273960213834e-8
8.360458061415872e-8
8.242790261299548e-8
8.138952655466168e-8
8.026988733617252e-8
7.917534241973156e-8
7.809027394826157e-8
7.708078829243623e-8
7.606934399276805e-8
7.503036165610879e-8
7.403483163687668e-8
7.304163603757084e-8
7.20464034781169e-8
7.11487408790643e-8
7.014941734538488e-8
6.925740723051093e-8
6.836481393989351e-8
6.744289997430552e-8
6.650531917566462e-8
6.568322967393e-8
6.483675039883413e-8
6.399094024588914e-8
6.311094758638046e-8
6.23192180969209e-8
6.15185573072402e-8
6.072757716420333e-8
5.994254087774502e-8
5.916252300188677e-8
5.837845368714927e-8
5.761924013431035e-8
5.691515789426284e-8
5.618738670154162e-8
5.5485844357680124e-8
5.477294646365703e-8
5.4076712348970225e-8
5.3377698162496825e-8
5.271363901725924e-8
5.2057353602405495e-8
5.141497541593134e-8
5.076403350322996e-8
5.013318025842178e-8
4.950594747297589e-8
4.8895066058307376e-8
4.8282801633896617e-8
4.768803804887188e-8
4.7103765237611374e-8
4.6531843960523724e-8
4.5961191620747085e-8
4.539707542083222e-8
4.485619293605691e-8
4.4307232794688325e-8
4.37745876233109e-8
4.324080179733248e-8
4.2726870829968675e-8
4.2209746080579644e-8
4.1716056939293754e-8
4.12136110036287e-8
4.072417146573561e-8
4.0247578599450685e-8
3.977770125906238e-8
3.9302237869652694e-8
3.8845175366530996e-8
3.8390273820513205e-8
3.79473111152812e-8
3.7495221765986373e-8
3.706536052595543e-8
3.664209295222419e-8
3.621816810595876e-8
3.579985014701432e-8
3.539388131292094e-8
3.499285863840243e-8
3.4593817800609424e-8
3.41995616615167e-8
3.382181186983819e-8
3.34365386509566e-8
3.3063252048268494e-8
3.268256821722704e-8