4.626025886368678e-12
5.097312788778522e-11
9.773906017505758e-11
1.4536897769263734e-10
1.9422090263204293e-10
2.4471462107996833e-10
2.972884957236215e-10
3.5237138997238864e-10
4.104333121358044e-10
4.718594050053092e-10
5.372567930334376e-10
6.071019273458836e-10
6.819818482095972e-10
7.623896519666354e-10
8.489771322000643e-10
9.423574981999686e-10
1.0433562723917912e-9
1.1525312837851273e-9
1.270607154454927e-9
1.3987627273306245e-9
1.5373866039722753e-9
1.687669105145182e-9
1.8504553614218032e-9
2.0267480901971947e-9
2.217704697610058e-9
2.4241109880828334e-9
2.647668527354076e-9
2.8891017164573286e-9
3.1497891007083233e-9
3.4307086297897327e-9
3.733844533585893e-9
4.059718883462682e-9
4.409895843606706e-9
4.785701790082366e-9
5.188415180397838e-9
5.619018534538727e-9
6.078718661825707e-9
6.4893734908385894e-9
7.005103296779042e-9
7.642747616355444e-9
8.22805601535698e-9
8.845869534484204e-9
9.497691030048546e-9
1.0180990655678363e-8
1.0896256263055657e-8
1.1643097348933588e-8
1.2419586613794312e-8
1.3224296319307039e-8
1.4054387692424213e-8
1.4907449895050054e-8
1.5779251020570542e-8
1.6666085995507304e-8
1.75628085847835e-8
1.846410706958851e-8
1.93632024738592e-8
2.0253163165372732e-8
2.1123250637716948e-8
2.1970224435427907e-8
2.2778770534950118e-8
2.3538425571876265e-8
2.4243179850192008e-8
2.486502935199912e-8
2.5401658913773103e-8
2.583307647845695e-8
2.6142386038956995e-8
2.6308792648816822e-8
2.631223836408038e-8
2.6130800199088364e-8
2.57409674760183e-8
2.4820882895661562e-8
2.4241543244135574e-8
2.309050329693451e-8
2.16489713793531e-8
1.9913620404283443e-8
1.789747444092852e-8
1.563866470464709e-8
1.3211477296611569e-8
1.0735210450693647e-8
8.378856703140003e-9
6.353748184879574e-9
4.889703832242592e-9
4.20040459258289e-9
4.46861141786805e-9
5.9353138000130254e-9
9.31193185490309e-9
1.7398478671358713e-8
4.49505442391633e-8
3.2101042747891126e-7
6.06683741999216e-7
5.077084732853048e-8
1.6820720573283452e-8
8.09569367336031e-9
4.6499751671816446e-9
2.9596579160858553e-9
2.0131724419166433e-9
1.4334944943630706e-9
1.0545911930253615e-9
7.94263980110098e-10
6.080896716317787e-10
4.703206281490772e-10
3.650710988510491e-10
2.817679096909345e-10
2.1197959235945247e-10
6.9256903940100634e-9
5.918922457839138e-8
7.777231167149684e-8
8.90802800168137e-8
9.657678296792565e-8
1.0155494941900465e-7
1.0488703879121223e-7
1.0708211884852358e-7
1.0851281491710015e-7
1.087288062032459e-7
1.0889024252288127e-7
1.0897398352764678e-7
1.0835064381086197e-7
1.0626591830707946e-7
1.0691099416190401e-7
1.0368975241782175e-7
1.0442297074164903e-7
1.0112763259797663e-7
1.016921794777116e-7
1.0020345285905203e-7
9.948939639487237e-8
9.861820563181796e-8
9.641940534312303e-8
9.50276326522436e-8
9.374947950494881e-8
9.265577447883779e-8
9.08742031968336e-8
9.04240553610542e-8
8.807111124684671e-8
8.74305450042403e-8
8.644406849459304e-8
8.589205478274032e-8
8.321418839089807e-8
8.292313343830343e-8
8.19938126176535e-8
8.13795024147985e-8
7.918693792051306e-8
7.917007662234589e-8
7.760489031462059e-8
7.678585430178975e-8
7.586224353158105e-8
7.414702078076985e-8
7.37902046937725e-8
7.277065639560279e-8
7.197473220256391e-8
7.081921601362506e-8
6.978186153820424e-8
6.885984504374636e-8
6.822324167437954e-8
6.727556915981623e-8
6.656532009125686e-8
6.567105567221181e-8
6.488780214973871e-8
6.411656768620575e-8
6.308985703005744e-8
6.242705879731883e-8
6.17626295289751e-8
6.101823198934258e-8
6.03043681064753e-8
5.9570672495468606e-8
5.8754111356244684e-8
5.8160472441592307e-8
5.737604946935728e-8
5.66631068334046e-8
5.605119794279479e-8
5.5404467549136526e-8
5.467551886056212e-8
5.407171441114934e-8
5.344175222723826e-8
5.284664218179485e-8
5.222656455413066e-8
5.1578046794527494e-8
5.091153364793202e-8
5.038824794444028e-8
4.9858026451838685e-8
4.928016600051445e-8
4.871845194704258e-8
4.812758700152279e-8
4.7555132825376936e-8
4.701453912748223e-8
4.652879626835028e-8
4.6026562068789046e-8
4.550519052046385e-8
4.499177161426851e-8
4.4459818841290835e-8
4.394168437680457e-8
4.348038201109516e-8
4.302797018496607e-8
4.256718506750418e-8
4.209999158044278e-8
4.163483110954962e-8
4.117320165921942e-8
4.070363069612899e-8
4.028180622687807e-8
3.986185158528679e-8
3.943179317074371e-8
3.901200146530483e-8
3.859134662310824e-8