1.0681054521391509e-14
1.1749593368014762e-13
2.243325041710646e-13
3.312105568663153e-13
4.381500796973479e-13
5.451712650246196e-13
6.522945701903025e-13
7.595410562004373e-13
8.669319939992683e-13
9.744893561083993e-13
1.082235878108548e-12
1.1901951409578393e-12
1.298390875100298e-12
1.4068491876470634e-12
1.5155958346621745e-12
1.624658643089448e-12
1.7340663607119306e-12
1.843849771624578e-12
1.9540414586578305e-12
2.0646745897454425e-12
2.1757866595155865e-12
2.2874134895698517e-12
2.3995994719512834e-12
2.51238657173557e-12
2.6258211310239445e-12
2.7399521099537287e-12
2.8548316818484242e-12
2.9705286389542028e-12
3.0870911022887996e-12
3.204590672605677e-12
3.323108346272827e-12
3.442706041958488e-12
3.563473700642943e-12
3.685506874915486e-12
3.808897213641877e-12
3.933760949866113e-12
4.060216579647489e-12
4.188375907017048e-12
4.318376566416453e-12
4.450383718835837e-12
4.58455272981944e-12
4.72105182520969e-12
4.8600789366419575e-12
5.00185435721182e-12
5.1465922049053445e-12
5.294521756238157e-12
5.445981269187267e-12
5.601172178822594e-12
5.7605538694766335e-12
5.924380103740255e-12
6.093068024425073e-12
6.267002728139664e-12
6.446667399350294e-12
6.632624856343721e-12
6.8253839496713145e-12
7.025503663009458e-12
7.2336730341110006e-12
7.450787458034752e-12
7.677370197282704e-12
7.914498593586729e-12
8.163046386126787e-12
8.423903668838337e-12
8.69841912976456e-12
8.987710146044145e-12
9.293238760987017e-12
9.616355941546766e-12
9.958970481086075e-12
1.0322556144400945e-11
1.0709178698980852e-11
1.112097379193583e-11
1.156025609853912e-11
1.202958020411294e-11
1.25317680728938e-11
1.3069788007115435e-11
1.3646987661613406e-11
1.4267154231607838e-11
1.49340172364521e-11
1.56522604207183e-11
1.6426310113505893e-11
1.7261470892732924e-11
1.816345582132264e-11
1.913848962119192e-11
2.0193061854533507e-11
2.1334885350237375e-11
2.257198815108212e-11
2.3912870032528284e-11
2.536701785274929e-11
2.694540140114041e-11
2.8658785592014406e-11
3.051983131024205e-11
3.2541977792358185e-11
3.4739809892376146e-11
3.712924907838509e-11
3.972772257466345e-11
4.2554014438579066e-11
4.562805450156941e-11
4.897267375967279e-11
5.261220834960939e-11
5.6571677315690576e-11
6.088022765364424e-11
6.556746800789168e-11
7.06672353421892e-11
7.621503651303097e-11
8.225029688492045e-11
8.88136032607961e-11
9.594891902864646e-11
1.0370683408580969e-10
1.1213649140973423e-10
1.2129539727200044e-10
1.3124148761635736e-10
1.4203884955923294e-10
1.537594840795737e-10
1.6647063173727133e-10
1.8025097294748684e-10
1.9518290567873802e-10
2.1135365737113147e-10
2.2885738428146192e-10
2.477869116937096e-10
2.682462436559881e-10
2.903421989846014e-10
3.1418678522710867e-10
3.3988435632484683e-10
3.675731020332756e-10
3.97358563991882e-10
4.293820390772266e-10
4.6375794557446407e-10
5.006232343314532e-10
5.40031118947289e-10
5.823219924244228e-10
6.27412320636327e-10
6.754930670612439e-10
7.266790554962368e-10
7.81066568087193e-10
8.387659859904688e-10
8.998327757572221e-10
9.643416645851123e-10
1.03236718424765e-9
1.103884776171419e-9
1.1789093158734438e-9
1.2573965285046031e-9
1.3392702652054306e-9
1.4243838086339669e-9
1.5126684855272692e-9
1.6038089565623592e-9
1.697601719785289e-9
1.7937020830105444e-9
1.89064783807875e-9
1.991136062569072e-9
2.0914947176657547e-9
2.192080011097457e-9
2.2922012211178275e-9
2.3909905181423104e-9
2.487570626171181e-9
2.5807697062918036e-9
2.6694636094390427e-9
2.752273541390711e-9
2.8277003856383576e-9
2.894085873531462e-9
2.949583170934629e-9
2.9921873209433385e-9
3.019665299181788e-9
3.02965671161094e-9
3.019622229780883e-9
2.9870116870917305e-9
2.9290761537111036e-9
2.8434787617364e-9
2.7280696247866204e-9
2.5813513831948895e-9
2.4029674827557423e-9
2.1951468929801583e-9
1.961439713809654e-9
1.709683153714882e-9
1.4518033435038549e-9
1.2041492651957893e-9
9.871530017323383e-10
8.235226117155063e-10
7.358387645891072e-10
7.449626323355739e-10
8.732651153621629e-10
1.1608333661078964e-9
1.715223715965842e-9
2.874399134739949e-9
5.969692204724691e-9
2.0417968917580526e-8
1.6165130469809525e-6
3.034925680737978e-8
6.264429276297258e-9
2.505392024914971e-9
1.2855360256934568e-9
7.480179020809068e-10
4.6538242701433006e-10
2.9584221776981653e-10
1.6681655943822331e-10
4.721632188575955e-8
5.9545362370518024e-8
6.550112307718022e-8
6.858397981313614e-8
7.001981708125906e-8
7.047719868279022e-8
7.041640730957086e-8
6.983537155462416e-8