5.1880196491428916e-12
5.716546782987742e-11
1.0962929643267102e-10
1.6302830637886216e-10
2.1780812599833353e-10
2.7443395317702493e-10
3.3337552884287925e-10
3.9512519053244917e-10
4.602049931551656e-10
5.290710873378363e-10
6.024182350554932e-10
6.806605506353752e-10
7.645246795559803e-10
8.544949197488561e-10
9.515904709940393e-10
1.0561273160529607e-9
1.1691131210693201e-9
1.2913181247390467e-9
1.423281228534885e-9
1.5663449225610016e-9
1.7213396110517532e-9
1.8891686036106715e-9
2.0707945663949967e-9
2.2674475842282107e-9
2.480222019664878e-9
2.7102167301235914e-9
2.958823866550509e-9
3.227201356652252e-9
3.5166501208277067e-9
3.82847002123196e-9
4.164093563478025e-9
4.524834900777413e-9
4.911802165835448e-9
5.326520097137808e-9
5.770169172910352e-9
6.244226413660152e-9
6.7491428161355365e-9
7.286211429642793e-9
7.856343400735264e-9
8.460025267523125e-9
9.097416311358726e-9
9.769039500434578e-9
1.0474532481148102e-8
1.1213087826373774e-8
1.1984167095321457e-8
1.278618990443513e-8
1.361682382076534e-8
1.4474420441121904e-8
1.5355613711084428e-8
1.6256933862592436e-8
1.7173289377677956e-8
1.8100676526215705e-8
1.9032669410055452e-8
1.9962867691170546e-8
2.0883129298583336e-8
2.1786125686280825e-8
2.266150314735816e-8
2.349888596220499e-8
2.4287158233109302e-8
2.5017147846002104e-8
2.5663156024875435e-8
2.6221635474067517e-8
2.6671432444956783e-8
2.6995992949048804e-8
2.717356710030353e-8
2.7183136782599164e-8
2.7003198424903233e-8
2.6607431502824168e-8
2.5972605449435106e-8
2.5075280017538434e-8
2.3894677137562514e-8
2.241407425440248e-8
2.0629939193634363e-8
1.8554024920187444e-8
1.622439149344472e-8
1.3717170833530052e-8
1.1153764732983463e-8
8.707685088394813e-9
6.596897561243914e-9
5.059841139855098e-9
4.318984307001788e-9
4.563748537114571e-9
6.0379754097902596e-9
9.454655275611475e-9
1.7623653563928845e-8
4.5284872680184586e-8
3.155132162823692e-7
6.566907910571207e-7
5.280747792223355e-8
1.7380937704553414e-8
8.344250250584313e-9
4.786995722229485e-9
3.0451099523508535e-9
2.070863838968488e-9
1.4746583001369352e-9
1.0851893397804251e-9
8.177462408663859e-10
6.26592751565322e-10
4.852500812749005e-10
3.7741771791704874e-10
2.923265509507071e-10
2.217018634835774e-10
1.5194056007526801e-10
5.516727936022169e-8
7.567448022753743e-8
8.797841508476459e-8
9.595599111017335e-8
1.0130457935702075e-7
1.0504523714738569e-7
1.0722636356246309e-7
1.083843795759415e-7
1.0932940427816258e-7
1.0942048522456333e-7
1.0974347962471058e-7
1.1034916864270767e-7
1.0888532802999792e-7
1.0771026933959038e-7
1.0635978165569718e-7
1.0529850986811614e-7
1.0341178026992911e-7
1.0201413076605396e-7
1.0206109609466195e-7
1.0014862775435414e-7
9.902874991793043e-8
9.909824731051029e-8
9.640746951892493e-8
9.496203162963556e-8
9.245950395199807e-8
9.270526220109e-8
9.063000068449557e-8
9.01741868861909e-8
8.847683601217906e-8
8.723118186306775e-8
8.567214903765547e-8
8.426678596008161e-8
8.398822046954043e-8
8.256535310579156e-8
8.160705571870105e-8
8.032596491420105e-8
7.911945256224417e-8
7.815903311177953e-8
7.755914938578133e-8
7.69048058499019e-8
7.544075142005545e-8
7.433485464148167e-8
7.337354081584838e-8
7.239597605878275e-8
7.164157452528063e-8
7.058651031900797e-8
6.961853147759941e-8
6.879542645391073e-8
6.805642704680587e-8
6.727913043123511e-8
6.642903104605805e-8
6.534211075878313e-8
6.466828649934343e-8
6.38533400552123e-8
6.313800121329597e-8
6.22288473683946e-8
6.155482809516965e-8
6.074443829342132e-8
6.005543988834438e-8
5.928895710774535e-8
5.869334030690326e-8
5.7897519155582365e-8
5.709093008501326e-8
5.656738734438436e-8
5.591477456947687e-8
5.5237018301953865e-8
5.4535262433317746e-8
5.387249462756025e-8
5.331215580202956e-8
5.2683290505805965e-8
5.205521955230281e-8
5.1365665628023216e-8
5.0781047121511365e-8
5.027038921999698e-8
4.9711447143460926e-8
4.9125253553104775e-8
4.855577814835543e-8
4.796557675578448e-8
4.744057218053859e-8
4.6902777400932846e-8
4.640724866734203e-8
4.58899678009734e-8
4.537939320436906e-8
4.4857214998756226e-8
4.430977022855606e-8
4.3805711489911805e-8
4.337301454781771e-8
4.291100091544797e-8
4.245265652546624e-8
4.1984270199809746e-8
4.1509497953510396e-8
4.1037262911281676e-8
4.059988611573476e-8
4.01806037788307e-8
3.974922045414521e-8
3.933420951318048e-8
3.890077623156348e-8
3.8484621399129864e-8