229653.82230102
229943.9893400985
230758.9840850873
232099.40258090736
233951.31372042358
236305.12976388898
239169.28957682315
242508.9501424037
246314.78023061497
250569.30951551863
255252.8473357505
260342.3750037919
265813.7460680612
271640.83007083996
277795.4131374764
284247.54183608724
290966.2063190113
297917.8817760919
305067.6551888505
312382.242771134
319821.87266888085
327349.3384112867
334925.61406992655
342510.5976949276
350063.5125973915
357545.85851612
364906.585224404
372112.0250004765
379116.24912896403
385875.82570226607
392347.3492255404
398487.10652090947
404251.36572621507
409596.39725719916
414478.54854056495
418854.3121098322
422680.39217252575
425913.727423506
428511.6195642444
430431.65690994076