299766.8017382262
300005.2483675706
300689.6895172617
301803.85449990013
303348.3257770436
305314.79656832
307693.6439676434
310472.85167182796
313638.60422902834
317174.82722877956
321065.1788930078
325288.3728165375
329823.65620118484
334648.0749247457
339736.7732682604
345062.449880837
350599.2986349962
356316.2140430183
362181.48536308086
368165.8553575919
374236.66240857216
380356.42866570456
386491.5065116512
392605.6328850207
398662.0395644896
404622.9059893212
410447.39653241914
416103.95983008016
421545.77833077195
426735.4616806464
431632.76260564185
436197.4821315366
440388.6885207966
444165.7199206661
447487.7210769169
450313.8664248327
452603.35549604404
454315.4818109013
455409.7610842524
455845.8503453701