48522.95325425262
48959.406396379476
50186.8504137078
52197.9941750167
54980.91221453386
58519.14913573016
62791.85657035699
67773.99318885396
73436.47706401539
79746.4715093297
86667.61288123441
94160.30439673462
102181.97452259155
110687.42097260438
119629.0649976742
128957.27956559387
138620.6828028083
148566.4283209272
158740.4920214922
169087.92639334258
179553.13659699983
190080.10061467363
200612.59339821115
211094.3919079723
221469.45641980643
231682.09356692908
241677.10152666667
251399.89991372408
260796.63893743724
269814.29383802135
278400.74429074913
286504.8379578118
294076.4438985912
301066.4907521497
307426.9966358603
313111.0878697708
318073.0106519528
322268.1311639665
325652.9385446658
328185.0296845423