80883.22492792098
81301.90422481838
82479.61045230858
84410.03385865861
87082.78607319234
90483.40040905209
94593.33175193742
99389.97870350412
104846.72514620173
110933.01367568652
117614.45964832319
124853.00267439816
132607.10855254033
140832.01556309726
149480.0172029602
158500.78765233964
167841.73188684962
177448.35417120752
187264.6366303765
197233.41631788955
207296.75118183804
217396.2679792792
227473.4855299418
237470.10334834806
247328.26255329238
256990.76688685952
266401.26909572707
275504.42386980745
284246.0074915895
292573.0074047473
300433.6866107861
307777.62172481255
314555.72629302455
320720.251562755
326224.7783727328
331024.1957483636
335074.6713463806
338333.61867568106
340759.6547067029
342312.5587538332