385466.04834986903
385180.1714737764
384375.91567854857
383055.94956528855
381223.1539672976
378884.9781776794
376049.0369752526
372724.46923480957
368922.0613731426
364657.37155778
359944.4466988304
354801.2831910869
349247.37344664737
343305.6256181517
337001.43642184214
330361.1109520838
323418.8237976209
316206.65534228383
308762.08739764715
301128.089315577
293350.56689691107
285478.5223082004
277568.56431543874
269680.35045836214
261879.50490377058
254237.14767525677
246830.12128481665
239740.69454116106
233056.48472046963
226869.65364835615
221275.94058770168
216372.84574688686
212257.6257949173
209023.40854409238
206756.18756782613
205529.02474610566
205396.95432328823
206389.762185863
208506.67165943078
211709.8243428457