1	1.9058484342040753e-12
2	3.811735395257066e-12
3	5.717569741716882e-12
4	7.623871400493713e-12
5	9.529638131872044e-12
6	1.1436646127004646e-11
7	1.3343331323421798e-11
8	1.5250253202200016e-11
9	1.7156180549019015e-11
10	1.9065621440329124e-11
11	2.0974987448007718e-11
12	2.2882566389190324e-11
13	2.4786491267376106e-11
14	2.669425911955734e-11
15	2.8603270718351352e-11
16	3.0523302199637554e-11
17	3.2429222039583663e-11
18	3.4339667106824446e-11
19	3.624930777555982e-11
20	3.8177602547654644e-11
21	4.007967970900744e-11
22	4.201055708877098e-11
23	4.3922220899380656e-11
24	4.584540674804543e-11
25	4.7733828577591754e-11
26	4.9677835086284296e-11
27	5.1604517168286e-11
28	5.3527637035235905e-11
29	5.545512212524096e-11
30	5.736267624367192e-11
31	5.929326335960388e-11
32	6.12252366384894e-11
33	6.3140278307031e-11
34	6.507862974850372e-11
35	6.701523566978082e-11
36	6.894795873186921e-11
37	7.08745339476182e-11
38	7.281487182946339e-11
39	7.479377708995619e-11
40	7.671070240827084e-11
41	7.861946725113658e-11
42	8.056708967907933e-11
43	8.254007725864342e-11
44	8.442297923337539e-11
45	8.637171029370058e-11
46	8.833285219692031e-11
47	9.030114124269457e-11
48	9.22367816048253e-11
49	9.426174971048374e-11
50	9.621108507795056e-11
51	9.815502193334053e-11
52	1.0009052273003982e-10
53	1.0207790145133605e-10
54	1.0408469268202344e-10
55	1.0613155019210584e-10
56	1.0807421785088228e-10
57	1.1006246582557327e-10
58	1.1202979594816611e-10
59	1.140551850606711e-10
60	1.1610763201753877e-10
61	1.1807775364245483e-10
62	1.2003462032713497e-10
63	1.2193949433688836e-10
64	1.2401062004470528e-10
65	1.258585087968605e-10
66	1.2808501635250492e-10
67	1.3013999849066696e-10
68	1.3197761282794176e-10
69	1.3396837504495696e-10
70	1.360175762057047e-10
71	1.3815714506624444e-10
72	1.4016616574552757e-10
73	1.42206036077006e-10
74	1.440762506101641e-10
75	1.4617594668011444e-10
76	1.4826639242313856e-10
77	1.503701258402466e-10
78	1.522788757397432e-10
79	1.543713637023809e-10
80	1.5637896194336653e-10
81	1.5841339568496937e-10
82	1.603808789735419e-10
83	1.6235783359154333e-10
84	1.6446472628639613e-10
85	1.6675384807718388e-10
86	1.687668266272205e-10
87	1.7106826681172139e-10
88	1.729227812790079e-10
89	1.7497323857053086e-10
90	1.7712691918522122e-10
91	1.7918081522469333e-10
92	1.812550763572032e-10
93	1.833411595487473e-10
94	1.8556422768022977e-10
95	1.8769927910018534e-10
96	1.8979322461820297e-10
97	1.9184743597893978e-10
98	1.937833244113937e-10
99	1.9607411994104614e-10
100	1.9828493080752414e-10
101	2.0038485311038212e-10
102	2.0253316835464926e-10
103	2.04701475839937e-10
104	2.0718990484131287e-10
105	2.0925837765280939e-10
106	2.1129282365285143e-10
107	2.134953157288601e-10
108	2.161694919812571e-10
109	2.1790443138332245e-10
110	2.2015570189020274e-10
111	2.2241332121201596e-10
112	2.2432996676707476e-10
113	2.2678757679056629e-10
114	2.291284640396983e-10
115	2.3121552296082174e-10
116	2.3321590962860234e-10
117	2.3520024930809594e-10
118	2.374983518652569e-10
119	2.399235823721478e-10
120	2.422421333877287e-10
121	2.4495633572268005e-10
122	2.468137183522281e-10
123	2.4883758091269813e-10
124	2.5114809768195855e-10
125	2.534069860021862e-10
126	2.5549652524887055e-10
127	2.577594253490613e-10
128	2.5942932564121924e-10
129	2.619163232524238e-10
130	2.644427966541733e-10
131	2.668213891208598e-10
132	2.6905353184250974e-10
133	2.7172732988308014e-10
134	2.7390317868158686e-10
135	2.765835392722669e-10
136	2.78870679265249e-10
137	2.809581786696308e-10
138	2.83332680744213e-10
139	2.8556878949222667e-10
140	2.88247876365217e-10
141	2.8971762894108215e-10
142	2.92870626891893e-10
143	2.95202757467454e-10
144	2.9756700172235724e-10
145	3.000609268308472e-10
146	3.0255711192449777e-10
147	3.049219973069111e-10
148	3.074088213853892e-10
149	3.099797492921519e-10
150	3.123769459697486e-10
151	3.146673346143435e-10
152	3.173944806082689e-10
153	3.1760908465918185e-10
154	3.222844674923684e-10
155	3.2461371214455845e-10
156	3.270951249514928e-10
157	3.2910402333742505e-10
158	3.316545552333948e-10
159	3.3342056077097316e-10
160	3.372893905776174e-10
161	3.397519543120805e-10
162	3.4235066162203605e-10
163	3.4468785483734603e-10
164	3.4721739624633536e-10
165	3.496909332642862e-10
166	3.521326593896067e-10
167	3.53860551172296e-10
168	3.567427187122048e-10
169	3.6008838741912205e-10
170	3.621727319715453e-10
171	3.645139251274731e-10
172	3.673304487932505e-10
173	3.705417959361924e-10
174	3.72439646241736e-10
175	3.752405827501321e-10
176	3.7874917500362554e-10
177	3.805098960847716e-10
178	3.8378856309161636e-10
179	3.864562928779889e-10
180	3.8984211886428583e-10
181	3.920936192595287e-10
182	3.946769109332064e-10
183	3.97191105441165e-10
184	4.0005994521138014e-10
185	4.02646084354807e-10
186	4.062441547300243e-10
187	4.0961585177683085e-10
188	4.1122330344816134e-10
189	4.1387672186409725e-10
190	4.163261501436373e-10
191	4.194295880772149e-10
192	4.2078741421441134e-10
193	4.2206046287067947e-10
194	4.2577142897677306e-10
195	4.272101053237929e-10
196	4.2993310874730944e-10
197	4.3425263476160735e-10
198	4.375473208914681e-10
199	4.4204566653825936e-10
200	4.4506031621706167e-10
201	4.479207710279587e-10
202	4.496643907418579e-10
203	4.684225510139754e-10
204	4.712967107105602e-10
205	4.745284570725089e-10
206	4.776758233298531e-10
207	4.652572488529556e-10
208	4.682407273559219e-10
209	4.871311956732142e-10
210	4.72941111100308e-10
211	4.777530970616524e-10
212	4.807266906533354e-10
213	4.84665082227924e-10
214	4.878879779188953e-10
215	4.898942759621107e-10
216	5.093445357183473e-10
217	5.124779096697293e-10
218	5.157335666082973e-10
219	5.188309409661398e-10
220	5.220869787137359e-10
221	5.254022388799088e-10
222	5.288216123809243e-10
223	5.322475861021955e-10
224	5.189466400743241e-10
225	5.388169004925685e-10
226	5.241864992942189e-10
227	5.27120123752968e-10
228	5.488032465363821e-10
229	5.519191296724287e-10
230	5.360047742373105e-10
231	5.594898157249656e-10
232	5.436463297553296e-10
233	5.458875172636123e-10
234	5.497728203191279e-10
235	5.525787659744071e-10
236	5.562730734088487e-10
237	5.602165567541105e-10
238	5.632249528557131e-10
239	5.659443594006115e-10
240	5.692868394244484e-10
241	5.731324595135116e-10
242	5.720286594530542e-10
243	5.721688356472466e-10
244	5.824547269576859e-10
245	5.871954019127206e-10
246	5.889864128928719e-10
247	5.92767216707539e-10
248	5.920166908447946e-10
249	6.006510277671768e-10
250	6.03447436572593e-10
251	6.085383233905807e-10
252	6.106047402798119e-10
253	6.133263294078468e-10
254	6.196350769600229e-10
255	6.228185272386873e-10
256	6.256165009227318e-10
257	6.296104378124566e-10
258	6.321124217867446e-10
259	6.362073911165916e-10
260	6.397484296606246e-10
261	6.434782469167256e-10
262	6.46961361788555e-10
263	6.486921164767525e-10
264	6.557317341630998e-10
265	6.571236214593314e-10
266	6.623481237107403e-10
267	6.658095237497733e-10
268	6.696797935570748e-10
269	6.705721219671507e-10
270	6.752663347129168e-10
271	6.798342476518063e-10
272	6.84123629938236e-10
273	6.879909712095743e-10
274	6.915289452532147e-10
275	6.963712104804182e-10
276	7.00628853868409e-10
277	7.041760959338722e-10
278	7.072414682793365e-10
279	7.137087609503694e-10
280	7.159552898794358e-10
281	7.200505392044809e-10
282	7.24389449016426e-10
283	7.283922675863447e-10
284	7.310186247343477e-10
285	7.356633868390994e-10
286	7.395214929805413e-10
287	7.456436818169268e-10
288	7.495106396990125e-10
289	7.532024602692225e-10
290	7.567451509675414e-10
291	7.600725396932226e-10
292	7.643115041630021e-10
293	7.6806297861045e-10
294	7.754868823273708e-10
295	7.796616973926395e-10
296	7.828530187263885e-10
297	7.862043668521631e-10
298	7.905095935843599e-10
299	7.95248528631705e-10
300	7.989314116139025e-10
301	8.030460525034263e-10
302	8.079493940479474e-10
303	8.116154669723559e-10
304	8.155966334987358e-10
305	8.19480787429236e-10
306	8.245094165682388e-10
307	8.311225188268267e-10
308	8.358064537953566e-10
309	8.382573538951366e-10
310	8.434181681297011e-10
311	8.476650075287581e-10
312	8.527733147685793e-10
313	8.579675811736573e-10
314	8.619483254594584e-10
315	8.659314806828323e-10
316	8.687500636675692e-10
317	8.74767139678165e-10
318	8.803255819929446e-10
319	8.848783052962228e-10
320	8.898823135860992e-10
321	8.936478399892697e-10
322	8.984029613471073e-10
323	9.045296692649339e-10
324	9.07347797837675e-10
325	9.13351243231019e-10
326	9.130178333146317e-10
327	9.185336500545088e-10
328	9.242009952686288e-10
329	9.339812678198259e-10
330	9.393805435706296e-10
331	9.433360025075895e-10
332	9.491577644000392e-10
333	9.52882912836558e-10
334	9.561464833363131e-10
335	9.602869386410093e-10
336	9.680099305340815e-10
337	9.744192031287567e-10
338	9.804133917855543e-10
339	9.825150104444596e-10
340	9.86935536737891e-10
341	9.960595634897839e-10
342	9.985912644410214e-10
343	1.003778333392776e-9
344	1.0095040151655694e-9
345	1.0154921651066176e-9
346	1.0200406877047058e-9
347	1.0262898345454444e-9
348	1.0305117698205926e-9
349	1.036827790448252e-9
350	1.0394754719047032e-9
351	1.04592510619446e-9
352	1.0520581608590056e-9
353	1.0581112793695572e-9
354	1.0600304910848257e-9
355	1.0677178616876948e-9
356	1.0752033082370718e-9
357	1.0804509583991746e-9
358	1.0854826652641296e-9
359	1.0916867766106871e-9
360	1.0955689380486692e-9
361	1.1029589145488711e-9
362	1.1055668991771916e-9
363	1.1118802328382516e-9
364	1.118956361097958e-9
365	1.1223482316090221e-9
366	1.1294441347334347e-9
367	1.1362370347602046e-9
368	1.1404521875020959e-9
369	1.1471816648155007e-9
370	1.1534838171985778e-9
371	1.1596664203829869e-9
372	1.166709726821841e-9
373	1.1705496320142111e-9
374	1.1779234584096867e-9
375	1.18452963501265e-9
376	1.1911795897976454e-9
377	1.1958716218681881e-9
378	1.2021742662996896e-9
379	1.2077586085053977e-9
380	1.2141619218101571e-9
381	1.2192211171070629e-9
382	1.2267174185525646e-9
383	1.2326326770099936e-9
384	1.2396444731718728e-9
385	1.2512644393362986e-9
386	1.2506644491859677e-9
387	1.258848270325843e-9
388	1.264966279387165e-9
389	1.2709344059688497e-9
390	1.2766415463138674e-9
391	1.2834211095101514e-9
392	1.2904172484400649e-9
393	1.291982718228513e-9
394	1.2979786262948066e-9
395	1.3060048336979953e-9
396	1.3167241565053399e-9
397	1.322820438827902e-9
398	1.3284351986980693e-9
399	1.33443975291111e-9
400	1.3455205268178645e-9
401	1.3497597360178367e-9
402	1.3578434918737698e-9
403	1.363407672042506e-9
404	1.3720710843876133e-9
405	1.3756251782981886e-9
406	1.383074179990003e-9
407	1.3895213433561364e-9
408	1.398715168805595e-9
409	1.4038563925994728e-9
410	1.4113561958930714e-9
411	1.4184721827518863e-9
412	1.4268946923744054e-9
413	1.4373351649067809e-9
414	1.438930252895278e-9
415	1.447064270886258e-9
416	1.4538458916966076e-9
417	1.462744726425535e-9
418	1.4682479517660214e-9
419	1.4741382258719971e-9
420	1.4827919673812716e-9
421	1.4904363778980456e-9
422	1.4973256318368693e-9
423	1.506653612800435e-9
424	1.5115400728994352e-9
425	1.4893939921947395e-9
426	1.5290015786603554e-9
427	1.5345512965070219e-9
428	1.5431896243498032e-9
429	1.5520546396332891e-9
430	1.5582035259476867e-9
431	1.5675437578096005e-9
432	1.5767839488644438e-9
433	1.581055284625424e-9
434	1.593344230973018e-9
435	1.5973560234850153e-9
436	1.6065734660124523e-9
437	1.6152181995684191e-9
438	1.624841745845897e-9
439	1.6302229972078493e-9
440	1.636120741333516e-9
441	1.6443317381533294e-9
442	1.6520865339075064e-9
443	1.6591691625655244e-9
444	1.6714301894209627e-9
445	1.678855284500279e-9
446	1.6847118790569061e-9
447	1.696059169584035e-9
448	1.7064214912186716e-9
449	1.7129146532392044e-9
450	1.7193114664142912e-9
451	1.7338601440994648e-9
452	1.737919453330122e-9
453	1.7453262558624148e-9
454	1.7547910311869524e-9
455	1.7613058262885562e-9
456	1.7725965850426373e-9
457	1.7792149048691406e-9
458	1.7901936805592641e-9
459	1.7957364277592745e-9
460	1.8066109148699603e-9
461	1.816652501933293e-9
462	1.8247996233955532e-9
463	1.832808081444465e-9
464	1.8415210051376336e-9
465	1.8532202385438602e-9
466	1.8617239711926474e-9
467	1.866743945822461e-9
468	1.872867776925621e-9
469	1.8868028561488957e-9
470	1.8941883103582525e-9
471	1.904317572889249e-9
472	1.9143200461164603e-9
473	1.925782333703111e-9
474	1.9372885901518474e-9
475	1.9444624748536458e-9
476	1.949107366586155e-9
477	1.9616751704222525e-9
478	1.9695725574300335e-9
479	1.982204202057468e-9
480	1.992519746681228e-9
481	2.0038244987892136e-9
482	2.01242467943527e-9
483	2.02014098516525e-9
484	2.03121821635178e-9
485	2.0352294864796767e-9
486	2.0438025829891377e-9
487	2.0619063949804187e-9
488	2.0690681881468976e-9
489	2.080805889899025e-9
490	2.08899951742133e-9
491	2.0973490577702887e-9
492	2.1095119081852105e-9
493	2.1224187383392786e-9
494	2.1290567695697486e-9
495	2.1373411210356785e-9
496	2.1495404608120204e-9
497	2.160139565830003e-9
498	2.1699865149532736e-9
499	2.1806608507912467e-9
500	2.198072353257558e-9
501	2.20270081137289e-9
502	2.210461895532098e-9
503	2.221742108349484e-9
504	2.2239227447950404e-9
505	2.244239636824798e-9
506	2.254159987770249e-9
507	2.2655443805139977e-9
508	2.275332268415314e-9
509	2.278691329163292e-9
510	2.2936847669612844e-9
511	2.305320109169124e-9
512	2.318566542766326e-9
513	2.3288841292214133e-9
514	2.3430702978741656e-9
515	2.3525994728506173e-9
516	2.366240585333242e-9
517	2.376455275243054e-9
518	2.390073144900357e-9
519	2.3991922902830955e-9
520	2.417808679441543e-9
521	2.421812550576277e-9
522	2.433474201898868e-9
523	2.4469265521971134e-9
524	2.4553520159357805e-9
525	2.471172036825461e-9
526	2.4830985155510888e-9
527	2.4920698395667283e-9
528	2.5034262601552177e-9
529	2.5166757119090333e-9
530	2.528459894610945e-9
531	2.5395053956541414e-9
532	2.552123808143015e-9
533	2.5640583865540094e-9
534	2.5757903393453326e-9
535	2.584550465783795e-9
536	2.602276076295463e-9
537	2.6159824903341963e-9
538	2.6216422235043015e-9
539	2.6314599486577964e-9
540	2.644917232621419e-9
541	2.6610580424674494e-9
542	2.6752489108346055e-9
543	2.6877668160085194e-9
544	2.7015100472162028e-9
545	2.7145633528708982e-9
546	2.7262648802289854e-9
547	2.7419269494216884e-9
548	2.750953935437632e-9
549	2.7636230501536452e-9
550	2.758570276648554e-9
551	2.768550392281132e-9
552	2.8009149992680216e-9
553	2.817175468204492e-9
554	2.833443371453432e-9
555	2.842418333151752e-9
556	2.8594956896876565e-9
557	2.8707580412572943e-9
558	2.8851894090559794e-9
559	2.8989988791622923e-9
560	2.908200733629279e-9
561	2.927185058722566e-9
562	2.937116498959329e-9
563	2.949459764806641e-9
564	2.967584385102478e-9
565	2.97723017646516e-9
566	2.996843709803769e-9
567	3.0085521113505213e-9
568	3.0248047568913716e-9
569	3.0345814316253008e-9
570	3.0597257360139306e-9
571	3.0662440153111003e-9
572	3.0805917433912944e-9
573	3.092094614307453e-9
574	3.1521220087307395e-9
575	3.122099888710324e-9
576	3.1493856135502043e-9
577	3.1530584429349708e-9
578	3.1719250866642938e-9
579	3.1835026022087278e-9
580	3.194093554955307e-9
581	3.210238592920316e-9
582	3.1793148275906773e-9
583	3.209181369325516e-9
584	3.2559192754170966e-9
585	3.271176339567228e-9
586	3.280971170218628e-9
587	3.2747813873172964e-9
588	3.3158383669072635e-9
589	3.3147118629561066e-9
590	3.3483819426295417e-9
591	3.3444876783911642e-9
592	3.380178177422353e-9
593	3.4000090711142726e-9
594	3.4100529945613937e-9
595	3.4255988677567263e-9
596	3.443144633519196e-9
597	3.4599499705323134e-9
598	3.4729056223807864e-9
599	3.483065782927864e-9
600	3.5036996078312415e-9
601	3.524351600037745e-9
602	3.5404206978329323e-9
603	3.5534942605735814e-9
604	3.5710269672791893e-9
605	3.5825813638593622e-9
606	3.6034920745770954e-9
607	3.622393395792209e-9
608	3.6367277547372355e-9
609	3.642428101104706e-9
610	3.6622042160020634e-9
611	3.680949898266975e-9
612	3.6961910980648757e-9
613	3.7153126871933214e-9
614	3.737708992027155e-9
615	3.749526343437807e-9
616	3.775111916562878e-9
617	3.788563801938775e-9
618	3.808147568251847e-9
619	3.8400902855975686e-9
620	3.841641723492908e-9
621	3.856529075752788e-9
622	3.87970778372547e-9
623	3.892454787873667e-9
624	3.915019570958488e-9
625	3.925336804744649e-9
626	3.945862190225002e-9
627	3.968432999197265e-9
628	3.982126716805869e-9
629	4.010050722681045e-9
630	4.025013981728527e-9
631	4.033369031066547e-9
632	4.058615771350584e-9
633	4.074654573255279e-9
634	4.099415781137773e-9
635	4.115003457633885e-9
636	4.135116030798599e-9
637	4.1526409132553e-9
638	4.170739684426666e-9
639	4.195287036440239e-9
640	4.208222800111387e-9
641	4.2354463239241606e-9
642	4.2506604549274616e-9
643	4.266656426597679e-9
644	4.290832437223855e-9
645	4.304241543975681e-9
646	4.372210581260806e-9
647	4.3353183383731826e-9
648	4.3626452222836015e-9
649	4.429074130733389e-9
650	4.402376895956596e-9
651	4.422765250810867e-9
652	4.439889596689252e-9
653	4.4641075792529105e-9
654	4.4814840930149695e-9
655	4.509600280535172e-9
656	4.520546685343187e-9
657	4.544156564166553e-9
658	4.564452476096198e-9
659	4.586581089878447e-9
660	4.6014758007180015e-9
661	4.6168595383266245e-9
662	4.650685722058304e-9
663	4.668231677056447e-9
664	4.6887667263268386e-9
665	4.706440395429355e-9
666	4.725270869396228e-9
667	4.747388149607404e-9
668	4.7621822336438625e-9
669	4.794177173145179e-9
670	4.8029107810525866e-9
671	4.846370729646022e-9
672	4.857591680781495e-9
673	4.8794858015683315e-9
674	4.871209948316442e-9
675	4.920975777140451e-9
676	4.9460518993647055e-9
677	4.965019246255115e-9
678	4.989562287751024e-9
679	5.014538261544233e-9
680	5.032304121917011e-9
681	5.053316701301304e-9
682	5.084227772862437e-9
683	5.097953378041646e-9
684	5.119929984988333e-9
685	5.146032271230667e-9
686	5.152433509590845e-9
687	5.1632700783938006e-9
688	5.210736927239689e-9
689	5.235259649892839e-9
690	5.256145383006024e-9
691	5.2793880012746705e-9
692	5.302795209852757e-9
693	5.328635928169631e-9
694	5.376246720989095e-9
695	5.372295114744164e-9
696	5.396642165537399e-9
697	5.417229221612575e-9
698	5.440991062890512e-9
699	5.465921419043348e-9
700	5.4906578414018664e-9
701	5.516094934450945e-9
702	5.541502810598527e-9
703	5.565774471476797e-9
704	5.593003044745345e-9
705	5.61399184787066e-9
706	5.6419333434507235e-9
707	5.6647005018120345e-9
708	5.689077759911346e-9
709	5.714260714221525e-9
710	5.737080346754865e-9
711	5.757402792972361e-9
712	5.770697963323398e-9
713	5.817146916099961e-9
714	5.838769129076552e-9
715	5.864871970425873e-9
716	5.890010107636787e-9
717	5.9136742710061206e-9
718	5.9350657187733315e-9
719	5.966899125818668e-9
720	5.993390711469234e-9
721	6.01357934404322e-9
722	6.044300991544237e-9
723	6.067654006390092e-9
724	6.092314346708314e-9
725	6.121217754296792e-9
726	6.146380218195751e-9
727	6.177431500975709e-9
728	6.205841673965109e-9
729	6.2323541652689794e-9
730	6.261196552362439e-9
731	6.281957557015553e-9
732	6.302200667650914e-9
733	6.330914458787865e-9
734	6.360211235135275e-9
735	6.380842418135648e-9
736	6.408877067084399e-9
737	6.425699048326548e-9
738	6.465843088066776e-9
739	6.493813008200732e-9
740	6.525158455433365e-9
741	6.551208692513643e-9
742	6.576605606560689e-9
743	6.607548880859123e-9
744	6.636612664538845e-9
745	6.669996922494515e-9
746	6.6948921057289835e-9
747	6.7220284064925105e-9
748	6.746780355864309e-9
749	6.787721142224934e-9
750	6.8125264772673115e-9
751	6.8279624205356144e-9
752	6.860695699741124e-9
753	6.883316352615146e-9
754	6.912467113637686e-9
755	6.9381503864308595e-9
756	6.973427795898254e-9
757	7.001276835162055e-9
758	7.031354072990914e-9
759	7.0628155685127794e-9
760	7.090554180589853e-9
761	7.11960315720343e-9
762	7.150987771913826e-9
763	7.180607451523303e-9
764	7.213727604210066e-9
765	7.244837712321322e-9
766	7.272491499667928e-9
767	7.30609202277728e-9
768	7.277178116948291e-9
769	7.372752518089392e-9
770	7.395563038185502e-9
771	7.434400983549831e-9
772	7.458966322215583e-9
773	7.491325414418316e-9
774	7.51923012102147e-9
775	7.55249877551654e-9
776	7.585860311841512e-9
777	7.625583198543614e-9
778	7.642750841535254e-9
779	7.665566319022322e-9
780	7.71061835267548e-9
781	7.74154955689459e-9
782	7.747138544825435e-9
783	7.80837705660266e-9
784	7.844643727852282e-9
785	7.871649652985708e-9
786	7.899650937209048e-9
787	7.931460204863046e-9
788	7.968067261010402e-9
789	7.997767625244312e-9
790	8.034123148738869e-9
791	8.069721007742218e-9
792	8.100986230399726e-9
793	8.13112695775917e-9
794	8.16368798723316e-9
795	8.200404740171747e-9
796	8.221734332447224e-9
797	8.27224243610585e-9
798	8.306556402334924e-9
799	8.336723853175268e-9
800	8.372221411554916e-9
801	8.409216622637739e-9
802	8.419260029107969e-9
803	8.469411762673849e-9
804	8.47913200664052e-9
805	8.522163768388783e-9
806	8.56796491756486e-9
807	8.60533577423593e-9
808	8.638570731314205e-9
809	8.670659021689806e-9
810	8.694876198399819e-9
811	8.744027052717624e-9
812	8.792783705850209e-9
813	8.848288589334706e-9
814	8.851006442145322e-9
815	8.890873731792006e-9
816	8.925020581131984e-9
817	8.958704653007449e-9
818	8.99560429752415e-9
819	9.028933459847275e-9
820	9.066524171100812e-9
821	9.102046318880202e-9
822	9.141547542589448e-9
823	9.159084358664446e-9
824	9.194469406861887e-9
825	9.238841309798765e-9
826	9.277861012849707e-9
827	9.312454202739889e-9
828	9.353119921665974e-9
829	9.385753969142145e-9
830	9.418753065339265e-9
831	9.469794191729238e-9
832	9.478266120579424e-9
833	9.536652333557008e-9
834	9.573023756002733e-9
835	9.620609298387e-9
836	9.653118258392594e-9
837	9.705895690626891e-9
838	9.720270967726785e-9
839	9.76966805751163e-9
840	9.799036526759484e-9
841	9.833698929880984e-9
842	9.877539293456713e-9
843	9.913461368075544e-9
844	9.945438455156026e-9
845	9.98381713622821e-9
846	1.0035410142254753e-8
847	1.0066205634534445e-8
848	1.0100890834411425e-8
849	1.0143956713706412e-8
850	1.0185656770199906e-8
851	1.0231578717528007e-8
852	1.0261635594958618e-8
853	1.0317333280041698e-8
854	1.0345699100319353e-8
855	1.0392283901926768e-8
856	1.0415923008136606e-8
857	1.0460805715594922e-8
858	1.0510448056979647e-8
859	1.0536975648269682e-8
860	1.0586837884619846e-8
861	1.0621621341281771e-8
862	1.066357909685351e-8
863	1.0698094896939423e-8
864	1.0740535282734554e-8
865	1.0780250163512537e-8
866	1.0820147224188775e-8
867	1.0850363082565517e-8
868	1.0917170067996954e-8
869	1.0944934772034971e-8
870	1.0992928936591974e-8
871	1.1026553996566403e-8
872	1.1058534212877727e-8
873	1.1121979748104805e-8
874	1.1157280672754124e-8
875	1.1212041375586762e-8
876	1.1242931893452642e-8
877	1.128030481680508e-8
878	1.1322531068136273e-8
879	1.137202867336906e-8
880	1.1418192261157188e-8
881	1.145006420464596e-8
882	1.1495636999556051e-8
883	1.1537495220990406e-8
884	1.1590758969541557e-8
885	1.1618066422297078e-8
886	1.1664943425218375e-8
887	1.1706633151505614e-8
888	1.175386841530849e-8
889	1.1799485173557848e-8
890	1.1839005150774292e-8
891	1.1881575416553911e-8
892	1.1935041996876148e-8
893	1.1963491024506033e-8
894	1.2009410749406076e-8
895	1.2063785975748468e-8
896	1.2086192746715646e-8
897	1.2147181677819793e-8
898	1.2194203901747846e-8
899	1.224795549826962e-8
900	1.2277432874600748e-8
901	1.2327449118096824e-8
902	1.2377214800261632e-8
903	1.2409529946669819e-8
904	1.246317704883662e-8
905	1.2512157046465185e-8
906	1.2566475542108381e-8
907	1.2614230395174712e-8
908	1.265397600812766e-8
909	1.268458702284168e-8
910	1.2731958905279748e-8
911	1.278364355145045e-8
912	1.2849038305948107e-8
913	1.288480101949918e-8
914	1.2931969653198862e-8
915	1.2982921704591123e-8
916	1.3023473156513261e-8
917	1.306903737814789e-8
918	1.3115728254537299e-8
919	1.3170679469011078e-8
920	1.3234608912140828e-8
921	1.326528131347027e-8
922	1.3290932462556023e-8
923	1.3324489423245783e-8
924	1.340899597575326e-8
925	1.3450826866194138e-8
926	1.3509407809775683e-8
927	1.3506436520931103e-8
928	1.357021262798224e-8
929	1.3622694924711984e-8
930	1.3661682242069696e-8
931	1.3720674864913159e-8
932	1.377589384766221e-8
933	1.3810797351591963e-8
934	1.3868616033208044e-8
935	1.390833742066225e-8
936	1.3959066611975515e-8
937	1.3979096699109208e-8
938	1.4065320592420652e-8
939	1.4098090690996696e-8
940	1.4140779589434084e-8
941	1.4252738349719815e-8
942	1.423641512470094e-8
943	1.4305597059920783e-8
944	1.4324166235780172e-8
945	1.439206754772665e-8
946	1.4440322491329363e-8
947	1.4488238705306702e-8
948	1.448380967238869e-8
949	1.4574784147505749e-8
950	1.465046991348751e-8
951	1.4684092174141453e-8
952	1.4743728903135548e-8
953	1.4771573932932958e-8
954	1.4818093267459966e-8
955	1.4872567153752715e-8
956	1.4944514070702674e-8
957	1.4988007359003275e-8
958	1.5033411338694526e-8
959	1.5086505925599573e-8
960	1.5156158415413873e-8
961	1.5183994323017064e-8
962	1.5274183631024425e-8
963	1.5288653235813285e-8
964	1.5337433386057427e-8
965	1.538216808833644e-8
966	1.5456261645024037e-8
967	1.551194624637037e-8
968	1.5550315776836443e-8
969	1.5637288065504934e-8
970	1.5650134270435823e-8
971	1.5709715151651086e-8
972	1.5760399519868084e-8
973	1.5876731522384986e-8
974	1.5958784013737724e-8
975	1.5936200924993405e-8
976	1.5947239165954732e-8
977	1.599843027553573e-8
978	1.605399820943449e-8
979	1.610122570164577e-8
980	1.6139892215347012e-8
981	1.6216027360462295e-8
982	1.628056016899891e-8
983	1.6321484830923042e-8
984	1.6401976561321696e-8
985	1.6485326007282954e-8
986	1.6693828339467653e-8
987	1.6556858970134567e-8
988	1.6601539464405683e-8
989	1.660338855494959e-8
990	1.6875612371382513e-8
991	1.6731400875714467e-8
992	1.6822642201155657e-8
993	1.6674359333221355e-8
994	1.6904325542917197e-8
995	1.6972512172108065e-8
996	1.7008633128941545e-8
997	1.705593101268229e-8
998	1.7133497359243787e-8
999	1.715834401937808e-8
1000	1.7228494429346802e-8
1001	1.722946616259479e-8
1002	1.7344889626580935e-8
1003	1.739549398442363e-8
1004	1.7456164398192594e-8
1005	1.7465714569789796e-8
1006	1.7539789284581056e-8
1007	1.764429256369094e-8
1008	1.794570559051725e-8
1009	1.7730951733951395e-8
1010	1.7795678554083452e-8
1011	1.785591582758574e-8
1012	1.794463395759706e-8
1013	1.7934189246271972e-8
1014	1.8049140588602937e-8
1015	1.8109057573739734e-8
1016	1.8135960274236222e-8
1017	1.8214236408449332e-8
1018	1.825226544254574e-8
1019	1.8264351117696396e-8
1020	1.8366448087869925e-8
1021	1.843215824387414e-8
1022	1.8492240278179644e-8
1023	1.850422290547004e-8
1024	1.837248671648729e-8
1025	1.8604262640403124e-8
1026	1.872012061342326e-8
1027	1.8763615341825335e-8
1028	1.881139348278053e-8
1029	1.898189569687118e-8
1030	1.8922784244074394e-8
1031	1.9115615938155865e-8
1032	1.9082753517045458e-8
1033	1.9117884811866034e-8
1034	1.9170064330253272e-8
1035	1.9273470358627865e-8
1036	1.9348000578712546e-8
1037	1.9366334115355895e-8
1038	1.9300641046397133e-8
1039	1.9494563249660738e-8
1040	1.9688724484237274e-8
1041	1.9449723057874042e-8
1042	1.9699342277030642e-8
1043	1.9703712089464195e-8
1044	1.972344362737703e-8
1045	1.9847932987754645e-8
1046	1.9831291262494777e-8
1047	1.9915850719217326e-8
1048	1.993246288198295e-8
1049	2.0050446469028355e-8
1050	2.0168140808212094e-8
1051	2.0169150141106105e-8
1052	2.0250151815862636e-8
1053	2.043551885501624e-8
1054	2.0379770653262432e-8
1055	2.0422451075566004e-8
1056	2.0469507187476213e-8
1057	2.0505573507167285e-8
1058	2.059681778094514e-8
1059	2.066381307090145e-8
1060	2.088498103801472e-8
1061	2.074064082060604e-8
1062	2.0833624930272155e-8
1063	2.0926818629222955e-8
1064	2.0952036916540024e-8
1065	2.1104302526600733e-8
1066	2.10656631990488e-8
1067	2.1137752522908154e-8
1068	2.1181193243033815e-8
1069	2.1282709362900403e-8
1070	2.133301985212122e-8
1071	2.137504444108691e-8
1072	2.1437277055400006e-8
1073	2.1509206786260782e-8
1074	2.1589283256741983e-8
1075	2.1629684323345382e-8
1076	2.1662418138938487e-8
1077	2.1744866805191357e-8
1078	2.1817296131560646e-8
1079	2.189331463638608e-8
1080	2.1955046302794097e-8
1081	2.200627390309467e-8
1082	2.1978436152170405e-8
1083	2.2134821121989538e-8
1084	2.2200667596474442e-8
1085	2.2167482882522355e-8
1086	2.232975469332064e-8
1087	2.237046636754535e-8
1088	2.250239007270626e-8
1089	2.2540085951596226e-8
1090	2.2569226462988465e-8
1091	2.2634314447052426e-8
1092	2.263813308734084e-8
1093	2.283213028265969e-8
1094	2.2810514688001422e-8
1095	2.2902820799233616e-8
1096	2.296788125422825e-8
1097	2.3035744092643805e-8
1098	2.3061446748453298e-8
1099	2.3110790728375043e-8
1100	2.3167757087277694e-8
1101	2.3250718560776462e-8
1102	2.3343419035766642e-8
1103	2.3489048290511434e-8
1104	2.3517495184480792e-8
1105	2.3549870297889722e-8
1106	2.3568836202991464e-8
1107	2.3656549368126173e-8
1108	2.3667026793518995e-8
1109	2.38126684402619e-8
1110	2.3898919962612878e-8
1111	2.4028090734847772e-8
1112	2.4037383586549155e-8
1113	2.4057553586899444e-8
1114	2.411746836179559e-8
1115	2.4163919746144952e-8
1116	2.4230136093850837e-8
1117	2.4390624205956365e-8
1118	2.4564853034728174e-8
1119	2.4427518568104853e-8
1120	2.4554798345038298e-8
1121	2.457142685653925e-8
1122	2.4719505854333498e-8
1123	2.4642585526270846e-8
1124	2.4805700913210183e-8
1125	2.4903004726073005e-8
1126	2.4867690074106474e-8
1127	2.5098375509869545e-8
1128	2.5082768239432698e-8
1129	2.5010728414452193e-8
1130	2.513141134681511e-8
1131	2.547552363227439e-8
1132	2.535547699098884e-8
1133	2.5248491061027976e-8
1134	2.5502856377254473e-8
1135	2.521834388691374e-8
1136	2.576695342362539e-8
1137	2.560664543668288e-8
1138	2.582627357086355e-8
1139	2.5784696742842298e-8
1140	2.580450907842199e-8
1141	2.5959800000461687e-8
1142	2.611605835127284e-8
1143	2.6156115136889706e-8
1144	2.6099906108113047e-8
1145	2.6235072738231975e-8
1146	2.6334647790793924e-8
1147	2.6400529291664802e-8
1148	2.6482398893373054e-8
1149	2.6518669336877435e-8
1150	2.6639690775396717e-8
1151	2.6673679613615117e-8
1152	2.6736315301860126e-8
1153	2.6632027681179127e-8
1154	2.6883208238324333e-8
1155	2.6977208105830362e-8
1156	2.6986477962345628e-8
1157	2.7248269768610405e-8
1158	2.7310082534125428e-8
1159	2.724561155000976e-8
1160	2.7360382482053174e-8
1161	2.7174523596326306e-8
1162	2.7444208643569328e-8
1163	2.7571713914969924e-8
1164	2.7712594644079384e-8
1165	2.7707327106375906e-8
1166	2.7717509024319526e-8
1167	2.7782755599289346e-8
1168	2.7906621148499687e-8
1169	2.789857181377247e-8
1170	2.7962829555026315e-8
1171	2.804431189638412e-8
1172	2.8212592346057218e-8
1173	2.825618437020238e-8
1174	2.8473002022587212e-8
1175	2.8532718840372215e-8
1176	2.840601853997447e-8
1177	2.8536488407908987e-8
1178	2.860455363784531e-8
1179	2.868717964534267e-8
1180	2.8802418076944582e-8
1181	2.8854805519921214e-8
1182	2.8948883608570358e-8
1183	2.897189672890763e-8
1184	2.917220765162733e-8
1185	2.9199798580905226e-8
1186	2.929989897928776e-8
1187	2.937630668851357e-8
1188	2.943968447775662e-8
1189	2.9526845425457807e-8
1190	2.9582642771584225e-8
1191	2.9688281143000487e-8
1192	2.967177474821652e-8
1193	2.9814428857771e-8
1194	2.9776928918992273e-8
1195	2.9988509284982565e-8
1196	3.012755863354491e-8
1197	3.007881785563948e-8
1198	3.02082069429257e-8
1199	3.0260366762327216e-8
1200	3.033397462297783e-8
1201	3.050738073772256e-8
1202	3.060107853513598e-8
1203	3.0638010693268194e-8
1204	3.0682969858555816e-8
1205	3.095358058186892e-8
1206	3.0903150908698716e-8
1207	3.090125811777968e-8
1208	3.117948232545411e-8
1209	3.133480260850033e-8
1210	3.1067775124655386e-8
1211	3.101780353809213e-8
1212	3.127246333624483e-8
1213	3.142384152431431e-8
1214	3.1546594561224934e-8
1215	3.1586276876959784e-8
1216	3.178391398646748e-8
1217	3.168033916893064e-8
1218	3.17354764239826e-8
1219	3.2082056838796055e-8
1220	3.194845934860909e-8
1221	3.200107029763611e-8
1222	3.211369541436645e-8
1223	3.1963860009519184e-8
1224	3.232715605992375e-8
1225	3.24187574682455e-8
1226	3.251229629542087e-8
1227	3.2474055648272144e-8
1228	3.268602226277442e-8
1229	3.2736879996809206e-8
1230	3.266684344312054e-8
1231	3.294656799252693e-8
1232	3.325487445716113e-8
1233	3.3108411830323174e-8
1234	3.108529572670421e-8
1235	3.150829032720966e-8
1236	3.32739284051645e-8
1237	3.347873994046305e-8
1238	3.190053170518538e-8
1239	3.2041797499028423e-8
1240	3.238452478251195e-8
1241	3.375963548588856e-8
1242	3.287621292537851e-8
1243	3.4017647381237893e-8
1244	3.415427665390916e-8
1245	3.416032836378532e-8
1246	3.464081811153705e-8
1247	3.453690003702579e-8
1248	3.436785031738894e-8
1249	3.464267296327969e-8
1250	3.486633126360523e-8
1251	3.4763396780225955e-8
1252	3.494984541711235e-8
1253	3.4786218525575336e-8
1254	3.4998048726129875e-8
1255	3.51194348410925e-8
1256	3.527773328166391e-8
1257	3.534650878492613e-8
1258	3.5611649840621694e-8
1259	3.5617993696121954e-8
1260	3.580278501293197e-8
1261	3.571729700800904e-8
1262	3.582557164911989e-8
1263	3.576839466133918e-8
1264	3.601962198491778e-8
1265	3.6204678144323736e-8
1266	3.635967419604537e-8
1267	3.640047351313798e-8
1268	3.659821520855926e-8
1269	3.657263911877184e-8
1270	3.665839297468153e-8
1271	3.681457437683852e-8
1272	3.695637055286274e-8
1273	3.702820762642366e-8
1274	3.71264230566094e-8
1275	3.731275318085647e-8
1276	3.740951753184867e-8
1277	3.743988002502183e-8
1278	3.7519108111863745e-8
1279	3.762118149673728e-8
1280	3.7769819652261895e-8
1281	3.8012180206427787e-8
1282	3.7997231893441965e-8
1283	3.808008533491327e-8
1284	3.829341405736486e-8
1285	3.8416632836819657e-8
1286	3.856290851273242e-8
1287	3.8820850339487185e-8
1288	3.8869117051048144e-8
1289	3.89516551962763e-8
1290	3.893222865924079e-8
1291	3.906801434198205e-8
1292	3.9872427317297525e-8
1293	3.899291322614435e-8
1294	3.992228457896651e-8
1295	3.9325642090743364e-8
1296	3.9470329852724305e-8
1297	3.9824200982809414e-8
1298	3.9892699594933494e-8
1299	3.9982885583443885e-8
1300	4.021745292808508e-8
1301	4.026656841971501e-8
1302	4.0401466252724934e-8
1303	4.036597241100305e-8
1304	4.0671905727793474e-8
1305	4.0787026140970074e-8
1306	4.0830744235239e-8
1307	4.100108847323766e-8
1308	4.134859931112885e-8
1309	4.2210286257353965e-8
1310	4.147742213725453e-8
1311	4.172090902594838e-8
1312	4.179948144725887e-8
1313	4.175113710460111e-8
1314	4.200694388854057e-8
1315	4.22541773920294e-8
1316	4.400444888873526e-8
1317	4.253042837958956e-8
1318	4.259937430995228e-8
1319	4.278303725380315e-8
1320	4.332880046143544e-8
1321	4.2938238703230927e-8
1322	4.31582448944265e-8
1323	4.341570381120015e-8
1324	4.354526190917441e-8
1325	4.347207854827442e-8
1326	4.371354264848262e-8
1327	4.379389223422893e-8
1328	4.3937618306390243e-8
1329	4.423750392123935e-8
1330	4.4305487605136694e-8
1331	4.442235825859733e-8
1332	4.460793147922869e-8
1333	4.478290611069327e-8
1334	4.4946883879905017e-8
1335	4.5074409991339785e-8
1336	4.5205594438513626e-8
1337	4.545575822714233e-8
1338	4.560012801173938e-8
1339	4.570927093485881e-8
1340	4.588993090731022e-8
1341	4.608587220859356e-8
1342	4.625387876929233e-8
1343	4.6414412125539025e-8
1344	4.661150516408615e-8
1345	4.6845907884346656e-8
1346	4.684516979346846e-8
1347	4.7525979669576065e-8
1348	4.734864938492633e-8
1349	4.750110245710266e-8
1350	4.7595577776097775e-8
1351	4.777767340490726e-8
1352	4.805074130589725e-8
1353	4.82602082706251e-8
1354	4.840297821389361e-8
1355	4.859954535247027e-8
1356	4.879343874985724e-8
1357	4.8965311583381255e-8
1358	4.918085444506826e-8
1359	4.9360213738543517e-8
1360	4.956354476572951e-8
1361	4.972476522709073e-8
1362	4.997927016507193e-8
1363	5.0212844839502226e-8
1364	5.030737523280602e-8
1365	5.126625317885669e-8
1366	5.084184787990875e-8
1367	5.100202973939484e-8
1368	5.119469416656671e-8
1369	5.133254953954498e-8
1370	5.155649779593162e-8
1371	5.180822131049183e-8
1372	5.206803429113212e-8
1373	5.220785626923491e-8
1374	5.255419759486862e-8
1375	5.2501108337797245e-8
1376	5.2738183171440264e-8
1377	5.289695592076889e-8
1378	5.439554838759717e-8
1379	5.3391860184661594e-8
1380	5.355976044627463e-8
1381	5.376108631761868e-8
1382	5.3872058431590014e-8
1383	5.409015089152846e-8
1384	5.4227877587683216e-8
1385	5.444217230725856e-8
1386	5.4580583115592376e-8
1387	5.481410546322941e-8
1388	5.495092689512038e-8
1389	5.505401889667748e-8
1390	5.520572156057256e-8
1391	5.538242860921184e-8
1392	5.547181207773254e-8
1393	5.56102003288318e-8
1394	5.572637473028614e-8
1395	5.576644389822401e-8
1396	5.5842066018368716e-8
1397	5.589457811234956e-8
1398	5.590451691107963e-8
1399	5.587136828994114e-8
1400	5.582719090284241e-8
1401	5.5744585786212094e-8
1402	5.5613637910840374e-8
1403	5.5439491945380075e-8
1404	5.5216894569350967e-8
1405	5.491524509129706e-8
1406	5.4546421375556425e-8
1407	5.40996631713721e-8
1408	5.355267108374993e-8
1409	5.289760401524357e-8
1410	5.2117435592141396e-8
1411	5.118849455818538e-8
1412	5.009133835021126e-8
1413	4.879700163216756e-8
1414	4.727239934257667e-8
1415	4.5484956425001375e-8
1416	4.339123674011094e-8
1417	4.0944188992013e-8
1418	3.8094659758999885e-8
1419	3.4793089971235735e-8
1420	3.099795153546044e-8
1421	2.669076674909263e-8
1422	2.1903327889021882e-8
1423	1.676221364302766e-8
1424	1.1549259356521443e-8
1425	6.750282808608672e-9
1426	3.0040230506934833e-9
1427	8.156463419842677e-10
1428	7.658974893913756e-11
1429	2.5821783194864985e-13
1430	0.
1431	0.
1432	0.
1433	0.
1434	0.
1435	0.
1436	0.
1437	0.
1438	2.0367908852373035e-6
1439	2.1942359880293753e-6
1440	1.973632351502468e-6
1441	1.7540636029661967e-6
1442	1.5701173356110287e-6
1443	1.419623632218687e-6
1444	1.2954373523114037e-6
1445	1.1921323007490008e-6
1446	1.1045333228498524e-6
1447	1.030101607509198e-6
1448	9.655052577973469e-7
1449	9.091434618007603e-7
1450	8.599723170875774e-7
1451	8.151348428194463e-7
1452	7.735955187289307e-7
1453	7.381619340856773e-7
1454	7.083762874446472e-7
1455	6.800500552771561e-7
1456	6.541464548421572e-7
1457	6.301346347808331e-7
1458	6.05569908997377e-7
1459	5.873084087935318e-7
1460	5.672144583285041e-7
1461	5.50523945714708e-7
1462	5.35474401619945e-7
1463	5.195660629204399e-7
1464	5.052711949742124e-7
1465	4.924885142885828e-7
1466	4.796338268668875e-7
1467	4.51269863968852e-7
1468	4.4752575797998175e-7
1469	4.366908565893939e-7
1470	4.324386115740718e-7
1471	4.2555473847190554e-7
1472	4.1810041615665604e-7
1473	4.071463835571554e-7
1474	3.967690332232948e-7
1475	3.9140698799782626e-7
1476	3.890492962466724e-7
1477	3.721035806106363e-7
1478	3.753892779845013e-7
1479	3.627824747475125e-7
1480	3.5291286439491224e-7
1481	3.422015268285366e-7
1482	3.3959316975046706e-7
1483	3.5797909218649005e-7
1484	3.3300451884928453e-7
1485	3.2796160640902134e-7
1486	3.2290061984099734e-7
1487	3.123536825223151e-7
1488	3.138084192910532e-7
1489	3.079857137974447e-7
1490	3.068806027090978e-7
1491	3.0118020428998634e-7
1492	2.9371091405429246e-7
1493	2.930055803118118e-7
1494	2.8358282679240783e-7
1495	2.8540240383450293e-7
1496	2.806741098360397e-7
1497	2.7786114935806535e-7
1498	2.7089494755999377e-7
1499	2.689010971163378e-7
1500	2.692627460109225e-7
1501	2.659457521281104e-7
1502	2.606697130706021e-7
1503	2.609901659702483e-7
1504	2.54852320001007e-7
1505	2.523158795055251e-7
1506	2.5284604958828593e-7
1507	2.483905117537018e-7
1508	2.389304152559642e-7
1509	2.36866476066256e-7
1510	2.3617353332683815e-7
1511	2.3694859682996383e-7
1512	2.2864138375892786e-7
1513	2.3034309136676582e-7
1514	2.3578465667304564e-7
1515	2.255213517706833e-7
1516	2.246428920566723e-7
1517	2.1981985601215447e-7
1518	2.2176873225543296e-7
1519	2.245947013707944e-7
1520	2.224317817912395e-7
1521	2.19986493325904e-7
1522	2.1331856620167028e-7
1523	2.0688208370702771e-7
1524	2.1196572354730206e-7
1525	2.029770393309762e-7
1526	2.0379524970368526e-7
1527	2.0310122436093101e-7
1528	1.9714363301756746e-7
1529	1.882268697889635e-7
1530	1.9098939226510028e-7
1531	1.9593364340192453e-7
1532	1.9746307092503697e-7
1533	1.9502236672108557e-7
1534	1.941793433195358e-7
1535	1.8977295345872052e-7
1536	1.983831620670601e-7
1537	1.9656408939747997e-7
1538	1.8525411749077129e-7
1539	1.907932207735375e-7
1540	1.6868570270331767e-7
1541	1.7899662979104754e-7
1542	1.9276086069353722e-7
1543	1.798905672923617e-7
1544	1.8167596767376627e-7
1545	1.724802572242791e-7
1546	1.6646024966174105e-7
1547	1.6839448247592896e-7
1548	1.6779486959573085e-7
1549	1.6814125686212916e-7
1550	1.771861404248038e-7
1551	1.6610312276260373e-7
1552	1.6908262462531584e-7
1553	1.6352294580123378e-7
1554	1.6461055133014361e-7
1555	1.60740877351129e-7
1556	1.5703998764342665e-7
1557	1.5716205807347782e-7
1558	1.6139812719858805e-7
1559	1.605782164686195e-7
1560	1.601542041439784e-7
1561	1.5999927164161738e-7
1562	1.5524017460518683e-7
1563	1.5511330528573316e-7
1564	1.6071892743476793e-7
1565	1.584397161225678e-7
1566	1.4894043951882305e-7
1567	1.578503737143265e-7
1568	1.5454593296471137e-7
1569	1.5138588315620733e-7
1570	1.5466622126741846e-7
1571	1.543626471962344e-7
1572	1.4957560855447772e-7
1573	1.4573302317264038e-7
1574	1.473666858976736e-7
1575	1.426909565360869e-7
1576	1.3981660498816217e-7
1577	1.4316558802842085e-7
1578	1.4135203819854514e-7
1579	1.3612471355156504e-7
1580	1.3544244680814858e-7
1581	1.3587976648903073e-7
1582	1.376510286596747e-7
1583	1.377329321262671e-7
1584	1.2894323096855635e-7
1585	1.194592536980783e-7
1586	1.4250438024977116e-7
1587	1.3780363474851031e-7
1588	1.3417694487056125e-7
1589	1.3131230690688125e-7
1590	1.3541524397814434e-7
1591	1.345831222763169e-7
1592	1.234318134178722e-7
1593	1.289653612891816e-7
1594	1.3259942123407417e-7
1595	1.3272137246203497e-7
1596	1.262741335169493e-7
1597	1.1617663616311299e-7
1598	1.2716930858095213e-7
1599	1.3193148317105126e-7
1600	1.3489228266037955e-7
1601	1.1940981334338313e-7
1602	1.0844490457117163e-7
1603	1.1643961476621611e-7
1604	1.2836464311817738e-7
1605	1.2597877824201469e-7
1606	1.2439938618334354e-7
1607	1.2805355490347598e-7
1608	1.2729054842646814e-7
1609	1.195965283780167e-7
1610	1.2206281146452928e-7
1611	1.2030341990912668e-7
1612	1.205227254824789e-7
1613	1.226966089095536e-7
1614	1.2315517838653356e-7
1615	1.247885471516518e-7
1616	1.2600085416035873e-7
1617	1.2008431335808959e-7
1618	1.227735703622856e-7
1619	1.1772968033128077e-7
1620	1.1804205644143173e-7
1621	1.2275196920642707e-7
1622	1.2282377438916324e-7
1623	1.205367100855802e-7
1624	1.1920048023932216e-7
1625	1.2340174546035273e-7
1626	1.143590313496504e-7
1627	1.1417370304911682e-7
1628	1.2227513175932454e-7
1629	1.2252364633529993e-7
1630	1.2694663107556944e-7
1631	1.2854066458578905e-7
1632	1.3058416120917563e-7
1633	1.3485074814401297e-7
1634	1.1313268363692092e-7
1635	1.1346527927467313e-7
1636	1.0931879626891136e-7
1637	1.122524748685585e-7
1638	1.1129504233381726e-7
1639	1.0934179432399677e-7
1640	1.0784122890955352e-7
1641	1.0168876213426832e-7
1642	1.0758675861289966e-7
1643	1.0594084118580844e-7
1644	1.0534921161791457e-7
1645	1.0805222140290852e-7
1646	1.0776701579971866e-7
1647	1.092365605232178e-7
1648	1.1282034140208903e-7
1649	1.086008985021715e-7
1650	1.0051034666989632e-7
1651	1.0155590376962002e-7
1652	1.0119601411326892e-7
1653	1.0201790560392346e-7
1654	1.0657575261848313e-7
1655	1.0299532476863035e-7
1656	1.0415114597874468e-7
1657	1.035030623881472e-7
1658	1.0617052454307077e-7
1659	1.0317091970437905e-7
1660	1.0393783340753815e-7
1661	1.0087769808668783e-7
1662	9.816995362906622e-8
1663	1.0032731632513572e-7
1664	1.0035510362322542e-7
1665	9.885893490308888e-8
1666	9.618755781720756e-8
1667	9.600076435555876e-8
1668	1.0099629236354428e-7
1669	1.008891254260518e-7
1670	9.725047255392799e-8
1671	9.943735719465299e-8
1672	9.398440623980358e-8
1673	9.45725968309689e-8
1674	9.331357619314006e-8
1675	9.487325011870582e-8
1676	9.357685034284057e-8
1677	9.249203792378354e-8
1678	9.579898922526851e-8
1679	9.586422007036613e-8
1680	9.346321704380663e-8
1681	9.305634514643961e-8
1682	9.115292107470236e-8
1683	9.205320694603387e-8
1684	8.933111219316593e-8
1685	9.456872840721867e-8
1686	9.039423687160841e-8
1687	9.428379628739228e-8
1688	8.777116388668283e-8
1689	9.283661052034018e-8
1690	9.157770429441401e-8
1691	9.08889312192335e-8
1692	9.181804099896449e-8
1693	8.649920280149707e-8
1694	8.902202456344114e-8
1695	9.139630454986736e-8
1696	9.018951347588448e-8
1697	8.951919087107743e-8
1698	8.886217693928595e-8
1699	9.331737225172404e-8
1700	8.791534644984882e-8
1701	8.545387470998958e-8
1702	8.847073302098593e-8
1703	8.568035043514028e-8
1704	8.569442775350967e-8
1705	8.584352440439006e-8
1706	8.740303150564763e-8
1707	8.695632223860838e-8
1708	8.934544782525192e-8
1709	8.606962428364121e-8
1710	8.53208414897993e-8
1711	8.62688340669408e-8
1712	8.592439962521265e-8
1713	8.143530254848202e-8
1714	8.21794187007665e-8
1715	8.31180115264757e-8
1716	8.323748873931177e-8
1717	8.261187399967979e-8
1718	8.260165702763035e-8
1719	8.234285428871381e-8
1720	8.21532636454872e-8
1721	7.996650481942889e-8
1722	8.283579425332334e-8
1723	8.307576350651358e-8
1724	8.461041300455336e-8
1725	8.850039751654352e-8
1726	7.896256618569892e-8
1727	8.408302782872091e-8
1728	8.192629872769263e-8
1729	8.199613174270092e-8
1730	8.143476546853843e-8
1731	8.185184509183774e-8
1732	8.311521707269134e-8
1733	8.230568392347657e-8
1734	8.07647782908369e-8
1735	8.160588103603253e-8
1736	7.993548814467503e-8
1737	7.910611067597903e-8
1738	7.910084866182974e-8
1739	7.939014327513024e-8
1740	7.754458739914458e-8
1741	7.707087616070261e-8
1742	7.954858740324593e-8
1743	8.031291459744112e-8
1744	8.029149514090861e-8
1745	7.82615668245307e-8
1746	7.7450521235307e-8
1747	8.166029598446506e-8
1748	8.029396888353072e-8
1749	7.835246289376835e-8
1750	7.648302728646502e-8
1751	7.698141202293922e-8
1752	7.739697050678047e-8
1753	7.790091361896792e-8
1754	7.78686991752474e-8
1755	7.938267535046505e-8
1756	7.71969752375087e-8
1757	7.668514937331493e-8
1758	7.663258166723264e-8
1759	7.5424622030973e-8
1760	7.30546123449154e-8
1761	7.491716064423543e-8
1762	7.451092336272493e-8
1763	7.669066031042183e-8
1764	7.388297062282589e-8
1765	7.52522270623703e-8
1766	7.370748422511324e-8
1767	7.358028520782222e-8
1768	6.963096379025606e-8
1769	7.195068341103396e-8
1770	7.457891179998825e-8
1771	7.053250619867212e-8
1772	7.323961317863717e-8
1773	7.366948696031537e-8
1774	7.145945550620267e-8
1775	7.207555443050185e-8
1776	7.116601930744816e-8
1777	7.237587513708015e-8
1778	7.402331743593591e-8
1779	7.337908151901205e-8
1780	7.110268013932206e-8
1781	7.212153341806952e-8
1782	7.20998301221386e-8
1783	6.81024991989067e-8
1784	7.156088252147025e-8
1785	7.48666187512253e-8
1786	7.508631054553637e-8
1787	7.189043063199057e-8
1788	7.134478089960471e-8
1789	7.278597924802545e-8
1790	7.160152682380353e-8
1791	7.009564745100653e-8
1792	6.691897019243104e-8
1793	6.821130224887444e-8
1794	6.588381061290745e-8
1795	7.124025641174921e-8
1796	7.046616042061556e-8
1797	6.803671194169237e-8
1798	6.72312379436511e-8
1799	6.819855574836826e-8
1800	6.960439540714017e-8
1801	6.905000790932804e-8
1802	6.859508305768085e-8
1803	6.918818428480599e-8
1804	6.814450292701972e-8
1805	6.635356470744076e-8
1806	6.914175844332256e-8
1807	6.864065601905948e-8
1808	6.612310359311876e-8
1809	6.659636658369063e-8
1810	6.779812232626467e-8
1811	6.763136183472421e-8
1812	6.88271789223865e-8
1813	6.69686042408556e-8
1814	6.69915744557372e-8
1815	6.796689699087519e-8
1816	6.76853948775949e-8
1817	6.99819623542824e-8
1818	6.559467630762772e-8
1819	6.489360869610927e-8
1820	6.696561293993436e-8
1821	6.550674038630288e-8
1822	6.681027306327955e-8
1823	6.651038806228236e-8
1824	6.594251889350076e-8
1825	6.61794563485423e-8
1826	6.581155963334982e-8
1827	6.546968556346662e-8
1828	6.627282905228822e-8
1829	6.504711684705986e-8
1830	6.472836418339392e-8
1831	6.447946576982984e-8
1832	6.533135297214457e-8
1833	6.49331863823399e-8
1834	6.603790576646918e-8
1835	6.518317851106983e-8
1836	6.551390306831743e-8
1837	6.457395690091934e-8
1838	6.408326251130697e-8
1839	6.393773857268581e-8
1840	6.494881882612405e-8
1841	6.331191343643561e-8
1842	6.169540233149276e-8
1843	6.146518000592613e-8
1844	6.307876983375013e-8
1845	6.103017334579975e-8
1846	6.23387717510133e-8
1847	6.675894143586221e-8
1848	5.886558722231085e-8
1849	6.228874602407247e-8
1850	6.00698479642893e-8
1851	6.102786739713312e-8
1852	6.127219526634093e-8
1853	6.228650908782578e-8
1854	6.064257080753053e-8
1855	6.45281199670165e-8
1856	6.058106056203894e-8
1857	6.142702337623794e-8
1858	6.044263099404179e-8
1859	6.177244574486163e-8
1860	6.168666506575256e-8
1861	5.956530916403127e-8
1862	6.02051046527756e-8
1863	6.207460060981482e-8
1864	6.094931304560794e-8
1865	6.176428554781876e-8
1866	6.133773362402044e-8
1867	6.141970241977457e-8
1868	6.161178321834691e-8
1869	6.010087195516197e-8
1870	6.223177371791398e-8
1871	6.148171123000119e-8
1872	6.019767003689365e-8
1873	6.01091400448482e-8
1874	5.965261931252022e-8
1875	5.86614328271977e-8
1876	5.8635258297519924e-8
1877	5.98629729743194e-8
1878	5.8551135476215653e-8
1879	5.911129381524718e-8
1880	5.9416864158290935e-8
1881	6.05042700508377e-8
1882	6.052286681125413e-8
1883	5.849251325002026e-8
1884	5.843469685838491e-8
1885	5.870248485166013e-8
1886	5.883909391130949e-8
1887	5.880713521237496e-8
1888	5.8543387492232535e-8
1889	5.67598370711056e-8
1890	5.783259960293005e-8
1891	5.8554212794127935e-8
1892	5.8362030866273386e-8
1893	5.6538004442597923e-8
1894	5.636030287645974e-8
1895	5.765200524459059e-8
1896	5.7130267029675474e-8
1897	5.655697408845482e-8
1898	5.6160820138441736e-8
1899	5.589407079246922e-8
1900	5.665370725955041e-8
1901	5.6792531534734795e-8
1902	5.631239000472507e-8
1903	5.655306746643504e-8
1904	5.6234809476678103e-8
1905	5.6880614100435503e-8
1906	5.5693055043438366e-8
1907	5.484434601518792e-8
1908	5.469887786590103e-8
1909	5.5730575505076745e-8
1910	5.5778263949501527e-8
1911	5.537396192125893e-8
1912	5.559105164125361e-8
1913	5.6250275806741386e-8
1914	5.5269421342446357e-8
1915	5.475885846054943e-8
1916	5.48371178953287e-8
1917	5.0915883839101374e-8
1918	5.0611124262910784e-8
1919	5.214864221685998e-8
1920	5.57299573936569e-8
1921	5.513981488429241e-8
1922	5.450573824756896e-8
1923	5.42539551049599e-8
1924	5.408509560273917e-8
1925	5.4684471639208507e-8
1926	5.360469229893731e-8
1927	5.565045762741984e-8
1928	5.346520164849606e-8
1929	5.6013333866743977e-8
1930	5.4083354236408976e-8
1931	5.258263097347121e-8
1932	5.3710800830446665e-8
1933	5.357876146655662e-8
1934	5.277241573350076e-8
1935	5.2225919643532995e-8
1936	5.284971571932522e-8
1937	5.171724642970338e-8
1938	5.2606665956601766e-8
1939	5.2685811972390504e-8
1940	5.2193191570962716e-8
1941	5.272646320969759e-8
1942	5.303916609651169e-8
1943	5.2822734349361436e-8
1944	5.3025454685839705e-8
1945	5.345463006165216e-8
1946	5.3204815860069224e-8
1947	5.314399636212156e-8
1948	5.145623685918879e-8
1949	5.181433657694376e-8
1950	5.3115431918604e-8
1951	5.276140217299141e-8
1952	5.2412523245632015e-8
1953	5.27226176069603e-8
1954	5.232485706752595e-8
1955	5.253446267998799e-8
1956	5.214486157152697e-8
1957	5.26811358385149e-8
1958	5.170330778120554e-8
1959	5.152211008839717e-8
1960	5.1928137809951275e-8
1961	5.178642983978199e-8
1962	5.117710745107179e-8
1963	5.094562326702253e-8
1964	5.19622916693507e-8
1965	5.177604920648778e-8
1966	5.082008751775314e-8
1967	5.142260432050937e-8
1968	4.972200959867692e-8
1969	5.025869535210808e-8
1970	4.96653758607241e-8
1971	4.9409731433144314e-8
1972	5.033200072622933e-8
1973	5.047364003918482e-8
1974	5.018637723458121e-8
1975	5.001336816740777e-8
1976	5.01144493827115e-8
1977	4.965253930983007e-8
1978	4.959449150653992e-8
1979	4.9592227600991913e-8
1980	4.924121035736077e-8
1981	4.955424388843308e-8
1982	4.929510952992142e-8
1983	4.950752527786644e-8
1984	4.995093179872495e-8
1985	4.945219486574032e-8
1986	4.989977702947681e-8
1987	5.016052052345086e-8
1988	4.826193502674422e-8
1989	5.021750620668646e-8
1990	5.0431499869067775e-8
1991	4.8547579277647044e-8
1992	4.841897738752313e-8
1993	4.8912682434487106e-8
1994	4.87868847433846e-8
1995	4.912294523040846e-8
1996	4.9307717898674474e-8
1997	4.783232485554344e-8
1998	4.963012861573735e-8
1999	4.86181579018391e-8
2000	4.8118059643037016e-8
2001	4.999681702776667e-8