1	1.1164648057639039e-9
2	2.2328989813533188e-9
3	3.3492859228566337e-9
4	4.466547626697648e-9
5	5.581727079219948e-9
6	6.698325669794597e-9
7	7.813865778498992e-9
8	8.928480740296186e-9
9	1.0043021624662932e-8
10	1.1159609981885552e-8
11	1.2276556195379507e-8
12	1.3387731155239124e-8
13	1.4508144721024848e-8
14	1.56197363569867e-8
15	1.6730232262682472e-8
16	1.784148155751706e-8
17	1.8955541857921004e-8
18	2.00574817583038e-8
19	2.1169841798476624e-8
20	2.228328394371837e-8
21	2.3388503356204706e-8
22	2.4478485089382075e-8
23	2.5603429035191763e-8
24	2.668029059945428e-8
25	2.7822807626206377e-8
26	2.8948477293229875e-8
27	3.0019341843167e-8
28	3.1128721747897185e-8
29	3.2246454982343174e-8
30	3.334769063113356e-8
31	3.441571175576235e-8
32	3.552992565383247e-8
33	3.6650103619309744e-8
34	3.773187290807567e-8
35	3.8811701168748065e-8
36	3.994438383014018e-8
37	4.10131838214003e-8
38	4.211778125652453e-8
39	4.31663573777837e-8
40	4.430263503512842e-8
41	4.537298571275019e-8
42	4.6463895877698016e-8
43	4.755723012043884e-8
44	4.8638994061747796e-8
45	4.9706566784954594e-8
46	5.0739022445516363e-8
47	5.200434809637263e-8
48	5.301632133507944e-8
49	5.39615994358945e-8
50	5.511459547339107e-8
51	5.6251306308880725e-8
52	5.723651250318055e-8
53	5.830135875381316e-8
54	5.940182239642607e-8
55	6.053611328773419e-8
56	6.154815936319297e-8
57	6.258792356206957e-8
58	6.364003448718046e-8
59	6.48670206846735e-8
60	6.577769977919454e-8
61	6.681935411244066e-8
62	6.795423868433317e-8
63	6.90635360273714e-8
64	6.985628010076281e-8
65	7.096696319285723e-8
66	7.205978987058173e-8
67	7.309982832826509e-8
68	7.418038665938252e-8
69	7.520064776298183e-8
70	7.621132245243579e-8
71	7.724941940677806e-8
72	7.825385854045919e-8
73	7.92647953285994e-8
74	8.030477910705531e-8
75	8.139341614783031e-8
76	8.23787183956401e-8
77	8.34361297317011e-8
78	8.457583193115612e-8
79	8.545781031863627e-8
80	8.646087837872928e-8
81	8.748128693553968e-8
82	8.859263613756103e-8
83	8.938042048024273e-8
84	9.041921873440187e-8
85	9.155649629186258e-8
86	9.239558864567407e-8
87	9.334956885023654e-8
88	9.447024759251475e-8
89	9.54345203685533e-8
90	9.63829679033014e-8
91	9.741356073886044e-8
92	9.841114048863016e-8
93	9.93987417562149e-8
94	1.0034219733502492e-7
95	1.0128249573095143e-7
96	1.0231654674494282e-7
97	1.0328814795115424e-7
98	1.0418277967385832e-7
99	1.0517930561533959e-7
100	1.06094919561699e-7
101	1.0711680280297024e-7
102	1.0812013932290018e-7
103	1.0912755381715459e-7
104	1.0997782394604075e-7
105	1.1086571051307414e-7
106	1.1174597566817494e-7
107	1.1269071685099731e-7
108	1.136482210891042e-7
109	1.1467871953321959e-7
110	1.1551350004948607e-7
111	1.1530673307504108e-7
112	1.1624173331999855e-7
113	1.1841547407421397e-7
114	1.1926750176110277e-7
115	1.2016366883273517e-7
116	1.1919780680495304e-7
117	1.2183518288763375e-7
118	1.2277954671099854e-7
119	1.2371982990400122e-7
120	1.246846035629515e-7
121	1.2546970794980247e-7
122	1.2642597040525436e-7
123	1.2733150348507556e-7
124	1.2817830193329018e-7
125	1.290234953703034e-7
126	1.2997985711275323e-7
127	1.3101165311880388e-7
128	1.3178415513346305e-7
129	1.3256936656530802e-7
130	1.334138315530628e-7
131	1.3415783141907598e-7
132	1.3517982929881434e-7
133	1.3610966242875676e-7
134	1.368808530588444e-7
135	1.377829288417664e-7
136	1.3838902293834118e-7
137	1.3922996897500666e-7
138	1.402006932851573e-7
139	1.4094124837519895e-7
140	1.4158061689697394e-7
141	1.4269958650622155e-7
142	1.4349733660877193e-7
143	1.4429257682672526e-7
144	1.452406946788002e-7
145	1.4593248454496583e-7
146	1.4682623408802564e-7
147	1.4769416792997234e-7
148	1.4835294203068454e-7
149	1.4927867433916015e-7
150	1.4994629442787763e-7
151	1.5087697311942444e-7
152	1.51581404999603e-7
153	1.523205402729827e-7
154	1.5312798475027988e-7
155	1.5388421993869052e-7
156	1.5459392507787164e-7
157	1.5531831598698105e-7
158	1.561440991619126e-7
159	1.5695979722535468e-7
160	1.5792406302844966e-7
161	1.5849714615150602e-7
162	1.592506774476126e-7
163	1.6005228970752003e-7
164	1.6063673356656893e-7
165	1.61476049782351e-7
166	1.6222569119125552e-7
167	1.630186065598142e-7
168	1.6356789179441426e-7
169	1.6428223647585718e-7
170	1.6507985904140483e-7
171	1.6564819632605916e-7
172	1.6635557574750782e-7
173	1.6725130771354778e-7
174	1.679353112499625e-7
175	1.6866486445885346e-7
176	1.695087916949592e-7
177	1.7015665667458167e-7
178	1.7050808403065205e-7
179	1.712926138208032e-7
180	1.7216060806785375e-7
181	1.725766782153446e-7
182	1.7352614673086663e-7
183	1.7413621041595293e-7
184	1.7473736425393257e-7
185	1.754944367893663e-7
186	1.7604577534817683e-7
187	1.7670371629495243e-7
188	1.77446591114211e-7
189	1.7809950657851484e-7
190	1.7850915986081539e-7
191	1.7921234748920244e-7
192	1.7990614694229678e-7
193	1.8062883816893068e-7
194	1.8120512136436795e-7
195	1.818379463305791e-7
196	1.8262920622546081e-7
197	1.8313546889243442e-7
198	1.8373264133783437e-7
199	1.8439105335981891e-7
200	1.8486776268824261e-7
201	1.855392608157599e-7
202	1.8608734356734014e-7
203	1.8685935402419383e-7
204	1.8742630232362374e-7
205	1.881816976616036e-7
206	1.886315025454404e-7
207	1.8927552711857438e-7
208	1.8980164511246152e-7
209	1.892242440677852e-7
210	1.8989147899190634e-7
211	1.9031284658027134e-7
212	1.9089971189482348e-7
213	1.9342196142292076e-7
214	1.932567616561501e-7
215	1.9361890579249954e-7
216	1.9425861843530184e-7
217	1.9481709689737203e-7
218	1.9551158395772428e-7
219	1.9590827989279228e-7
220	1.9641018928580559e-7
221	1.9692506976510737e-7
222	1.9749882562909657e-7
223	1.9807097448558378e-7
224	1.985826036421689e-7
225	1.9912701507481914e-7
226	1.996347641079344e-7
227	2.001950731927964e-7
228	2.0072156504445089e-7
229	2.012992967070344e-7
230	2.0173609964776166e-7
231	2.0216382077778077e-7
232	2.0261338943369016e-7
233	2.030708331314301e-7
234	2.036518703705548e-7
235	2.0419147262908681e-7
236	2.046629116325701e-7
237	2.0515199984190615e-7
238	2.0561564816840833e-7
239	2.0612567988594228e-7
240	2.0663689778042031e-7
241	2.06982280626373e-7
242	2.075503147093e-7
243	2.079361787680385e-7
244	2.0845095453119017e-7
245	2.0903326202399545e-7
246	2.0932257641059625e-7
247	2.097865132573976e-7
248	2.1019023143503845e-7
249	2.1057901433789435e-7
250	2.1117991198840008e-7
251	2.115794360572951e-7
252	2.120364568386792e-7
253	2.1244062118087715e-7
254	2.1289026399216235e-7
255	2.132968322405613e-7
256	2.137622277228431e-7
257	2.1408213106360823e-7
258	2.1453103336392026e-7
259	2.1498316362173642e-7
260	2.1546207666681992e-7
261	2.15806004935758e-7
262	2.1598199632126448e-7
263	2.1656633929360096e-7
264	2.170468124242869e-7
265	2.175962306625124e-7
266	2.1785346746966133e-7
267	2.1820563355448146e-7
268	2.186982980732874e-7
269	2.190825395767387e-7
270	2.193557168770333e-7
271	2.1983627372821675e-7
272	2.200607655458967e-7
273	2.202773364276297e-7
274	2.206054024116044e-7
275	2.2122067642650574e-7
276	2.216163552654094e-7
277	2.2202780942200145e-7
278	2.2226792778986893e-7
279	2.2258728119055072e-7
280	2.2293361423116562e-7
281	2.2341251221261085e-7
282	2.236286428321014e-7
283	2.2399200495452635e-7
284	2.2435153802982246e-7
285	2.2474387462172717e-7
286	2.2506903790991598e-7
287	2.2532855404506643e-7
288	2.2564149076835953e-7
289	2.258679853363561e-7
290	2.2680187429086486e-7
291	2.2672313284927477e-7
292	2.2704681209757593e-7
293	2.2741334520903014e-7
294	2.2781217394593145e-7
295	2.2816251850852444e-7
296	2.284096624581171e-7
297	2.287269755613237e-7
298	2.2893205203049494e-7
299	2.2929962990789788e-7
300	2.294992342288946e-7
301	2.2974184281920744e-7
302	2.3007827528001016e-7
303	2.3046322294192616e-7
304	2.30591250721978e-7
305	2.3105927882116062e-7
306	2.3136319830890877e-7
307	2.317067454222304e-7
308	2.3190053710828694e-7
309	2.322358184911584e-7
310	2.3250254697715102e-7
311	2.3275583574601533e-7
312	2.3302487519371035e-7
313	2.3339167126022234e-7
314	2.3353374539382602e-7
315	2.3385478305766116e-7
316	2.341269930645351e-7
317	2.3442755598102722e-7
318	2.3463221621376716e-7
319	2.3473658667284586e-7
320	2.3508352367787084e-7
321	2.3535786181957646e-7
322	2.3567790588283547e-7
323	2.3597199241678446e-7
324	2.361540739665243e-7
325	2.365169866723926e-7
326	2.3676297285063688e-7
327	2.3697285791894763e-7
328	2.373195719353084e-7
329	2.374443294222719e-7
330	2.3771866500219023e-7
331	2.380528851363167e-7
332	2.3813900933157617e-7
333	2.3838694426930403e-7
334	2.3863944970102685e-7
335	2.389103866521496e-7
336	2.3912617906262565e-7
337	2.3926732771429366e-7
338	2.395547472113346e-7
339	2.397755066813102e-7
340	2.400865267808432e-7
341	2.4023085548905925e-7
342	2.404128819988872e-7
343	2.407470825181181e-7
344	2.408979019732721e-7
345	2.4100565718019316e-7
346	2.4120866744737973e-7
347	2.415219342424145e-7
348	2.416644789466117e-7
349	2.4192396442611286e-7
350	2.420301041069455e-7
351	2.4226243321338193e-7
352	2.42520566479135e-7
353	2.428479319120747e-7
354	2.429485071676414e-7
355	2.430967632591766e-7
356	2.4340715445388597e-7
357	2.43567815974501e-7
358	2.436150048961371e-7
359	2.4396554049439323e-7
360	2.439205967371953e-7
361	2.441722472864504e-7
362	2.4455043591564663e-7
363	2.4474437133289716e-7
364	2.449301795918232e-7
365	2.450990633860678e-7
366	2.4533825961562903e-7
367	2.455057485207301e-7
368	2.4563734074426435e-7
369	2.4581950527323315e-7
370	2.4600465495934735e-7
371	2.4619569807722456e-7
372	2.4635292981126154e-7
373	2.4656321191213437e-7
374	2.466572106915981e-7
375	2.4685474861373417e-7
376	2.470422862454417e-7
377	2.47276297233152e-7
378	2.4740518053506606e-7
379	2.475714985566293e-7
380	2.4840626522170594e-7
381	2.478461409683223e-7
382	2.4788169668285745e-7
383	2.4825872154670724e-7
384	2.4864352181879234e-7
385	2.4857117697821256e-7
386	2.487375554485379e-7
387	2.488883746895106e-7
388	2.490830237794116e-7
389	2.491141244958924e-7
390	2.4938300661647664e-7
391	2.495262121149155e-7
392	2.4959855608274465e-7
393	2.4927869156617687e-7
394	2.499029737299215e-7
395	2.5008137691063833e-7
396	2.5016726169168773e-7
397	2.5035843810963123e-7
398	2.5052492024843196e-7
399	2.5067159990495596e-7
400	2.5086940928083853e-7
401	2.5102190167347573e-7
402	2.5118240969815394e-7
403	2.513181997547545e-7
404	2.5151509771086067e-7
405	2.5160788456181733e-7
406	2.5180140160725197e-7
407	2.519407764190077e-7
408	2.520731069091637e-7
409	2.5223006033543525e-7
410	2.5244928025941194e-7
411	2.5252944024235347e-7
412	2.5249858612864495e-7
413	2.527798951408878e-7
414	2.529332332695475e-7
415	2.530881598536203e-7
416	2.532649508607419e-7
417	2.5339764350492397e-7
418	2.5353835786999273e-7
419	2.5369132093854307e-7
420	2.5382152788522795e-7
421	2.5400831793112296e-7
422	2.5410043176852655e-7
423	2.5426306981005876e-7
424	2.5439964077984986e-7
425	2.5455445669344843e-7
426	2.5469987062543486e-7
427	2.548731848535166e-7
428	2.549325750188326e-7
429	2.5510436644823963e-7
430	2.5522130248979605e-7
431	2.553552952153619e-7
432	2.555129002653235e-7
433	2.5565092049566493e-7
434	2.558183988408993e-7
435	2.5593647623044016e-7
436	2.5606451789584164e-7
437	2.562210225500102e-7
438	2.563156741105377e-7
439	2.56481504910877e-7
440	2.5658663876282477e-7
441	2.567129121831463e-7
442	2.568784299321593e-7
443	2.5702101051534635e-7
444	2.57050249447631e-7
445	2.5722003183543365e-7
446	2.5737421281758385e-7
447	2.5752355350657464e-7
448	2.576234542465143e-7
449	2.5772883122802954e-7
450	2.5792438815884134e-7
451	2.5804913676647096e-7
452	2.5818723388378923e-7
453	2.5829061499397217e-7
454	2.5838167125820517e-7
455	2.5857063525040596e-7
456	2.586804259269269e-7
457	2.5879373017261884e-7
458	2.589268287750413e-7
459	2.590818927561376e-7
460	2.5921649294671046e-7
461	2.593116360490394e-7
462	2.594391237185363e-7
463	2.595786515249435e-7
464	2.597550805339743e-7
465	2.598448977606212e-7
466	2.608580555015855e-7
467	2.6009919801122965e-7
468	2.6021199464665053e-7
469	2.6033241036162167e-7
470	2.604969868611159e-7
471	2.605777489312457e-7
472	2.607159018542561e-7
473	2.6088244329620537e-7
474	2.6089601049604906e-7
475	2.611095034328646e-7
476	2.611907216719445e-7
477	2.613107061403761e-7
478	2.614493278635311e-7
479	2.615839240206999e-7
480	2.6166101172887496e-7
481	2.617711961657408e-7
482	2.6190912385353084e-7
483	2.620037247622307e-7
484	2.62116915127017e-7
485	2.6226228820126594e-7
486	2.6230719390976077e-7
487	2.624279781796806e-7
488	2.625615297124235e-7
489	2.6264503338854896e-7
490	2.626209484042362e-7
491	2.6287408987502096e-7
492	2.6295380003201343e-7
493	2.6304738722480166e-7
494	2.6312857258889056e-7
495	2.63228522712833e-7
496	2.632885558007818e-7
497	2.634018031550266e-7
498	2.634600218499398e-7
499	2.6353967176418483e-7
500	2.636293702017693e-7
501	2.6364712087882785e-7
502	2.6373449191076617e-7
503	2.638363636287691e-7
504	2.6387690827144056e-7
505	2.639282215206185e-7
506	2.639690548124689e-7
507	2.6399991531169377e-7
508	2.6404908714638424e-7
509	2.640619787161434e-7
510	2.64100889261623e-7
511	2.641152813171977e-7
512	2.6415415893659783e-7
513	2.641487915085513e-7
514	2.641415986067216e-7
515	2.6411586834708737e-7
516	2.6409781772769385e-7
517	2.6408919387456286e-7
518	2.640368928064283e-7
519	2.639628383885285e-7
520	2.6391767323580574e-7
521	2.6387290774141657e-7
522	2.637497130207049e-7
523	2.636609410310424e-7
524	2.6354305432768216e-7
525	2.6338994444865465e-7
526	2.6326407122391267e-7
527	2.6309912591273763e-7
528	2.629128753825794e-7
529	2.6272142640633287e-7
530	2.62501193027883e-7
531	2.6222057320507694e-7
532	2.619474736942909e-7
533	2.6166690195275263e-7
534	2.613217287164621e-7
535	2.609799437439071e-7
536	2.6059795398579143e-7
537	2.6016762129973466e-7
538	2.5972199296831856e-7
539	2.5922071261229296e-7
540	2.586969506023463e-7
541	2.580867873280183e-7
542	2.5747525822448856e-7
543	2.568251983123689e-7
544	2.560894809767516e-7
545	2.552971542300884e-7
546	2.5440486269754636e-7
547	2.5356424651946185e-7
548	2.5259377713774826e-7
549	2.515337384899989e-7
550	2.504009621521501e-7
551	2.492035939987802e-7
552	2.478709360674937e-7
553	2.464420964447158e-7
554	2.44909296724381e-7
555	2.432379973383882e-7
556	2.4145472297036715e-7
557	2.395418777836694e-7
558	2.3744224529923578e-7
559	2.351213600916992e-7
560	2.3275855996601915e-7
561	2.3012770107375768e-7
562	2.2728073034699055e-7
563	2.2420000106357418e-7
564	2.208590543494488e-7
565	2.1723612360067256e-7
566	2.1330255416071107e-7
567	2.0903042203680216e-7
568	2.0438468872035715e-7
569	1.9932808591535252e-7
570	1.9381983783118365e-7
571	1.878144990629717e-7
572	1.8126184731515362e-7
573	1.741060738467615e-7
574	1.6628665650784364e-7
575	1.5773958644646505e-7
576	1.483967673418945e-7
577	1.381891953197146e-7
578	1.2705162860243968e-7
579	1.1493060857756563e-7
580	1.017983192079376e-7
581	8.767699408668033e-8
582	7.267943523898842e-8
583	5.7075093576455406e-8
584	4.139038566755967e-8
585	2.6535404276606688e-8
586	1.3880678043472099e-8
587	5.027701280406445e-9
588	8.385480319171161e-10
589	1.3610889051328697e-11
590	0.
591	0.
592	0.
593	0.
594	0.
595	0.
596	0.
597	0.
598	0.
599	0.
600	0.
601	0.
602	0.
603	0.
604	0.
605	0.
606	0.
607	0.
608	0.
609	7.849931277076712e-6
610	6.874826077987264e-6
611	5.938085023263717e-6
612	5.205523856364522e-6
613	4.631643522367029e-6
614	4.172614353665428e-6
615	3.798985432882075e-6
616	3.4882886300626463e-6
617	3.225769960525433e-6
618	3.001117292065912e-6
619	2.806986677822712e-6
620	2.637430568475923e-6
621	2.48867820794676e-6
622	2.3548988162271387e-6
623	2.2353819245596354e-6
624	2.130647399467809e-6
625	2.0312106623397416e-6
626	1.9460130646985795e-6
627	1.863694206943003e-6
628	1.7915782239715106e-6
629	1.723539840891806e-6
630	1.66082380003624e-6
631	1.6029879495431573e-6
632	1.5492650904450918e-6
633	1.4991073221888912e-6
634	1.4527290483014535e-6
635	1.4086077583734633e-6
636	1.3673050974899505e-6
637	1.329143249670035e-6
638	1.2919413720453601e-6
639	1.2585860031035733e-6
640	1.2254245649724215e-6
641	1.1948369191470106e-6
642	1.1657699712556453e-6
643	1.1379526041876464e-6
644	1.1115827336558341e-6
645	1.0866981783677373e-6
646	1.0629623071578691e-6
647	1.0403896039981035e-6
648	1.017704827506579e-6
649	9.973973711101527e-7
650	9.76631243281947e-7
651	9.588011800491174e-7
652	9.417130022330382e-7
653	9.226049455315048e-7
654	9.062973947691926e-7
655	8.859158320674952e-7
656	8.733297375442996e-7
657	8.58694117967812e-7
658	8.452967077226881e-7
659	8.287836593259491e-7
660	8.155999728331317e-7
661	8.054540698359005e-7
662	7.913301550502784e-7
663	7.78113297109081e-7
664	7.639382102507235e-7
665	7.543816929592935e-7
666	7.450138383170702e-7
667	7.336128747138104e-7
668	7.24458738472623e-7
669	7.120304185514083e-7
670	7.012643515136533e-7
671	6.928467697787709e-7
672	6.83538075536659e-7
673	6.761990329451e-7
674	6.639220081943429e-7
675	6.48204230125283e-7
676	6.481134120384147e-7
677	6.428436056169961e-7
678	6.317172900964031e-7
679	6.243800239124825e-7
680	6.190095968794422e-7
681	6.074794508830667e-7
682	6.039210568608404e-7
683	5.949085966815737e-7
684	5.923370240457396e-7
685	5.860938936491183e-7
686	5.761429221961632e-7
687	5.597749844453674e-7
688	5.664315801554506e-7
689	5.56620374479202e-7
690	5.540853625278303e-7
691	5.500305630621447e-7
692	5.40231830437835e-7
693	5.350147381482273e-7
694	5.298046648027122e-7
695	5.266701646584356e-7
696	5.264483931910617e-7
697	5.123003764479543e-7
698	5.165104663414608e-7
699	5.015835383355143e-7
700	5.038479402602874e-7
701	5.032334759115987e-7
702	5.031012794612318e-7
703	4.897488704261987e-7
704	4.7388515497548365e-7
705	4.694187283325587e-7
706	4.7464148443788814e-7
707	4.719358961166481e-7
708	4.9386893013337e-7
709	5.033365245281795e-7
710	4.530575263079302e-7
711	4.529591614775703e-7
712	4.459502618380296e-7
713	4.263957393773158e-7
714	4.3164321454141703e-7
715	4.259467499430618e-7
716	4.3564612733330587e-7
717	5.214049659832326e-7
718	5.340641717788585e-7
719	4.189914850795846e-7
720	4.1323212188779225e-7
721	4.0846203149297667e-7
722	3.9133584992438414e-7
723	4.0810029545856264e-7
724	4.160072931039008e-7
725	4.200691561158281e-7
726	4.0083123647579827e-7
727	4.3171511008135296e-7
728	3.9577175130256393e-7
729	4.158104862135322e-7
730	3.855950281536787e-7
731	3.8636700112542976e-7
732	3.944485605023307e-7
733	3.8049523186779686e-7
734	3.7665323738123965e-7
735	3.784876885018225e-7
736	3.7374435245642447e-7
737	3.6864999385626374e-7
738	3.628950475774626e-7
739	3.632045525160054e-7
740	3.5070436618742864e-7
741	3.6101916345637004e-7
742	3.6484730322538715e-7
743	3.582268551937236e-7
744	3.3193956119002267e-7
745	3.497772762228585e-7
746	3.629320207095483e-7
747	3.5128204265618854e-7
748	3.5488060194673314e-7
749	3.531308422837957e-7
750	3.479724637132866e-7
751	3.4196850578329686e-7
752	3.4555390904838693e-7
753	3.3543591307207476e-7
754	3.3843732621579175e-7
755	3.334384504429552e-7
756	3.356454412434554e-7
757	3.258830169472204e-7
758	3.222638806091568e-7
759	3.1889462349575394e-7
760	3.1653382453621515e-7
761	3.2267435476902363e-7
762	3.1955282606836097e-7
763	3.179050425110454e-7
764	3.2697061120808546e-7
765	3.2058266417270314e-7
766	3.060022212079354e-7
767	3.108752964539186e-7
768	2.94521807231612e-7
769	3.1656325808696814e-7
770	3.1086229017723965e-7
771	3.007257972368234e-7
772	3.0822739745586655e-7
773	2.9089076333299543e-7
774	3.0078375489684e-7
775	2.897112045333971e-7
776	2.939759953372089e-7
777	3.067105245494232e-7
778	2.8727779581097164e-7
779	2.938201057285141e-7
780	2.950280643697949e-7
781	2.8762487528794036e-7
782	2.8857250200932617e-7
783	2.94335902016025e-7
784	2.933150771482449e-7
785	2.9363644496160897e-7
786	2.748976151157474e-7
787	2.6682798059031245e-7
788	2.8082680603210426e-7
789	2.966314099451975e-7
790	2.702961783172413e-7
791	2.9228157726665235e-7
792	2.7165577063263307e-7
793	2.723775114176271e-7
794	2.681521796506662e-7
795	2.678504348766383e-7
796	2.6736730929585333e-7
797	2.6272522085525266e-7
798	2.8187490934153574e-7
799	2.5999394394852666e-7
800	2.5584150748998967e-7
801	2.676419936902553e-7
802	2.5871965316066403e-7
803	2.6289950891501536e-7
804	2.48883458878396e-7
805	2.588214913944973e-7
806	2.532235456533965e-7
807	2.4364210611201904e-7
808	2.356869990904131e-7
809	2.3435511461095078e-7
810	2.621186908684263e-7
811	2.464020428677262e-7
812	2.4050958573824793e-7
813	2.439322939819279e-7
814	2.465387029321522e-7
815	2.499632853290007e-7
816	2.3799536194347378e-7
817	2.491411467457002e-7
818	2.4067368186482536e-7
819	2.3653182136349972e-7
820	2.305256915258956e-7
821	2.3448145023235018e-7
822	2.397730769351309e-7
823	2.3462216238034426e-7
824	2.3816554264156745e-7
825	2.4099166955745076e-7
826	2.432480015583125e-7
827	2.2594724802565446e-7
828	2.3449202448541773e-7
829	2.2552712686327847e-7
830	2.2296630992107037e-7
831	2.3431908890150614e-7
832	2.2191686005905033e-7
833	2.2585528232814985e-7
834	2.316350644892856e-7
835	2.214980015019797e-7
836	2.2037751673160685e-7
837	2.2199301531462636e-7
838	2.0512582395101887e-7
839	2.1093019847526497e-7
840	2.237779790673341e-7
841	2.2154524172099576e-7
842	2.2153768768274766e-7
843	2.222302908975197e-7
844	2.0941428785236392e-7
845	2.1274173804130338e-7
846	2.1059801375174022e-7
847	2.1410323302842827e-7
848	2.1413405044020816e-7
849	2.1074077179794075e-7
850	2.4225975267765177e-7
851	2.2879881284691996e-7
852	2.054643223096367e-7
853	2.172171781644631e-7
854	2.128605957691009e-7
855	2.0716820442934813e-7
856	2.1223872503583133e-7
857	2.0863944300994127e-7
858	2.0526129389307293e-7
859	2.0240591555791085e-7
860	2.0582470086721486e-7
861	2.0445626070175706e-7
862	2.0888283106040923e-7
863	1.9939000784388274e-7
864	2.0541303127135113e-7
865	2.0571551833417484e-7
866	1.9973050363672033e-7
867	2.3477577836148454e-7
868	2.033958287211268e-7
869	1.9609704814766434e-7
870	1.9238662497564482e-7
871	1.9849449092443676e-7
872	1.90379182625908e-7
873	1.8226545808829735e-7
874	1.838637722248151e-7
875	1.9440667677867047e-7
876	1.9306773107551727e-7
877	1.908856758201339e-7
878	1.8967337111714093e-7
879	2.0157397644831894e-7
880	1.8822270109319753e-7
881	1.906710678981709e-7
882	1.9495462687885053e-7
883	1.99112959427802e-7
884	1.685477682306154e-7
885	1.8496960637606068e-7
886	1.8112575336429938e-7
887	1.865243042724134e-7
888	1.856046607449516e-7
889	1.9079926007131875e-7
890	1.8822684524074913e-7
891	1.84868159732539e-7
892	1.7732991070589365e-7
893	1.7288468536538566e-7
894	1.8564735054832863e-7
895	1.797432265192184e-7
896	1.7435530784525995e-7
897	1.807375979427941e-7
898	1.7649945024952457e-7
899	1.7579254100137134e-7
900	1.7498622845667324e-7
901	1.707162724610599e-7
902	1.8057880072878318e-7
903	1.736743777636008e-7
904	1.7646840361783784e-7
905	1.8107231029254425e-7
906	1.8446942586591973e-7
907	1.770829073250489e-7
908	1.7110598397848168e-7
909	1.7541003014196972e-7
910	1.7429015200870464e-7
911	1.798528873292701e-7
912	1.9441634708944406e-7
913	1.7205718525491944e-7
914	1.6831685676897652e-7
915	1.760867636644308e-7
916	1.819640118024785e-7
917	1.6959384484652874e-7
918	1.6829993133695853e-7
919	1.6824039891804246e-7
920	1.6768349661003634e-7
921	1.6470590958381167e-7
922	1.583905979523529e-7
923	1.641383499873771e-7
924	1.8250233922234627e-7
925	1.620765942426259e-7
926	1.856640015088478e-7
927	1.682373215264148e-7
928	1.6596177620996517e-7
929	1.6517189058331246e-7
930	1.6691828000511965e-7
931	1.5211165652540324e-7
932	1.7121194316842082e-7
933	1.71375517105909e-7
934	1.5064578735116417e-7
935	1.552695651549069e-7
936	1.5644844643338526e-7
937	1.5303943891175468e-7
938	1.5389442222398864e-7
939	1.5787963607069155e-7
940	1.6061117496586458e-7
941	1.72064344951388e-7
942	1.6078305776309763e-7
943	1.597864313107679e-7
944	1.588881764424298e-7
945	1.5828289187225837e-7
946	1.5783266922414456e-7
947	1.5124544047155598e-7
948	1.5358351265928265e-7
949	1.5599231906886582e-7
950	1.6106600449222417e-7
951	1.5278132595907932e-7
952	1.4945649915217754e-7
953	1.5371289571857472e-7
954	1.5068894047295112e-7
955	1.540811944024866e-7
956	1.5120230065592255e-7
957	1.5000390610786208e-7
958	1.4967444081250249e-7
959	1.484741371890308e-7
960	1.5195136826263373e-7
961	1.4937957362876046e-7
962	1.4659091697708282e-7
963	1.474615318327702e-7
964	1.463957336459413e-7
965	1.491019866635572e-7
966	1.4706660523275573e-7
967	1.4505855636284227e-7
968	1.42905916812062e-7
969	1.4584069955578526e-7
970	1.5195202731264786e-7
971	1.4576764357904966e-7
972	1.4967510636414175e-7
973	1.470600892414916e-7
974	1.2877684586520168e-7
975	1.470470478293125e-7
976	1.4443190640068892e-7
977	1.4514734707063512e-7
978	1.467308296428647e-7
979	1.420666902671463e-7
980	1.4355272315144048e-7
981	1.4847972703957873e-7
982	1.469195656531069e-7
983	1.4161219608364681e-7
984	1.4128484469931985e-7
985	1.3951765573961632e-7
986	1.4388491984257704e-7
987	1.386606288125228e-7
988	1.3694261180727463e-7
989	1.3319885359873138e-7
990	1.3999623410601817e-7
991	1.400609523283874e-7
992	1.3472615971196532e-7
993	1.3802787366052586e-7
994	1.400265441520559e-7
995	1.404813570392459e-7
996	1.4103664354191505e-7
997	1.4167261616191843e-7
998	1.3981459697741122e-7
999	1.367170626693297e-7
1000	1.411471330082724e-7
1001	1.3520689349802883e-7
1002	1.3598678930142346e-7
1003	1.3583110141174601e-7
1004	1.2926458479590865e-7
1005	1.369574686955315e-7
1006	1.3897939403345506e-7
1007	1.340729526522324e-7
1008	1.258741242167115e-7
1009	1.3094021932325637e-7
1010	1.3490306456226528e-7
1011	1.3168351741110455e-7
1012	1.2814763856113095e-7
1013	1.269091416899375e-7
1014	1.2759611347023798e-7
1015	1.229541290825884e-7
1016	1.3544256305625472e-7
1017	1.2512234448296427e-7
1018	1.2179946472620082e-7
1019	1.4197424414208206e-7
1020	1.2617057220940204e-7
1021	1.2630186196256013e-7
1022	1.2682236242593897e-7
1023	1.2643632230539554e-7
1024	1.3073008027702134e-7
1025	1.278422717080715e-7
1026	1.2635092233453076e-7
1027	1.3093816802606691e-7
1028	1.3784968082053663e-7
1029	1.2491173120613317e-7
1030	1.2765851206083692e-7
1031	1.2962108474455515e-7
1032	1.3051570113641418e-7
1033	1.3046089784452228e-7
1034	1.3124055780131541e-7
1035	1.1672300818602991e-7
1036	1.3085521591763307e-7
1037	1.3227509171398194e-7
1038	1.178096784188446e-7
1039	1.2336557505289987e-7
1040	1.2140527523580544e-7
1041	1.2157507382168004e-7
1042	1.2662935286475054e-7
1043	1.2267121460045306e-7
1044	1.0096896875698109e-7
1045	1.2478984361018727e-7
1046	1.2114135950736825e-7
1047	1.223647557004597e-7
1048	1.236154103397536e-7
1049	1.2386124718147493e-7
1050	1.2531792328787801e-7
1051	1.258956992047523e-7
1052	1.2653376669020057e-7
1053	1.2761801405996908e-7
1054	1.2219687622493565e-7
1055	1.248272362656816e-7
1056	1.23921523908529e-7
1057	1.2480672713348737e-7
1058	1.2380864904568845e-7
1059	1.250915651396088e-7
1060	1.211914196587583e-7
1061	1.1149003645440284e-7
1062	1.220396036378401e-7
1063	1.290784396513355e-7
1064	1.2433509199047768e-7
1065	1.2282796405961944e-7
1066	1.2462124047531634e-7
1067	1.2114137309094152e-7
1068	1.2428022265012376e-7
1069	1.225434414474316e-7
1070	1.234294758047596e-7
1071	1.246426024951245e-7
1072	1.230049451888607e-7
1073	1.238874548263742e-7
1074	1.2146262626604606e-7
1075	1.152155267484164e-7
1076	1.1233930248569447e-7
1077	1.1542685081910878e-7
1078	1.1710048127618188e-7
1079	1.1520763516368629e-7
1080	1.144060200241799e-7
1081	1.1863405525180148e-7
1082	1.121320229225036e-7
1083	1.1299158006706528e-7
1084	1.1041314889439755e-7
1085	1.1160421790209609e-7
1086	1.1009322000517426e-7
1087	1.1359023631364024e-7
1088	1.157492591139709e-7
1089	1.1283080954164854e-7
1090	1.1017143818802254e-7
1091	1.105465433224027e-7
1092	1.1534958404319406e-7
1093	1.124345226712584e-7
1094	1.1523876117511247e-7
1095	1.0612501453164547e-7
1096	1.0586282807992927e-7
1097	1.0944896419543417e-7
1098	1.0464063715179563e-7
1099	1.0574976983915007e-7
1100	1.1394765731211327e-7
1101	1.0980025323252743e-7
1102	1.0836907135630845e-7
1103	1.1179766926545217e-7
1104	1.1142997795910067e-7
1105	1.0838184719549789e-7
1106	1.0845218740230527e-7
1107	1.0907791842495855e-7
1108	1.0919489105232032e-7
1109	1.0926761744502289e-7
1110	1.0102813827687305e-7
1111	1.014731882335518e-7
1112	1.0037066470530287e-7
1113	1.101817815182002e-7
1114	1.0878007342019757e-7
1115	1.0128555754998895e-7
1116	1.0198352749042075e-7
1117	1.012769938959768e-7
1118	1.1161700336373637e-7
1119	1.0849724466528295e-7
1120	1.107705860350754e-7
1121	1.0467665539631303e-7
1122	1.0224807443024675e-7
1123	1.0358229844545725e-7
1124	1.2093747393739033e-7
1125	1.0487633264447993e-7
1126	1.0278040431667884e-7
1127	1.1317680709154838e-7
1128	1.0927909035538775e-7
1129	1.0072943306513826e-7
1130	1.2531181036277103e-7
1131	1.0017160532593324e-7
1132	1.0605205969352657e-7
1133	1.0354748331125332e-7
1134	1.024719311222912e-7
1135	1.0164879402531652e-7
1136	1.0350114315073161e-7
1137	1.0296786374858623e-7
1138	1.0094981656526631e-7
1139	1.0949365733693324e-7
1140	1.0285463893643143e-7
1141	1.0174368283624907e-7
1142	1.1908546036475466e-7
1143	1.0209311651904145e-7
1144	1.0020045311105597e-7
1145	1.0197457195548238e-7
1146	1.0268114531094074e-7
1147	1.0138682626840032e-7
1148	1.0116956259642653e-7
1149	9.906588416268168e-8
1150	1.0139093944935508e-7
1151	1.049530307697868e-7
1152	9.907031153062342e-8
1153	9.79222676360896e-8
1154	9.872934791758428e-8
1155	9.850995487875594e-8
1156	1.0050403662346127e-7
1157	1.0300205961750331e-7
1158	1.0279908871775572e-7
1159	1.0309599843749931e-7
1160	1.0220694084960761e-7
1161	1.0386975992030984e-7
1162	1.0254580123918392e-7
1163	1.0106138111329542e-7
1164	9.430813357171023e-8
1165	8.415619936638538e-8
1166	9.530457480160126e-8
1167	9.856194732863731e-8
1168	9.633461738398494e-8
1169	9.766370527238742e-8
1170	9.776465904949368e-8
1171	9.795521348066459e-8
1172	9.841390015386797e-8
1173	9.413308161644346e-8
1174	9.494868167873563e-8
1175	9.213411844407674e-8
1176	9.784896193075982e-8
1177	9.828150426649955e-8
1178	9.856678174497671e-8
1179	9.802326505680031e-8
1180	9.690197788234596e-8
1181	9.503423365391154e-8
1182	9.597163299686169e-8
1183	9.685341000510311e-8
1184	9.798562883648706e-8
1185	9.565311266410508e-8
1186	9.760011369494156e-8
1187	9.633146744011597e-8
1188	9.90905791949427e-8
1189	9.78453606629649e-8
1190	9.524445798142358e-8
1191	9.000044042025768e-8
1192	9.263435536383243e-8
1193	9.432633588699556e-8
1194	9.415884881539854e-8
1195	9.824205605404057e-8
1196	9.834354285004287e-8
1197	8.924112921779511e-8
1198	8.983399489592174e-8
1199	9.575780826590394e-8
1200	9.038609741120896e-8
1201	9.510126910290915e-8
1202	9.160899346871191e-8
1203	9.415961075901072e-8
1204	9.174261792061153e-8
1205	9.279583268482638e-8
1206	9.333805591821029e-8
1207	9.251505648549478e-8
1208	9.089336355344459e-8
1209	9.07361899137719e-8
1210	9.215706322953551e-8
1211	9.237357337515391e-8
1212	9.545497373297325e-8
1213	9.145869264766005e-8
1214	9.375546065726902e-8
1215	9.751193496119045e-8
1216	9.224296650055372e-8
1217	9.117066465842834e-8
1218	9.223226407872621e-8
1219	9.056275626775576e-8
1220	9.378891578455601e-8
1221	9.397878951464494e-8
1222	9.091218839057517e-8
1223	8.996612567644206e-8
1224	8.908063014459699e-8
1225	8.626665000673082e-8
1226	8.761938586890567e-8
1227	8.855549110442242e-8
1228	8.750768823781614e-8
1229	8.742224068032377e-8
1230	8.602097998558619e-8
1231	8.860050333793781e-8
1232	8.736111910216707e-8
1233	8.559541414014393e-8
1234	8.550253437575336e-8
1235	8.675123008086405e-8
1236	8.844746492801667e-8
1237	8.895511681967241e-8
1238	8.923195503945312e-8
1239	8.803641123728281e-8
1240	8.846834480034832e-8
1241	8.693064841714854e-8
1242	8.551515853262453e-8
1243	8.692634753904098e-8
1244	8.756909675591479e-8
1245	8.746263861907633e-8
1246	8.81412315583651e-8
1247	8.683012903353508e-8
1248	8.75178745432391e-8
1249	8.844926076185725e-8
1250	8.607647153984021e-8
1251	8.642000771566994e-8
1252	8.67793146166636e-8
1253	8.58351758999256e-8
1254	8.438962953287276e-8
1255	8.541934175416117e-8
1256	8.600170343729176e-8
1257	8.525479659603238e-8
1258	8.499991595346186e-8
1259	8.517561617979844e-8
1260	8.260247320791109e-8
1261	8.320841170627334e-8
1262	8.713823563558312e-8
1263	8.471051245993107e-8
1264	8.455885965516827e-8
1265	8.174056942448084e-8
1266	8.335946785559457e-8
1267	8.309610910131311e-8
1268	8.340519473519571e-8
1269	8.359898219243975e-8
1270	8.22268380565572e-8
1271	8.207337822210141e-8
1272	8.263657490359028e-8
1273	8.28887183515162e-8
1274	8.41138312632162e-8
1275	8.2644825660739e-8
1276	8.381925401502053e-8
1277	8.290205399101002e-8
1278	8.218704583901717e-8
1279	8.160031592567159e-8
1280	8.183870305596518e-8
1281	8.230908200820803e-8
1282	8.188885514501064e-8
1283	8.156464013797642e-8
1284	8.302463892271639e-8
1285	8.258355572147389e-8
1286	8.319532905318573e-8
1287	8.38269024033522e-8
1288	8.375498027301766e-8
1289	8.411929078991938e-8
1290	7.712213751688436e-8
1291	8.13270721757715e-8
1292	8.038309215476102e-8
1293	8.050251724158007e-8
1294	8.094938996764272e-8
1295	8.068998392647526e-8
1296	8.087767095084378e-8
1297	8.121719785621382e-8
1298	8.139402867331221e-8
1299	8.122781551936756e-8
1300	8.091207776355861e-8
1301	8.089067949418166e-8
1302	8.132982013727325e-8
1303	7.995248648830988e-8
1304	7.9743380337692e-8
1305	7.810189399917697e-8
1306	7.801890462766678e-8
1307	8.051910558108347e-8
1308	8.202866857737547e-8
1309	7.851558262811522e-8
1310	8.00853417775992e-8
1311	8.010597718396134e-8
1312	7.918611877645871e-8
1313	7.903121991120292e-8
1314	7.925970023818085e-8
1315	8.059496206606524e-8
1316	7.815171500785854e-8
1317	8.048343037169238e-8
1318	8.325587258527236e-8
1319	8.345926073682426e-8
1320	8.146759427755186e-8
1321	8.206370595467796e-8
1322	8.310539225070609e-8
1323	7.889753109695988e-8
1324	7.744948000107356e-8
1325	7.768272541486712e-8
1326	7.593884183450559e-8
1327	7.730856950755083e-8
1328	7.666633381256553e-8
1329	7.71053630983281e-8
1330	7.693134628666841e-8
1331	7.660048995024828e-8
1332	7.559085277589969e-8
1333	7.635872694499777e-8
1334	7.7234328081971e-8
1335	7.668428970748554e-8
1336	7.783079122352371e-8
1337	7.58972326643982e-8
1338	7.788288508389315e-8
1339	7.703685246363098e-8
1340	7.653615568749454e-8
1341	7.537998215654286e-8
1342	7.580427752348212e-8
1343	7.617119899525515e-8
1344	7.554012372659876e-8
1345	7.555480694052935e-8
1346	7.542541509033275e-8
1347	7.199213812871876e-8
1348	7.526898467376463e-8
1349	7.505640415711789e-8
1350	7.479284322464019e-8
1351	7.377117073530523e-8
1352	7.389638428760213e-8
1353	7.469665255584428e-8
1354	7.44497531260317e-8
1355	7.445326847577686e-8
1356	7.32717560153234e-8
1357	7.346844821661891e-8
1358	7.406507182382198e-8
1359	7.306865917575693e-8
1360	7.349073947267951e-8
1361	7.379729339747767e-8
1362	7.356305976157928e-8
1363	7.292248141528126e-8
1364	7.354072030119473e-8
1365	7.372022288154276e-8
1366	7.366590256268673e-8
1367	7.314368342448513e-8
1368	7.262562597359863e-8
1369	7.347861462279435e-8
1370	7.313512744157335e-8
1371	7.411857328535482e-8
1372	7.382355077992987e-8
1373	7.357828771040347e-8
1374	7.28302041858182e-8
1375	7.2760826313366e-8
1376	7.290874954864549e-8
1377	7.32409785770091e-8
1378	7.255312515702169e-8
1379	7.212965745028517e-8
1380	7.176493550569082e-8
1381	7.195946052881297e-8
1382	7.111979740371956e-8
1383	7.140026683094503e-8
1384	7.227297929309147e-8
1385	7.188267597439737e-8
1386	7.172193578188096e-8
1387	7.194592369681862e-8
1388	7.066335987031863e-8
1389	7.133160519008568e-8
1390	7.097329360909317e-8
1391	7.097162123299989e-8
1392	7.050520041554282e-8
1393	7.055432032457346e-8
1394	7.09205360569805e-8
1395	7.088228231145389e-8
1396	6.992471971749114e-8
1397	6.986916902111848e-8
1398	7.009950971992928e-8
1399	7.022792332859231e-8
1400	7.069042885735187e-8
1401	6.977582759912718e-8
1402	6.990248750853188e-8
1403	7.377950595606862e-8
1404	6.993213507430982e-8
1405	6.958262160071943e-8
1406	6.980309295748367e-8
1407	6.942066370684048e-8
1408	6.955864161852853e-8
1409	6.959553932563969e-8
1410	6.873151933178472e-8
1411	6.88898764101564e-8
1412	6.899409438230951e-8
1413	6.894820558271247e-8
1414	6.798489446345016e-8
1415	6.920549459154126e-8
1416	6.923196363623413e-8
1417	6.940371231220658e-8
1418	6.87155812768154e-8
1419	6.855202594044832e-8
1420	6.828506687043919e-8
1421	6.857742625578169e-8
1422	6.806494608542027e-8
1423	6.87476525208511e-8
1424	6.868380505320388e-8
1425	6.871661811917498e-8
1426	6.806307499405265e-8
1427	6.763377905400292e-8
1428	6.737365976175176e-8
1429	6.739488871200195e-8
1430	6.763914860312622e-8
1431	6.762519359072141e-8
1432	6.778030859246034e-8
1433	6.696242015491019e-8
1434	6.681602014299976e-8
1435	6.690720463314735e-8
1436	6.683633937212308e-8
1437	6.676222861785072e-8
1438	6.62455226969998e-8
1439	6.697366364561576e-8
1440	6.621395086978618e-8
1441	6.722776786451941e-8
1442	6.678268721986458e-8
1443	6.625116011740738e-8
1444	6.657919409293573e-8
1445	6.652704381849567e-8
1446	6.607878176175759e-8
1447	6.597648726172843e-8
1448	6.64227826956103e-8
1449	6.600369353513761e-8
1450	6.57941964735625e-8
1451	6.591140225261792e-8
1452	6.579422181687965e-8
1453	6.489072964788895e-8
1454	6.51768235691883e-8
1455	6.515433715122587e-8
1456	6.518674954003878e-8
1457	6.467032305660437e-8
1458	6.506073825156576e-8
1459	6.517368208175436e-8
1460	6.445434314636974e-8
1461	6.462214985164364e-8
1462	6.51423089813836e-8
1463	6.505036304448746e-8
1464	6.460181929554491e-8
1465	6.45803044460602e-8
1466	6.420479266606286e-8
1467	6.5090963385788e-8
1468	6.45148284454495e-8
1469	6.403082533436935e-8
1470	6.408663524634749e-8
1471	6.401485155983573e-8
1472	6.379375619751323e-8
1473	6.34887737014408e-8
1474	6.380281428116306e-8
1475	6.375497314932418e-8
1476	6.360170373438418e-8
1477	6.35583244972412e-8
1478	6.368355382212108e-8
1479	6.377585683336092e-8
1480	6.311275352351886e-8
1481	6.323800511215048e-8
1482	6.311274204375414e-8
1483	6.233638597995708e-8
1484	6.211175888804663e-8
1485	6.247660965583802e-8
1486	6.229025367283033e-8
1487	6.239305293339828e-8
1488	6.281307252436221e-8
1489	6.311728067421647e-8
1490	6.238199076347117e-8
1491	6.24159943821986e-8
1492	6.221878649669859e-8
1493	6.210857391505854e-8
1494	6.21982097385403e-8
1495	6.218004910519634e-8
1496	6.212766300729577e-8
1497	6.192562782278796e-8
1498	6.193249563862717e-8
1499	6.199665539337691e-8
1500	6.19585363111756e-8
1501	6.183974431994626e-8
1502	6.131306058228393e-8
1503	6.152854019438404e-8
1504	6.115252775873005e-8
1505	6.14422799518678e-8
1506	6.125229651977744e-8
1507	6.131658432301552e-8
1508	6.10997892795538e-8
1509	6.110100520221567e-8
1510	6.103092380839155e-8
1511	6.095217281141977e-8
1512	6.082899546733663e-8
1513	6.064626649482934e-8
1514	6.04329529214318e-8
1515	6.116050885878556e-8
1516	6.035643687271691e-8
1517	6.031276666780517e-8
1518	6.020004476606873e-8
1519	6.036391219294016e-8
1520	6.026064643202234e-8
1521	5.990492589332584e-8
1522	6.002850664327096e-8
1523	5.98420796637814e-8
1524	5.987462944930017e-8
1525	6.002824142546036e-8
1526	5.948846792806149e-8
1527	5.968166946108366e-8
1528	5.943646206590635e-8
1529	5.938051101243763e-8
1530	5.9429218668607335e-8
1531	5.924965862948803e-8
1532	5.916405835619448e-8
1533	5.89460011945446e-8
1534	5.9003689007570946e-8
1535	5.930113003029912e-8
1536	5.885819360097006e-8
1537	5.87712677674348e-8
1538	5.872669816492198e-8
1539	5.867902069557518e-8
1540	5.868221401093475e-8
1541	5.852711665299326e-8
1542	5.85525110720482e-8
1543	5.859236369923892e-8
1544	5.909047308537529e-8
1545	5.9206971644524856e-8
1546	5.834094449957467e-8
1547	5.8499251380504634e-8
1548	5.8120093645855436e-8
1549	5.8076546162011706e-8
1550	5.742841638129107e-8
1551	5.736080276862237e-8
1552	5.77113769584863e-8
1553	5.7746780531315866e-8
1554	5.770360806182021e-8
1555	5.768621936971623e-8
1556	5.744471421165497e-8
1557	5.712273987699849e-8
1558	5.515577440153822e-8
1559	5.739016189925979e-8
1560	5.743798137242961e-8
1561	5.734747277105408e-8
1562	5.744326619788158e-8
1563	5.58581668392252e-8
1564	5.7055685878447626e-8
1565	5.716140502633777e-8
1566	5.702831085846045e-8
1567	5.69535414690371e-8
1568	5.6982061908316664e-8
1569	5.66799924632931e-8
1570	5.643260035306071e-8
1571	5.6617207106163066e-8
1572	5.654012191727094e-8
1573	5.6406859676395475e-8
1574	5.630929242254286e-8
1575	5.6367600156656524e-8
1576	5.572155827520475e-8
1577	5.6116740204698074e-8
1578	5.587051883775966e-8
1579	5.598079260593751e-8
1580	5.594630996631886e-8
1581	5.584601693684205e-8
1582	5.5964812551125155e-8
1583	5.604644810801623e-8
1584	5.547281672558225e-8
1585	5.545276487459365e-8
1586	5.548889222869254e-8
1587	5.537248862864653e-8
1588	5.5707183662311485e-8
1589	5.502550548045171e-8
1590	5.516463350877772e-8
1591	5.4949389938527196e-8
1592	5.4933274854608414e-8
1593	5.500006599464641e-8
1594	5.486631631388134e-8
1595	5.489519416000735e-8
1596	5.470400118005632e-8
1597	5.469679998322715e-8
1598	5.4637554068969035e-8
1599	5.44661291195328e-8
1600	5.4459335885673825e-8
1601	5.446758153531238e-8
1602	5.438568548692409e-8
1603	5.4276176825044136e-8
1604	5.4227268860310876e-8
1605	5.420363246836836e-8
1606	5.422232062519345e-8
1607	5.4202419720498205e-8
1608	5.4006840374781993e-8
1609	5.3954274421489566e-8
1610	5.386290092443345e-8
1611	5.3926818669108e-8
1612	5.3777174786744624e-8
1613	5.3741809195735974e-8
1614	5.367267616366529e-8
1615	5.351868854640514e-8
1616	5.359024127174407e-8
1617	5.3766233471390555e-8
1618	5.329375559921718e-8
1619	5.33234096479872e-8
1620	5.3270656803779055e-8
1621	5.312203736317805e-8
1622	5.283587054942785e-8
1623	5.2915288811989904e-8
1624	5.291435669534636e-8
1625	5.2963361719916385e-8
1626	5.2761223582570573e-8
1627	5.279252446278379e-8
1628	5.262130527355187e-8
1629	5.270079696198197e-8
1630	5.2655796757686515e-8
1631	5.249012792583975e-8
1632	5.2428206845777516e-8
1633	5.2381496304409775e-8
1634	5.257342898479539e-8
1635	5.2302232059685305e-8
1636	5.219078028490309e-8
1637	5.229167054299159e-8
1638	5.208586341223227e-8
1639	5.194190018963818e-8
1640	5.197717594283517e-8
1641	5.191563810806428e-8
1642	5.1808295250422976e-8
1643	5.1705638453117116e-8
1644	5.172238432161068e-8
1645	5.171057601267349e-8
1646	5.168322276437044e-8
1647	5.162304882999342e-8
1648	5.16737165276604e-8
1649	5.138642978805267e-8
1650	5.145764077876225e-8
1651	5.135950902110971e-8
1652	5.106366878553644e-8
1653	5.121056396559362e-8
1654	5.113224317239189e-8
1655	5.101549705505931e-8
1656	5.100501762118936e-8
1657	5.091733021990004e-8
1658	5.084016899779727e-8
1659	5.0778645028148894e-8
1660	5.075740194497037e-8
1661	5.061208934683688e-8
1662	5.0651037895436205e-8
1663	5.062180157966964e-8
1664	5.054043250499831e-8
1665	5.0347673695463734e-8
1666	5.0428591789372774e-8
1667	5.040723583129577e-8
1668	5.028436156650649e-8
1669	5.0199587121154554e-8
1670	5.007589421514117e-8
1671	5.0099283310011026e-8
1672	5.0016626786061766e-8
1673	4.995504793838926e-8
1674	4.9889790718378335e-8
1675	4.977467311248881e-8
1676	4.9780855188046176e-8
1677	4.974115307051481e-8
1678	4.9644823194487174e-8
1679	4.958766052800967e-8
1680	4.9603908129984355e-8
1681	4.950483120384942e-8
1682	4.9412435786269393e-8
1683	4.960873213052043e-8
1684	4.9646222305353536e-8
1685	4.927110251416493e-8
1686	4.9121189595910076e-8
1687	4.914811618602935e-8
1688	4.9034689282499754e-8
1689	4.9009280771158286e-8
1690	4.900328249507406e-8
1691	4.8821893343119045e-8
1692	4.8735563696770087e-8
1693	4.875052729869478e-8
1694	4.875156024491029e-8
1695	4.873109877726729e-8
1696	4.8678661991859564e-8
1697	4.8634975096056534e-8
1698	4.851516985197628e-8
1699	4.847809004509355e-8
1700	4.8419803501897885e-8
1701	4.834127070292378e-8
1702	4.829170025643134e-8
1703	4.8280534536015695e-8
1704	4.821032103036329e-8
1705	4.818109425350496e-8
1706	4.818882604213441e-8
1707	4.809195875759459e-8
1708	4.792551392234886e-8
1709	4.791540658007475e-8
1710	4.7869832520837824e-8
1711	4.7831818774686635e-8
1712	4.7791960223318075e-8
1713	4.771934029582559e-8
1714	4.7610472704771606e-8
1715	4.7492834264326856e-8
1716	4.7534092684116976e-8
1717	4.7454224373804025e-8
1718	4.735945469102646e-8
1719	4.731123960754716e-8
1720	4.7257407134689215e-8
1721	4.723294916919353e-8
1722	4.718792256513048e-8
1723	4.713634851855161e-8
1724	4.7066644556416293e-8
1725	4.6988362538903954e-8
1726	4.699717839865876e-8
1727	4.680891049329988e-8
1728	4.680135944161343e-8
1729	4.676770764428178e-8
1730	4.672983637197333e-8
1731	4.667960321465156e-8
1732	4.676902232853869e-8
1733	4.662236183030007e-8
1734	4.655603642777888e-8
1735	4.645732319777704e-8
1736	4.643913590497887e-8
1737	4.645984815397009e-8
1738	4.635633231147888e-8
1739	4.62948458938114e-8
1740	4.6304785869854554e-8
1741	4.625987957281128e-8
1742	4.614603812813821e-8
1743	4.6043162190675987e-8
1744	4.6002859812832844e-8
1745	4.597644752765274e-8
1746	4.5891066401455625e-8
1747	4.582229921546985e-8
1748	4.572103951495669e-8
1749	4.565659489282837e-8
1750	4.562095216007695e-8
1751	4.556658272334473e-8
1752	4.5651464983535806e-8
1753	4.549882959755938e-8
1754	4.54850349477759e-8
1755	4.5420491657254924e-8
1756	4.5406374888732535e-8
1757	4.531766855737816e-8
1758	4.5260346557947194e-8
1759	4.5153896046742966e-8
1760	4.5150170296087744e-8
1761	4.509057945726629e-8
1762	4.5046013520506206e-8
1763	4.500632436390392e-8
1764	4.4961484716203656e-8
1765	4.488900613249031e-8
1766	4.484334703390801e-8
1767	4.480254190498455e-8
1768	4.473914308300285e-8
1769	4.466528922186634e-8
1770	4.4616908915478694e-8
1771	4.457259497234358e-8
1772	4.451325531793514e-8
1773	4.446725076181636e-8
1774	4.441011093102475e-8
1775	4.4389886957880575e-8
1776	4.432349414552706e-8
1777	4.4273910973946456e-8
1778	4.422346788953875e-8
1779	4.417232488747188e-8
1780	4.4145601269573184e-8
1781	4.409271105727999e-8
1782	4.4027319907586976e-8
1783	4.3976871798110355e-8
1784	4.39191760087597e-8
1785	4.387764242961195e-8
1786	4.3806916720302633e-8
1787	4.375896700518079e-8
1788	4.3713800165228413e-8
1789	4.367447279347676e-8
1790	4.363264934804291e-8
1791	4.357366826484817e-8
1792	4.3550836458208254e-8
1793	4.347644345029152e-8
1794	4.344723570387627e-8
1795	4.337238670602265e-8
1796	4.3349377265444255e-8
1797	4.328118391201172e-8
1798	4.3248218953506234e-8
1799	4.318441116578939e-8
1800	4.310731425683261e-8
1801	4.307383982791864e-8
1802	4.304581629934942e-8
1803	4.299696660058599e-8
1804	4.294613562897527e-8
1805	4.29033811571809e-8
1806	4.282626490400689e-8
1807	4.278138848574935e-8
1808	4.273869131468984e-8
1809	4.269080399351075e-8
1810	4.266262649354975e-8
1811	4.2609422474172674e-8
1812	4.2557488881336344e-8
1813	4.2507619297971375e-8
1814	4.2450207090761555e-8
1815	4.2410572526321495e-8
1816	4.23255286274884e-8
1817	4.2321486583153857e-8
1818	4.2258674008949535e-8
1819	4.2218801699273385e-8
1820	4.2181616845756485e-8
1821	4.210842456752908e-8
1822	4.208835480146685e-8
1823	4.201756322208911e-8
1824	4.1994426251194664e-8
1825	4.193648001851546e-8
1826	4.1844936181071723e-8
1827	4.1809994736654065e-8
1828	4.177994453175996e-8
1829	4.173614004292898e-8
1830	4.1722201454883006e-8
1831	4.165129263713329e-8
1832	4.162681998138573e-8
1833	4.1549704065483604e-8
1834	4.1508109666625764e-8
1835	4.1452403316861836e-8
1836	4.141710300843242e-8
1837	4.1377763325650196e-8
1838	4.1324805011603294e-8
1839	4.127588848580555e-8
1840	4.1216085277603574e-8
1841	4.118117948892992e-8
1842	4.1139407745720596e-8
1843	4.1088614139150435e-8
1844	4.10551791568645e-8
1845	4.101618062925161e-8
1846	4.0968009813771955e-8
1847	4.0915385026405795e-8
1848	4.0856551909311547e-8
1849	4.081152180278496e-8
1850	4.076546651214437e-8
1851	4.072470900503317e-8
1852	4.067498645418681e-8
1853	4.0613232790135265e-8
1854	4.057013990718295e-8
1855	4.053047306744834e-8
1856	4.04848654877657e-8
1857	4.0438318012920955e-8
1858	4.041175869582127e-8
1859	4.036237789991223e-8
1860	4.031517260028859e-8
1861	4.027657795998017e-8
1862	4.02424813296849e-8
1863	4.0181250088160415e-8
1864	4.014719121961253e-8
1865	4.009389270069444e-8
1866	4.0051220783793146e-8
1867	4.0019946529930526e-8
1868	3.996619339900662e-8
1869	3.992206032775486e-8
1870	3.9883193317123894e-8
1871	3.9834783816496185e-8
1872	3.9787199212253815e-8
1873	3.9749289270723976e-8
1874	3.9699681580597753e-8
1875	3.966716018619826e-8
1876	3.963923194708622e-8
1877	3.955804209162678e-8
1878	3.953261255507217e-8
1879	3.946357404666171e-8
1880	3.940693831686576e-8
1881	3.9380193440920464e-8
1882	3.9355637903576227e-8
1883	3.931442337020689e-8
1884	3.926012021142787e-8
1885	3.921659156104844e-8
1886	3.9168631737975625e-8
1887	3.9127238102269514e-8
1888	3.9085593466494425e-8
1889	3.9034706394782956e-8
1890	3.899459317648828e-8
1891	3.8961086820523875e-8
1892	3.891969390531598e-8
1893	3.8879930764282665e-8
1894	3.883990168512959e-8
1895	3.8782861502132906e-8
1896	3.873586679005311e-8
1897	3.8699044283241976e-8
1898	3.8658760543440224e-8
1899	3.862339641822933e-8
1900	3.8566932959484474e-8
1901	3.853253819749634e-8
1902	3.84848408509098e-8
1903	3.845585591879765e-8
1904	3.8423580057359455e-8
1905	3.836793960172774e-8
1906	3.832021057043723e-8
1907	3.8277094853947895e-8
1908	3.824322931748123e-8
1909	3.819688105573134e-8
1910	3.815735497679093e-8
1911	3.811572665014359e-8
1912	3.807731850583902e-8
1913	3.803338225596951e-8
1914	3.798954625063357e-8
1915	3.794646062734254e-8
1916	3.790162565145827e-8
1917	3.786650634133049e-8
1918	3.782588670660672e-8
1919	3.778217013387717e-8
1920	3.773283054870261e-8
1921	3.7690504818098484e-8
1922	3.765034273514e-8
1923	3.7616793185952977e-8
1924	3.756988094909617e-8
1925	3.752878651195799e-8
1926	3.748565246342397e-8
1927	3.7449584819439864e-8
1928	3.7410121114898455e-8
1929	3.735950461958843e-8
1930	3.7323529020743026e-8
1931	3.729264279488675e-8
1932	3.7253885761010244e-8
1933	3.7220858398924666e-8
1934	3.717009738342198e-8
1935	3.712709190721546e-8
1936	3.708521793971153e-8
1937	3.7043819969558846e-8
1938	3.700636805738304e-8
1939	3.6966257173552274e-8
1940	3.692390804913585e-8
1941	3.688249037910368e-8
1942	3.684484122806853e-8
1943	3.68041624319039e-8
1944	3.67641540629648e-8
1945	3.671268943885503e-8
1946	3.668562256420622e-8
1947	3.664502294790515e-8
1948	3.66041467624148e-8
1949	3.656761455084097e-8
1950	3.6525449240597993e-8
1951	3.649381554059341e-8
1952	3.6448780951195e-8
1953	3.641180847638601e-8
1954	3.636749647465778e-8
1955	3.632849236326993e-8
1956	3.628383780246039e-8
1957	3.6241553239752875e-8
1958	3.6206217844164755e-8
1959	3.6169252771625884e-8
1960	3.6130234498032664e-8
1961	3.6088211920859435e-8
1962	3.6051054239938944e-8
1963	3.601226563641773e-8
1964	3.5971347041908033e-8
1965	3.5952414330980284e-8
1966	3.5882288560136756e-8
1967	3.585426244459219e-8
1968	3.5809443817029775e-8
1969	3.5772678143490394e-8
1970	3.5732286715471655e-8
1971	3.569820115183257e-8
1972	3.566022019084493e-8
1973	3.5673692126678264e-8
1974	3.5585367851926526e-8
1975	3.554845851322989e-8
1976	3.5507617036776804e-8
1977	3.5471119159599816e-8
1978	3.5436369790458944e-8
1979	3.540028105211779e-8
1980	3.535777804523034e-8
1981	3.5320833870143664e-8
1982	3.528940167077508e-8
1983	3.524775835011094e-8
1984	3.520803438699575e-8
1985	3.517207526831552e-8
1986	3.5134739303037647e-8
1987	3.509749073074003e-8
1988	3.506280199571932e-8
1989	3.5025605536014594e-8
1990	3.4987926488495526e-8
1991	3.495251964515432e-8
1992	3.491297637467018e-8
1993	3.4875086537453404e-8
1994	3.4831629688974205e-8
1995	3.4794374710508766e-8
1996	3.475808748737038e-8
1997	3.4723487160299376e-8
1998	3.4688788497060763e-8
1999	3.4652221403172455e-8
2000	3.461259809205933e-8
2001	3.457280875083084e-8