1	1.091140702760439e-13
2	2.1823043240322903e-13
3	3.273543822005192e-13
4	4.3648666233027003e-13
5	5.456305361024126e-13
6	6.547755077092072e-13
7	7.639455523979845e-13
8	8.731249698342841e-13
9	9.823098030041095e-13
10	1.0916097743780566e-12
11	1.20084742143875e-12
12	1.3101107061637567e-12
13	1.4194241118048035e-12
14	1.5287766008379472e-12
15	1.6381612330497512e-12
16	1.7475810289606469e-12
17	1.857058270014123e-12
18	1.9666241064181613e-12
19	2.0761611915711586e-12
20	2.185770343219786e-12
21	2.2954580675431793e-12
22	2.4051265722163865e-12
23	2.515024384034682e-12
24	2.624865513331174e-12
25	2.7347687321273914e-12
26	2.84469768561005e-12
27	2.9547283324382865e-12
28	3.0648696506179736e-12
29	3.1752836055399188e-12
30	3.285379443543287e-12
31	3.395638155866388e-12
32	3.5062156164707544e-12
33	3.616779949353574e-12
34	3.727256886413833e-12
35	3.83795301475442e-12
36	3.948707536311362e-12
37	4.059632471515421e-12
38	4.1706657081763e-12
39	4.281663050946275e-12
40	4.392777126799992e-12
41	4.504419056928415e-12
42	4.615821426602809e-12
43	4.727433941796726e-12
44	4.839109761744802e-12
45	4.9508769510077486e-12
46	5.062700835967082e-12
47	5.174886908678197e-12
48	5.286561815620199e-12
49	5.398960263989201e-12
50	5.511501892199239e-12
51	5.6239724804804615e-12
52	5.735912802413783e-12
53	5.848193786060451e-12
54	5.961754907270573e-12
55	6.074742599818076e-12
56	6.1888975268998224e-12
57	6.301722601756755e-12
58	6.41552558055215e-12
59	6.5290426428116815e-12
60	6.643202113850701e-12
61	6.756904080258662e-12
62	6.870780221689306e-12
63	6.985456302177964e-12
64	7.100041704969037e-12
65	7.214685360180002e-12
66	7.332097484137131e-12
67	7.444479879073807e-12
68	7.560127962697548e-12
69	7.675298458424813e-12
70	7.791172892680002e-12
71	7.907299402522384e-12
72	8.023445501956205e-12
73	8.139552800484816e-12
74	8.256699978091705e-12
75	8.369003931324412e-12
76	8.490831395710236e-12
77	8.607822328108169e-12
78	8.723553178924268e-12
79	8.839772525065773e-12
80	8.95784436481488e-12
81	9.075746411715275e-12
82	9.193671362855764e-12
83	9.312691446938583e-12
84	9.429223467387627e-12
85	9.550763432047992e-12
86	9.667726355330638e-12
87	9.786186152382039e-12
88	9.905710962592445e-12
89	1.0026995850206279e-11
90	1.0145340876164719e-11
91	1.026746723608807e-11
92	1.0387474516922241e-11
93	1.0508554265274834e-11
94	1.0628997429592832e-11
95	1.0750048403484988e-11
96	1.0871646652082082e-11
97	1.0993923158349401e-11
98	1.1115029049435783e-11
99	1.1237914226673887e-11
100	1.1361202804729078e-11
101	1.1482945338899029e-11
102	1.1605985325621212e-11
103	1.1729822199870774e-11
104	1.1853562219577691e-11
105	1.197781627038973e-11
106	1.2102763653362638e-11
107	1.2226632094166354e-11
108	1.2348655993133079e-11
109	1.247486210303238e-11
110	1.2603464531382234e-11
111	1.2729963108114358e-11
112	1.2856471208439418e-11
113	1.2984373253929059e-11
114	1.3106040384077013e-11
115	1.3231859864711617e-11
116	1.335969928817238e-11
117	1.3488365777609137e-11
118	1.3616390842115766e-11
119	1.3745172695686956e-11
120	1.3873220138530211e-11
121	1.4004699451127948e-11
122	1.4132208243704893e-11
123	1.4262875312888605e-11
124	1.4394268321409008e-11
125	1.4522845773659017e-11
126	1.4655796286164255e-11
127	1.4786537559162047e-11
128	1.4918519875756674e-11
129	1.5051751735549973e-11
130	1.5180280423636725e-11
131	1.531599640001504e-11
132	1.5448127283793503e-11
133	1.5582836378606662e-11
134	1.571350722396013e-11
135	1.5847359019599113e-11
136	1.5982784058341098e-11
137	1.6116058247318874e-11
138	1.6252423672525608e-11
139	1.6389145975273477e-11
140	1.652561835817231e-11
141	1.666116619951612e-11
142	1.6799533875795605e-11
143	1.6936672338021993e-11
144	1.7075650339455272e-11
145	1.721143999085989e-11
146	1.7348250390832844e-11
147	1.74849456425838e-11
148	1.7622323368962962e-11
149	1.7770323444219647e-11
150	1.7907247977956603e-11
151	1.8046200289196526e-11
152	1.8184496300081736e-11
153	1.8330997431811215e-11
154	1.8475865936907848e-11
155	1.8619531727814482e-11
156	1.875719113908598e-11
157	1.890377722872356e-11
158	1.9027890082372017e-11
159	1.9186598980016594e-11
160	1.933662946716742e-11
161	1.9480642648932544e-11
162	1.9627884267935744e-11
163	1.9770172956500216e-11
164	1.9913342523144885e-11
165	2.0058941412409945e-11
166	2.020852194467434e-11
167	2.035687254956239e-11
168	2.050008134274445e-11
169	2.0660689634701865e-11
170	2.0808444296118042e-11
171	2.0959596010792304e-11
172	2.1108786372110044e-11
173	2.1257221942336653e-11
174	2.1410550850163556e-11
175	2.1562968881468646e-11
176	2.1713846282891442e-11
177	2.186686765555637e-11
178	2.2023891853991623e-11
179	2.217747627452801e-11
180	2.2334043465245557e-11
181	2.2486926809176265e-11
182	2.2644874083422035e-11
183	2.279947246468347e-11
184	2.2958640292225657e-11
185	2.3114925819474244e-11
186	2.3273424514963093e-11
187	2.3435632639150217e-11
188	2.359404709901923e-11
189	2.3754938475032222e-11
190	2.3915214140329016e-11
191	2.4069235239530362e-11
192	2.4234869951871294e-11
193	2.4401428486242082e-11
194	2.4565253341933235e-11
195	2.473005824113581e-11
196	2.4888501222485927e-11
197	2.5054222333842845e-11
198	2.5221370967539905e-11
199	2.5378298459688e-11
200	2.5551082763058676e-11
201	2.5714911171820108e-11
202	2.588000868124054e-11
203	2.6060430601216732e-11
204	2.6222459272999505e-11
205	2.6387109031621028e-11
206	2.6559106766522606e-11
207	2.6728662659258425e-11
208	2.6901849671729765e-11
209	2.7083897323417906e-11
210	2.7264346354657978e-11
211	2.7433052486284748e-11
212	2.758711965715368e-11
213	2.778096485620223e-11
214	2.7923319060774965e-11
215	2.809676335994596e-11
216	2.8282952487703908e-11
217	2.8485098924644817e-11
218	2.865658969414504e-11
219	2.8804150483936994e-11
220	2.8992888922676535e-11
221	2.9182013610388634e-11
222	2.936269465187117e-11
223	2.9542921998288107e-11
224	2.973187537126145e-11
225	2.988262289801561e-11
226	3.005548244913132e-11
227	3.0269400541776365e-11
228	3.048332638211052e-11
229	3.065704835370968e-11
230	3.0845995096985405e-11
231	3.10236582458075e-11
232	3.1225523605713517e-11
233	3.1399136010604295e-11
234	3.160307718350249e-11
235	3.17850999376404e-11
236	3.196802898800893e-11
237	3.2179385492123667e-11
238	3.236344127495752e-11
239	3.255750943389114e-11
240	3.2756237942313314e-11
241	3.294951743842356e-11
242	3.314891771440555e-11
243	3.334783097315524e-11
244	3.355591299196792e-11
245	3.374014874965032e-11
246	3.394378703453555e-11
247	3.4152841416553757e-11
248	3.4343451320270164e-11
249	3.456318149360039e-11
250	3.482304740530364e-11
251	3.5042653033419825e-11
252	3.5239246742123895e-11
253	3.5371362514596666e-11
254	3.555346222179369e-11
255	3.579314978431126e-11
256	3.596879653084763e-11
257	3.618607081759517e-11
258	3.641285118037466e-11
259	3.6619244985756114e-11
260	3.681914417245757e-11
261	3.704172951958368e-11
262	3.724362808482534e-11
263	3.745940956669129e-11
264	3.7670409710246007e-11
265	3.7894951528526865e-11
266	3.812435490980747e-11
267	3.834593795487612e-11
268	3.857219202292438e-11
269	3.8774623467926546e-11
270	3.9013513955719195e-11
271	3.9219057288678305e-11
272	3.9432160035761996e-11
273	3.967332786582414e-11
274	3.987010715408691e-11
275	4.0096905486312484e-11
276	4.033438568208637e-11
277	4.0559100030890553e-11
278	4.07778980308699e-11
279	4.101733746189511e-11
280	4.12611110980528e-11
281	4.149926367513403e-11
282	4.1725891155023974e-11
283	4.196297676192087e-11
284	4.2192328910844094e-11
285	4.2431371852235873e-11
286	4.265232442837081e-11
287	4.2879017820922584e-11
288	4.3111262310207346e-11
289	4.3374496158749775e-11
290	4.361750965011815e-11
291	4.3842099910959433e-11
292	4.4082209625029025e-11
293	4.432642783974799e-11
294	4.457500164601693e-11
295	4.4774892331398006e-11
296	4.5077861318221384e-11
297	4.533667540458806e-11
298	4.556612362163328e-11
299	4.5831805230797724e-11
300	4.604918963938971e-11
301	4.63402045967934e-11
302	4.658048680765325e-11
303	4.682399645093608e-11
304	4.707367353172294e-11
305	4.737403150302502e-11
306	4.759629427671383e-11
307	4.785086850986023e-11
308	4.810414772956113e-11
309	4.838126480677722e-11
310	4.866585272710973e-11
311	4.891451271671506e-11
312	4.919451445640055e-11
313	4.9464950501545995e-11
314	4.972527423226181e-11
315	5.00081268137665e-11
316	5.0298629136513074e-11
317	5.052445011735933e-11
318	5.078639671638712e-11
319	5.109659207798795e-11
320	5.139756894272619e-11
321	5.162781383293887e-11
322	5.1860240128812066e-11
323	5.215181504564509e-11
324	5.241840315031452e-11
325	5.2706917677818524e-11
326	5.3001767056519645e-11
327	5.325402442384564e-11
328	5.355893355345427e-11
329	5.386822857020019e-11
330	5.417787698992727e-11
331	5.435670022997671e-11
332	5.4768352583323393e-11
333	5.5043170275184636e-11
334	5.5330174310882794e-11
335	5.556832474479131e-11
336	5.5932763975791674e-11
337	5.6224593328972705e-11
338	5.653747128177923e-11
339	5.684928053793174e-11
340	5.717823146465466e-11
341	5.7416922868687587e-11
342	5.772147821368261e-11
343	5.805430147841589e-11
344	5.835980230429441e-11
345	5.864037669039746e-11
346	5.89005308702004e-11
347	5.924595635355979e-11
348	5.95995317027678e-11
349	5.986705119246026e-11
350	6.016828056373495e-11
351	6.047437415919535e-11
352	6.080689040206649e-11
353	6.123146006421237e-11
354	6.149087887570228e-11
355	6.17430723802248e-11
356	6.208309807154956e-11
357	6.240686685460155e-11
358	6.272924102946321e-11
359	6.30065635484783e-11
360	6.334754470030683e-11
361	6.368546864118487e-11
362	6.401540531172193e-11
363	6.441834250549712e-11
364	6.477300889705064e-11
365	6.512303244986216e-11
366	6.548239412098813e-11
367	6.578371863663742e-11
368	6.613191909257255e-11
369	6.645134406932483e-11
370	6.679358006430937e-11
371	6.710573487619663e-11
372	6.744909320495832e-11
373	6.782340260574505e-11
374	6.819734428523165e-11
375	6.852334650795718e-11
376	6.896166186957332e-11
377	6.927226394042318e-11
378	6.961942846435468e-11
379	7.000088796817096e-11
380	7.031921888188612e-11
381	7.070484518054346e-11
382	7.106865115797893e-11
383	7.143945352134622e-11
384	7.183027533411348e-11
385	7.226503678812907e-11
386	7.259730036208828e-11
387	7.29672223355413e-11
388	7.332584768509027e-11
389	7.36910963115532e-11
390	7.405725309890734e-11
391	7.446097689801232e-11
392	7.473721095256577e-11
393	7.522288966895914e-11
394	7.565814096695379e-11
395	7.596754322597743e-11
396	7.637467342195907e-11
397	7.684553461130961e-11
398	7.727808812207043e-11
399	7.759166722715628e-11
400	7.788199589125556e-11
401	7.836692521889815e-11
402	7.879493545005742e-11
403	7.911931985054391e-11
404	7.95608838098438e-11
405	7.99993573020942e-11
406	8.034439191691293e-11
407	8.095019555571568e-11
408	8.107736213948364e-11
409	8.155373809175221e-11
410	8.19778305298765e-11
411	8.236938553978798e-11
412	8.281753110890045e-11
413	8.324700670705878e-11
414	8.368007221816983e-11
415	8.415288240486864e-11
416	8.450075781273659e-11
417	8.50067249391009e-11
418	8.534710864424707e-11
419	8.582872231572582e-11
420	8.624235393919495e-11
421	8.666847957788778e-11
422	8.712768418830823e-11
423	8.751639119101219e-11
424	8.804698570997782e-11
425	8.849902258476716e-11
426	8.896153597659932e-11
427	8.94133676794358e-11
428	8.988034084738114e-11
429	9.029879434265478e-11
430	9.064237388033121e-11
431	9.111732673669691e-11
432	9.157739274533246e-11
433	9.208316128496566e-11
434	9.251998609377434e-11
435	9.299694265390467e-11
436	9.347939434066455e-11
437	9.395206297735871e-11
438	9.445076513390448e-11
439	9.496835853279627e-11
440	9.541423976139554e-11
441	9.59059373324162e-11
442	9.641230482070297e-11
443	9.696564866027178e-11
444	9.745763614152658e-11
445	9.795509629443642e-11
446	9.84867837373329e-11
447	9.89025348346838e-11
448	9.94027148943832e-11
449	9.99570733713942e-11
450	1.0047126456336327e-10
451	1.0099371809218791e-10
452	1.0161382464893342e-10
453	1.0198229785055095e-10
454	1.0257214587424833e-10
455	1.0308710492266754e-10
456	1.0359517853920495e-10
457	1.0356535644068973e-10
458	1.0469640323432413e-10
459	1.0512573692149622e-10
460	1.0571813396813547e-10
461	1.0620122307049477e-10
462	1.0645816617589578e-10
463	1.0728210588427962e-10
464	1.0785339132855523e-10
465	1.0833110557189727e-10
466	1.0887360865490555e-10
467	1.0951581227280423e-10
468	1.0999153972943833e-10
469	1.1047306297169883e-10
470	1.1097987267448832e-10
471	1.1134181710731388e-10
472	1.1201311453239745e-10
473	1.1262403126522002e-10
474	1.1323102555410833e-10
475	1.1387341045500391e-10
476	1.1440962861402632e-10
477	1.1508124673910396e-10
478	1.1567224458141608e-10
479	1.1609161840375367e-10
480	1.1689445252248727e-10
481	1.174702036226471e-10
482	1.17862088474744e-10
483	1.1848577798596797e-10
484	1.1908597967933088e-10
485	1.196581581072644e-10
486	1.2014507742757888e-10
487	1.2079672799923352e-10
488	1.2146141138472939e-10
489	1.220028746104803e-10
490	1.22707743998408e-10
491	1.2325638124136869e-10
492	1.239425428431818e-10
493	1.245263153228964e-10
494	1.2517188836404808e-10
495	1.2575365918688802e-10
496	1.2636511616121137e-10
497	1.2729502102903603e-10
498	1.2774901337062374e-10
499	1.2836038490868393e-10
500	1.2901244270079936e-10
501	1.2971433604335218e-10
502	1.30416585042955e-10
503	1.3085933589146215e-10
504	1.3159024904757324e-10
505	1.3209436652128605e-10
506	1.3290537493766107e-10
507	1.3346393259346778e-10
508	1.3412187913344585e-10
509	1.347176544115342e-10
510	1.354646830707762e-10
511	1.360407996723127e-10
512	1.368886142509364e-10
513	1.3757164169874568e-10
514	1.384285648485841e-10
515	1.3880179551948836e-10
516	1.3959323870806516e-10
517	1.4026423120818e-10
518	1.4088843012205782e-10
519	1.4176760467568753e-10
520	1.4244023447930003e-10
521	1.425937276640808e-10
522	1.4347589739128004e-10
523	1.446729555370073e-10
524	1.452934276013872e-10
525	1.4596414152533774e-10
526	1.4708876436728752e-10
527	1.4752403063459124e-10
528	1.482406846730302e-10
529	1.4889617583114583e-10
530	1.4978536270115846e-10
531	1.5026366564919678e-10
532	1.510988775230236e-10
533	1.518746749748836e-10
534	1.5250281122466974e-10
535	1.5323499700196278e-10
536	1.5419578644452082e-10
537	1.5495875787404567e-10
538	1.5571413398157049e-10
539	1.5655324761442576e-10
540	1.5725908948432373e-10
541	1.5803326362245824e-10
542	1.5896440686117723e-10
543	1.5947600067346987e-10
544	1.6047597589008587e-10
545	1.6143487459987765e-10
546	1.6226801284706716e-10
547	1.6282517210819352e-10
548	1.638342176552178e-10
549	1.644951978411481e-10
550	1.6535601279819882e-10
551	1.6598799199055984e-10
552	1.6686403269682034e-10
553	1.6773950224367494e-10
554	1.6847230861776232e-10
555	1.6915272067129194e-10
556	1.7002024101203563e-10
557	1.7096064184312426e-10
558	1.7184580449215154e-10
559	1.726516349507855e-10
560	1.736307104985651e-10
561	1.7385938926403436e-10
562	1.7471047280648378e-10
563	1.7569235534890195e-10
564	1.767717357805727e-10
565	1.7781377603642189e-10
566	1.7849254843746043e-10
567	1.7960683799233768e-10
568	1.8043781605525797e-10
569	1.8126033776306691e-10
570	1.8192216577799137e-10
571	1.8330046774645148e-10
572	1.841148342305882e-10
573	1.844293985006936e-10
574	1.857076373998297e-10
575	1.868172359196057e-10
576	1.8767810160151667e-10
577	1.883208607243276e-10
578	1.894874040517793e-10
579	1.887665325118042e-10
580	1.9128981963081212e-10
581	1.919596033025885e-10
582	1.9323175938719596e-10
583	1.943600271682502e-10
584	1.9523646050009242e-10
585	1.9624429338538161e-10
586	1.9719817877780348e-10
587	1.9822373434336953e-10
588	1.9946032692424472e-10
589	1.9975682924748628e-10
590	2.0095959944857447e-10
591	2.0190454103709238e-10
592	2.0214130388769833e-10
593	2.0338024027677632e-10
594	2.0459368664804137e-10
595	2.057553510305686e-10
596	2.0659540069409198e-10
597	2.0740347781139807e-10
598	2.0914369432625747e-10
599	2.0969552595606616e-10
600	2.110491239009114e-10
601	2.1183933379069056e-10
602	2.1301073923720716e-10
603	2.140071862592171e-10
604	2.1631083151145523e-10
605	2.1702314233855394e-10
606	2.1737156248045794e-10
607	2.1849383151674708e-10
608	2.1936252530710027e-10
609	2.2066719357427027e-10
610	2.2175144664249848e-10
611	2.2279275003940757e-10
612	2.241189265537807e-10
613	2.243941883368425e-10
614	2.2576137741371388e-10
615	2.26950130735779e-10
616	2.2869230846541049e-10
617	2.2919070288460757e-10
618	2.304790639042633e-10
619	2.3140322440488798e-10
620	2.329070924543497e-10
621	2.33945700995728e-10
622	2.352424806962844e-10
623	2.3630106909170927e-10
624	2.372398007377672e-10
625	2.3863582179022963e-10
626	2.398566689760666e-10
627	2.412879581308955e-10
628	2.4269303901724415e-10
629	2.4403590746811967e-10
630	2.441289576738188e-10
631	2.4617117699819777e-10
632	2.470325357442727e-10
633	2.481577894308968e-10
634	2.4970887078849104e-10
635	2.507031945532597e-10
636	2.5208206012143363e-10
637	2.5385605167079045e-10
638	2.542486503488424e-10
639	2.5655658886713334e-10
640	2.5681966856605385e-10
641	2.581368580350279e-10
642	2.596473516564181e-10
643	2.6092002491678297e-10
644	2.625077529425371e-10
645	2.6342903131998697e-10
646	2.6485360023428384e-10
647	2.65749104269144e-10
648	2.6714106906399626e-10
649	2.684916556042449e-10
650	2.6979110672726837e-10
651	2.711636455239643e-10
652	2.7231162102211254e-10
653	2.7377252914598893e-10
654	2.7500954157572663e-10
655	2.7637879005866956e-10
656	2.7773267543054814e-10
657	2.791640216588532e-10
658	2.805738647771176e-10
659	2.8214364703065367e-10
660	2.8334708203085504e-10
661	2.8475982800284187e-10
662	2.8547595108164384e-10
663	2.8757703739823873e-10
664	2.887819796569367e-10
665	2.9018480191802076e-10
666	2.916968143579275e-10
667	2.9271748454184535e-10
668	2.943086980615005e-10
669	2.9568780488603853e-10
670	2.973230058344759e-10
671	2.9891105384167836e-10
672	3.0041212310972465e-10
673	3.017045995669618e-10
674	3.034065225745836e-10
675	3.0472562833480846e-10
676	3.0642785330782525e-10
677	3.0801024841361977e-10
678	3.0964565966703273e-10
679	3.108908717218248e-10
680	3.119958635166711e-10
681	3.141748262894854e-10
682	3.151110672475858e-10
683	3.171315214491195e-10
684	3.1777746412323135e-10
685	3.19481643838753e-10
686	3.212310639415511e-10
687	3.2357500180167247e-10
688	3.2501503943414556e-10
689	3.2684184289599014e-10
690	3.2842953718125555e-10
691	3.300678128376397e-10
692	3.3142290391075745e-10
693	3.3276864227860726e-10
694	3.3412305050432305e-10
695	3.3561901332801454e-10
696	3.370017063876902e-10
697	3.3878753076527047e-10
698	3.405066952996922e-10
699	3.4290014665196886e-10
700	3.445940397890224e-10
701	3.4650615236926483e-10
702	3.4758183292370853e-10
703	3.4919212235352483e-10
704	3.5087418388182105e-10
705	3.5247140013131384e-10
706	3.544256801313353e-10
707	3.5624766797670433e-10
708	3.5793216563791926e-10
709	3.5995120501354573e-10
710	3.6128195446246106e-10
711	3.6309309125904975e-10
712	3.648800592240382e-10
713	3.669555085096386e-10
714	3.682611682897366e-10
715	3.703496334885486e-10
716	3.7191538230062884e-10
717	3.7372204155063067e-10
718	3.756917617942049e-10
719	3.7638888798543413e-10
720	3.796013027578476e-10
721	3.8103746539109905e-10
722	3.834462225505502e-10
723	3.8468158760051113e-10
724	3.8629386559118776e-10
725	3.879013455645149e-10
726	3.9036306543584523e-10
727	3.9204947204260354e-10
728	3.9398560989008185e-10
729	3.9652361654276434e-10
730	3.9805531971899114e-10
731	3.9984685293418484e-10
732	4.0138726978165904e-10
733	4.0306586321894616e-10
734	4.0531875854753744e-10
735	4.078877727681319e-10
736	4.090949181259386e-10
737	4.1145011718272657e-10
738	4.135541914547345e-10
739	4.156351561577985e-10
740	4.1738673411761333e-10
741	4.197933500991188e-10
742	4.229187578509648e-10
743	4.2425758271858504e-10
744	4.2618759482427855e-10
745	4.275198907688397e-10
746	4.299687622292662e-10
747	4.326615227873497e-10
748	4.343034236542784e-10
749	4.368721063853304e-10
750	4.38616280462338e-10
751	4.396917982617211e-10
752	4.431991830758095e-10
753	4.4498513501944187e-10
754	4.46886459651757e-10
755	4.489144229290568e-10
756	4.5209822440174154e-10
757	4.53949468680064e-10
758	4.5605252597393995e-10
759	4.5772334472330205e-10
760	4.5937975495138594e-10
761	4.6287948345198576e-10
762	4.6480103298137785e-10
763	4.667420602884508e-10
764	4.687723513680869e-10
765	4.724113237808932e-10
766	4.73591678675027e-10
767	4.760403764042916e-10
768	4.783624367043632e-10
769	4.805686130695658e-10
770	4.834513700549731e-10
771	4.856993733566558e-10
772	4.876256268795717e-10
773	4.90069009249814e-10
774	4.925217584345782e-10
775	4.946908162876793e-10
776	4.976221029732958e-10
777	5.000393205333215e-10
778	5.015130384738376e-10
779	5.043980337989991e-10
780	5.074549784655107e-10
781	5.096265741075681e-10
782	5.129124621740361e-10
783	5.129472748701657e-10
784	5.170451602834133e-10
785	5.191000029587172e-10
786	5.224312954047659e-10
787	5.237226104392816e-10
788	5.26479186072492e-10
789	5.287269096561496e-10
790	5.325541415204918e-10
791	5.349422080772765e-10
792	5.376671057687984e-10
793	5.397298962274512e-10
794	5.420612545355199e-10
795	5.447309064397989e-10
796	5.475230138574791e-10
797	5.500851880330441e-10
798	5.533608782044899e-10
799	5.553895539532607e-10
800	5.586780284235914e-10
801	5.616412904200447e-10
802	5.635739282138574e-10
803	5.646479059371886e-10
804	5.660784299833878e-10
805	5.706279313316146e-10
806	5.729129316680293e-10
807	5.767961740007268e-10
808	5.804479021951521e-10
809	5.835712527533681e-10
810	5.859291372344712e-10
811	5.887647773563399e-10
812	5.913184690250669e-10
813	5.94465755235067e-10
814	5.970369191418287e-10
815	6.105824183086754e-10
816	6.028748133534676e-10
817	6.061133311118819e-10
818	6.088810587533553e-10
819	6.115429410596511e-10
820	6.144116365756997e-10
821	6.174729191525258e-10
822	6.204681635847283e-10
823	6.235181460978066e-10
824	6.266135173677079e-10
825	6.297607391702492e-10
826	6.322371288598285e-10
827	6.356688446140196e-10
828	6.38482383136309e-10
829	6.392578441504031e-10
830	6.418010010216703e-10
831	6.465230055536154e-10
832	6.509777952386387e-10
833	6.544924784941168e-10
834	6.571290062335094e-10
835	6.602361156500084e-10
836	6.657175303380903e-10
837	6.691953301118517e-10
838	6.701188701064934e-10
839	6.774041116975134e-10
840	6.766245839657097e-10
841	6.794714038213231e-10
842	6.827583748265781e-10
843	6.853209076412738e-10
844	6.888760260989877e-10
845	6.922120472241204e-10
846	6.950894971818934e-10
847	7.001503085613257e-10
848	7.031574462216694e-10
849	7.055840423510845e-10
850	7.100093116438535e-10
851	7.122865718465063e-10
852	7.158144113798932e-10
853	7.196351925304335e-10
854	7.198863964944258e-10
855	7.248190843089661e-10
856	7.300808946964318e-10
857	7.349855700097966e-10
858	7.354063956467306e-10
859	7.403329540196781e-10
860	7.447063265427638e-10
861	7.486890324617958e-10
862	7.512099608194438e-10
863	7.544474755088421e-10
864	7.575334333626516e-10
865	7.605635609893613e-10
866	7.657379954822901e-10
867	7.689649377482294e-10
868	7.727468544167689e-10
869	7.76044293692276e-10
870	7.794676345790879e-10
871	7.830464980632846e-10
872	7.86848934144948e-10
873	7.916866940235155e-10
874	7.962147982800665e-10
875	7.996335050718441e-10
876	8.035136503439355e-10
877	8.056185971812983e-10
878	8.112519848188841e-10
879	8.140241803880017e-10
880	8.178667904846916e-10
881	8.208114422452007e-10
882	8.260597789748558e-10
883	8.302535676816348e-10
884	8.328191890245652e-10
885	8.379488712419508e-10
886	8.421566469537961e-10
887	8.451282383027204e-10
888	8.487762118200682e-10
889	8.537096819004589e-10
890	8.569628183912201e-10
891	8.624260390236741e-10
892	8.674173798347752e-10
893	8.680647765369558e-10
894	8.742765032164787e-10
895	8.78498501243526e-10
896	8.816277796911114e-10
897	8.854647339585084e-10
898	8.909667922598271e-10
899	8.954859944043202e-10
900	8.995721011371717e-10
901	9.024919466760742e-10
902	9.085012035778234e-10
903	9.128571508114578e-10
904	9.168757896827502e-10
905	9.21451823576995e-10
906	9.2564722476434e-10
907	9.293041612055488e-10
908	9.340431048064142e-10
909	9.388039898328023e-10
910	9.439297485337607e-10
911	9.477742807894719e-10
912	9.528782569947542e-10
913	9.560157747308212e-10
914	9.595641246357314e-10
915	9.656596435218979e-10
916	9.700268312285381e-10
917	9.748807034018633e-10
918	9.802017680187447e-10
919	9.833958837093595e-10
920	9.892345675568335e-10
921	9.953048433133587e-10
922	9.983059778068002e-10
923	1.0032714109089055e-9
924	1.0077079394786642e-9
925	1.0131975756887557e-9
926	1.0171168601019006e-9
927	1.0209693288742208e-9
928	1.0259954618130602e-9
929	1.0319796847479328e-9
930	1.0350967215022658e-9
931	1.041004930234644e-9
932	1.0468309930811387e-9
933	1.0508161353268808e-9
934	1.05037420693531e-9
935	1.0564734469360765e-9
936	1.0673248993016576e-9
937	1.0722134860727884e-9
938	1.077098960539553e-9
939	1.0805564201918096e-9
940	1.0848358631928124e-9
941	1.0914118943628485e-9
942	1.0951978649446027e-9
943	1.1003866889036967e-9
944	1.1064298258039288e-9
945	1.1116772020915363e-9
946	1.1184873461159392e-9
947	1.1231501564194063e-9
948	1.1287416312095798e-9
949	1.1306331115207635e-9
950	1.1373807617877194e-9
951	1.1431575862175858e-9
952	1.1496063207170705e-9
953	1.1565438934174173e-9
954	1.1602285179413285e-9
955	1.1656496138423602e-9
956	1.1708861113185039e-9
957	1.1758399185882843e-9
958	1.1817301000100925e-9
959	1.1848952623115956e-9
960	1.1947780653252779e-9
961	1.1981907487985954e-9
962	1.2040090914310797e-9
963	1.2101622766690048e-9
964	1.2151794938589332e-9
965	1.221409079490903e-9
966	1.203021881632767e-9
967	1.2329342546050004e-9
968	1.2387062619102e-9
969	1.2428807357861134e-9
970	1.2499256365524844e-9
971	1.255926233931201e-9
972	1.2628349894030806e-9
973	1.2684868497349267e-9
974	1.2743656573395555e-9
975	1.2807989803076702e-9
976	1.2857680235443573e-9
977	1.2914811704241445e-9
978	1.2977190932036616e-9
979	1.3029425287548857e-9
980	1.3091232863618151e-9
981	1.3151061692837388e-9
982	1.3211336980556014e-9
983	1.3272545267403302e-9
984	1.334290908441647e-9
985	1.3399393115543516e-9
986	1.3463238082378406e-9
987	1.352884532672729e-9
988	1.3586098814052794e-9
989	1.365829920995471e-9
990	1.3678793368524022e-9
991	1.3760112169726579e-9
992	1.3826347409138584e-9
993	1.390929364058105e-9
994	1.3928213591156507e-9
995	1.4040282296462607e-9
996	1.4100586220581702e-9
997	1.4171802054113756e-9
998	1.4245590202503328e-9
999	1.430192024929e-9
1000	1.4368190903894983e-9
1001	1.4431242140008299e-9
1002	1.4509477552929637e-9
1003	1.4572858553822698e-9
1004	1.462192520200927e-9
1005	1.4701316019948561e-9
1006	1.4768947822725415e-9
1007	1.48371967729327e-9
1008	1.4900152929033528e-9
1009	1.495952184711787e-9
1010	1.5032864270438518e-9
1011	1.5070753713152912e-9
1012	1.5176099082563807e-9
1013	1.5256036436010773e-9
1014	1.5303014264593915e-9
1015	1.5399823400386159e-9
1016	1.546267334976444e-9
1017	1.554015347086519e-9
1018	1.5604765703748228e-9
1019	1.5669273106782793e-9
1020	1.5749065692202112e-9
1021	1.5824400179799386e-9
1022	1.5900489034891458e-9
1023	1.5965666867455025e-9
1024	1.6045117253145607e-9
1025	1.6102483734540546e-9
1026	1.6194890586320452e-9
1027	1.6253060934394404e-9
1028	1.6320474462649898e-9
1029	1.64037613141933e-9
1030	1.649826892177556e-9
1031	1.654067266865984e-9
1032	1.6607170087725537e-9
1033	1.6713717208035905e-9
1034	1.6791137669537176e-9
1035	1.6877410867382557e-9
1036	1.695178963913332e-9
1037	1.7028276448167005e-9
1038	1.7108005869995711e-9
1039	1.7219335585113613e-9
1040	1.7266415842794182e-9
1041	1.7341681005471616e-9
1042	1.7419019318446205e-9
1043	1.7496507366513328e-9
1044	1.7578567038967115e-9
1045	1.7668751147526826e-9
1046	1.7736453930878383e-9
1047	1.7818712745296113e-9
1048	1.791679749575122e-9
1049	1.7978333919695464e-9
1050	1.806248119617454e-9
1051	1.8128484520998647e-9
1052	1.8239769288451282e-9
1053	1.8321639724559362e-9
1054	1.839254308451605e-9
1055	1.8487158048482167e-9
1056	1.855228517337147e-9
1057	1.862902957096151e-9
1058	1.87424728569183e-9
1059	1.8836147075998556e-9
1060	1.8900231029568558e-9
1061	1.895128443656205e-9
1062	1.9117820495930363e-9
1063	1.915360713775562e-9
1064	1.9242771731488064e-9
1065	1.931543143535658e-9
1066	1.9447580049092185e-9
1067	1.9513475995355136e-9
1068	1.9594412356768354e-9
1069	1.9751251308158867e-9
1070	1.9771230910744747e-9
1071	1.986397840072622e-9
1072	1.994340180274002e-9
1073	2.002616783576691e-9
1074	2.0120798874390274e-9
1075	2.023146095346868e-9
1076	2.0307365348423914e-9
1077	2.0215553169580177e-9
1078	2.0423247593783797e-9
1079	2.0602843029201663e-9
1080	2.0684299015825856e-9
1081	2.0805744653133066e-9
1082	2.087185443055412e-9
1083	2.097955910638632e-9
1084	2.1098778196485404e-9
1085	2.1119454289684674e-9
1086	2.1239214506815384e-9
1087	2.133715728211376e-9
1088	2.1434924619164474e-9
1089	2.156546007644569e-9
1090	2.163726023435846e-9
1091	2.1727861181028542e-9
1092	2.183348473944005e-9
1093	2.1902281415811386e-9
1094	2.2017715310827198e-9
1095	2.208351424560647e-9
1096	2.2192420864628168e-9
1097	2.230116586928262e-9
1098	2.240511911723104e-9
1099	2.250745259916541e-9
1100	2.259859549012175e-9
1101	2.2700970965364254e-9
1102	2.279816750444071e-9
1103	2.2938961763870997e-9
1104	2.300304289902358e-9
1105	2.3137695951046424e-9
1106	2.312690317294421e-9
1107	2.331633354223113e-9
1108	2.3405522261109255e-9
1109	2.354713861578792e-9
1110	2.362913949040642e-9
1111	2.37045442231384e-9
1112	2.3813868247544014e-9
1113	2.3902805081425988e-9
1114	2.405390129355917e-9
1115	2.4159772597156624e-9
1116	2.4240207037986225e-9
1117	2.4353775111667405e-9
1118	2.446224905530474e-9
1119	2.4577132736800724e-9
1120	2.467628455800887e-9
1121	2.4755785741052853e-9
1122	2.48956797719386e-9
1123	2.5012252640368507e-9
1124	2.5088729874676797e-9
1125	2.525513856310041e-9
1126	2.5366184831385306e-9
1127	2.5454591874440817e-9
1128	2.558829854711854e-9
1129	2.5685379542511633e-9
1130	2.580789558933332e-9
1131	2.5911757963618488e-9
1132	2.5987163039966687e-9
1133	2.611606560875114e-9
1134	2.6261793408220145e-9
1135	2.633966300557163e-9
1136	2.6492016922526016e-9
1137	2.6604684489975422e-9
1138	2.674941215935419e-9
1139	2.678963497481363e-9
1140	2.695994562902212e-9
1141	2.706584751233613e-9
1142	2.7251893438884314e-9
1143	2.7307920519050897e-9
1144	2.7412215784136663e-9
1145	2.7584348805806727e-9
1146	2.767180616088579e-9
1147	2.777768167958481e-9
1148	2.791021825432549e-9
1149	2.8037760512944603e-9
1150	2.8155402796034686e-9
1151	2.82731880214578e-9
1152	2.838352509432914e-9
1153	2.8520817824567686e-9
1154	2.8646464800794524e-9
1155	2.8771433622612636e-9
1156	2.8914271817811697e-9
1157	2.9009770570992755e-9
1158	2.911491311421927e-9
1159	2.9142103530726667e-9
1160	2.926395084073132e-9
1161	2.9389179185687723e-9
1162	2.9369044268951848e-9
1163	2.9640582074746195e-9
1164	2.9798854145866095e-9
1165	2.9918720651004565e-9
1166	3.021446962936501e-9
1167	3.0288630254583548e-9
1168	3.046711119007012e-9
1169	3.0559361865183164e-9
1170	3.0661655753238935e-9
1171	3.0807705616194554e-9
1172	3.094906067435694e-9
1173	3.1088642072957848e-9
1174	3.1281148232412583e-9
1175	3.1390303029122835e-9
1176	3.148609060980462e-9
1177	3.1626732353326675e-9
1178	3.1750588350422353e-9
1179	3.1891379065383654e-9
1180	3.2033487755483018e-9
1181	3.2158258907148658e-9
1182	3.2304942192277453e-9
1183	3.2434938805265582e-9
1184	3.2580059277654306e-9
1185	3.2722988769265624e-9
1186	3.288356226208325e-9
1187	3.2989402431929763e-9
1188	3.3110181784005633e-9
1189	3.328017235608692e-9
1190	3.347910071232343e-9
1191	3.3559716944761376e-9
1192	3.369162204182899e-9
1193	3.3830724732827163e-9
1194	3.398885904275843e-9
1195	3.412011276478111e-9
1196	3.4249273066269344e-9
1197	3.4453078767015747e-9
1198	3.4552800698454225e-9
1199	3.4687422873349686e-9
1200	3.483847914522794e-9
1201	3.499095438009575e-9
1202	3.510607262438318e-9
1203	3.5276506881314713e-9
1204	3.5414278598595495e-9
1205	3.5557615980026304e-9
1206	3.581558480805056e-9
1207	3.591127442948846e-9
1208	3.603776615720625e-9
1209	3.6202308532629466e-9
1210	3.633754244000729e-9
1211	3.649434760125568e-9
1212	3.6625714999913346e-9
1213	3.6753343989363612e-9
1214	3.691486315427011e-9
1215	3.7094990219734435e-9
1216	3.7239995597087762e-9
1217	3.739082530174792e-9
1218	3.755034545036947e-9
1219	3.769396702800788e-9
1220	3.786493930429223e-9
1221	3.799288950158538e-9
1222	3.8176394194655375e-9
1223	3.833665166676104e-9
1224	3.848507288472663e-9
1225	3.865258949180143e-9
1226	3.880925073358211e-9
1227	3.897579384153055e-9
1228	3.913007586831747e-9
1229	3.931992732049356e-9
1230	3.949548521016044e-9
1231	3.9609562179632634e-9
1232	3.977441499208252e-9
1233	3.993131117840757e-9
1234	4.0081582603402815e-9
1235	4.0255218964224345e-9
1236	4.04399788583961e-9
1237	4.060921470379354e-9
1238	4.075952733804481e-9
1239	4.09375575281946e-9
1240	4.113139719363199e-9
1241	4.127631371141543e-9
1242	4.114659854993284e-9
1243	4.1624409357025084e-9
1244	4.178643281940026e-9
1245	4.195638892310126e-9
1246	4.2130107547935865e-9
1247	4.228750647846507e-9
1248	4.2467424591293986e-9
1249	4.262679367454937e-9
1250	4.277765422530911e-9
1251	4.298162147911396e-9
1252	4.3150680851152185e-9
1253	4.3318150905849824e-9
1254	4.347419443273647e-9
1255	4.367799689836368e-9
1256	4.3855451551070025e-9
1257	4.400861910570211e-9
1258	4.422896414599734e-9
1259	4.425931072606412e-9
1260	4.458013683894285e-9
1261	4.476707040025724e-9
1262	4.492962262198579e-9
1263	4.506095971517233e-9
1264	4.5309383296366666e-9
1265	4.55098023820425e-9
1266	4.564395650527147e-9
1267	4.580792493383615e-9
1268	4.600423157558356e-9
1269	4.620965544555367e-9
1270	4.637963986385485e-9
1271	4.655625663371967e-9
1272	4.678800126510138e-9
1273	4.695707171790102e-9
1274	4.714796990969171e-9
1275	4.727356718455071e-9
1276	4.747446467074287e-9
1277	4.769267231497519e-9
1278	4.785593191751011e-9
1279	4.805132426579465e-9
1280	4.823886012677831e-9
1281	4.8459791822736584e-9
1282	4.863242124873249e-9
1283	4.883348570617023e-9
1284	4.89186883215766e-9
1285	4.91530989098891e-9
1286	4.931441693665278e-9
1287	4.959169913243834e-9
1288	4.97141281533296e-9
1289	4.998420133147187e-9
1290	4.977094346295669e-9
1291	5.038467716966468e-9
1292	5.056476767377209e-9
1293	5.076505739612509e-9
1294	5.097595813723575e-9
1295	5.1133094768214706e-9
1296	5.1409080644303486e-9
1297	5.16462012960386e-9
1298	5.1797224646246615e-9
1299	5.188840364007684e-9
1300	5.220031025206825e-9
1301	5.234900928595789e-9
1302	5.254055380201337e-9
1303	5.274063798623323e-9
1304	5.2959176607801305e-9
1305	5.3183361545568425e-9
1306	5.337807146995509e-9
1307	5.35682199353098e-9
1308	5.381874221996791e-9
1309	5.401477434250905e-9
1310	5.422565665005745e-9
1311	5.438632742147182e-9
1312	5.464998573999536e-9
1313	5.4877439779811034e-9
1314	5.5020507447588975e-9
1315	5.522611318732201e-9
1316	5.5465455257493126e-9
1317	5.559785425667596e-9
1318	5.581030360001737e-9
1319	5.608808831724684e-9
1320	5.630072335939783e-9
1321	5.657476516908256e-9
1322	5.673471561479921e-9
1323	5.693476162578333e-9
1324	5.668952419721152e-9
1325	5.739394407562298e-9
1326	5.762414154667682e-9
1327	5.7851129029759045e-9
1328	5.799988584126277e-9
1329	5.826518723320035e-9
1330	5.848049482617283e-9
1331	5.881279321427908e-9
1332	5.917653590296833e-9
1333	5.902253470680424e-9
1334	5.939495617951582e-9
1335	5.922249388982776e-9
1336	5.978903184323429e-9
1337	6.006924844740283e-9
1338	6.023980817319571e-9
1339	6.047350401336889e-9
1340	6.07619589858088e-9
1341	6.104283241150354e-9
1342	6.118876201089915e-9
1343	6.162913842739108e-9
1344	6.162764870667463e-9
1345	6.179168746661522e-9
1346	6.206196002172762e-9
1347	6.2308013742529265e-9
1348	6.251079556545302e-9
1349	6.275025849709566e-9
1350	6.288085279883389e-9
1351	6.3141932302218434e-9
1352	6.348624231897358e-9
1353	6.379340249668915e-9
1354	6.399925791639424e-9
1355	6.438489154255066e-9
1356	6.44418783493908e-9
1357	6.461188767816187e-9
1358	6.676011024371929e-9
1359	6.507672795846645e-9
1360	6.568776567819573e-9
1361	6.557124388735875e-9
1362	6.582303969785613e-9
1363	6.603518886197985e-9
1364	6.623846647693869e-9
1365	6.653645775839896e-9
1366	6.6805782185660845e-9
1367	6.705066626917542e-9
1368	6.727426452744535e-9
1369	6.746333846892953e-9
1370	6.773954874253548e-9
1371	6.798444794539939e-9
1372	6.828893814484646e-9
1373	6.849753892117555e-9
1374	6.869905713715159e-9
1375	6.892313034545024e-9
1376	6.92197211910743e-9
1377	6.945300664550813e-9
1378	6.9812062661849295e-9
1379	7.004774239492727e-9
1380	7.054153840156274e-9
1381	7.068350328493607e-9
1382	7.107439984571613e-9
1383	7.071640322601365e-9
1384	7.122236259908802e-9
1385	7.1473486662298764e-9
1386	7.173313628896312e-9
1387	7.201649873840434e-9
1388	7.2272180359264524e-9
1389	7.248581284947056e-9
1390	7.273779233854211e-9
1391	7.304066997133488e-9
1392	7.330080782322821e-9
1393	7.369682254198747e-9
1394	7.384878635055909e-9
1395	7.412398313650734e-9
1396	7.428111621800895e-9
1397	7.465942068246328e-9
1398	7.4874800031232e-9
1399	7.474832743697351e-9
1400	7.690774868742691e-9
1401	7.550478126841306e-9
1402	7.578993218611224e-9
1403	7.58553214598059e-9
1404	7.635317099143225e-9
1405	7.663638246875055e-9
1406	7.686946524746045e-9
1407	7.723529547048853e-9
1408	7.754221772765825e-9
1409	7.777801516874555e-9
1410	7.808185994180726e-9
1411	7.830520996409302e-9
1412	7.857370814702963e-9
1413	7.885242128826331e-9
1414	7.920549444176554e-9
1415	7.946728719970801e-9
1416	7.962852078532827e-9
1417	7.997905677210835e-9
1418	8.035993944797926e-9
1419	8.055843602925557e-9
1420	8.074085459114917e-9
1421	8.113547893964674e-9
1422	8.129196807564823e-9
1423	8.167291024979097e-9
1424	8.184326856478771e-9
1425	8.210772678570629e-9
1426	8.237056423902e-9
1427	8.266863794917295e-9
1428	8.312928184651465e-9
1429	8.359543179070302e-9
1430	8.35536904641922e-9
1431	8.385892518256263e-9
1432	8.406366731244678e-9
1433	8.440796643858809e-9
1434	8.472829904928482e-9
1435	8.491827860810924e-9
1436	8.52597539245622e-9
1437	8.567338760787287e-9
1438	8.585539632987664e-9
1439	8.617668375931795e-9
1440	8.654254718565643e-9
1441	8.69422213729079e-9
1442	8.716229310596363e-9
1443	8.746346223646611e-9
1444	8.761986299380056e-9
1445	8.785670218976932e-9
1446	8.825771454524895e-9
1447	8.850420187002733e-9
1448	8.878868212003166e-9
1449	8.912585767014297e-9
1450	8.952343580402698e-9
1451	8.957317986173014e-9
1452	9.010271195775942e-9
1453	9.002328273747134e-9
1454	9.058548797911576e-9
1455	9.09574707263929e-9
1456	9.104791015675204e-9
1457	9.13711694697855e-9
1458	9.174314325901627e-9
1459	9.205853468317606e-9
1460	9.29028322503063e-9
1461	9.25759565102395e-9
1462	9.309114045904318e-9
1463	9.328693865331946e-9
1464	9.350222488263365e-9
1465	9.387357731925201e-9
1466	9.39254656610466e-9
1467	9.485376134400773e-9
1468	9.475021195853892e-9
1469	9.500141433833515e-9
1470	9.502388371582764e-9
1471	9.57426777489811e-9
1472	9.601362085935937e-9
1473	9.613367648520154e-9
1474	9.698276152568379e-9
1475	9.700844403328688e-9
1476	9.722571317920608e-9
1477	9.778796548054918e-9
1478	9.734976753842566e-9
1479	9.823749344269524e-9
1480	9.855555813131553e-9
1481	9.897096931622528e-9
1482	9.91896035310723e-9
1483	9.955329745403472e-9
1484	9.992709428595307e-9
1485	1.0025450023290936e-8
1486	1.0054050175995936e-8
1487	1.0098580848310682e-8
1488	1.013793045857005e-8
1489	1.0149086427823462e-8
1490	1.0189963619086225e-8
1491	1.0214184449442336e-8
1492	1.0262110355438593e-8
1493	1.027758391516052e-8
1494	1.0331355199191552e-8
1495	1.0338246444229844e-8
1496	1.0380110324887217e-8
1497	1.042124963855141e-8
1498	1.0350303219983725e-8
1499	1.0472348257199193e-8
1500	1.0500699961098824e-8
1501	1.0512634311373582e-8
1502	1.057595975286735e-8
1503	1.060075316425804e-8
1504	1.0641646108001068e-8
1505	1.0674501698852912e-8
1506	1.0707104528071457e-8
1507	1.074487664154195e-8
1508	1.0765362767905275e-8
1509	1.0798043465337353e-8
1510	1.0834337903778003e-8
1511	1.0891111167496569e-8
1512	1.0918784552536544e-8
1513	1.0953180400097646e-8
1514	1.10303106130953e-8
1515	1.1085845521479235e-8
1516	1.1040609841843746e-8
1517	1.1078729165000995e-8
1518	1.1126675228892742e-8
1519	1.1140015435518448e-8
1520	1.1125940445724838e-8
1521	1.1228414347537037e-8
1522	1.1203616260770138e-8
1523	1.1279216752330016e-8
1524	1.1290304628202945e-8
1525	1.1378087213292239e-8
1526	1.1353485860129628e-8
1527	1.1432473061912043e-8
1528	1.1502957045112791e-8
1529	1.1516038661620783e-8
1530	1.1537662247105094e-8
1531	1.1587716299982723e-8
1532	1.1647440010861996e-8
1533	1.1621283043927754e-8
1534	1.1425703615526029e-8
1535	1.1546665781405092e-8
1536	1.175108409846953e-8
1537	1.1797828028337964e-8
1538	1.182695443275779e-8
1539	1.1883378093344368e-8
1540	1.190157550141072e-8
1541	1.1926898934879861e-8
1542	1.1979774305101651e-8
1543	1.1975814511353174e-8
1544	1.2028918215514054e-8
1545	1.212580934508567e-8
1546	1.2100287954688624e-8
1547	1.2167472222838242e-8
1548	1.2204005554555928e-8
1549	1.2247671180595563e-8
1550	1.2317537601429116e-8
1551	1.238079954609388e-8
1552	1.2362054855092268e-8
1553	1.2392193933995429e-8
1554	1.2423292596344569e-8
1555	1.2461014234607562e-8
1556	1.2503267558719838e-8
1557	1.2539280307428478e-8
1558	1.2604524300132787e-8
1559	1.2589298577784619e-8
1560	1.2649723715557823e-8
1561	1.270025065120693e-8
1562	1.2717457909993251e-8
1563	1.2795375111484849e-8
1564	1.2815659534592666e-8
1565	1.282730395587719e-8
1566	1.2882028239663466e-8
1567	1.294755876976532e-8
1568	1.2969859999343432e-8
1569	1.300871770809288e-8
1570	1.3056081869550657e-8
1571	1.3030210617898566e-8
1572	1.3136888263541996e-8
1573	1.3179505293077885e-8
1574	1.321645489310297e-8
1575	1.3180846642007384e-8
1576	1.3232672622057656e-8
1577	1.3329691559100045e-8
1578	1.338116140923604e-8
1579	1.3418162855332648e-8
1580	1.3452001232600644e-8
1581	1.3498095149988214e-8
1582	1.352954251734271e-8
1583	1.3566242031721175e-8
1584	1.3609423991648415e-8
1585	1.3665571984297593e-8
1586	1.3679283010472822e-8
1587	1.374407278059053e-8
1588	1.3786024315550674e-8
1589	1.3809432785270281e-8
1590	1.3851901469118278e-8
1591	1.3896643972106285e-8
1592	1.3940925439044723e-8
1593	1.3977648351327212e-8
1594	1.4010746751535995e-8
1595	1.4068727908957298e-8
1596	1.4093955653230935e-8
1597	1.4112866843100884e-8
1598	1.4200546236672037e-8
1599	1.421768952735931e-8
1600	1.4253285030870736e-8
1601	1.4306368410247126e-8
1602	1.435116791049124e-8
1603	1.4398695478229003e-8
1604	1.4474786698805305e-8
1605	1.4400682145915867e-8
1606	1.4461300783805173e-8
1607	1.4490772859349105e-8
1608	1.4544859514454872e-8
1609	1.4595815854871191e-8
1610	1.4722480857762613e-8
1611	1.4759987296334348e-8
1612	1.481165566752455e-8
1613	1.4866626621222702e-8
1614	1.4905131295127404e-8
1615	1.4971306624257628e-8
1616	1.4994337180488576e-8
1617	1.5013671929859825e-8
1618	1.5060291187058707e-8
1619	1.5111686284423267e-8
1620	1.5182273327739025e-8
1621	1.5228520115711006e-8
1622	1.526590436482976e-8
1623	1.5316631709946543e-8
1624	1.5370218689371308e-8
1625	1.5440491898508637e-8
1626	1.5464238526609226e-8
1627	1.550110223359232e-8
1628	1.596834916865336e-8
1629	1.558913925245274e-8
1630	1.5585937759153108e-8
1631	1.5704162171953847e-8
1632	1.5785029578582502e-8
1633	1.5771296108898564e-8
1634	1.5850934729183896e-8
1635	1.5906356560364842e-8
1636	1.5927135159783998e-8
1637	1.601692996600882e-8
1638	1.602812047124123e-8
1639	1.6122290971109027e-8
1640	1.6052579258851743e-8
1641	1.6151386726518966e-8
1642	1.646554704953389e-8
1643	1.6236040343353888e-8
1644	1.631213610259836e-8
1645	1.637547817741079e-8
1646	1.6441581512419786e-8
1647	1.6475654129184813e-8
1648	1.6576987067669425e-8
1649	1.6555839429101294e-8
1650	1.664188522196223e-8
1651	1.6692308752317158e-8
1652	1.675268200127972e-8
1653	1.677196193237734e-8
1654	1.6828963761002914e-8
1655	1.6879888956846822e-8
1656	1.6868512012597054e-8
1657	1.7010843200067944e-8
1658	1.705681455810053e-8
1659	1.7121028464540566e-8
1660	1.716617765302983e-8
1661	1.7275705203209508e-8
1662	1.727418058548165e-8
1663	1.732452608957749e-8
1664	1.7423004438994817e-8
1665	1.7448100098733678e-8
1666	1.749538665934654e-8
1667	1.75372400508197e-8
1668	1.7588090442673706e-8
1669	1.7665098291739863e-8
1670	1.7653366024467506e-8
1671	1.7754729169991365e-8
1672	1.7825953960918812e-8
1673	1.7973043273720502e-8
1674	1.795872100606823e-8
1675	1.7965133653292738e-8
1676	1.80122844902248e-8
1677	1.8044207180298605e-8
1678	1.8174436690536077e-8
1679	1.8268300949849924e-8
1680	1.820968300483479e-8
1681	1.8326741494686114e-8
1682	1.8412093814835712e-8
1683	1.8465628026468792e-8
1684	1.8478491317435632e-8
1685	1.848705371029998e-8
1686	1.8600957303930144e-8
1687	1.8720631414653903e-8
1688	1.8768115701607055e-8
1689	1.886827233332998e-8
1690	1.8900503755638802e-8
1691	1.8939593125655818e-8
1692	1.9036546541817103e-8
1693	1.914647800453166e-8
1694	1.913827424720147e-8
1695	1.9375013761128633e-8
1696	1.9352606254295882e-8
1697	1.933826530574652e-8
1698	1.9403180104336982e-8
1699	1.9677259297699144e-8
1700	1.9542164754080538e-8
1701	1.9636651015099928e-8
1702	1.9676225143201054e-8
1703	1.9747867795574183e-8
1704	1.981821300350934e-8
1705	1.9881071219891888e-8
1706	1.995105387264774e-8
1707	2.000701276270308e-8
1708	2.008143409121505e-8
1709	2.0151034998799226e-8
1710	2.0233690647067634e-8
1711	2.030473968859192e-8
1712	2.0378923168070824e-8
1713	2.0468299800023904e-8
1714	2.0391450825648183e-8
1715	2.053323398347407e-8
1716	2.062070954875571e-8
1717	2.07478419714815e-8
1718	2.082229162865522e-8
1719	2.092303879091491e-8
1720	2.1002072793900782e-8
1721	2.1045615022120426e-8
1722	2.1105476236508598e-8
1723	2.1198836007755183e-8
1724	2.1318488853729516e-8
1725	2.1314567049539685e-8
1726	2.1419834866427433e-8
1727	2.1509838382291476e-8
1728	2.1272307241756745e-8
1729	2.174019444443623e-8
1730	2.16828167767885e-8
1731	2.1816872272571224e-8
1732	2.192083762615113e-8
1733	2.1973729758326874e-8
1734	2.2144037068737946e-8
1735	2.213052604374715e-8
1736	2.216926081629269e-8
1737	2.2313301756904942e-8
1738	2.235035093996262e-8
1739	2.2536495584322267e-8
1740	2.2625507611036527e-8
1741	2.2701161735082255e-8
1742	2.272917150955428e-8
1743	2.2855351297354454e-8
1744	2.293383827359336e-8
1745	2.3023650467258905e-8
1746	2.3139398575932327e-8
1747	2.3235571444686566e-8
1748	2.3407731495154114e-8
1749	2.3425274007850226e-8
1750	2.346835447195758e-8
1751	2.3546936564014826e-8
1752	2.365671052820058e-8
1753	2.368179912650443e-8
1754	2.3855351348687115e-8
1755	2.396286405759624e-8
1756	2.40767713132411e-8
1757	2.4209568549409208e-8
1758	2.42677412581923e-8
1759	2.440530511494678e-8
1760	2.451372308922392e-8
1761	2.4589783698610634e-8
1762	2.4658793789378997e-8
1763	2.467505955721757e-8
1764	2.488810580227555e-8
1765	2.4923428911229897e-8
1766	2.5113759752628748e-8
1767	2.5149978939065952e-8
1768	2.5297173023398796e-8
1769	2.5420919201535105e-8
1770	2.5509571791216795e-8
1771	2.5641583939115287e-8
1772	2.5761359458217458e-8
1773	2.588307662513394e-8
1774	2.602403237570908e-8
1775	2.6123941533335722e-8
1776	2.624823222691508e-8
1777	2.6357869240189127e-8
1778	2.64823091610672e-8
1779	2.659136925120319e-8
1780	2.674243509055212e-8
1781	2.684990199805966e-8
1782	2.6963968505199446e-8
1783	2.7117903132664587e-8
1784	2.7208397321804548e-8
1785	2.732130181972899e-8
1786	2.7465717403733816e-8
1787	2.766131791811927e-8
1788	2.7730134063179837e-8
1789	2.7903169305694256e-8
1790	2.8042284039691936e-8
1791	2.8186321640179638e-8
1792	2.8301402454745737e-8
1793	2.845759445278846e-8
1794	2.8600297128642874e-8
1795	2.8807125516403524e-8
1796	2.8874293573815474e-8
1797	2.902452234771768e-8
1798	2.9228789572874904e-8
1799	2.933885334143999e-8
1800	2.950351439951669e-8
1801	2.963735137956087e-8
1802	2.977802520997445e-8
1803	2.9922956114863645e-8
1804	3.0116275734554e-8
1805	3.02237408227711e-8
1806	3.049257360657626e-8
1807	3.054338484188074e-8
1808	3.0682247642747876e-8
1809	3.0837460363991294e-8
1810	3.098858308502765e-8
1811	3.115942143135184e-8
1812	3.129208501869966e-8
1813	3.146068494878608e-8
1814	3.1612377580618285e-8
1815	3.174206926702679e-8
1816	3.1904875016972896e-8
1817	3.205706190851213e-8
1818	3.220011616375568e-8
1819	3.233800657243602e-8
1820	3.247873169086978e-8
1821	3.2626067156522856e-8
1822	3.2737456044632214e-8
1823	3.287768251292721e-8
1824	3.2997716832695966e-8
1825	3.310851129946437e-8
1826	3.32071803301859e-8
1827	3.329775712022964e-8
1828	3.3372666347031096e-8
1829	3.343813850492985e-8
1830	3.3489096466662314e-8
1831	3.351623948636051e-8
1832	3.352749768827e-8
1833	3.350685766575153e-8
1834	3.34544003706537e-8
1835	3.336477157998699e-8
1836	3.324076976609476e-8
1837	3.306559173154442e-8
1838	3.283408393903724e-8
1839	3.2537448918327385e-8
1840	3.2164809098011174e-8
1841	3.1701318745100184e-8
1842	3.113290419865858e-8
1843	3.0440949834862984e-8
1844	2.9602919497178414e-8
1845	2.859308969292339e-8
1846	2.738209272221625e-8
1847	2.5935381972969282e-8
1848	2.421570248001816e-8
1849	2.218463892516399e-8
1850	1.980831600948707e-8
1851	1.706841997783729e-8
1852	1.398279544568052e-8
1853	1.063916743548073e-8
1854	7.239945092755841e-9
1855	4.133585001306196e-9
1856	1.762923333498313e-9
1857	4.4175189755723053e-10
1858	3.482501801614681e-11
1859	6.889636638948633e-14
1860	0.
1861	0.
1862	0.
1863	0.
1864	0.
1865	0.
1866	1.2448387306903132e-6
1867	1.6996826280765484e-6
1868	1.522552715415175e-6
1869	1.3386659860355246e-6
1870	1.1869451636875759e-6
1871	1.0653125919947238e-6
1872	9.666871991635975e-7
1873	8.857491635942789e-7
1874	8.179540775166046e-7
1875	7.607518038657616e-7
1876	7.115171091970542e-7
1877	6.689088625298628e-7
1878	6.317205056506445e-7
1879	5.987562134021801e-7
1880	5.690716070458647e-7
1881	5.432650512702353e-7
1882	5.189219711870134e-7
1883	4.974672481965918e-7
1884	4.780165444364941e-7
1885	4.606783068048372e-7
1886	4.4420442301494656e-7
1887	4.2967502345372243e-7
1888	4.140257902394991e-7
1889	4.026658228530937e-7
1890	3.903746779565163e-7
1891	3.780850323395053e-7
1892	3.6837448617856347e-7
1893	3.592118638564289e-7
1894	3.503785074348523e-7
1895	3.402401204930113e-7
1896	3.3220800580553977e-7
1897	3.2593236499580635e-7
1898	3.2174540220949256e-7
1899	3.08473625000402e-7
1900	3.0234875476573307e-7
1901	2.9714679280411516e-7
1902	2.9101387893822165e-7
1903	2.857943618249724e-7
1904	2.795936317474278e-7
1905	2.762664650982557e-7
1906	2.6907653213600527e-7
1907	2.663554960663133e-7
1908	2.625440126830806e-7
1909	2.5652633227199214e-7
1910	2.517997653096143e-7
1911	2.498976725815496e-7
1912	2.4429937987875524e-7
1913	2.6487090789038777e-7
1914	2.3639852461037553e-7
1915	2.3079061700220084e-7
1916	2.2710855019357258e-7
1917	2.3097696538262294e-7
1918	2.218338154563219e-7
1919	2.2793665611929967e-7
1920	2.1840077455666002e-7
1921	2.1446073389593164e-7
1922	2.1121265723154723e-7
1923	2.0927364865212896e-7
1924	2.0790463452072756e-7
1925	2.021669327958186e-7
1926	2.0023577769576573e-7
1927	2.01994034449447e-7
1928	1.9835205192051637e-7
1929	1.9721047815637903e-7
1930	1.924778708649011e-7
1931	1.894732844483925e-7
1932	1.861174480798999e-7
1933	1.8728520885357992e-7
1934	1.839123111054323e-7
1935	1.846341374373803e-7
1936	1.8035769781404535e-7
1937	1.765247651518809e-7
1938	1.762503746691952e-7
1939	1.8093241972882135e-7
1940	1.8110041005744986e-7
1941	1.805079399569611e-7
1942	1.8204184072158174e-7
1943	1.684352485346759e-7
1944	1.566593791204666e-7
1945	1.5953927983665382e-7
1946	1.6256554974861532e-7
1947	1.670247296067414e-7
1948	1.6152920795728712e-7
1949	1.5929584127877567e-7
1950	1.5509532185592735e-7
1951	1.4843852505363936e-7
1952	1.5447063559165816e-7
1953	1.535626834959851e-7
1954	1.5335870549025762e-7
1955	1.5760090210279438e-7
1956	1.4986314702809783e-7
1957	1.516731181229547e-7
1958	1.4672321901139236e-7
1959	1.4123623471667718e-7
1960	1.4196884695541702e-7
1961	1.4167073532196825e-7
1962	1.3462136885903245e-7
1963	1.3847039627522142e-7
1964	1.4503841585618313e-7
1965	1.3749246904240817e-7
1966	1.4128623746653238e-7
1967	1.3604798205992866e-7
1968	1.3886580231231038e-7
1969	1.3594678943072498e-7
1970	1.368729262110858e-7
1971	1.3292736179633927e-7
1972	1.3226814570788529e-7
1973	1.313848127081802e-7
1974	1.29415908920248e-7
1975	1.2707600329588926e-7
1976	1.2725877282199035e-7
1977	1.2753735714367363e-7
1978	1.2771446959087645e-7
1979	1.2781780617179824e-7
1980	1.2211072933727377e-7
1981	1.2238385472432153e-7
1982	1.216705559678269e-7
1983	1.1694205964710955e-7
1984	1.1886583886141821e-7
1985	1.1811866891901149e-7
1986	1.1314633364178995e-7
1987	1.1464948829512074e-7
1988	1.1780335907330446e-7
1989	1.1987257924029545e-7
1990	1.161766758094232e-7
1991	1.146001754549926e-7
1992	1.1732420670626784e-7
1993	1.1001786710243353e-7
1994	1.1232752629864085e-7
1995	1.1256955291365189e-7
1996	1.1272840570754109e-7
1997	1.0789889668065855e-7
1998	1.0976042055630114e-7
1999	1.1025166905922674e-7
2000	1.1983846246622668e-7
2001	1.1477090843880806e-7