1	3.836343795720469e-10
2	7.67274720823771e-10
3	1.1509103242397726e-9
4	1.5346220204867173e-9
5	1.918165252478235e-9
6	2.302015482306495e-9
7	2.685443078522164e-9
8	3.068527667729801e-9
9	3.4525952624522284e-9
10	3.83690557759791e-9
11	4.219595111488539e-9
12	4.59501674283727e-9
13	4.986092610450209e-9
14	5.372351674931458e-9
15	5.7692887169124145e-9
16	6.1374389906021404e-9
17	6.521491702110537e-9
18	6.906278263630809e-9
19	7.289734043601021e-9
20	7.674836401134884e-9
21	8.056753454815337e-9
22	8.444074292668584e-9
23	8.826182978534094e-9
24	9.202431228266269e-9
25	9.592028000226513e-9
26	9.990301234207525e-9
27	1.0382258770931664e-8
28	1.0741852497877865e-8
29	1.1121396826607224e-8
30	1.1453993019067865e-8
31	1.184205649081233e-8
32	1.2249526354464187e-8
33	1.2615657634982651e-8
34	1.3041898801405806e-8
35	1.343739619200578e-8
36	1.3805964203979025e-8
37	1.4199214849931437e-8
38	1.4570463028104726e-8
39	1.494644633577954e-8
40	1.5345362134913127e-8
41	1.5720263646784587e-8
42	1.610642312596535e-8
43	1.6485655930227232e-8
44	1.6874655316104407e-8
45	1.724369691079235e-8
46	1.763054801253278e-8
47	1.8018630740730404e-8
48	1.8407906563331052e-8
49	1.8791067839034135e-8
50	1.9166759146346155e-8
51	1.956113544306407e-8
52	1.9932514472722723e-8
53	2.0321715003807747e-8
54	2.071208967768313e-8
55	2.1092712210688484e-8
56	2.1474101441943593e-8
57	2.1853823153259033e-8
58	2.224149653556679e-8
59	2.263910728716174e-8
60	2.2995192783384837e-8
61	2.3400032823614106e-8
62	2.382304799432411e-8
63	2.4034682659060766e-8
64	2.451988806630983e-8
65	2.4932134158941124e-8
66	2.5284422232029676e-8
67	2.5669283359542342e-8
68	2.6071780621576146e-8
69	2.6470964031587408e-8
70	2.6801104326045917e-8
71	2.718453976455226e-8
72	2.7579499521725823e-8
73	2.8005593664504612e-8
74	2.833007934144211e-8
75	2.873391604584871e-8
76	2.9121121286053775e-8
77	2.9501606938012543e-8
78	2.9903743552352926e-8
79	3.027031439221848e-8
80	3.0646980642191194e-8
81	3.105307899174156e-8
82	3.14319856379325e-8
83	3.1842967156022035e-8
84	3.2205812131381795e-8
85	3.25622945840702e-8
86	3.293278335174316e-8
87	3.330939774485951e-8
88	3.373521220643452e-8
89	3.406929879645247e-8
90	3.453556781694205e-8
91	3.4845305782892244e-8
92	3.5228110692999746e-8
93	3.557194345726638e-8
94	3.5987807391954834e-8
95	3.6373440039483586e-8
96	3.675302273931293e-8
97	3.71276659499108e-8
98	3.745554778964585e-8
99	3.79812933969103e-8
100	3.824055935105101e-8
101	3.863067561212848e-8
102	3.901917826262768e-8
103	3.942822399819223e-8
104	3.978679870715138e-8
105	4.0152023034762224e-8
106	4.0549845264150556e-8
107	4.095255614373345e-8
108	4.134756798268263e-8
109	4.17104646945883e-8
110	4.2065213541447354e-8
111	4.2517701191103105e-8
112	4.285155250445091e-8
113	4.324252599025711e-8
114	4.360120454418673e-8
115	4.4044521471649555e-8
116	4.434064786115811e-8
117	4.475013397462225e-8
118	4.521702906536984e-8
119	4.545978336880827e-8
120	4.59952937951193e-8
121	4.627489123529625e-8
122	4.663881514511694e-8
123	4.704167321426619e-8
124	4.740722863316754e-8
125	4.796065222216105e-8
126	4.821005787771934e-8
127	4.855937510485954e-8
128	4.900633888337084e-8
129	4.93202098280347e-8
130	4.976531644916164e-8
131	5.015391846408045e-8
132	5.048694260272722e-8
133	5.083268269087297e-8
134	5.1176317208853264e-8
135	5.16054923678485e-8
136	5.18805715469662e-8
137	5.241065544341775e-8
138	5.2724978591129455e-8
139	5.313855389365159e-8
140	5.354568317650603e-8
141	5.389471360260909e-8
142	5.42302384866307e-8
143	5.464020377847102e-8
144	5.500141747330677e-8
145	5.541847469770161e-8
146	5.5774380285588324e-8
147	5.619761262065781e-8
148	5.654845165477215e-8
149	5.6925568536476924e-8
150	5.7438145532577006e-8
151	5.781433032578396e-8
152	5.788061329540885e-8
153	5.829379830539535e-8
154	5.886356667356258e-8
155	5.910757482659397e-8
156	5.980334893619808e-8
157	6.016739967036758e-8
158	6.064950631328556e-8
159	6.060187999124396e-8
160	6.097609813452511e-8
161	6.136525615839305e-8
162	6.187207539636336e-8
163	6.209213976462757e-8
164	6.255372899155643e-8
165	6.292389056295138e-8
166	6.342264644807303e-8
167	6.368015851354611e-8
168	6.398347169191648e-8
169	6.433123774942564e-8
170	6.474492206672033e-8
171	6.516311827696734e-8
172	6.54771288103965e-8
173	6.616273323803049e-8
174	6.621576126533632e-8
175	6.63176754834201e-8
176	6.698528021513974e-8
177	6.732420849489683e-8
178	6.774383277734127e-8
179	6.814775650174e-8
180	6.84188655556282e-8
181	6.892436219601424e-8
182	6.92728729219282e-8
183	6.969369298902084e-8
184	6.993271803306386e-8
185	7.032548064594457e-8
186	7.064397018221842e-8
187	7.102626146019423e-8
188	7.122804802120573e-8
189	7.191097988857945e-8
190	7.210041004046403e-8
191	7.240925697554408e-8
192	7.274028127022233e-8
193	7.294504473186345e-8
194	7.35270222013791e-8
195	7.388834245430495e-8
196	7.434296352181973e-8
197	7.468757008061839e-8
198	7.504463598442024e-8
199	7.545096647417995e-8
200	7.581782819196825e-8
201	7.611964899738323e-8
202	7.710875022838926e-8
203	7.756312937638584e-8
204	7.815350579244524e-8
205	7.836498507814425e-8
206	7.851329496115825e-8
207	7.811677124657846e-8
208	7.863105744040215e-8
209	7.896983342675102e-8
210	7.93568927348705e-8
211	7.970844134270756e-8
212	8.007592672452021e-8
213	8.05061251528154e-8
214	8.077759497294827e-8
215	8.139904355082172e-8
216	8.157059508789747e-8
217	8.19495818329883e-8
218	8.227171273956962e-8
219	8.265654346105276e-8
220	8.293467295834551e-8
221	8.32519534263405e-8
222	8.379102312821926e-8
223	8.400008562563085e-8
224	8.442277323157105e-8
225	8.485613317593479e-8
226	8.511723423097471e-8
227	8.541969714951977e-8
228	8.557153341262119e-8
229	8.58685584827497e-8
230	8.617535620167281e-8
231	8.712798113002201e-8
232	8.722604672280614e-8
233	8.78198033670002e-8
234	8.815425555196663e-8
235	8.798114429105257e-8
236	8.835768038818486e-8
237	8.877550243220889e-8
238	8.90766482755431e-8
239	8.956022410537118e-8
240	8.982925676219205e-8
241	9.022818956451473e-8
242	9.053748138892534e-8
243	9.09735936462729e-8
244	9.1356481934676e-8
245	9.16843639587638e-8
246	9.213475737357365e-8
247	9.213790133424095e-8
248	9.266006965431176e-8
249	9.308331905776063e-8
250	9.370202325380031e-8
251	9.383125804723971e-8
252	9.411051441430213e-8
253	9.439804702034776e-8
254	9.485020911287144e-8
255	9.51512991360308e-8
256	9.538914205675229e-8
257	9.586745173427236e-8
258	9.615857183458367e-8
259	9.640320337779636e-8
260	9.67780642342997e-8
261	9.699948402603949e-8
262	9.735790134812034e-8
263	9.775068543723245e-8
264	9.823426152167438e-8
265	9.857031373996232e-8
266	9.889480064320036e-8
267	9.909321354621972e-8
268	9.941110181223464e-8
269	9.986102901500366e-8
270	1.0016570736767766e-7
271	1.004395635028636e-7
272	1.007163867944592e-7
273	1.0100109367330003e-7
274	1.0134368197632644e-7
275	1.0173610823462335e-7
276	1.0202728765995665e-7
277	1.024387078341888e-7
278	1.0280694377661954e-7
279	1.0312682766083147e-7
280	1.0342088620017742e-7
281	1.0376956959956333e-7
282	1.0416961577923162e-7
283	1.0437149544457828e-7
284	1.0470641047153413e-7
285	1.05089170873442e-7
286	1.0534050970487915e-7
287	1.05609979555296e-7
288	1.0607067102551962e-7
289	1.063705471277209e-7
290	1.0661728277963547e-7
291	1.0697658609494498e-7
292	1.0728112446497714e-7
293	1.0758248548677476e-7
294	1.0807898777991761e-7
295	1.082502730820745e-7
296	1.0846414131567481e-7
297	1.0880990715199949e-7
298	1.0924738272023447e-7
299	1.0949629438751323e-7
300	1.0975962001270876e-7
301	1.1007999200982529e-7
302	1.1043041754920286e-7
303	1.1073931823179565e-7
304	1.1100797100314884e-7
305	1.1136187275891402e-7
306	1.1166216300292357e-7
307	1.1196466913724831e-7
308	1.1212541728453574e-7
309	1.1253085820393638e-7
310	1.1285865717945219e-7
311	1.1322014106332525e-7
312	1.1354853884809788e-7
313	1.1381692988537016e-7
314	1.1410297512944699e-7
315	1.1437042613012116e-7
316	1.1466302986514116e-7
317	1.149846573008275e-7
318	1.1531703362799408e-7
319	1.1576759980390776e-7
320	1.1478580710821878e-7
321	1.1629862653643507e-7
322	1.1660121529874164e-7
323	1.1644509117241558e-7
324	1.171330593369367e-7
325	1.1738630538628899e-7
326	1.17684815112024e-7
327	1.1787734442095631e-7
328	1.1821234968109354e-7
329	1.1852186431701726e-7
330	1.1883830257551482e-7
331	1.1909533853860918e-7
332	1.19433047036506e-7
333	1.196951865831976e-7
334	1.2004538390252737e-7
335	1.2032997962262475e-7
336	1.2056039328301685e-7
337	1.2085563999456893e-7
338	1.2116812637811365e-7
339	1.2147495587831116e-7
340	1.2173586238468094e-7
341	1.2197292565628358e-7
342	1.2220411616210755e-7
343	1.2258759246599622e-7
344	1.2297962539741412e-7
345	1.2317196851254824e-7
346	1.2339459875845768e-7
347	1.2379602449133924e-7
348	1.2392827286171923e-7
349	1.2422552551318927e-7
350	1.2452114984384815e-7
351	1.249012312565302e-7
352	1.2510726957864164e-7
353	1.2536447681865225e-7
354	1.2564028580945053e-7
355	1.2590624528150794e-7
356	1.2619246516095353e-7
357	1.2640742331563216e-7
358	1.2683774508581282e-7
359	1.2700110411410245e-7
360	1.2728441906125854e-7
361	1.275010554581657e-7
362	1.278209423508372e-7
363	1.2811171677111913e-7
364	1.2839066010078634e-7
365	1.2873342544790244e-7
366	1.2888179399310086e-7
367	1.2911723253917009e-7
368	1.294360877507244e-7
369	1.2973063200204463e-7
370	1.2988936979673467e-7
371	1.3019401696049562e-7
372	1.305695551572753e-7
373	1.3081432885505723e-7
374	1.311602330369873e-7
375	1.3126615013111895e-7
376	1.3144606125556944e-7
377	1.3162667442549345e-7
378	1.3187061843878834e-7
379	1.3225248397973153e-7
380	1.3247605639067875e-7
381	1.3272793926450265e-7
382	1.3295669571564956e-7
383	1.3322634841618122e-7
384	1.3347677726383627e-7
385	1.3377763212378112e-7
386	1.3406832281667972e-7
387	1.3425627442907878e-7
388	1.3443052269549077e-7
389	1.347480746049349e-7
390	1.3492032612229092e-7
391	1.3525342079161853e-7
392	1.3548703793322387e-7
393	1.357268830274636e-7
394	1.3602759493311938e-7
395	1.3623801120939432e-7
396	1.364689406311035e-7
397	1.3668168755099134e-7
398	1.369272559351767e-7
399	1.372545453845683e-7
400	1.3741341079834279e-7
401	1.376673108597288e-7
402	1.3771168165237177e-7
403	1.382098723406e-7
404	1.3839613212891603e-7
405	1.3859150199281888e-7
406	1.3894443624444195e-7
407	1.3916454961287113e-7
408	1.3935381020035626e-7
409	1.396350099622112e-7
410	1.3985458494802715e-7
411	1.4002522497653365e-7
412	1.4004392943538885e-7
413	1.403246875690566e-7
414	1.4074030554895207e-7
415	1.4099872811733137e-7
416	1.4122922761857882e-7
417	1.414857578630932e-7
418	1.4164159927207182e-7
419	1.418897384025228e-7
420	1.3816903696071112e-7
421	1.4233769193598308e-7
422	1.425712796308846e-7
423	1.4279271304568625e-7
424	1.430799905576264e-7
425	1.431661442318967e-7
426	1.434825373497964e-7
427	1.4365107266420064e-7
428	1.4382989027622476e-7
429	1.4409742465578837e-7
430	1.4434514710144616e-7
431	1.446001023111448e-7
432	1.4480836124220843e-7
433	1.4502337377700399e-7
434	1.4522359089793116e-7
435	1.4548880849054e-7
436	1.4566830167347694e-7
437	1.4589650366805486e-7
438	1.461147535319963e-7
439	1.4631851594767085e-7
440	1.4651398998280317e-7
441	1.4678096863508525e-7
442	1.4695066361806713e-7
443	1.471982252939578e-7
444	1.473900254537412e-7
445	1.475551064757575e-7
446	1.4773462563592588e-7
447	1.4813513813564245e-7
448	1.4822988084564126e-7
449	1.484505317326863e-7
450	1.4862823695008142e-7
451	1.4845240500635865e-7
452	1.4907952354086272e-7
453	1.492926420309599e-7
454	1.4946072185080458e-7
455	1.497937321028056e-7
456	1.4990771157568386e-7
457	1.5013621811856385e-7
458	1.5028094125647998e-7
459	1.505037738444717e-7
460	1.507404669288141e-7
461	1.5095526723277686e-7
462	1.5115968712901483e-7
463	1.5126732961883928e-7
464	1.5145002726286586e-7
465	1.5149340671760595e-7
466	1.518585066334643e-7
467	1.5200721481746697e-7
468	1.522374251153432e-7
469	1.5247577182886484e-7
470	1.5279383880174295e-7
471	1.5287000887398887e-7
472	1.5323382049050263e-7
473	1.495877567532596e-7
474	1.5350522113415957e-7
475	1.5345647612297214e-7
476	1.5399623157715056e-7
477	1.539773073793425e-7
478	1.5417446594106957e-7
479	1.5538520524855426e-7
480	1.545126452055025e-7
481	1.5486482635045745e-7
482	1.5498177949524452e-7
483	1.5543291565671687e-7
484	1.5564632789592706e-7
485	1.5567121276098953e-7
486	1.5573915409200704e-7
487	1.5612241348546949e-7
488	1.5624593267429072e-7
489	1.5654796751349167e-7
490	1.5564560182725737e-7
491	1.563525118753495e-7
492	1.568725906416434e-7
493	1.5709165732104938e-7
494	1.5725707495802697e-7
495	1.5744526782940284e-7
496	1.576825431600853e-7
497	1.5799560001441469e-7
498	1.5887533158049646e-7
499	1.5815001763704774e-7
500	1.5865349607383923e-7
501	1.589400822293185e-7
502	1.5891745451339027e-7
503	1.5915208557096541e-7
504	1.5926167127985035e-7
505	1.5952883024091488e-7
506	1.5968045028055423e-7
507	1.599721604388589e-7
508	1.6001786703345864e-7
509	1.6031563788011956e-7
510	1.6043802183317442e-7
511	1.6065088085070967e-7
512	1.608638834099878e-7
513	1.61071143782574e-7
514	1.611269823649454e-7
515	1.6136754610283283e-7
516	1.6124999569542808e-7
517	1.6186910138240605e-7
518	1.619068639384725e-7
519	1.6217016653284058e-7
520	1.6238590849774083e-7
521	1.625489662083564e-7
522	1.6291307024055745e-7
523	1.6300944803438087e-7
524	1.6308873173485922e-7
525	1.6323645758082895e-7
526	1.6354155000521736e-7
527	1.6353839300137575e-7
528	1.6391600770010568e-7
529	1.6406930379797735e-7
530	1.6433574630623568e-7
531	1.6443363390742793e-7
532	1.6462623633137895e-7
533	1.649417834124366e-7
534	1.6514151617335072e-7
535	1.6514344600507875e-7
536	1.655869738805696e-7
537	1.6538935710859264e-7
538	1.6608808965824199e-7
539	1.6606579226774173e-7
540	1.6618457100803464e-7
541	1.6635799723829602e-7
542	1.6657779703169698e-7
543	1.6672215283025733e-7
544	1.668851227244644e-7
545	1.670464276424466e-7
546	1.673709693517598e-7
547	1.675276742290905e-7
548	1.674995270201447e-7
549	1.6774384595513202e-7
550	1.6793583150603736e-7
551	1.6916805788100198e-7
552	1.683075945693711e-7
553	1.6851444453982407e-7
554	1.6862496220897874e-7
555	1.6894839053211488e-7
556	1.6920327232956031e-7
557	1.6929651526330207e-7
558	1.6958962833470356e-7
559	1.6951565051079421e-7
560	1.6970340779033255e-7
561	1.7003921983077635e-7
562	1.7042616872979395e-7
563	1.7052247498928887e-7
564	1.707715778737531e-7
565	1.7097289686328563e-7
566	1.70961648162667e-7
567	1.713431201477346e-7
568	1.7139795263868994e-7
569	1.7204606278445118e-7
570	1.7165891716854958e-7
571	1.7201465838392867e-7
572	1.722179092897628e-7
573	1.7252746063166558e-7
574	1.727525931361157e-7
575	1.7281681059649418e-7
576	1.7322369785638316e-7
577	1.7267269515471184e-7
578	1.7344909647938852e-7
579	1.7363560945234383e-7
580	1.7379085953388787e-7
581	1.7399344670465406e-7
582	1.7435083611791878e-7
583	1.7432558840914646e-7
584	1.7467752211704903e-7
585	1.7475264813664838e-7
586	1.7502612063624587e-7
587	1.7532489406765972e-7
588	1.7541798190948244e-7
589	1.7579256941145834e-7
590	1.7583092555698266e-7
591	1.7611389597598826e-7
592	1.7641458992007575e-7
593	1.7677741473301275e-7
594	1.7682209312700604e-7
595	1.7702812943986956e-7
596	1.772175814550102e-7
597	1.7734898553043335e-7
598	1.7748899174667125e-7
599	1.7756653201162101e-7
600	1.783406088681724e-7
601	1.7803431622411843e-7
602	1.7819256982238957e-7
603	1.783624360343641e-7
604	1.7856928858385889e-7
605	1.7896220981201295e-7
606	1.7929394916145273e-7
607	1.7958036595686305e-7
608	1.7971489842966415e-7
609	1.8076722727978623e-7
610	1.8024043392422988e-7
611	1.803112462129804e-7
612	1.8006553611876585e-7
613	1.8064557896343785e-7
614	1.809824814174232e-7
615	1.8164993357562963e-7
616	1.814937879685552e-7
617	1.8178874767784349e-7
618	1.8189774826609142e-7
619	1.8215004729329896e-7
620	1.821684420247283e-7
621	1.8251648473596943e-7
622	1.8266387036667702e-7
623	1.8300681051772302e-7
624	1.8327564287858138e-7
625	1.8359657645597686e-7
626	1.8350101268206064e-7
627	1.8328417162355334e-7
628	1.8410850860034976e-7
629	1.8416083350849707e-7
630	1.8434215017768383e-7
631	1.8468887526340664e-7
632	1.8501003872724551e-7
633	1.8496188689781686e-7
634	1.8513358030276132e-7
635	1.8527014148892759e-7
636	1.8590716869156248e-7
637	1.8604797910183997e-7
638	1.8568348002375359e-7
639	1.860491359511796e-7
640	1.864296608644249e-7
641	1.8688872329271757e-7
642	1.8656680870290846e-7
643	1.868617886166599e-7
644	1.8726346650313418e-7
645	1.8721766083313566e-7
646	1.875612524028006e-7
647	1.875581219259164e-7
648	1.8780975463721176e-7
649	1.882625227514079e-7
650	1.881778108516042e-7
651	1.8823311680785755e-7
652	1.8857597858378618e-7
653	1.885107323859494e-7
654	1.8860015438392378e-7
655	1.8887174578446527e-7
656	1.8893721164118164e-7
657	1.8903166424342895e-7
658	1.890145394534551e-7
659	1.8916119431851337e-7
660	1.891970293091913e-7
661	1.8926879888752685e-7
662	1.893203977433037e-7
663	1.8914514995337884e-7
664	1.8935110392599803e-7
665	1.8933078010344246e-7
666	1.8925852743159663e-7
667	1.8921629036507825e-7
668	1.8920426506791472e-7
669	1.8910957665278394e-7
670	1.889728422016874e-7
671	1.8880235204517714e-7
672	1.886224076098815e-7
673	1.8842106210568547e-7
674	1.8850679597306981e-7
675	1.880217648485444e-7
676	1.8778684966833472e-7
677	1.8750314688779885e-7
678	1.8685580805980593e-7
679	1.8641985848591465e-7
680	1.859131070752598e-7
681	1.8533258860602756e-7
682	1.8482955829803726e-7
683	1.8396801562137765e-7
684	1.8318358594269572e-7
685	1.8233538556457424e-7
686	1.8132950362554812e-7
687	1.8030729934020986e-7
688	1.7913383831908545e-7
689	1.7781820510358695e-7
690	1.7640286000524013e-7
691	1.7484442804696352e-7
692	1.730996405326154e-7
693	1.7118211804912128e-7
694	1.6908102379287576e-7
695	1.6675362082409425e-7
696	1.6419528557206805e-7
697	1.6134823073204959e-7
698	1.582436396060486e-7
699	1.5479336560199148e-7
700	1.5098120151252397e-7
701	1.4676224196469887e-7
702	1.4207688210285739e-7
703	1.3690574845580967e-7
704	1.3116864643501803e-7
705	1.2482458002595875e-7
706	1.1778524244679905e-7
707	1.0998880544801207e-7
708	1.013670323500887e-7
709	9.18608315147555e-8
710	8.143196536712347e-8
711	7.008868957110806e-8
712	5.7924439158972964e-8
713	4.518326573914257e-8
714	3.2355523494151265e-8
715	2.0288467162065116e-8
716	1.0217368106999896e-8
717	3.464692049953718e-9
718	5.098523399664533e-10
719	6.006327727164436e-12
720	0.
721	0.
722	0.
723	0.
724	0.
725	0.
726	0.
727	0.
728	0.
729	0.
730	0.
731	0.
732	0.
733	0.
734	0.
735	3.3659314409352992e-6
736	5.3919218954727624e-6
737	4.864515312358773e-6
738	4.297556708898092e-6
739	3.823361477852875e-6
740	3.4381027167445143e-6
741	3.1224245815821578e-6
742	2.8604843256892207e-6
743	2.6400415651016414e-6
744	2.4520335732524536e-6
745	2.289655629137487e-6
746	2.1484946698336196e-6
747	2.025707393752186e-6
748	1.9153180661372903e-6
749	1.8162259415822374e-6
750	1.7300053055566273e-6
751	1.6507722894613645e-6
752	1.5793973400133685e-6
753	1.5131996401968718e-6
754	1.4618953870238938e-6
755	1.3982423154876198e-6
756	1.3483284671914156e-6
757	1.300979335389379e-6
758	1.259903919448585e-6
759	1.2192425050572802e-6
760	1.1784123864671315e-6
761	1.1723451976622548e-6
762	1.111816879001596e-6
763	1.0827157798249629e-6
764	1.0540243860148406e-6
765	1.0265039920972376e-6
766	9.964238385646334e-7
767	9.777100562289984e-7
768	9.477889283232449e-7
769	9.291895188742498e-7
770	8.961275445385531e-7
771	8.827369087355489e-7
772	8.681048606497329e-7
773	8.591581541899735e-7
774	8.276633268935986e-7
775	8.104783417360839e-7
776	8.070491044960257e-7
777	7.835756941425987e-7
778	7.655611296529602e-7
779	7.472369846828613e-7
780	7.547384105211092e-7
781	7.523015779732675e-7
782	7.436313373046506e-7
783	7.336984854700739e-7
784	7.264573374977774e-7
785	7.309531814100375e-7
786	6.716802046050597e-7
787	6.57848793085233e-7
788	6.491104508215081e-7
789	6.405674033934494e-7
790	6.360034838856914e-7
791	6.217715500638746e-7
792	6.153546927354693e-7
793	6.066504947388113e-7
794	6.309716381584752e-7
795	5.981911977434906e-7
796	5.466616624780265e-7
797	5.663648854211e-7
798	5.563284344671792e-7
799	5.539446763260747e-7
800	5.440988606827632e-7
801	5.449198588645164e-7
802	5.513568273127765e-7
803	5.523402597880246e-7
804	5.293927764183083e-7
805	5.185291468427094e-7
806	5.219243217621516e-7
807	5.165416206672685e-7
808	5.073729955152045e-7
809	4.829313388858821e-7
810	4.840591101991987e-7
811	4.880119016551284e-7
812	4.699854312872797e-7
813	4.88149768720323e-7
814	4.889717603431324e-7
815	5.136751813857957e-7
816	5.12689848100313e-7
817	4.809890627382001e-7
818	4.5494287942968185e-7
819	4.913509143083621e-7
820	4.893660188338053e-7
821	4.941532365957861e-7
822	4.858312126966147e-7
823	4.2734972257639477e-7
824	4.2124493676383085e-7
825	4.1378412234559126e-7
826	4.1901889698610736e-7
827	3.9837591435269367e-7
828	3.9918141027026607e-7
829	4.049864194249722e-7
830	3.938904328614697e-7
831	4.114015110547118e-7
832	4.0040233520387825e-7
833	3.978562133364568e-7
834	4.3223378357568257e-7
835	3.8403573017359073e-7
836	3.7651461081134144e-7
837	2.832424628002919e-7
838	3.856758574211584e-7
839	3.9213593386215755e-7
840	3.6257854607593394e-7
841	3.60330341868711e-7
842	3.5963339734050405e-7
843	3.5998117932227646e-7
844	3.57805325457988e-7
845	3.6164622992980293e-7
846	3.4107442534099e-7
847	3.6168207994072106e-7
848	3.456416229828671e-7
849	3.5163164534261013e-7
850	3.354962895024569e-7
851	3.415390773831341e-7
852	3.538989620470116e-7
853	3.253320378055876e-7
854	3.445525258687009e-7
855	3.431731380603817e-7
856	3.262209637318051e-7
857	3.032564820257226e-7
858	3.200969494787629e-7
859	3.2493159224374044e-7
860	3.241874423866275e-7
861	3.117563158718011e-7
862	3.190655788777327e-7
863	3.078430606424465e-7
864	3.148494309731155e-7
865	3.138719227683362e-7
866	2.720769624351061e-7
867	2.7995906825586137e-7
868	3.063824739539434e-7
869	3.023348339012292e-7
870	2.996145782065287e-7
871	3.065933708713136e-7
872	3.156387919279363e-7
873	2.941971251290026e-7
874	2.955374698411927e-7
875	2.928527180386439e-7
876	2.8918878619433763e-7
877	2.8016217234100925e-7
878	2.8996140426118155e-7
879	2.9394516575396186e-7
880	3.270483841627473e-7
881	2.843677278935902e-7
882	2.783200189800544e-7
883	2.636841932147028e-7
884	2.855408285431911e-7
885	2.8314121231232634e-7
886	2.869728398311904e-7
887	2.377104123421285e-7
888	2.78106866250098e-7
889	2.7960665192299187e-7
890	2.5145833106917145e-7
891	2.7613383892716054e-7
892	2.535723959709102e-7
893	2.6938326031046607e-7
894	2.934455004777723e-7
895	2.6269522135903e-7
896	2.5953989459779127e-7
897	3.273721939400233e-7
898	2.6249573672044527e-7
899	2.454431064254183e-7
900	2.1776977978563417e-7
901	2.3299603178129325e-7
902	2.400899601165319e-7
903	2.41033267107233e-7
904	2.4409510895524555e-7
905	2.3119862730935015e-7
906	2.4943208621761073e-7
907	2.3688443127588887e-7
908	2.568835435816559e-7
909	2.4106540300757515e-7
910	2.2113774348483734e-7
911	2.224917961478864e-7
912	2.4275804336805935e-7
913	2.2718575699888345e-7
914	2.2844879907357974e-7
915	2.2817755714533158e-7
916	2.1934322079218556e-7
917	2.0505429615949106e-7
918	2.272377947685708e-7
919	2.029827904848992e-7
920	2.2188163631671166e-7
921	2.2127589742634405e-7
922	2.2242481369795585e-7
923	2.173064522773674e-7
924	2.197728188523267e-7
925	2.275153260065625e-7
926	2.20604862642339e-7
927	2.1315022365695128e-7
928	2.1326976456974268e-7
929	2.0710414517911064e-7
930	1.9841873093120523e-7
931	1.9470431920340105e-7
932	2.1728614514562903e-7
933	2.125472203240227e-7
934	2.160431228150792e-7
935	2.0711029006691433e-7
936	2.1121390725342914e-7
937	2.0633667110731307e-7
938	1.9530193071823362e-7
939	2.0339139860961082e-7
940	1.893367035432399e-7
941	2.0912305507171587e-7
942	2.006868316097511e-7
943	2.0379924234396352e-7
944	2.1716004148478794e-7
945	2.0742818203068093e-7
946	1.9994727866637108e-7
947	2.0713000479131908e-7
948	1.9432563321094043e-7
949	2.1187539730782394e-7
950	2.1882790492853951e-7
951	2.0232935784488665e-7
952	2.2823276838618366e-7
953	1.7389479083271583e-7
954	1.902056321404534e-7
955	2.076635452847917e-7
956	1.8676684845091362e-7
957	1.8262453727663667e-7
958	1.8448126998698893e-7
959	1.8694607483100024e-7
960	1.906198592057061e-7
961	1.9728944551473296e-7
962	1.8803290828817245e-7
963	1.5630860525672128e-7
964	1.6130947248182953e-7
965	1.7144957755470252e-7
966	1.7492364725683445e-7
967	1.832524451909748e-7
968	1.9095679866118075e-7
969	1.3829374168377393e-7
970	1.4512778778667205e-7
971	1.3951271850188457e-7
972	1.4541430746148698e-7
973	1.5155862610391877e-7
974	1.8120633052750122e-7
975	1.8049151824060794e-7
976	1.5472793419962193e-7
977	1.851873349482001e-7
978	1.8706603848746018e-7
979	1.7552195831963461e-7
980	1.651645455682734e-7
981	1.6093371361748183e-7
982	1.7942677354669966e-7
983	1.8413719000653605e-7
984	1.8604456457397044e-7
985	1.7822969661818083e-7
986	1.7491444901015274e-7
987	1.7555272585419643e-7
988	1.780924234050907e-7
989	1.8023850124813517e-7
990	1.8804666437740002e-7
991	1.9131104711797348e-7
992	1.9557704297109694e-7
993	1.7392812869363534e-7
994	1.6812025110341582e-7
995	1.70664774141308e-7
996	1.8176078436820522e-7
997	1.6395630183096838e-7
998	1.6351169248935884e-7
999	1.8657623066127505e-7
1000	1.8785437680702017e-7
1001	1.961403140511155e-7
1002	1.9529991749905725e-7
1003	2.0062550311866723e-7
1004	1.9467123119342612e-7
1005	1.953226820343064e-7
1006	1.690987740953074e-7
1007	1.624962395497347e-7
1008	1.583936180042819e-7
1009	1.5179510634173312e-7
1010	1.8916655851953412e-7
1011	1.6237171765815161e-7
1012	1.589170510930616e-7
1013	1.6853722029054363e-7
1014	1.587256427863055e-7
1015	1.4918382211779762e-7
1016	1.8409738137372273e-7
1017	1.3660643893354188e-7
1018	1.3526635875835354e-7
1019	1.483493305926557e-7
1020	1.520778453232586e-7
1021	1.5769683012699579e-7
1022	1.4033626172926134e-7
1023	1.5608261994574286e-7
1024	1.5129406976205737e-7
1025	1.4418488236070682e-7
1026	1.4832396999761062e-7
1027	1.453759153797592e-7
1028	1.4327736436730167e-7
1029	1.4161774688911444e-7
1030	1.4374648325620349e-7
1031	1.4672402242068422e-7
1032	1.519256571825606e-7
1033	1.5702054407477252e-7
1034	1.5716774526190777e-7
1035	1.4215613147977443e-7
1036	1.4026484542826651e-7
1037	1.504237988108569e-7
1038	1.4786746784927574e-7
1039	1.515496632190916e-7
1040	1.532654013062692e-7
1041	1.5624803981048342e-7
1042	1.5844963557815112e-7
1043	1.5220005716054741e-7
1044	1.5399355521890812e-7
1045	1.5720935511953343e-7
1046	1.5719587759122236e-7
1047	1.3613235540687295e-7
1048	1.6039613778656834e-7
1049	1.4573969084493087e-7
1050	1.3696904463350535e-7
1051	1.5041715250649784e-7
1052	1.5325569923727238e-7
1053	1.5403167511572063e-7
1054	1.524963561734809e-7
1055	1.4032172143352872e-7
1056	1.3794710442936827e-7
1057	1.466931563236655e-7
1058	1.4855759090417977e-7
1059	1.3530964802368757e-7
1060	1.349396640317417e-7
1061	1.4514969799780938e-7
1062	1.2260305327565984e-7
1063	1.385531360322546e-7
1064	1.3261321843940106e-7
1065	1.3137538915344076e-7
1066	1.373962367892509e-7
1067	1.3458111505482386e-7
1068	1.343299141890067e-7
1069	1.3661693871825265e-7
1070	1.392003052522593e-7
1071	1.5013016869581775e-7
1072	1.4434902873389488e-7
1073	1.3459697630180498e-7
1074	1.366009718302225e-7
1075	1.411837692641282e-7
1076	1.3362552361484475e-7
1077	1.3331438068488247e-7
1078	1.3878943901588157e-7
1079	1.2753666882738694e-7
1080	1.2836133827540048e-7
1081	1.2615843638464926e-7
1082	1.2988719421152522e-7
1083	1.3426132648803133e-7
1084	1.3570474442201488e-7
1085	1.3070051611909857e-7
1086	1.281444945336811e-7
1087	1.292685494425733e-7
1088	1.299083552318649e-7
1089	1.4070874754976234e-7
1090	1.4684363905688231e-7
1091	1.2758236164637963e-7
1092	1.2645949132922655e-7
1093	1.2714932611747274e-7
1094	1.2718992197349054e-7
1095	1.2517824898878376e-7
1096	1.2771559061106098e-7
1097	1.2265914531681296e-7
1098	1.2484238147541162e-7
1099	1.241953499351684e-7
1100	1.2671381113939654e-7
1101	1.2998658527259923e-7
1102	1.250586814801131e-7
1103	1.2639284875174515e-7
1104	1.2133741024707673e-7
1105	1.2240216928053222e-7
1106	1.2690995572821306e-7
1107	1.2552338777783131e-7
1108	1.197043865286669e-7
1109	1.177154712969063e-7
1110	1.2148510506495135e-7
1111	1.26361893314148e-7
1112	1.149778695701882e-7
1113	1.1977202279416813e-7
1114	1.264174583067096e-7
1115	1.1809934735684464e-7
1116	1.196202882292269e-7
1117	1.2339675010296638e-7
1118	1.1718833876963055e-7
1119	1.2164768179679528e-7
1120	1.2056947655949438e-7
1121	1.244512901391666e-7
1122	1.2539130258327263e-7
1123	1.1988140906527142e-7
1124	1.1456560774508521e-7
1125	1.1948135736975048e-7
1126	1.1661121423359465e-7
1127	1.1695158785382281e-7
1128	1.1374763571971363e-7
1129	1.1617508466214919e-7
1130	1.2009512974155073e-7
1131	1.1599059033699839e-7
1132	1.1695803849965792e-7
1133	1.1625767787663642e-7
1134	1.1615363683693296e-7
1135	1.2035567307090944e-7
1136	1.1713379793377095e-7
1137	1.0824371735358917e-7
1138	1.137275584895286e-7
1139	1.1143643427887353e-7
1140	1.0249571634556482e-7
1141	1.056204669047332e-7
1142	1.050562630666229e-7
1143	1.0557602138316863e-7
1144	1.060494505437033e-7
1145	1.1388630684406378e-7
1146	1.070513681477944e-7
1147	1.078707652234512e-7
1148	1.0934815177128979e-7
1149	1.0655429947374418e-7
1150	1.0581427302260554e-7
1151	1.1008752635265841e-7
1152	1.0583985622749504e-7
1153	1.0293642453660945e-7
1154	1.050645405320203e-7
1155	1.0985833745157515e-7
1156	1.0835582448633112e-7
1157	1.0911261474643903e-7
1158	1.1105825314918096e-7
1159	1.0705227100585214e-7
1160	1.0462690864767685e-7
1161	1.111920584902865e-7
1162	1.0676172889635649e-7
1163	1.0831181149250146e-7
1164	1.053196049024985e-7
1165	1.1181868381627621e-7
1166	1.2252747653255789e-7
1167	1.0798658041104292e-7
1168	1.1266702812235153e-7
1169	1.0553053353838777e-7
1170	1.0249503197504461e-7
1171	1.0214230416878837e-7
1172	1.0762440451288575e-7
1173	1.05948666855296e-7
1174	1.0911554373895553e-7
1175	1.0393004628388365e-7
1176	1.0849484512466004e-7
1177	1.0998890461652004e-7
1178	1.0894456204586906e-7
1179	1.0728861203103258e-7
1180	1.0749600387434254e-7
1181	1.0695158759330034e-7
1182	1.0565724249875478e-7
1183	1.0624364712581711e-7
1184	1.0707349918853038e-7
1185	1.1138936166734476e-7
1186	1.0504691132058733e-7
1187	1.0432171976788506e-7
1188	1.0576155842490431e-7
1189	1.1124788479284558e-7
1190	1.09207501774953e-7
1191	1.0332126695709915e-7
1192	1.0114581517311305e-7
1193	1.0221403081585534e-7
1194	1.0152366331884431e-7
1195	1.0229546181366468e-7
1196	1.0154325374592799e-7
1197	1.0282421607491375e-7
1198	1.0168652811756973e-7
1199	1.0323033576347639e-7
1200	1.0257431749614576e-7
1201	1.0421032586535111e-7
1202	1.0468031307213444e-7
1203	1.0388231212795123e-7
1204	1.030878576298551e-7
1205	1.0005652255660948e-7
1206	1.0632917977945749e-7
1207	9.945192458883938e-8
1208	9.03615527306291e-8
1209	1.1243376781025458e-7
1210	1.0220099116441923e-7
1211	1.0022623002751531e-7
1212	9.675482630761494e-8
1213	9.137051313561581e-8
1214	1.0041248757489543e-7
1215	9.701835076088414e-8
1216	1.008796641422353e-7
1217	1.0085167853674606e-7
1218	9.82568489528107e-8
1219	9.637669293766744e-8
1220	9.66001720669392e-8
1221	9.705093523687515e-8
1222	9.862036498431648e-8
1223	9.958124509724274e-8
1224	1.0065171328121888e-7
1225	1.0093877745302586e-7
1226	9.986459729429095e-8
1227	9.909197194817826e-8
1228	1.0411295036414618e-7
1229	9.936260616436594e-8
1230	9.753694356687271e-8
1231	9.68432079734524e-8
1232	9.688091651686942e-8
1233	9.416215839444576e-8
1234	8.913920376952603e-8
1235	9.599683349994505e-8
1236	9.542789466774098e-8
1237	9.30461296178595e-8
1238	9.399922892595651e-8
1239	9.480067142080879e-8
1240	9.51582204502363e-8
1241	9.384076740364797e-8
1242	9.636132756359474e-8
1243	1.0139338048544791e-7
1244	9.540320072901112e-8
1245	9.557030995231625e-8
1246	9.102878163152885e-8
1247	8.881471966838445e-8
1248	9.088766702095064e-8
1249	9.212315331407346e-8
1250	9.542115084362433e-8
1251	9.236663876773125e-8
1252	9.22914376837967e-8
1253	9.304931263390753e-8
1254	8.919344301528422e-8
1255	7.952762521953195e-8
1256	9.414449723261154e-8
1257	9.035456901008629e-8
1258	8.925302285810647e-8
1259	9.127274748006807e-8
1260	9.178186736512291e-8
1261	9.135882684743831e-8
1262	9.195273778599437e-8
1263	9.174068866428135e-8
1264	9.267122566162197e-8
1265	9.083574041991342e-8
1266	9.107348079224462e-8
1267	9.115288444144816e-8
1268	9.29524198892354e-8
1269	8.912947392696975e-8
1270	9.155231872648465e-8
1271	9.306014976421859e-8
1272	9.085803677473239e-8
1273	8.751611405740873e-8
1274	9.011354392580291e-8
1275	8.824719854658169e-8
1276	8.9736669632631e-8
1277	9.032735898223419e-8
1278	8.423497950235657e-8
1279	8.892196688560838e-8
1280	8.321811448488225e-8
1281	8.968983541018171e-8
1282	8.964362789251755e-8
1283	8.433971676006152e-8
1284	9.115026183878401e-8
1285	8.406047393247592e-8
1286	8.721388628570141e-8
1287	9.023796229719405e-8
1288	8.507057023007823e-8
1289	8.988502400033759e-8
1290	8.715549437223025e-8
1291	8.714998600870171e-8
1292	8.767342847231808e-8
1293	8.802726335439578e-8
1294	8.797393015373812e-8
1295	8.706185349406608e-8
1296	8.738430815934646e-8
1297	8.231322201517702e-8
1298	8.649033540207775e-8
1299	8.667429198810776e-8
1300	8.495264177720834e-8
1301	8.698882425565063e-8
1302	8.745963629404178e-8
1303	8.806288594376097e-8
1304	8.400657642887855e-8
1305	8.60186239312709e-8
1306	8.756068447944635e-8
1307	8.73349141764897e-8
1308	8.311316448565605e-8
1309	8.276852971628843e-8
1310	8.404709830028529e-8
1311	8.58279895960514e-8
1312	8.745040768561278e-8
1313	8.445914791420948e-8
1314	8.268674578176978e-8
1315	8.164982864711196e-8
1316	8.195045964844701e-8
1317	8.161411495075779e-8
1318	8.114226895300926e-8
1319	8.354184925823076e-8
1320	8.135448879304742e-8
1321	8.286751430775647e-8
1322	8.284442600628769e-8
1323	8.162997190727602e-8
1324	8.243965087505047e-8
1325	8.22552974140063e-8
1326	8.312751260544854e-8
1327	8.113930563829241e-8
1328	8.195549553616117e-8
1329	8.153096467354421e-8
1330	8.23078235715351e-8
1331	8.221402509138949e-8
1332	8.265667494313276e-8
1333	8.430703715259471e-8
1334	8.152957871693649e-8
1335	8.08458392681017e-8
1336	8.153643976332488e-8
1337	7.978692678486634e-8
1338	8.06644271316478e-8
1339	8.244283095802794e-8
1340	8.220474596104102e-8
1341	8.126800819431342e-8
1342	8.084758068130355e-8
1343	8.112792585055921e-8
1344	8.16495100049046e-8
1345	8.057622751704282e-8
1346	7.938104805510781e-8
1347	8.222294275539844e-8
1348	7.421075422278918e-8
1349	7.96741731635885e-8
1350	7.987062412111401e-8
1351	8.077493204747359e-8
1352	7.889225209971047e-8
1353	7.891987450221339e-8
1354	8.058481841256948e-8
1355	7.92088668019963e-8
1356	8.019557829764128e-8
1357	7.984282807145485e-8
1358	8.078706856622933e-8
1359	7.867386814596116e-8
1360	7.668534586626577e-8
1361	7.805108516806057e-8
1362	7.551282401383571e-8
1363	7.513660053331673e-8
1364	7.635246903443786e-8
1365	7.660868196061839e-8
1366	7.679083587355998e-8
1367	7.635580170732183e-8
1368	7.724070913143639e-8
1369	7.821933044196144e-8
1370	7.712190261838278e-8
1371	7.627355061733071e-8
1372	7.570423434040906e-8
1373	7.681748745603609e-8
1374	7.655732501445356e-8
1375	7.730921358890392e-8
1376	7.690722923299865e-8
1377	7.685214882780554e-8
1378	7.541922661986318e-8
1379	7.591667368524718e-8
1380	7.685996163560642e-8
1381	7.546689685818098e-8
1382	7.419931867500518e-8
1383	7.456810281758005e-8
1384	7.517465343371195e-8
1385	7.466410691517045e-8
1386	7.813572346977347e-8
1387	7.736499210451038e-8
1388	7.710457832964695e-8
1389	7.762227344369084e-8
1390	7.840183578966068e-8
1391	7.881953934074538e-8
1392	7.49723701866586e-8
1393	7.356199505008841e-8
1394	7.492487349120033e-8
1395	7.446834469273091e-8
1396	7.439628855618446e-8
1397	7.53253239681007e-8
1398	7.433777288105295e-8
1399	7.460371207469682e-8
1400	7.512798603192815e-8
1401	7.297596932115017e-8
1402	7.316808992887445e-8
1403	7.341519273361913e-8
1404	7.337814632208093e-8
1405	7.332979181379128e-8
1406	7.461211258343665e-8
1407	7.43219161730233e-8
1408	7.389165238261137e-8
1409	7.306218790779666e-8
1410	7.467654566769787e-8
1411	7.451873731693256e-8
1412	7.213533969606738e-8
1413	7.203153285259133e-8
1414	7.184765921663244e-8
1415	7.093985998370529e-8
1416	7.184961664240138e-8
1417	7.218369384595894e-8
1418	7.200183788340429e-8
1419	7.14421913855564e-8
1420	7.174797400860094e-8
1421	7.071408793977071e-8
1422	7.020915436866943e-8
1423	7.07751752542308e-8
1424	7.111454210747893e-8
1425	7.09458263833594e-8
1426	7.115011156354071e-8
1427	6.797414702244033e-8
1428	6.867900087925718e-8
1429	7.025810660165361e-8
1430	7.100787931169066e-8
1431	7.044416880510707e-8
1432	6.805224439491562e-8
1433	7.093968325837796e-8
1434	7.218931436890392e-8
1435	7.09047360697918e-8
1436	7.076710034359801e-8
1437	6.953168880948663e-8
1438	6.956990055053509e-8
1439	6.935094288024089e-8
1440	6.881124168410312e-8
1441	6.905018134343959e-8
1442	6.993716858936281e-8
1443	6.941914943796322e-8
1444	6.914458521780393e-8
1445	6.833483457861639e-8
1446	6.778078805180885e-8
1447	6.822739373470341e-8
1448	6.867214630616785e-8
1449	6.887374892539515e-8
1450	6.874792339350276e-8
1451	6.801423524953222e-8
1452	6.854880033320777e-8
1453	6.940970013731182e-8
1454	6.849602029795245e-8
1455	6.917318636224539e-8
1456	6.762656379471964e-8
1457	6.715950514186726e-8
1458	6.73208424472281e-8
1459	6.667649566495169e-8
1460	6.792151222769795e-8
1461	6.766713581169441e-8
1462	6.792695252128014e-8
1463	6.73563629893575e-8
1464	6.684843416444159e-8
1465	6.713720918199463e-8
1466	6.737612937104723e-8
1467	6.5096026733113e-8
1468	6.901208668427128e-8
1469	6.716226295023093e-8
1470	6.723909098768021e-8
1471	6.681453738096749e-8
1472	6.6424459680411e-8
1473	6.67074183040917e-8
1474	6.611179943763262e-8
1475	6.702742881380522e-8
1476	6.676868750441845e-8
1477	6.620053822580161e-8
1478	6.655336799707079e-8
1479	6.648331331419616e-8
1480	6.59623574147921e-8
1481	6.615886515888251e-8
1482	6.576555145898325e-8
1483	6.624158714085421e-8
1484	6.593286085775157e-8
1485	6.608527977139973e-8
1486	6.661100387924477e-8
1487	6.52869360009049e-8
1488	6.527112562262167e-8
1489	6.500840577653336e-8
1490	6.530476972495539e-8
1491	6.507315614405749e-8
1492	6.460038203011808e-8
1493	6.529062117490006e-8
1494	6.45241967303718e-8
1495	6.442574290129094e-8
1496	6.432349763077893e-8
1497	6.457606107751965e-8
1498	6.38317383823966e-8
1499	6.340915041077234e-8
1500	6.338820261273739e-8
1501	6.390475153029419e-8
1502	6.416143557865952e-8
1503	6.420771259689386e-8
1504	6.362328478822926e-8
1505	6.36720198275011e-8
1506	6.401314761484312e-8
1507	6.400278334312185e-8
1508	6.329835807821307e-8
1509	6.288217592696715e-8
1510	6.297379485785484e-8
1511	6.27646143853631e-8
1512	6.359248515324419e-8
1513	6.340895639463742e-8
1514	6.312713722295125e-8
1515	6.347431657637136e-8
1516	6.314878267741368e-8
1517	6.282925507298357e-8
1518	6.277901858724342e-8
1519	6.29604293463106e-8
1520	6.228725198678357e-8
1521	6.229356213509775e-8
1522	6.246278797653873e-8
1523	6.233180104094823e-8
1524	6.228854255758981e-8
1525	6.215997703253408e-8
1526	6.210622918828883e-8
1527	6.2116384513979e-8
1528	6.164468972611291e-8
1529	6.137913895418179e-8
1530	6.137783785923507e-8
1531	6.176239164321733e-8
1532	6.149679593078102e-8
1533	6.222039477194116e-8
1534	6.188240184997829e-8
1535	6.134744300827501e-8
1536	6.1654156547325e-8
1537	6.113601950385891e-8
1538	6.107575722635201e-8
1539	6.123360118624236e-8
1540	6.188711254554687e-8
1541	6.210081365989348e-8
1542	6.19472319776329e-8
1543	6.071043538030082e-8
1544	6.0417914701582e-8
1545	6.012909392599479e-8
1546	6.063099118204034e-8
1547	6.030974624234647e-8
1548	6.004809694071396e-8
1549	6.029786803630895e-8
1550	5.98722721104296e-8
1551	6.014643968660602e-8
1552	5.988795216465052e-8
1553	5.998025322881363e-8
1554	5.972342380199018e-8
1555	5.963178123757783e-8
1556	5.9180215300090826e-8
1557	5.975612044082713e-8
1558	5.9179237552679e-8
1559	5.965162548062705e-8
1560	6.012048276687279e-8
1561	5.982522353782677e-8
1562	5.979407059348872e-8
1563	5.908050431711327e-8
1564	5.9121671092299555e-8
1565	5.927923092603298e-8
1566	5.931820420623862e-8
1567	5.904262833550111e-8
1568	5.939334616038444e-8
1569	5.8933732015530254e-8
1570	5.857476646379718e-8
1571	5.849373298162661e-8
1572	5.88259198343491e-8
1573	5.8659508429802774e-8
1574	5.788465630123064e-8
1575	5.757606472273825e-8
1576	5.8617299476946366e-8
1577	5.8477434920539784e-8
1578	5.832995241682765e-8
1579	5.837898412654889e-8
1580	5.8223896205319297e-8
1581	5.805109648224076e-8
1582	5.8047415326601604e-8
1583	5.8059446237303547e-8
1584	5.7921723864014544e-8
1585	5.7780294080420974e-8
1586	5.787007856081232e-8
1587	5.789539054544095e-8
1588	5.7892299127125616e-8
1589	5.7664926923822833e-8
1590	5.7490242979852145e-8
1591	5.774514235303178e-8
1592	5.737843485662269e-8
1593	5.745055877426806e-8
1594	5.775797947905363e-8
1595	5.729632822138378e-8
1596	5.7731645671621887e-8
1597	5.758481407146773e-8
1598	5.763409205526152e-8
1599	5.692960133070243e-8
1600	5.678985936424393e-8
1601	5.659765841959796e-8
1602	5.669503146006622e-8
1603	5.677179706758136e-8
1604	5.650157250359939e-8
1605	5.673828240913373e-8
1606	5.5320854879847066e-8
1607	5.579754186693468e-8
1608	5.606493273861119e-8
1609	5.608160898349801e-8
1610	5.5898155265876054e-8
1611	5.596834023650995e-8
1612	5.551814300080663e-8
1613	5.557355659515929e-8
1614	5.565554734425843e-8
1615	5.578464081164333e-8
1616	5.53478893536491e-8
1617	5.560804142901718e-8
1618	5.532960896957891e-8
1619	5.5606685173197246e-8
1620	5.54945113877878e-8
1621	5.5006051995450784e-8
1622	5.4960936345292e-8
1623	5.507839878892277e-8
1624	5.509953708983524e-8
1625	5.5804945925544254e-8
1626	5.495016434841106e-8
1627	5.524105375867699e-8
1628	5.5096641192975687e-8
1629	5.4747354703834544e-8
1630	5.455280029609349e-8
1631	5.4302746708527104e-8
1632	5.432385737035878e-8
1633	5.402209665677024e-8
1634	5.4016739457988636e-8
1635	5.403284497809126e-8
1636	5.4408148503048004e-8
1637	5.4375486183643835e-8
1638	5.436008417331258e-8
1639	5.401478334635247e-8
1640	5.411810937989182e-8
1641	5.4134691810145555e-8
1642	5.379785899251244e-8
1643	5.383204796510812e-8
1644	5.385858963834326e-8
1645	5.36861345776151e-8
1646	5.354755537020639e-8
1647	5.3308080490005876e-8
1648	5.336240825945939e-8
1649	5.337465984498369e-8
1650	5.34528133619295e-8
1651	5.338595693806256e-8
1652	5.332170424606905e-8
1653	5.3174956242189276e-8
1654	5.3038069021668546e-8
1655	5.2886470846846725e-8
1656	5.293899499925559e-8
1657	5.2871194621181306e-8
1658	5.277965757892122e-8
1659	5.286813588287349e-8
1660	5.269643339716757e-8
1661	5.271255224776393e-8
1662	5.272794095757492e-8
1663	5.266571126360699e-8
1664	5.241700734254247e-8
1665	5.220408210440674e-8
1666	5.22078030891084e-8
1667	5.22098747253864e-8
1668	5.223591077998436e-8
1669	5.2053818896571966e-8
1670	5.2080755372308256e-8
1671	5.1936186736548506e-8
1672	5.1886860751450006e-8
1673	5.1909543806865185e-8
1674	5.177703740728771e-8
1675	5.199934700066547e-8
1676	5.169842609726893e-8
1677	5.1731213156628806e-8
1678	5.1683855871231426e-8
1679	5.157307298155317e-8
1680	5.1297983020725035e-8
1681	5.134780513574107e-8
1682	5.114974570115425e-8
1683	5.127539968251514e-8
1684	5.100415385291937e-8
1685	5.087601629570465e-8
1686	5.06050443452323e-8
1687	5.0951545968891953e-8
1688	5.093535141175622e-8
1689	5.0854835505239163e-8
1690	5.0721451874527984e-8
1691	5.0483166563805786e-8
1692	5.051875320210844e-8
1693	5.057966484338966e-8
1694	5.037188531564283e-8
1695	5.066961251002026e-8
1696	5.0559555807589645e-8
1697	5.0333268285716155e-8
1698	5.0255281014015255e-8
1699	5.036392096572304e-8
1700	5.0311225406590885e-8
1701	5.023778926463509e-8
1702	5.005199581411761e-8
1703	4.974222267747299e-8
1704	5.014251411277879e-8
1705	4.982879030592865e-8
1706	4.988225712958015e-8
1707	5.001021830054333e-8
1708	4.988867381288227e-8
1709	4.960011819884514e-8
1710	4.953133172594664e-8
1711	4.9551414118151505e-8
1712	4.951287077194831e-8
1713	4.9511726247119916e-8
1714	4.9512215452968265e-8
1715	4.932793719493695e-8
1716	4.919407879083116e-8
1717	4.9115584284618854e-8
1718	4.931296981947738e-8
1719	4.91943880088192e-8
1720	4.8908697827821695e-8
1721	4.909490657221481e-8
1722	4.8980809925990165e-8
1723	4.893173270789497e-8
1724	4.888447432634549e-8
1725	4.8822915805686956e-8
1726	4.8814207733760845e-8
1727	4.875421672352597e-8
1728	4.874509566365388e-8
1729	4.863512369506472e-8
1730	4.858035700969125e-8
1731	4.856911992186915e-8
1732	4.8480115837235206e-8
1733	4.846540459545964e-8
1734	4.813701084331149e-8
1735	4.812947705783226e-8
1736	4.8083437966879445e-8
1737	4.805064616202624e-8
1738	4.80161107077216e-8
1739	4.793284445135604e-8
1740	4.7574770735256653e-8
1741	4.761198224128373e-8
1742	4.7842994574447764e-8
1743	4.778871936528414e-8
1744	4.748298287819312e-8
1745	4.7685973110102003e-8
1746	4.76286510259886e-8
1747	4.7605673860000096e-8
1748	4.755557430031532e-8
1749	4.742018190347328e-8
1750	4.7409288437720757e-8
1751	4.7533060368654234e-8
1752	4.732326824429582e-8
1753	4.723845454416291e-8
1754	4.732501385085357e-8
1755	4.7126005312673014e-8
1756	4.7073448882780925e-8
1757	4.7053582644800745e-8
1758	4.7059153798071614e-8
1759	4.693168994017069e-8
1760	4.6727861679563044e-8
1761	4.668013450503297e-8
1762	4.66405387178902e-8
1763	4.6709541995622334e-8
1764	4.661194328857549e-8
1765	4.642596965815089e-8
1766	4.648147778518294e-8
1767	4.646448914029072e-8
1768	4.63287404777835e-8
1769	4.633372809004936e-8
1770	4.62660429822592e-8
1771	4.6166509944496236e-8
1772	4.614663984340462e-8
1773	4.6040224941345526e-8
1774	4.604162972378643e-8
1775	4.5974186160288927e-8
1776	4.5885018902662845e-8
1777	4.5797868630269806e-8
1778	4.577889954258148e-8
1779	4.578475296276696e-8
1780	4.567152175262085e-8
1781	4.5653158128052955e-8
1782	4.56034680984019e-8
1783	4.5511703936345695e-8
1784	4.553649423058388e-8
1785	4.524897607323028e-8
1786	4.521385004864854e-8
1787	4.5247213312363735e-8
1788	4.51701941248883e-8
1789	4.5145633083014256e-8
1790	4.520882841510476e-8
1791	4.517496562005528e-8
1792	4.5080982911878434e-8
1793	4.5106473667250915e-8
1794	4.5043580196201234e-8
1795	4.499840915858762e-8
1796	4.49400530940764e-8
1797	4.5119764691364075e-8
1798	4.465299447369184e-8
1799	4.481107438512766e-8
1800	4.470924209082346e-8
1801	4.470384755274743e-8
1802	4.467955049630556e-8
1803	4.450248044577783e-8
1804	4.451893303422339e-8
1805	4.448113650111427e-8
1806	4.443830015049943e-8
1807	4.442502721414441e-8
1808	4.4255695273325946e-8
1809	4.43541692334163e-8
1810	4.4225311225744846e-8
1811	4.415482992600139e-8
1812	4.41360168436325e-8
1813	4.408554581131676e-8
1814	4.4047309594663325e-8
1815	4.397255943390841e-8
1816	4.4032077190016815e-8
1817	4.392748039856335e-8
1818	4.389681567258839e-8
1819	4.3801491549580596e-8
1820	4.3785693356574736e-8
1821	4.3725222305539396e-8
1822	4.3682915931132676e-8
1823	4.3655169114484815e-8
1824	4.35013486704015e-8
1825	4.352663261608155e-8
1826	4.348710266421637e-8
1827	4.343872465506261e-8
1828	4.341502530511969e-8
1829	4.3237742521088485e-8
1830	4.3274042961891324e-8
1831	4.321145764716322e-8
1832	4.322788152594873e-8
1833	4.3186612562457396e-8
1834	4.3061054344734245e-8
1835	4.301734955642327e-8
1836	4.296669027781421e-8
1837	4.2929551787234215e-8
1838	4.283595402099976e-8
1839	4.2786010270981444e-8
1840	4.271539320340928e-8
1841	4.2684535485195264e-8
1842	4.263341252157648e-8
1843	4.2586928570931295e-8
1844	4.254053057401518e-8
1845	4.249419973564581e-8
1846	4.24222382911812e-8
1847	4.2399411499004483e-8
1848	4.240976703906467e-8
1849	4.233492670014324e-8
1850	4.2273284208951205e-8
1851	4.2250786330164076e-8
1852	4.2192774842147883e-8
1853	4.214814585021989e-8
1854	4.209495595486312e-8
1855	4.202771386955699e-8
1856	4.1997604377588656e-8
1857	4.19871879655654e-8
1858	4.192950614672196e-8
1859	4.189831443625074e-8
1860	4.1840059510019705e-8
1861	4.18146692384199e-8
1862	4.175354420238842e-8
1863	4.170101261356947e-8
1864	4.1673752618609986e-8
1865	4.153825971538397e-8
1866	4.1590244502489454e-8
1867	4.1538095131610555e-8
1868	4.142067366190561e-8
1869	4.132875108650103e-8
1870	4.130307474736459e-8
1871	4.126977423497642e-8
1872	4.123195600334298e-8
1873	4.1212869104526044e-8
1874	4.11690528807824e-8
1875	4.1132261283514455e-8
1876	4.110155359330481e-8
1877	4.107101658480081e-8
1878	4.097949744547141e-8
1879	4.095269023930055e-8
1880	4.0900254371240476e-8
1881	4.0837555170147345e-8
1882	4.081601850948231e-8
1883	4.079765903450994e-8
1884	4.070823852106711e-8
1885	4.0643411066404204e-8
1886	4.0658406169432705e-8
1887	4.061504074290436e-8
1888	4.0546771150300897e-8
1889	4.0509976336794106e-8
1890	4.040427390236591e-8
1891	4.039411931957628e-8
1892	4.032658553506784e-8
1893	4.028720170564827e-8
1894	4.027205655330117e-8
1895	4.0224526388939714e-8
1896	4.018046940631084e-8
1897	4.012602266943189e-8
1898	4.009415065847312e-8
1899	4.001653155289011e-8
1900	3.999801629169106e-8
1901	3.9948004360295625e-8
1902	3.98800295019675e-8
1903	3.986834883052482e-8
1904	3.982553981706117e-8
1905	3.976027394686648e-8
1906	3.97393596704094e-8
1907	3.968945560298397e-8
1908	3.9665551515629856e-8
1909	3.9626644904493744e-8
1910	3.9574435178011614e-8
1911	3.953265895264419e-8
1912	3.947635657453261e-8
1913	3.946366898756941e-8
1914	3.9394583821820045e-8
1915	3.938963597667053e-8
1916	3.9344766437419207e-8
1917	3.930282663410701e-8
1918	3.924457840972451e-8
1919	3.923608742977926e-8
1920	3.915047289103392e-8
1921	3.91209612734211e-8
1922	3.906886613291748e-8
1923	3.8977671606120145e-8
1924	3.89782159685995e-8
1925	3.8909351602931304e-8
1926	3.888791225819606e-8
1927	3.8855319474201064e-8
1928	3.8785957463154714e-8
1929	3.874882724672019e-8
1930	3.870665507183573e-8
1931	3.8663554453398345e-8
1932	3.862406149921833e-8
1933	3.859312709068685e-8
1934	3.8536391156232346e-8
1935	3.850554804854004e-8
1936	3.8463678155563076e-8
1937	3.843112728244432e-8
1938	3.838417999224833e-8
1939	3.8324948265025383e-8
1940	3.8287219870959045e-8
1941	3.826606374184386e-8
1942	3.821884177377234e-8
1943	3.818527755099355e-8
1944	3.815660006312899e-8
1945	3.8132337930110566e-8
1946	3.810269156106908e-8
1947	3.8022049847544555e-8
1948	3.7958604588854667e-8
1949	3.792039807332573e-8
1950	3.7885523206731754e-8
1951	3.786422299031788e-8
1952	3.780050741772775e-8
1953	3.777610468699551e-8
1954	3.7741303066337113e-8
1955	3.7702852011209445e-8
1956	3.763812810443264e-8
1957	3.761081915377442e-8
1958	3.757646848764405e-8
1959	3.7539953671977395e-8
1960	3.7484366972803845e-8
1961	3.7471600533664246e-8
1962	3.742894170198426e-8
1963	3.738173062878557e-8
1964	3.738487911431626e-8
1965	3.728783480268942e-8
1966	3.7271077299549607e-8
1967	3.721005250736068e-8
1968	3.716845632397143e-8
1969	3.713060529198844e-8
1970	3.710458160204805e-8
1971	3.706708730049122e-8
1972	3.7029898129611534e-8
1973	3.6965672490994125e-8
1974	3.6924201525740746e-8
1975	3.689269402791099e-8
1976	3.685794051973066e-8
1977	3.681838480549546e-8
1978	3.678023705436631e-8
1979	3.67612037284281e-8
1980	3.6716185144955725e-8
1981	3.666290858749765e-8
1982	3.6621155442993156e-8
1983	3.656320979167871e-8
1984	3.650866045912264e-8
1985	3.647173484509653e-8
1986	3.643635150828641e-8
1987	3.6397031120807166e-8
1988	3.636465069630154e-8
1989	3.632429881345653e-8
1990	3.629205648716862e-8
1991	3.624841143896544e-8
1992	3.623340896486685e-8
1993	3.61767530353788e-8
1994	3.613932160350098e-8
1995	3.612124287513198e-8
1996	3.608383391096884e-8
1997	3.6042107903659274e-8
1998	3.60054192582439e-8
1999	3.597020156189183e-8
2000	3.5876224749489965e-8
2001	3.588200994426012e-8