1	9.424037510009912e-9
2	1.8845665369030455e-8
3	2.8262717286591165e-8
4	3.76733084638701e-8
5	4.707231364836858e-8
6	5.6462132824046354e-8
7	6.583715427393522e-8
8	7.519668752627173e-8
9	8.453235899237104e-8
10	9.384915687333998e-8
11	1.0314225496993865e-7
12	1.1241375857899742e-7
13	1.216610799755927e-7
14	1.3087554257940737e-7
15	1.4003064094576643e-7
16	1.4913388864449676e-7
17	1.5827175891251796e-7
18	1.6734372178375677e-7
19	1.7637244230460438e-7
20	1.853542627149138e-7
21	1.9431580920115362e-7
22	2.0318636909619498e-7
23	2.120402028019676e-7
24	2.2081107300931993e-7
25	2.2956923286397954e-7
26	2.382586311167824e-7
27	2.468468315879568e-7
28	2.554122521521986e-7
29	2.6395044723405295e-7
30	2.724055998382497e-7
31	2.806871035548839e-7
32	2.8913403894340124e-7
33	2.973353995477669e-7
34	3.055459375568378e-7
35	3.136280330147127e-7
36	3.2167985130761626e-7
37	3.2970105469647316e-7
38	3.375600928146253e-7
39	3.4541932502529285e-7
40	3.5314565092740314e-7
41	3.607806568102742e-7
42	3.6850806875198594e-7
43	3.7609480146437033e-7
44	3.8338575108134273e-7
45	3.907105443669685e-7
46	3.9800624806340237e-7
47	4.051611665457591e-7
48	4.123021519402819e-7
49	4.193724158891041e-7
50	4.2630533307641383e-7
51	4.331022534714031e-7
52	4.398888805196623e-7
53	4.465972005813215e-7
54	4.5326599638348153e-7
55	4.5982465445121476e-7
56	4.661511936162549e-7
57	4.7245589341579144e-7
58	4.787172912853489e-7
59	4.847558299545064e-7
60	4.909942246168047e-7
61	4.969867251337377e-7
62	5.029762391222309e-7
63	5.086776547336002e-7
64	5.143622675665439e-7
65	5.199885591037903e-7
66	5.256266394585135e-7
67	5.310058548257717e-7
68	5.363541649533254e-7
69	5.416399923506089e-7
70	5.468790676948898e-7
71	5.51965686847048e-7
72	5.569655159156103e-7
73	5.618000802809544e-7
74	5.667256821731741e-7
75	5.714710911639751e-7
76	5.761796001456467e-7
77	5.807090585115024e-7
78	5.852234681693512e-7
79	5.894747343773908e-7
80	5.939427891564599e-7
81	5.982269885107037e-7
82	6.024312460057581e-7
83	6.063217091534012e-7
84	6.101877368576293e-7
85	6.141437528567859e-7
86	6.178707671825869e-7
87	6.218722771974305e-7
88	6.253152253259986e-7
89	6.29140453482119e-7
90	6.327924042571376e-7
91	6.359958953963619e-7
92	6.392768821571708e-7
93	6.425766260017128e-7
94	6.457734462847654e-7
95	6.489119052863289e-7
96	6.519083019610565e-7
97	6.549003854894767e-7
98	6.577367094220659e-7
99	6.605624928019062e-7
100	6.633906843080107e-7
101	6.660558570659524e-7
102	6.686056118548036e-7
103	6.711456031845767e-7
104	6.736573044742038e-7
105	6.760117470689023e-7
106	6.784900912992787e-7
107	6.806573752098372e-7
108	6.827854137549453e-7
109	6.849414017635438e-7
110	6.870440603396643e-7
111	6.890835656234762e-7
112	6.90914526518891e-7
113	6.929208693763567e-7
114	6.950605276711081e-7
115	6.964769672437492e-7
116	6.981321805314692e-7
117	6.998405553859544e-7
118	7.013280848184301e-7
119	7.028538985612794e-7
120	7.04397401570278e-7
121	7.057441135142567e-7
122	7.071756819809061e-7
123	7.084578046521514e-7
124	7.097440369059118e-7
125	7.109432852385501e-7
126	7.120743964517416e-7
127	7.131747281491931e-7
128	7.142252930177314e-7
129	7.151728878888696e-7
130	7.161792603850843e-7
131	7.171403599698298e-7
132	7.179575421888929e-7
133	7.187315293453964e-7
134	7.19517812137003e-7
135	7.201637369464141e-7
136	7.209061784077893e-7
137	7.21476683052336e-7
138	7.221081267167472e-7
139	7.226154573283323e-7
140	7.230034961701989e-7
141	7.234564288327066e-7
142	7.239634133827518e-7
143	7.244672616113801e-7
144	7.246455781753324e-7
145	7.248321700814909e-7
146	7.251100054184107e-7
147	7.253537860502158e-7
148	7.255295739528437e-7
149	7.257584998230177e-7
150	7.259327447007249e-7
151	7.259250753159518e-7
152	7.260152082114818e-7
153	7.259452576835564e-7
154	7.258460875048176e-7
155	7.259423097572724e-7
156	7.259561557250023e-7
157	7.256153994934808e-7
158	7.255875861550939e-7
159	7.25253807980895e-7
160	7.250414312455646e-7
161	7.248334164686501e-7
162	7.24469608328558e-7
163	7.241194373045831e-7
164	7.237908091683688e-7
165	7.233908149731222e-7
166	7.230097856390028e-7
167	7.225088808761572e-7
168	7.220911595907939e-7
169	7.215537341668563e-7
170	7.209994126044391e-7
171	7.204731611477606e-7
172	7.198664733392509e-7
173	7.192456706191849e-7
174	7.185758770106759e-7
175	7.179516196207157e-7
176	7.172452974923813e-7
177	7.164901796302182e-7
178	7.157757978954392e-7
179	7.149974256383786e-7
180	7.141840957492632e-7
181	7.133778283866493e-7
182	7.125438576924713e-7
183	7.115991038237765e-7
184	7.110380297551163e-7
185	7.097350984861589e-7
186	7.088822419920607e-7
187	7.077858971738853e-7
188	7.068814039767609e-7
189	7.057877839391819e-7
190	7.046840376370085e-7
191	7.036162686748642e-7
192	7.025617850514123e-7
193	7.013756000544644e-7
194	7.001999781435508e-7
195	6.987975182907259e-7
196	6.978836416132951e-7
197	6.965961036256579e-7
198	6.954062003817561e-7
199	6.940373828001844e-7
200	6.925704931961907e-7
201	6.913206357474272e-7
202	6.897198651928928e-7
203	6.884919741597499e-7
204	6.870784945490484e-7
205	6.856527319454295e-7
206	6.840724824936597e-7
207	6.825566199044649e-7
208	6.80978476266716e-7
209	6.793868856653072e-7
210	6.777949616562474e-7
211	6.76096495364463e-7
212	6.744511349926048e-7
213	6.727147428494489e-7
214	6.709898754446178e-7
215	6.691874501632998e-7
216	6.67565443869003e-7
217	6.655279658730239e-7
218	6.635857233066934e-7
219	6.617000411746561e-7
220	6.596570842535184e-7
221	6.576989233087504e-7
222	6.556279073284892e-7
223	6.535644193174619e-7
224	6.513324444954019e-7
225	6.492221324934217e-7
226	6.470225853399452e-7
227	6.447297964935573e-7
228	6.423935484400262e-7
229	6.400103064303425e-7
230	6.37576491044504e-7
231	6.35089306471099e-7
232	6.32548893016173e-7
233	6.299557623666062e-7
234	6.272908822897094e-7
235	6.245640843925388e-7
236	6.21780348981583e-7
237	6.189147116448158e-7
238	6.159700164441381e-7
239	6.129835232851867e-7
240	6.099088275741018e-7
241	6.067438784397243e-7
242	6.036683145782659e-7
243	6.001759838577308e-7
244	5.967507847895708e-7
245	5.932445360271528e-7
246	5.896266414795103e-7
247	5.85919027354395e-7
248	5.821226801424543e-7
249	5.781838398639872e-7
250	5.741398494821432e-7
251	5.699225925158603e-7
252	5.656514037883267e-7
253	5.61207158735041e-7
254	5.566309100117426e-7
255	5.518927003026266e-7
256	5.470220001530229e-7
257	5.419690120141893e-7
258	5.36743512687043e-7
259	5.31364516408826e-7
260	5.257516041811193e-7
261	5.1993081388543e-7
262	5.1395281745441e-7
263	5.077039270233862e-7
264	5.0121138197576e-7
265	4.944846575232552e-7
266	4.874811133867164e-7
267	4.802001008378762e-7
268	4.7261051265510486e-7
269	4.646957114588713e-7
270	4.5645008029813e-7
271	4.4785734496594927e-7
272	4.3885624701561997e-7
273	4.2947769692688577e-7
274	4.19654585514907e-7
275	4.0937207169541597e-7
276	3.985897175117747e-7
277	3.872861963815642e-7
278	3.7542288846699563e-7
279	3.6296547945300146e-7
280	3.498673185415269e-7
281	3.360810261680536e-7
282	3.21575640173056e-7
283	3.062925592128278e-7
284	2.9018525814452106e-7
285	2.732023393904662e-7
286	2.5529328720553066e-7
287	2.364117217306886e-7
288	2.1651852107601823e-7
289	1.955890745159568e-7
290	1.7362467287020702e-7
291	1.5067125319139652e-7
292	1.2685050695939418e-7
293	1.0241224583610939e-7
294	7.782243509047206e-8
295	5.3907063520927325e-8
296	3.206251497161312e-8
297	1.4441485623293235e-8
298	3.5871120310925664e-9
299	1.502830179849054e-10
300	0.
301	0.
302	0.
303	0.
304	0.
305	0.
306	0.
307	0.
308	0.
309	0.
310	0.
311	0.
312	0.
313	0.
314	0.
315	0.
316	0.
317	0.
318	0.
319	0.
320	0.
321	0.
322	0.
323	0.
324	0.
325	0.
326	0.
327	0.
328	0.
329	0.
330	0.
331	0.
332	0.
333	0.
334	0.
335	0.00003317524372347887
336	0.00002361508800191134
337	0.00001863752450546822
338	0.000015516101820493804
339	0.000013328445760119255
340	0.000011709877326326456
341	0.000010446182988057803
342	9.422258131697907e-6
343	8.587568315952174e-6
344	7.888986273109616e-6
345	7.29016204427581e-6
346	6.773559080680719e-6
347	6.333123533563383e-6
348	5.935477450713416e-6
349	5.587850300411858e-6
350	5.281059578518743e-6
351	5.0001259991793895e-6
352	4.7491613421740635e-6
353	4.520665827203622e-6
354	4.312705755030499e-6
355	4.125994899195311e-6
356	3.94630172645407e-6
357	3.792165618174284e-6
358	3.637649736368817e-6
359	3.504079229542954e-6
360	3.3775355029997908e-6
361	3.2512637742945906e-6
362	3.1468914182365834e-6
363	3.0426659783063495e-6
364	2.938472903545425e-6
365	2.8530042403871963e-6
366	2.7666138422921967e-6
367	2.6798275705820857e-6
368	2.6071352230623585e-6
369	2.53493918516997e-6
370	2.462266077057741e-6
371	2.3999662222010932e-6
372	2.3365108737645556e-6
373	2.2780579139192285e-6
374	2.221248422993167e-6
375	2.1674059986580893e-6
376	2.116103991571838e-6
377	2.0673461769475354e-6
378	2.0204144203327433e-6
379	1.975794345540481e-6
380	1.9320345845780165e-6
381	1.8913689774426258e-6
382	1.8519152137567636e-6
383	1.8128306568094936e-6
384	1.7774545783409247e-6
385	1.7424101940510132e-6
386	1.7074181033175921e-6
387	1.6765137655698181e-6
388	1.644009050497193e-6
389	1.6146345322783893e-6
390	1.5837993343080999e-6
391	1.557166680302507e-6
392	1.529618783461877e-6
393	1.5021236446070628e-6
394	1.476870779661838e-6
395	1.452219829058818e-6
396	1.4282056768839403e-6
397	1.4050594169722738e-6
398	1.383231289753042e-6
399	1.359913520615574e-6
400	1.3404768894890004e-6
401	1.3187072159720755e-6
402	1.2983085307947381e-6
403	1.280293644404958e-6
404	1.2614268979218714e-6
405	1.2433811515887685e-6
406	1.2234513597779458e-6
407	1.205822308012354e-6
408	1.18931534264933e-6
409	1.1742324284117847e-6
410	1.158746180724907e-6
411	1.1431394143157035e-6
412	1.1268574536198783e-6
413	1.1096603440049707e-6
414	1.0968594769110506e-6
415	1.0837773457257901e-6
416	1.07433033415117e-6
417	1.0572428988572888e-6
418	1.0437297760289601e-6
419	1.0308429568969945e-6
420	1.0180244354069608e-6
421	1.0031351054047256e-6
422	9.917496015839515e-7
423	9.809683426744933e-7
424	9.701768923952428e-7
425	9.600701091476548e-7
426	9.492876598332988e-7
427	9.31309077771575e-7
428	9.275256103555981e-7
429	9.160363825092022e-7
430	9.057597931281648e-7
431	8.967952785948473e-7
432	8.850665465701122e-7
433	8.773239253563686e-7
434	8.646534417862857e-7
435	8.593631625380479e-7
436	8.507996482332365e-7
437	8.411661467576209e-7
438	8.336913960573951e-7
439	8.248824959606039e-7
440	8.158498444977054e-7
441	8.13013100562818e-7
442	7.980999052452956e-7
443	7.909022587538252e-7
444	7.839390325186831e-7
445	7.773091845195616e-7
446	7.748367287334081e-7
447	7.625378480537418e-7
448	7.580107046245002e-7
449	7.474464840877633e-7
450	7.457650683741347e-7
451	7.359636390878555e-7
452	7.253964568240102e-7
453	7.197862917506061e-7
454	7.174737079693964e-7
455	7.088169256471832e-7
456	7.021860340484427e-7
457	6.965222968237203e-7
458	6.926550620911754e-7
459	6.840723805111267e-7
460	6.763483914047306e-7
461	6.723604275173448e-7
462	6.721021721171723e-7
463	6.602033249985607e-7
464	6.558978671246342e-7
465	6.525441383946684e-7
466	6.494346753830896e-7
467	6.36398738083758e-7
468	6.345935908897815e-7
469	6.276491224001989e-7
470	6.252517932642504e-7
471	6.195984220593721e-7
472	6.146579152029523e-7
473	6.101679842321867e-7
474	6.05755521941685e-7
475	6.002244853152897e-7
476	5.979124139562638e-7
477	5.962829335402377e-7
478	5.863828856381872e-7
479	5.838724563504532e-7
480	5.77044768052781e-7
481	5.740986214565677e-7
482	5.712099881469698e-7
483	5.661137230057431e-7
484	5.617197537358651e-7
485	5.56074468492595e-7
486	5.528346813001585e-7
487	5.478126136713664e-7
488	5.491355717441001e-7
489	5.413042732559355e-7
490	5.376606398275266e-7
491	5.328514343498336e-7
492	5.290530823036942e-7
493	5.265825991074702e-7
494	5.244487986751829e-7
495	5.197651182120794e-7
496	5.165906599000398e-7
497	5.118263362420341e-7
498	5.103899683809953e-7
499	5.066218434363795e-7
500	5.022884145819178e-7
501	4.999722442239193e-7
502	4.962732443430083e-7
503	4.941775877925901e-7
504	4.892129935728659e-7
505	4.857096129964236e-7
506	4.826027230792823e-7
507	4.783525930631173e-7
508	4.775767942387148e-7
509	4.729939948968459e-7
510	4.696563725899778e-7
511	4.665334820961622e-7
512	4.6490540663036214e-7
513	4.630155094438059e-7
514	4.587746463070474e-7
515	4.572862270183714e-7
516	4.5468762667848866e-7
517	4.5220008866815387e-7
518	4.496083757575856e-7
519	4.466295509809777e-7
520	4.4762282506066536e-7
521	4.417662279165536e-7
522	4.388098236722615e-7
523	4.3573762561746025e-7
524	4.3423601589361764e-7
525	4.311265941652818e-7
526	4.287036009566076e-7
527	4.265295507873895e-7
528	4.2372854470740275e-7
529	4.207129163591291e-7
530	4.196620099554696e-7
531	4.150312292812965e-7
532	4.1409630445205293e-7
533	4.1166905084167094e-7
534	4.0926986184551854e-7
535	4.06896242736949e-7
536	4.0459120601773044e-7
537	4.019401471654488e-7
538	3.995965436443825e-7
539	3.9781148195353555e-7
540	3.957518295752947e-7
541	3.9408910206883305e-7
542	3.9209120135548144e-7
543	3.8968234683911586e-7
544	3.873300398453779e-7
545	3.8586393523086176e-7
546	3.83850374039331e-7
547	3.817596587686884e-7
548	3.8001855407680295e-7
549	3.781374947742758e-7
550	3.762521104096233e-7
551	3.7239979112162356e-7
552	3.7246880545136046e-7
553	3.706331390575265e-7
554	3.687923300474037e-7
555	3.669670911378168e-7
556	3.652128010122755e-7
557	3.6330025667581207e-7
558	3.616326291361391e-7
559	3.5980076811675085e-7
560	3.580195454451496e-7
561	3.5626021677861633e-7
562	3.544196265901037e-7
563	3.528682774154253e-7
564	3.5120750345579063e-7
565	3.492303284208409e-7
566	3.476500225222306e-7
567	3.4592154610239354e-7
568	3.442169305147399e-7
569	3.4264789608516573e-7
570	3.409643962406856e-7
571	3.3928188123284623e-7
572	3.3767644643469584e-7
573	3.3597462578058174e-7
574	3.342711099507034e-7
575	3.330914021028504e-7
576	3.3172177608182925e-7
577	3.294611555033813e-7
578	3.2810293216400763e-7
579	3.2647325261887486e-7
580	3.252660751957435e-7
581	3.2350345138522776e-7
582	3.2179760687829273e-7
583	3.204701365909365e-7
584	3.1934379650336755e-7
585	3.1822659132684755e-7
586	3.167769249793843e-7
587	3.155695113614876e-7
588	3.1430518350117977e-7
589	3.128737041010155e-7
590	3.116269860034784e-7
591	3.0984270632114544e-7
592	3.0906887427218085e-7
593	3.0768230265791696e-7
594	3.0637176286416694e-7
595	3.051090925115036e-7
596	3.038374776645476e-7
597	3.026334361489002e-7
598	3.0139806360582623e-7
599	3.0015262920128606e-7
600	2.988681999246284e-7
601	2.976684933218674e-7
602	2.9630893295643575e-7
603	2.950475104142779e-7
604	2.939981465636614e-7
605	2.927560397655141e-7
606	2.9152180360973495e-7
607	2.902767195478354e-7
608	2.8965159322085443e-7
609	2.882121086425785e-7
610	2.872365435638313e-7
611	2.8603331485347567e-7
612	2.852434705143851e-7
613	2.836785305185625e-7
614	2.8253367627334206e-7
615	2.817887498569124e-7
616	2.801727294368589e-7
617	2.789398622543531e-7
618	2.7783975011882157e-7
619	2.770547441929441e-7
620	2.7571252508590754e-7
621	2.7457255238475e-7
622	2.728245591686546e-7
623	2.723650139031512e-7
624	2.71873649515826e-7
625	2.7067324919352687e-7
626	2.6962588478192127e-7
627	2.685373762501111e-7
628	2.6760462895483795e-7
629	2.675334424375335e-7
630	2.6551157449701235e-7
631	2.648566148446646e-7
632	2.6355898980516977e-7
633	2.626009688886423e-7
634	2.617348515049426e-7
635	2.605917292942635e-7
636	2.5978506197498395e-7
637	2.582512187768755e-7
638	2.5774034423220086e-7
639	2.563814967483927e-7
640	2.563255845736506e-7
641	2.5493478463243054e-7
642	2.5403018821529587e-7
643	2.530350341535506e-7
644	2.521165748441126e-7
645	2.509042797569477e-7
646	2.5002860329176583e-7
647	2.4915478775348703e-7
648	2.4861984978096347e-7
649	2.479879113327634e-7
650	2.470207361453655e-7
651	2.4609199092050005e-7
652	2.4532534970475333e-7
653	2.445076128410476e-7
654	2.4362788480002274e-7
655	2.4294089377425465e-7
656	2.4191491498452663e-7
657	2.412323510749755e-7
658	2.4084777701839594e-7
659	2.3940507400367657e-7
660	2.3894969872704043e-7
661	2.3812174371834197e-7
662	2.374707950171907e-7
663	2.366095739958162e-7
664	2.3574201748346995e-7
665	2.3492786978804989e-7
666	2.3424530955642148e-7
667	2.333589033896595e-7
668	2.3243417557040522e-7
669	2.3191488960772024e-7
670	2.3123272093217586e-7
671	2.3029289293137505e-7
672	2.2986007636925888e-7
673	2.2901650613447228e-7
674	2.2837387772924543e-7
675	2.2765325154636623e-7
676	2.2707282834645116e-7
677	2.2615027417946218e-7
678	2.25515596252876e-7
679	2.247530841732143e-7
680	2.239376879658294e-7
681	2.235398303388065e-7
682	2.2278098751227853e-7
683	2.2236462760824593e-7
684	2.2143212233770014e-7
685	2.2068581360451763e-7
686	2.1993020991897823e-7
687	2.1928137531799928e-7
688	2.1857518422508335e-7
689	2.1794051468449417e-7
690	2.1738435444897447e-7
691	2.1662711286719888e-7
692	2.1582935041266306e-7
693	2.1536213709996285e-7
694	2.1478228739687846e-7
695	2.1405481868161013e-7
696	2.1342330132998516e-7
697	2.1282337020478034e-7
698	2.1218511089125216e-7
699	2.1178645893497816e-7
700	2.110741534413984e-7
701	2.106795415806784e-7
702	2.091320057830576e-7
703	2.089635437385525e-7
704	2.0843787054492836e-7
705	2.0782832624500485e-7
706	2.0716472884899434e-7
707	2.0655629579086368e-7
708	2.06054498734139e-7
709	2.0538690459561563e-7
710	2.0477678465016488e-7
711	2.0417984685849263e-7
712	2.0367234592119918e-7
713	2.0289735919612492e-7
714	2.0223541524346653e-7
715	2.0176789212838747e-7
716	2.0081369030034568e-7
717	2.005641935631945e-7
718	1.9964812827883438e-7
719	1.9938693769538167e-7
720	1.9894209117559792e-7
721	1.9845531319211748e-7
722	1.9790787690461438e-7
723	1.9717961890736807e-7
724	1.9674523051300973e-7
725	1.9628174731168151e-7
726	1.9628392602429905e-7
727	1.9518355159073747e-7
728	1.945805231789289e-7
729	1.9401383692299088e-7
730	1.9300971184563713e-7
731	1.927715812258334e-7
732	1.9244589665393818e-7
733	1.9191602783176886e-7
734	1.9146031190140972e-7
735	1.910730978184863e-7
736	1.9062654115032188e-7
737	1.9014273385252857e-7
738	1.896421281353235e-7
739	1.8900645700160434e-7
740	1.887203165907595e-7
741	1.8822843009719164e-7
742	1.8769967511460886e-7
743	1.870964182137521e-7
744	1.8676302946825338e-7
745	1.8638534272021746e-7
746	1.8591682708081196e-7
747	1.8540578119208395e-7
748	1.8495064866497388e-7
749	1.844549046094165e-7
750	1.8405318468142408e-7
751	1.8356583183017153e-7
752	1.8313264794456495e-7
753	1.8268418336212638e-7
754	1.821485740201797e-7
755	1.817456118212799e-7
756	1.8149760997121538e-7
757	1.8092493143451316e-7
758	1.804131161680351e-7
759	1.800309097686289e-7
760	1.7954676529940093e-7
761	1.7907953632399468e-7
762	1.7859655366525718e-7
763	1.7817353192510576e-7
764	1.777142526013629e-7
765	1.7731767720617562e-7
766	1.769968843761898e-7
767	1.76475460733179e-7
768	1.7598617627605564e-7
769	1.7564136190001334e-7
770	1.7517996511731434e-7
771	1.747865383391726e-7
772	1.7425433033055998e-7
773	1.7396708400147537e-7
774	1.7353593948505984e-7
775	1.73173063994382e-7
776	1.726899696255829e-7
777	1.7232785073912727e-7
778	1.7194942389665428e-7
779	1.714573044500308e-7
780	1.7112558411133917e-7
781	1.7077215074789825e-7
782	1.7030506480496094e-7
783	1.6990652054282453e-7
784	1.6923950654782966e-7
785	1.6884899985699252e-7
786	1.6866174806932813e-7
787	1.6840323707031042e-7
788	1.682158063500204e-7
789	1.6765146796539344e-7
790	1.6681576435233875e-7
791	1.669467308387413e-7
792	1.6584932190161164e-7
793	1.6588399632398107e-7
794	1.6480453919847345e-7
795	1.6544724680383713e-7
796	1.6525466554730198e-7
797	1.6451725944329237e-7
798	1.6403005422911125e-7
799	1.6404117760621488e-7
800	1.6339803018882616e-7
801	1.6319897206792247e-7
802	1.6276972392669017e-7
803	1.6208280058074908e-7
804	1.6234127850729374e-7
805	1.6190163857859749e-7
806	1.616342323668367e-7
807	1.6066054910691627e-7
808	1.6049700156645772e-7
809	1.6065421511436251e-7
810	1.6006411942507555e-7
811	1.5952787988536813e-7
812	1.5910390217480228e-7
813	1.5890429672753872e-7
814	1.5702898333379005e-7
815	1.5797026981458693e-7
816	1.5794906217257962e-7
817	1.5742211737664958e-7
818	1.5741489149913183e-7
819	1.5720910135423824e-7
820	1.572244372869192e-7
821	1.5658080078395544e-7
822	1.5572598292069325e-7
823	1.5535715104910604e-7
824	1.5522620769435703e-7
825	1.5370939051445573e-7
826	1.5455667159949683e-7
827	1.5429394629115562e-7
828	1.528077253958357e-7
829	1.5378810533276956e-7
830	1.5352398041011662e-7
831	1.5202660109421065e-7
832	1.5319211301114364e-7
833	1.5237627207586686e-7
834	1.5147060298369584e-7
835	1.5151183721193326e-7
836	1.5131970098959294e-7
837	1.5152734459862262e-7
838	1.5004432528028792e-7
839	1.5062372098953658e-7
840	1.4994739294987236e-7
841	1.5028657584563446e-7
842	1.4963519357388202e-7
843	1.505174526436004e-7
844	1.4905202295703611e-7
845	1.4845849407153943e-7
846	1.4904419223561633e-7
847	1.4786923256357682e-7
848	1.4962886569732547e-7
849	1.476785719813922e-7
850	1.4716670203374186e-7
851	1.4640208876162838e-7
852	1.4713239296049112e-7
853	1.4572468385844413e-7
854	1.4613370799045024e-7
855	1.46337657716691e-7
856	1.4569150539795605e-7
857	1.452535118499916e-7
858	1.4609555654564827e-7
859	1.455299699169486e-7
860	1.4480526801619696e-7
861	1.4411806779199886e-7
862	1.4346143187299363e-7
863	1.4385592244110445e-7
864	1.4356902831132919e-7
865	1.42611764933804e-7
866	1.426558389259662e-7
867	1.4309246739619e-7
868	1.4158719087945465e-7
869	1.4178931965748475e-7
870	1.4269729547111928e-7
871	1.419776797319102e-7
872	1.4169175383012178e-7
873	1.398805173533142e-7
874	1.39672558432976e-7
875	1.4053880610221292e-7
876	1.4104070929068628e-7
877	1.4068002857770517e-7
878	1.38225432050578e-7
879	1.38722857148256e-7
880	1.3865278046876824e-7
881	1.3820247376379566e-7
882	1.3926005346991723e-7
883	1.370643443897229e-7
884	1.373975317618104e-7
885	1.3776468291597023e-7
886	1.3796969116988755e-7
887	1.373472284611729e-7
888	1.3720874201375122e-7
889	1.3722222859611253e-7
890	1.364317949771767e-7
891	1.362711970713528e-7
892	1.3653998169059707e-7
893	1.3528915002727883e-7
894	1.3664288847161718e-7
895	1.3407329553768582e-7
896	1.3481877060731015e-7
897	1.343848313092093e-7
898	1.3414100199313418e-7
899	1.3457279334487983e-7
900	1.3362280932226562e-7
901	1.3321236650380005e-7
902	1.3335507576029873e-7
903	1.3359096471714118e-7
904	1.3243523164340993e-7
905	1.3399833380916808e-7
906	1.3173179907604994e-7
907	1.3270723918021774e-7
908	1.331103539579873e-7
909	1.3316440340486393e-7
910	1.320650618793224e-7
911	1.3501364990959667e-7
912	1.3072974346092518e-7
913	1.3127472788e-7
914	1.3065682157633524e-7
915	1.2992323375318346e-7
916	1.2822310196344118e-7
917	1.3043857674031113e-7
918	1.2958045947506007e-7
919	1.290012502114964e-7
920	1.283826555444876e-7
921	1.2941334488720563e-7
922	1.296351334074941e-7
923	1.3009228195745845e-7
924	1.274733947249809e-7
925	1.268552753484977e-7
926	1.2869646616506163e-7
927	1.2770228444956116e-7
928	1.2672395899352176e-7
929	1.2655985214382102e-7
930	1.2737139090367245e-7
931	1.2712325014848517e-7
932	1.2543771407601232e-7
933	1.2655779420640044e-7
934	1.242297565353573e-7
935	1.2676225397262358e-7
936	1.2580509711788638e-7
937	1.2493876080780779e-7
938	1.2540743738154877e-7
939	1.2497901858011808e-7
940	1.2465874996783752e-7
941	1.230664409307046e-7
942	1.2486532599741982e-7
943	1.2435125564644795e-7
944	1.2424099241656078e-7
945	1.242272417604103e-7
946	1.2670589407494165e-7
947	1.2376709356637588e-7
948	1.226763811039254e-7
949	1.236775850314227e-7
950	1.2195994318854982e-7
951	1.2293356385798006e-7
952	1.2273026797093929e-7
953	1.2363013140538322e-7
954	1.2356865615507374e-7
955	1.2323385680127632e-7
956	1.2335632305153657e-7
957	1.2231845450380842e-7
958	1.2359258071413774e-7
959	1.2243206754524032e-7
960	1.2143339583902433e-7
961	1.20024374786171e-7
962	1.1991138498184336e-7
963	1.1940423508328966e-7
964	1.201420558784799e-7
965	1.195625881446552e-7
966	1.194646619034527e-7
967	1.1921616681762253e-7
968	1.1797988480961837e-7
969	1.1881403525739459e-7
970	1.1807995724930709e-7
971	1.1895548741493881e-7
972	1.1766179841174811e-7
973	1.1833973870523725e-7
974	1.2081234417555887e-7
975	1.1663779850369286e-7
976	1.1701351719603138e-7
977	1.1720209479943066e-7
978	1.1865747728133398e-7
979	1.1646436732783555e-7
980	1.1739734540332101e-7
981	1.1660110938337318e-7
982	1.168891087149567e-7
983	1.1624611674755801e-7
984	1.1614729156958628e-7
985	1.162182066536418e-7
986	1.1395484522524403e-7
987	1.1521212786779311e-7
988	1.1611352173805521e-7
989	1.1718503445771894e-7
990	1.1555372835275505e-7
991	1.1565654930642859e-7
992	1.133011848314963e-7
993	1.1431229036686601e-7
994	1.1532641255776592e-7
995	1.1637697156758001e-7
996	1.1504119766271939e-7
997	1.1525250312546885e-7
998	1.1516417367112598e-7
999	1.1466931164790587e-7
1000	1.1474694605704119e-7
1001	1.1346055188166405e-7
1002	1.1351942643385103e-7
1003	1.1106475299498286e-7
1004	1.1157112510274552e-7
1005	1.1288582617072433e-7
1006	1.1285813588745556e-7
1007	1.1363139001039866e-7
1008	1.1227897380968327e-7
1009	1.1158163929241671e-7
1010	1.1135219834129756e-7
1011	1.093068864433339e-7
1012	1.1074627342389096e-7
1013	1.1114157488101871e-7
1014	1.110736576649527e-7
1015	1.1471211463809581e-7
1016	1.1279852569059173e-7
1017	1.1474286108853956e-7
1018	1.0990880273285377e-7
1019	1.0921670093642211e-7
1020	1.1081606864590519e-7
1021	1.0773160923465674e-7
1022	1.1042703379492719e-7
1023	1.0988031411475625e-7
1024	1.0960611353425462e-7
1025	1.0832313705000164e-7
1026	1.0803476605356865e-7
1027	1.070774270279677e-7
1028	1.0911644710066632e-7
1029	1.0538306528223857e-7
1030	1.1009252986607814e-7
1031	1.0933191979266677e-7
1032	1.0809870117535741e-7
1033	1.0734801528713381e-7
1034	1.0874832110684453e-7
1035	1.0734725304666005e-7
1036	1.0885125145778183e-7
1037	1.089195772117473e-7
1038	1.0833885648370222e-7
1039	1.0568637789691369e-7
1040	1.0620050686385318e-7
1041	1.0600745138581791e-7
1042	1.0619917763096145e-7
1043	1.0644767446754721e-7
1044	1.059400492592626e-7
1045	1.0595752444816664e-7
1046	1.0548835330603175e-7
1047	1.0483860272801238e-7
1048	1.0461929705382445e-7
1049	1.0373615093243275e-7
1050	1.03907215983158e-7
1051	1.0484543206352685e-7
1052	1.0362936830671347e-7
1053	1.0314704061408775e-7
1054	1.0410497172271405e-7
1055	1.0503331766159115e-7
1056	1.0461146300056841e-7
1057	1.0574688672746957e-7
1058	1.0366473713812059e-7
1059	1.0400329901740835e-7
1060	1.0674230619025107e-7
1061	1.0407097840602046e-7
1062	1.0352825129099327e-7
1063	1.0341001660239628e-7
1064	1.0332296364864932e-7
1065	1.021618166686467e-7
1066	1.0190776494366844e-7
1067	1.0350182273157137e-7
1068	1.0233624017825719e-7
1069	1.0168454630067316e-7
1070	1.0345044020952429e-7
1071	1.0215685153903994e-7
1072	1.027091494581425e-7
1073	1.0071679051260439e-7
1074	1.008483326221198e-7
1075	1.0127209768289194e-7
1076	1.0399326931137995e-7
1077	1.0121850679801274e-7
1078	1.0144265232033282e-7
1079	9.942379304216532e-8
1080	1.0072432465389721e-7
1081	9.980519179680772e-8
1082	1.0107470820261528e-7
1083	1.0044324805167959e-7
1084	9.999355134540573e-8
1085	9.99308600049636e-8
1086	9.767365864064957e-8
1087	1.0010196288217502e-7
1088	1.0006841249918533e-7
1089	9.947996994764346e-8
1090	9.882309805906964e-8
1091	9.888786081285046e-8
1092	9.878181560134797e-8
1093	9.86331721164839e-8
1094	9.88528034709216e-8
1095	9.899124852909833e-8
1096	9.870382705286146e-8
1097	9.802576888082641e-8
1098	9.800244738874277e-8
1099	9.770697532882794e-8
1100	9.808714417528879e-8
1101	9.759218176724379e-8
1102	9.775671454897766e-8
1103	9.727115204140355e-8
1104	9.685557060313032e-8
1105	9.839772516375761e-8
1106	9.724031752768655e-8
1107	9.72801995300483e-8
1108	9.747202210282659e-8
1109	9.775829084138949e-8
1110	9.783956209826991e-8
1111	9.760375855993043e-8
1112	9.657129816754929e-8
1113	9.529749702938152e-8
1114	9.672263409384702e-8
1115	9.670702840102861e-8
1116	9.45433971637274e-8
1117	9.471644570172193e-8
1118	9.563355393665884e-8
1119	9.510576587931828e-8
1120	9.433056196426401e-8
1121	9.42745232716841e-8
1122	9.404504616202548e-8
1123	9.557627937985193e-8
1124	9.539094696399999e-8
1125	9.465013345874828e-8
1126	9.482805053993353e-8
1127	9.426849989453402e-8
1128	9.360291680066906e-8
1129	9.337597796949058e-8
1130	9.435023054686041e-8
1131	9.401811212002285e-8
1132	9.239847295808058e-8
1133	9.261181544853648e-8
1134	9.254040033802781e-8
1135	9.207335354791451e-8
1136	9.334949579597059e-8
1137	9.299359394904673e-8
1138	9.382706703788213e-8
1139	9.34545995354232e-8
1140	9.412810494173706e-8
1141	9.43596828019677e-8
1142	9.211840037219186e-8
1143	9.194120616821419e-8
1144	9.260686332867948e-8
1145	9.199228949699834e-8
1146	9.260160018032952e-8
1147	9.194208522912603e-8
1148	9.170069506027734e-8
1149	9.205779015647565e-8
1150	9.114829706583024e-8
1151	9.167410830466074e-8
1152	9.066155178666341e-8
1153	9.073775776994331e-8
1154	9.030686682983795e-8
1155	9.07223601233971e-8
1156	9.123674395836102e-8
1157	9.056674941159554e-8
1158	9.12766128130658e-8
1159	9.177168585284352e-8
1160	9.084002921116248e-8
1161	9.042809834277083e-8
1162	9.000530504230711e-8
1163	8.980572089083738e-8
1164	8.953499749684084e-8
1165	8.905208268379559e-8
1166	8.99232826504117e-8
1167	8.81642459651847e-8
1168	8.856259490089424e-8
1169	8.893373083166616e-8
1170	8.914153735602828e-8
1171	8.88091885694497e-8
1172	8.887328694483343e-8
1173	8.837139655895785e-8
1174	8.910452158825805e-8
1175	8.798470494822431e-8
1176	8.75328259623266e-8
1177	8.757166171418451e-8
1178	8.820301396832425e-8
1179	8.685238710647858e-8
1180	8.757966638917651e-8
1181	8.763803252335487e-8
1182	8.763228152139357e-8
1183	8.744903353047261e-8
1184	8.708784666071675e-8
1185	8.658402962846046e-8
1186	8.691963582780264e-8
1187	8.643382404635264e-8
1188	8.626243482810847e-8
1189	8.672772228554499e-8
1190	8.631225423235835e-8
1191	8.755271752246074e-8
1192	8.659712873577249e-8
1193	8.725389371400337e-8
1194	8.628200726057503e-8
1195	8.631580726721754e-8
1196	8.592129461438002e-8
1197	8.601030235596223e-8
1198	8.512650752559831e-8
1199	8.522897791968528e-8
1200	8.549578622269189e-8
1201	8.511153114398296e-8
1202	8.492851222370717e-8
1203	8.582240952967834e-8
1204	8.47067833832312e-8
1205	8.409853264650187e-8
1206	8.416163205877596e-8
1207	8.37590167028956e-8
1208	8.500463862188003e-8
1209	8.433241865842827e-8
1210	8.483959222226052e-8
1211	8.374986722192287e-8
1212	8.460621034316927e-8
1213	8.31310136206126e-8
1214	8.338369104480286e-8
1215	8.388555052148627e-8
1216	8.345618417612135e-8
1217	8.327710746109766e-8
1218	8.313990652108229e-8
1219	8.274163003319834e-8
1220	8.21079033481038e-8
1221	8.287738788214929e-8
1222	8.188294887133389e-8
1223	8.219473753473059e-8
1224	8.267535127789947e-8
1225	8.218883946836457e-8
1226	8.254388316771374e-8
1227	8.184431214014423e-8
1228	8.181465678012984e-8
1229	8.177234159501903e-8
1230	8.144196277383907e-8
1231	8.227961079318576e-8
1232	8.157454188161314e-8
1233	8.084377888158066e-8
1234	8.131977496062192e-8
1235	8.05179634410208e-8
1236	8.086402209895787e-8
1237	8.10062562043731e-8
1238	8.109703441399207e-8
1239	8.070282136845697e-8
1240	8.060424598449184e-8
1241	8.02456048127444e-8
1242	8.029957491345089e-8
1243	7.927199050810653e-8
1244	7.940011838277942e-8
1245	7.925211652378049e-8
1246	8.088265657389445e-8
1247	7.934140452853735e-8
1248	7.944134661970115e-8
1249	7.928424821398434e-8
1250	7.926833771905074e-8
1251	7.917431925202854e-8
1252	7.915660851052675e-8
1253	8.02592785315156e-8
1254	7.89474210615306e-8
1255	7.937191175032709e-8
1256	7.879808759590957e-8
1257	7.869935225083857e-8
1258	7.890595332255394e-8
1259	7.844468932872386e-8
1260	7.813571103773667e-8
1261	7.834816518773593e-8
1262	7.839143305765723e-8
1263	7.861025245553212e-8
1264	7.791938121833662e-8
1265	7.73612782047029e-8
1266	7.753379196570338e-8
1267	7.834380347478953e-8
1268	7.874593582603562e-8
1269	7.818138656283643e-8
1270	7.856685785810562e-8
1271	7.753051447293475e-8
1272	7.804344425644832e-8
1273	7.757010283297467e-8
1274	7.739521474204278e-8
1275	7.7090959296519e-8
1276	7.753066209374386e-8
1277	7.705775826008636e-8
1278	7.719065962059597e-8
1279	7.770675767894163e-8
1280	7.6942476879158e-8
1281	7.57537264653665e-8
1282	7.644633940766564e-8
1283	7.630098683480953e-8
1284	7.62731428893408e-8
1285	7.64487514495735e-8
1286	7.649786996942703e-8
1287	7.603331734513244e-8
1288	7.599200299220925e-8
1289	7.550703370942935e-8
1290	7.609987506502427e-8
1291	7.533099644943584e-8
1292	7.508939356266633e-8
1293	7.577570709870605e-8
1294	7.570158648533546e-8
1295	7.498973321155484e-8
1296	7.568978864762903e-8
1297	7.547066046727404e-8
1298	7.545978473415862e-8
1299	7.503897161516374e-8
1300	7.459946910312343e-8
1301	7.452588086645204e-8
1302	7.44105156766801e-8
1303	7.447291421883315e-8
1304	7.43173155549249e-8
1305	7.411361772683054e-8
1306	7.391401832495184e-8
1307	7.388917237510667e-8
1308	7.377130948127654e-8
1309	7.371517165426005e-8
1310	7.368200188897635e-8
1311	7.351387626147517e-8
1312	7.347831013035675e-8
1313	7.345749421716767e-8
1314	7.34313823439001e-8
1315	7.330801756020289e-8
1316	7.309651650606281e-8
1317	7.312764457042917e-8
1318	7.317904682147649e-8
1319	7.289968094685877e-8
1320	7.283052385475295e-8
1321	7.27399509971196e-8
1322	7.283008259447917e-8
1323	7.26949848224404e-8
1324	7.256304514514876e-8
1325	7.243661851296685e-8
1326	7.239124806500078e-8
1327	7.211778022409348e-8
1328	7.20605678638617e-8
1329	7.208399288767513e-8
1330	7.198220672658525e-8
1331	7.171409332155881e-8
1332	7.178576311997692e-8
1333	7.15996988290155e-8
1334	7.156100020755856e-8
1335	7.138132965758065e-8
1336	7.130303820309194e-8
1337	7.125377853168899e-8
1338	7.121680232797467e-8
1339	7.108699045115547e-8
1340	7.083737473795788e-8
1341	7.064391928208346e-8
1342	7.05955624165748e-8
1343	7.023730417137896e-8
1344	7.003381052055131e-8
1345	7.018099028412254e-8
1346	7.012858647539044e-8
1347	7.01413909555517e-8
1348	7.014134452140645e-8
1349	7.002780458103439e-8
1350	7.006791044382289e-8
1351	6.99676524192082e-8
1352	6.971173964511424e-8
1353	6.981122410075675e-8
1354	6.965730013462505e-8
1355	6.998645962585478e-8
1356	6.978837971523025e-8
1357	6.92940535457435e-8
1358	6.925793055739881e-8
1359	6.92926346396007e-8
1360	6.933331498655906e-8
1361	6.931077843684428e-8
1362	6.9214554992848e-8
1363	6.868159553297828e-8
1364	6.86533815752729e-8
1365	6.86409360215874e-8
1366	6.851291472434662e-8
1367	6.861722221321325e-8
1368	6.823960588065764e-8
1369	6.830915920889408e-8
1370	6.784422167064109e-8
1371	6.798616877314855e-8
1372	6.75326530916672e-8
1373	6.778072398602641e-8
1374	6.778262830560221e-8
1375	6.760043544719119e-8
1376	6.737079717613194e-8
1377	6.734624522568031e-8
1378	6.727832726706814e-8
1379	6.729233094037444e-8
1380	6.722945482219935e-8
1381	6.71270993391865e-8
1382	6.716420352634675e-8
1383	6.718376691612114e-8
1384	6.707516335202972e-8
1385	6.689519380582412e-8
1386	6.7075947288945e-8
1387	6.676770108722946e-8
1388	6.674272436497659e-8
1389	6.680337744417281e-8
1390	6.634577605100332e-8
1391	6.624839383851767e-8
1392	6.631951719854649e-8
1393	6.616558673755266e-8
1394	6.616563183754198e-8
1395	6.621181050884192e-8
1396	6.623964773113022e-8
1397	6.60675112768718e-8
1398	6.555596728770735e-8
1399	6.555183760279177e-8
1400	6.541164148570005e-8
1401	6.558935989751962e-8
1402	6.539248692771946e-8
1403	6.51614802878496e-8
1404	6.514682962297703e-8
1405	6.512651225619561e-8
1406	6.520392571058901e-8
1407	6.50427123916789e-8
1408	6.477266494751766e-8
1409	6.461628361460862e-8
1410	6.462899318555766e-8
1411	6.461264247146695e-8
1412	6.463591480099721e-8
1413	6.452127007833637e-8
1414	6.41932070403097e-8
1415	6.4436991976414e-8
1416	6.446023787960566e-8
1417	6.430742402842008e-8
1418	6.403687278454592e-8
1419	6.390766260479117e-8
1420	6.390467250231463e-8
1421	6.381387511169702e-8
1422	6.388939676627952e-8
1423	6.375831317098794e-8
1424	6.376632030289582e-8
1425	6.350576865007335e-8
1426	6.34801542459696e-8
1427	6.377162929725553e-8
1428	6.32309232336562e-8
1429	6.384701299561733e-8
1430	6.317292423740718e-8
1431	6.277314070168902e-8
1432	6.290762131943022e-8
1433	6.273965677309233e-8
1434	6.269660692205492e-8
1435	6.277401085732362e-8
1436	6.261624596751088e-8
1437	6.254304694478833e-8
1438	6.247355843203616e-8
1439	6.232018793324908e-8
1440	6.22870331266622e-8
1441	6.215397597303614e-8
1442	6.206685337408542e-8
1443	6.204733558937964e-8
1444	6.1924779536237e-8
1445	6.205022887662555e-8
1446	6.174183489654395e-8
1447	6.171907942315469e-8
1448	6.159431073974007e-8
1449	6.154777145707856e-8
1450	6.149448029442809e-8
1451	6.149220880666671e-8
1452	6.136596193928553e-8
1453	6.132063815374112e-8
1454	6.11936009974815e-8
1455	6.068662434840995e-8
1456	6.070583457589959e-8
1457	6.081780598789032e-8
1458	6.082854939850841e-8
1459	6.078631104574887e-8
1460	6.06253552077307e-8
1461	6.054913849765509e-8
1462	6.040499892122394e-8
1463	6.039451608777126e-8
1464	6.040151755631772e-8
1465	6.031166371192367e-8
1466	6.026524347067457e-8
1467	6.020630919978797e-8
1468	6.010626906700013e-8
1469	5.991774784534721e-8
1470	5.977171049673816e-8
1471	5.982694422047305e-8
1472	5.975186140868979e-8
1473	5.971798639424522e-8
1474	5.970343518456266e-8
1475	5.965643635354633e-8
1476	5.9418138478420243e-8
1477	5.936557014094414e-8
1478	5.932532139953149e-8
1479	5.930479949728643e-8
1480	5.923864462441908e-8
1481	5.912321096601353e-8
1482	5.930126843432222e-8
1483	5.898667105870288e-8
1484	5.892335945164132e-8
1485	5.886631830285507e-8
1486	5.8703455407882405e-8
1487	5.864410942827261e-8
1488	5.855837171430771e-8
1489	5.8571669197141936e-8
1490	5.8492553657845954e-8
1491	5.853162045127228e-8
1492	5.823030810548394e-8
1493	5.8362970542935104e-8
1494	5.824233774518353e-8
1495	5.812216706677182e-8
1496	5.8015815688541633e-8
1497	5.7935496260307335e-8
1498	5.798154874981249e-8
1499	5.79050159485178e-8
1500	5.7676312424791814e-8
1501	5.7634126215642616e-8
1502	5.7563823971611177e-8
1503	5.746795272608662e-8
1504	5.737239577517797e-8
1505	5.731803210954934e-8
1506	5.726421609065253e-8
1507	5.722041986490493e-8
1508	5.729871864619166e-8
1509	5.6872888007619326e-8
1510	5.699170324981448e-8
1511	5.696861705342825e-8
1512	5.6910559715024445e-8
1513	5.6889300324942416e-8
1514	5.6828765236053445e-8
1515	5.677237698243339e-8
1516	5.659353248074954e-8
1517	5.657241562561817e-8
1518	5.643818333665218e-8
1519	5.638075149764189e-8
1520	5.631174713374039e-8
1521	5.6187722708649427e-8
1522	5.618856615800888e-8
1523	5.609849539869954e-8
1524	5.6102675257344e-8
1525	5.600032816543429e-8
1526	5.570313516569394e-8
1527	5.576346423731478e-8
1528	5.573414616904996e-8
1529	5.563065699161297e-8
1530	5.5603222862722316e-8
1531	5.555180619040522e-8
1532	5.544601084095667e-8
1533	5.5429583371963187e-8
1534	5.536574951656214e-8
1535	5.522314578226219e-8
1536	5.516281060295138e-8
1537	5.508043353341428e-8
1538	5.508124302065688e-8
1539	5.50259110391445e-8
1540	5.489383852430162e-8
1541	5.482335360668711e-8
1542	5.4761745245897826e-8
1543	5.469358024393067e-8
1544	5.462877717337611e-8
1545	5.455618895013338e-8
1546	5.450295283041807e-8
1547	5.445717501174024e-8
1548	5.4346187384906984e-8
1549	5.429360124885375e-8
1550	5.4212164741617416e-8
1551	5.415085063987999e-8
1552	5.4112955465848446e-8
1553	5.4091199356826603e-8
1554	5.4074272582151675e-8
1555	5.393228993341321e-8
1556	5.3849430669183424e-8
1557	5.3784777112630944e-8
1558	5.376115919864979e-8
1559	5.366056910031204e-8
1560	5.359071009463831e-8
1561	5.355064309297599e-8
1562	5.34535696237753e-8
1563	5.340554617864241e-8
1564	5.333854991231657e-8
1565	5.32747909519447e-8
1566	5.3180302545832525e-8
1567	5.3124825446557386e-8
1568	5.307523644453027e-8
1569	5.301090107617575e-8
1570	5.296006715059254e-8
1571	5.28486914257527e-8
1572	5.277303215604861e-8
1573	5.2717599642422475e-8
1574	5.265304368270197e-8
1575	5.258913378084182e-8
1576	5.254877746321535e-8
1577	5.2464617328280556e-8
1578	5.2404291496370096e-8
1579	5.23544887145226e-8
1580	5.224866278515301e-8
1581	5.222595394883453e-8
1582	5.217225694202378e-8
1583	5.200391734148243e-8
1584	5.198023531299948e-8
1585	5.189537535507315e-8
1586	5.19082563261662e-8
1587	5.1820840552748224e-8
1588	5.172008424350742e-8
1589	5.165013271815542e-8
1590	5.158469874079795e-8
1591	5.15335854491516e-8
1592	5.1506460026706816e-8
1593	5.142537700434874e-8
1594	5.136329650555143e-8
1595	5.1308855125458023e-8
1596	5.121035551536818e-8
1597	5.117905866337351e-8
1598	5.11226248076092e-8
1599	5.1075606344060204e-8
1600	5.098679697284077e-8
1601	5.0943998543174167e-8
1602	5.088675402330364e-8
1603	5.081929717436071e-8
1604	5.0767860945117096e-8
1605	5.068169513727921e-8
1606	5.066539838784726e-8
1607	5.056363290786426e-8
1608	5.049277952029953e-8
1609	5.0453801648125996e-8
1610	5.0403656203439456e-8
1611	5.0342868140283877e-8
1612	5.027165866026254e-8
1613	5.0206323706832874e-8
1614	5.0155453632025826e-8
1615	5.0074528652721166e-8
1616	5.001996645475845e-8
1617	4.9983990144540306e-8
1618	4.9895009552433794e-8
1619	4.9827038997688946e-8
1620	4.976468294952133e-8
1621	4.9719825253965556e-8
1622	4.968831116165055e-8
1623	4.958630748518236e-8
1624	4.952370734526447e-8
1625	4.945345009586204e-8
1626	4.940512166447592e-8
1627	4.935320996948913e-8
1628	4.929710036521759e-8
1629	4.9253139834398755e-8
1630	4.918638469189732e-8
1631	4.9078276006005913e-8
1632	4.906102439393699e-8
1633	4.90035573960403e-8
1634	4.8919026576131725e-8
1635	4.885589099985411e-8
1636	4.8809204450569584e-8
1637	4.877447969886802e-8
1638	4.870539582361452e-8
1639	4.866571924508666e-8
1640	4.858944654084805e-8
1641	4.8531890304396945e-8
1642	4.8465257632161094e-8
1643	4.839650255221757e-8
1644	4.83534647144893e-8
1645	4.830363674023281e-8
1646	4.8248025266768144e-8
1647	4.814621672941838e-8
1648	4.81135534156645e-8
1649	4.8074257103133074e-8
1650	4.800623646881516e-8
1651	4.795630554263128e-8
1652	4.788328585969357e-8
1653	4.782487015285215e-8
1654	4.77738509120493e-8
1655	4.77237090120697e-8
1656	4.765620410289735e-8
1657	4.757611544376861e-8
1658	4.7539672827366347e-8
1659	4.74849920979058e-8
1660	4.7429511529488926e-8
1661	4.7378101844299617e-8
1662	4.732317357146369e-8
1663	4.7260069567166055e-8
1664	4.720809564305204e-8
1665	4.714747226942159e-8
1666	4.708647194774496e-8
1667	4.703528280570744e-8
1668	4.697311038482566e-8
1669	4.692421982333247e-8
1670	4.687158441302608e-8
1671	4.681480394881091e-8
1672	4.6754266713055584e-8
1673	4.6702959437880235e-8
1674	4.66482738383992e-8
1675	4.659161473193175e-8
1676	4.653462464045796e-8
1677	4.646868531160237e-8
1678	4.640731586753623e-8
1679	4.635945806648247e-8
1680	4.630058924688789e-8
1681	4.624971050583536e-8
1682	4.619330460848181e-8
1683	4.6137265872142796e-8
1684	4.608281681148653e-8
1685	4.603727697359352e-8
1686	4.598195169393655e-8
1687	4.591562462292644e-8
1688	4.5848273099713465e-8
1689	4.5796855700647416e-8
1690	4.575076717627113e-8
1691	4.5699306400943737e-8
1692	4.564098073471654e-8
1693	4.561030550348613e-8
1694	4.552425873958294e-8
1695	4.548141764662117e-8
1696	4.5428343682426634e-8
1697	4.537618815488625e-8
1698	4.532287098735379e-8
1699	4.5271040352180816e-8
1700	4.5214573090913824e-8
1701	4.515684705680521e-8
1702	4.511603903363271e-8
1703	4.504864098050208e-8
1704	4.499589182728592e-8
1705	4.494286903954931e-8
1706	4.488950052478735e-8
1707	4.4839325182167806e-8
1708	4.478593753311043e-8
1709	4.4732356287460914e-8
1710	4.4679702715059766e-8
1711	4.4623677947144025e-8
1712	4.457045093609048e-8
1713	4.45214594830227e-8
1714	4.447092708139949e-8
1715	4.441458530279109e-8
1716	4.436436547490387e-8
1717	4.4310292604754596e-8
1718	4.426026438070294e-8
1719	4.420579256154651e-8
1720	4.415056874121772e-8
1721	4.4097125501415266e-8
1722	4.4043542228001947e-8
1723	4.399272240995239e-8
1724	4.394107854312566e-8
1725	4.389326217982335e-8
1726	4.383220506943839e-8
1727	4.3781564632969975e-8
1728	4.373333475583208e-8
1729	4.367975992452888e-8
1730	4.3627951256482344e-8
1731	4.35794006734578e-8
1732	4.3529655014203736e-8
1733	4.347728764956553e-8
1734	4.3426405857586906e-8
1735	4.337779110881243e-8
1736	4.332435360031656e-8
1737	4.327329421578442e-8
1738	4.3222820189189684e-8
1739	4.317268151810217e-8
1740	4.312316123870442e-8
1741	4.307289718652528e-8
1742	4.302158400391815e-8
1743	4.297226164056484e-8
1744	4.292381248194329e-8
1745	4.287122678530094e-8
1746	4.2819979899337515e-8
1747	4.277062642589214e-8
1748	4.271946870189322e-8
1749	4.266892767691332e-8
1750	4.261703260264612e-8
1751	4.256655798630378e-8
1752	4.251534367272778e-8
1753	4.2466755332098594e-8
1754	4.241712184811576e-8
1755	4.236847230419291e-8
1756	4.231903431548419e-8
1757	4.226987599059879e-8
1758	4.22209708367893e-8
1759	4.217072916093069e-8
1760	4.2121891351729683e-8
1761	4.2073022312033884e-8
1762	4.202416750622109e-8
1763	4.1975207855566096e-8
1764	4.192613331538132e-8
1765	4.187753955459274e-8
1766	4.182825709521588e-8
1767	4.177902700025618e-8
1768	4.1730404660923365e-8
1769	4.1680548897524544e-8
1770	4.1631801040936697e-8
1771	4.158305524953637e-8
1772	4.1534983203668654e-8
1773	4.148675831408364e-8
1774	4.143861347738011e-8
1775	4.1390536141955013e-8
1776	4.1342578580363734e-8
1777	4.129464331315587e-8
1778	4.124670870902378e-8
1779	4.119836631134667e-8
1780	4.115050507247621e-8
1781	4.110287263055804e-8
1782	4.1055143587873154e-8
1783	4.100776888350217e-8
1784	4.096006295223621e-8
1785	4.0911781240701534e-8
1786	4.0865273079699276e-8
1787	4.081800957439749e-8
1788	4.077073359401244e-8
1789	4.0723083838936963e-8
1790	4.067582365513328e-8
1791	4.0629096893469176e-8
1792	4.0581643915382915e-8
1793	4.053500226189279e-8
1794	4.048684435580776e-8
1795	4.0441097230887555e-8
1796	4.0393997784727235e-8
1797	4.0347247492460886e-8
1798	4.0298741022573503e-8
1799	4.025235495768576e-8
1800	4.0205360417041917e-8
1801	4.016086529161462e-8
1802	4.0114185205225674e-8
1803	4.006805783122135e-8
1804	4.002260640303704e-8
1805	3.997624552300917e-8
1806	3.992993668059429e-8
1807	3.988392376695964e-8
1808	3.983940267561025e-8
1809	3.979379284059157e-8
1810	3.9747496440358994e-8
1811	3.9701381141007704e-8
1812	3.965600224979634e-8
1813	3.96110588120512e-8
1814	3.9565418992896135e-8
1815	3.95197290509616e-8
1816	3.947414333310084e-8
1817	3.942801185704251e-8
1818	3.938143728774695e-8
1819	3.933425310874758e-8
1820	3.929004698618916e-8
1821	3.924405752791312e-8
1822	3.9199494138029774e-8
1823	3.915597956011334e-8
1824	3.911081210377848e-8
1825	3.906492575768911e-8
1826	3.9019667878966444e-8
1827	3.897480810242084e-8
1828	3.8931243342551904e-8
1829	3.888669346311543e-8
1830	3.884211600641705e-8
1831	3.879784700585726e-8
1832	3.875366402932953e-8
1833	3.8709271913454706e-8
1834	3.866307030679316e-8
1835	3.8618561831581795e-8
1836	3.8574879842474974e-8
1837	3.853047504467754e-8
1838	3.848731685169798e-8
1839	3.844537894760687e-8
1840	3.840133074385714e-8
1841	3.8356421401793183e-8
1842	3.831006050664237e-8
1843	3.8270069046277324e-8
1844	3.822463559430837e-8
1845	3.818046055797617e-8
1846	3.813635063204012e-8
1847	3.809591600568191e-8
1848	3.8051483842212807e-8
1849	3.800860914804558e-8
1850	3.7965077580084265e-8
1851	3.791945102817874e-8
1852	3.78762646501053e-8
1853	3.783294189143818e-8
1854	3.779043999639936e-8
1855	3.774824000789981e-8
1856	3.770295077143652e-8
1857	3.7659156060748174e-8
1858	3.761999508561812e-8
1859	3.7576970756244895e-8
1860	3.7533813396739274e-8
1861	3.748915655265997e-8
1862	3.744595341102145e-8
1863	3.7406692659723985e-8
1864	3.736355323524595e-8
1865	3.732225771015449e-8
1866	3.7277386396866416e-8
1867	3.723566725544972e-8
1868	3.719135297341933e-8
1869	3.714954234878654e-8
1870	3.7113740563176246e-8
1871	3.707142234677822e-8
1872	3.7031083258581264e-8
1873	3.698780630218674e-8
1874	3.694539051368137e-8
1875	3.69028654718771e-8
1876	3.686055192776758e-8
1877	3.681816816040273e-8
1878	3.6776633564189884e-8
1879	3.6734454909559387e-8
1880	3.66861454577767e-8
1881	3.665327199126653e-8
1882	3.661130564009753e-8
1883	3.657141975237136e-8
1884	3.6528708648792955e-8
1885	3.6486660127918405e-8
1886	3.644698523733138e-8
1887	3.640644729731244e-8
1888	3.637033690415906e-8
1889	3.632414862550322e-8
1890	3.6284811646799454e-8
1891	3.624054654944839e-8
1892	3.6200364620814816e-8
1893	3.615875690267285e-8
1894	3.6116274468202734e-8
1895	3.607730651712992e-8
1896	3.603662123815333e-8
1897	3.599596380400679e-8
1898	3.5955039345042215e-8
1899	3.5916950893141616e-8
1900	3.586925538385169e-8
1901	3.583457578226164e-8
1902	3.57963434474603e-8
1903	3.575517968178105e-8
1904	3.571576279972291e-8
1905	3.567716717148192e-8
1906	3.563798231107353e-8
1907	3.5598459946961894e-8
1908	3.55568553514596e-8
1909	3.551675476129507e-8
1910	3.547814882355319e-8
1911	3.543875886406714e-8
1912	3.540026769128033e-8
1913	3.536450271223213e-8
1914	3.532445453912559e-8
1915	3.528444549361292e-8
1916	3.5245076294430763e-8
1917	3.520533573500823e-8
1918	3.51623500247081e-8
1919	3.512555464537937e-8
1920	3.508565870906607e-8
1921	3.5045889887491386e-8
1922	3.5006228023878516e-8
1923	3.496704298597817e-8
1924	3.4927943415836405e-8
1925	3.488876740459831e-8
1926	3.4848874114539557e-8
1927	3.481367754416953e-8
1928	3.477240234539646e-8
1929	3.473316683454087e-8
1930	3.4694118984993357e-8
1931	3.46561176495626e-8
1932	3.461565037560356e-8
1933	3.4579854948523246e-8
1934	3.453974509457337e-8
1935	3.4498034101431236e-8
1936	3.4460824971314594e-8
1937	3.442162471635689e-8
1938	3.4383226594706395e-8
1939	3.4344352013349424e-8
1940	3.4306373739037444e-8
1941	3.426827099907354e-8
1942	3.42285803623278e-8
1943	3.419145555080467e-8
1944	3.415236885546713e-8
1945	3.411720932511131e-8
1946	3.4078941443055606e-8
1947	3.4041916358921444e-8
1948	3.400372584722006e-8
1949	3.3963438642242984e-8
1950	3.392586576421281e-8
1951	3.388682777520101e-8
1952	3.385341119686143e-8
1953	3.381847370778847e-8
1954	3.37796954475154e-8
1955	3.3743176599068436e-8
1956	3.370587253803793e-8
1957	3.3666796677663e-8
1958	3.363324140201874e-8
1959	3.359364176822626e-8
1960	3.356130059052768e-8
1961	3.351717020416318e-8
1962	3.348503490676874e-8
1963	3.3447400282158504e-8
1964	3.3410950560649074e-8
1965	3.337512448525512e-8
1966	3.333671493133828e-8
1967	3.330375729840202e-8
1968	3.326560294522353e-8
1969	3.3229069795233645e-8
1970	3.3193104910642956e-8
1971	3.315697710344987e-8
1972	3.311974301958056e-8
1973	3.308067377897882e-8
1974	3.304300786693894e-8
1975	3.300749164946313e-8
1976	3.297135826831073e-8
1977	3.293750228694645e-8
1978	3.290090145433312e-8
1979	3.286591258221178e-8
1980	3.2829902870088415e-8
1981	3.279410398229476e-8
1982	3.275858970343733e-8
1983	3.2718595220687456e-8
1984	3.267972653119502e-8
1985	3.26447503249466e-8
1986	3.260635148362956e-8
1987	3.2571035553641965e-8
1988	3.254025539180246e-8
1989	3.25048362516416e-8
1990	3.246614148154678e-8
1991	3.2432249804375765e-8
1992	3.2397379553991054e-8
1993	3.2360494269084856e-8
1994	3.232531503652133e-8
1995	3.229078289949533e-8
1996	3.2259098615952846e-8
1997	3.2221019537458225e-8
1998	3.218456244552555e-8
1999	3.215084651580122e-8
2000	3.2115071423701146e-8
2001	3.208112611997125e-8