1	6.1743004519832964e-9
2	1.234754318801429e-8
3	1.8518637967798063e-8
4	2.468640739988991e-8
5	3.085052936633618e-8
6	3.7007197692836186e-8
7	4.315624240914038e-8
8	4.930476270630792e-8
9	5.544539698295501e-8
10	6.156529544999343e-8
11	6.767961100269232e-8
12	7.378300890962938e-8
13	7.987282345201188e-8
14	8.595044971567689e-8
15	9.202707604789064e-8
16	9.80768166461201e-8
17	1.0411066613009426e-7
18	1.1011206389476208e-7
19	1.1609773120324787e-7
20	1.2210150936153384e-7
21	1.280385750337172e-7
22	1.339601799910751e-7
23	1.3987181910503534e-7
24	1.457384341994356e-7
25	1.5153671217668033e-7
26	1.5747534693229776e-7
27	1.6323126063843912e-7
28	1.6901569306425696e-7
29	1.7485416844580462e-7
30	1.8052843363764905e-7
31	1.8623751172838256e-7
32	1.9184553953916496e-7
33	1.974881820883535e-7
34	2.0310820644186702e-7
35	2.087072090076016e-7
36	2.1420898204718095e-7
37	2.1972121812932958e-7
38	2.2516491567800657e-7
39	2.3061201057351064e-7
40	2.3584759003297203e-7
41	2.413788917267243e-7
42	2.4669328353132994e-7
43	2.519807518729755e-7
44	2.5711515642329563e-7
45	2.624536208094033e-7
46	2.676293222279507e-7
47	2.727288145731609e-7
48	2.7777456951004945e-7
49	2.8281092535557347e-7
50	2.87848827227473e-7
51	2.927549338351277e-7
52	2.977295183842899e-7
53	3.0254255050565616e-7
54	3.0724696305157864e-7
55	3.121437526698814e-7
56	3.169529566232418e-7
57	3.214205147558773e-7
58	3.261960530808249e-7
59	3.306598680845603e-7
60	3.3530423615100793e-7
61	3.3980176644753707e-7
62	3.442191551162527e-7
63	3.488621352616546e-7
64	3.5302024746591584e-7
65	3.575160056576461e-7
66	3.61807191599089e-7
67	3.6573590415570256e-7
68	3.7041648316857126e-7
69	3.743077907985612e-7
70	3.7845661464863746e-7
71	3.8244463867169603e-7
72	3.862720374114224e-7
73	3.90428834454513e-7
74	3.944531061925979e-7
75	3.9795853520833154e-7
76	4.020116915624929e-7
77	4.0548249802512724e-7
78	4.095035734743094e-7
79	4.130561425560968e-7
80	4.167012500748805e-7
81	4.201617420995283e-7
82	4.234041458308863e-7
83	4.2684704294183955e-7
84	4.305861735904644e-7
85	4.34016477350424e-7
86	4.3719951417855106e-7
87	4.4052001197243953e-7
88	4.441335746846915e-7
89	4.47290268002367e-7
90	4.503964434989761e-7
91	4.5331404116664126e-7
92	4.5627524761190155e-7
93	4.5922573904598845e-7
94	4.6237119872301576e-7
95	4.6512207580665206e-7
96	4.67987876384765e-7
97	4.7097345371303077e-7
98	4.7373966745048464e-7
99	4.7646377178092154e-7
100	4.790688041693823e-7
101	4.816993583906976e-7
102	4.842274859912746e-7
103	4.868206421963554e-7
104	4.894194472044422e-7
105	4.918004260335839e-7
106	4.969239911862075e-7
107	4.965743942776751e-7
108	4.990701177487649e-7
109	5.01261128055529e-7
110	5.033953832963674e-7
111	5.058093620022102e-7
112	5.080311126632305e-7
113	5.101062911699868e-7
114	5.123173216602405e-7
115	5.142928559683601e-7
116	5.16299144130588e-7
117	5.181226893584406e-7
118	5.203115451074303e-7
119	5.218759144219871e-7
120	5.240288292257572e-7
121	5.257972420147713e-7
122	5.273536644691492e-7
123	5.291838799442676e-7
124	5.307400041737111e-7
125	5.324128592760677e-7
126	5.3426512176322e-7
127	5.359415967871498e-7
128	5.37505640079751e-7
129	5.394157678336608e-7
130	5.404256162232323e-7
131	5.420032623227798e-7
132	5.43468927511321e-7
133	5.447955289128252e-7
134	5.459046023719463e-7
135	5.47379218070905e-7
136	5.486536959254494e-7
137	5.496323308164009e-7
138	5.514882478747123e-7
139	5.523928177965705e-7
140	5.537529568501023e-7
141	5.54783524955435e-7
142	5.558117860701504e-7
143	5.56929150503335e-7
144	5.579120431226453e-7
145	5.600138885016656e-7
146	5.601038832381097e-7
147	5.60958265855156e-7
148	5.618170621307913e-7
149	5.628054443483861e-7
150	5.6382398313503e-7
151	5.645734667431737e-7
152	5.654093170455887e-7
153	5.662284499238452e-7
154	5.669678441050071e-7
155	5.677344111126445e-7
156	5.683662278697968e-7
157	5.690311654802431e-7
158	5.698676184844842e-7
159	5.705725541729667e-7
160	5.711041230102112e-7
161	5.717717606874204e-7
162	5.72251193555104e-7
163	5.727453909374306e-7
164	5.736028111867949e-7
165	5.739457763928921e-7
166	5.744316676081959e-7
167	5.749397570846128e-7
168	5.754474862951525e-7
169	5.757921084675526e-7
170	5.76218115711278e-7
171	5.764920748737311e-7
172	5.770375383840032e-7
173	5.773618963994864e-7
174	5.776264739745299e-7
175	5.779725695571434e-7
176	5.782122985102637e-7
177	5.785679264271003e-7
178	5.788436439279514e-7
179	5.789723752715355e-7
180	5.793515704441615e-7
181	5.792451254113985e-7
182	5.795510038194169e-7
183	5.797916746331757e-7
184	5.800939167847814e-7
185	5.80120880625797e-7
186	5.802936843389584e-7
187	5.804513701398168e-7
188	5.80460007221856e-7
189	5.806178445454381e-7
190	5.806931494926856e-7
191	5.806452061706773e-7
192	5.805264699633887e-7
193	5.806894358013401e-7
194	5.806159715767202e-7
195	5.807150736495184e-7
196	5.806573961246238e-7
197	5.805141846976647e-7
198	5.80471135507319e-7
199	5.805394907743189e-7
200	5.805213977072241e-7
201	5.802886895073497e-7
202	5.801919623441827e-7
203	5.800477521696419e-7
204	5.799471726019429e-7
205	5.798105399289824e-7
206	5.797149366688264e-7
207	5.794459474297084e-7
208	5.792481755321565e-7
209	5.790991848453081e-7
210	5.787999285917255e-7
211	5.787059732970688e-7
212	5.7842322637644e-7
213	5.781458182060181e-7
214	5.780020891406179e-7
215	5.776817620883033e-7
216	5.773623320745274e-7
217	5.772118082277257e-7
218	5.767665437951547e-7
219	5.764446708598651e-7
220	5.744496917649237e-7
221	5.742227796658722e-7
222	5.737782944350004e-7
223	5.735136667005944e-7
224	5.733591705785726e-7
225	5.731103721215771e-7
226	5.741291634652362e-7
227	5.738216185948237e-7
228	5.733075487116621e-7
229	5.729041948165712e-7
230	5.724635682741051e-7
231	5.720841770494411e-7
232	5.717227106268225e-7
233	5.712752109722347e-7
234	5.707132307340279e-7
235	5.703181093306768e-7
236	5.698589756398795e-7
237	5.694498411075142e-7
238	5.689032537886053e-7
239	5.684403796584267e-7
240	5.679238533392345e-7
241	5.674592591808267e-7
242	5.655589627013458e-7
243	5.649022680864345e-7
244	5.645143302819766e-7
245	5.653365993003617e-7
246	5.647313037952968e-7
247	5.643663283891929e-7
248	5.63662166901564e-7
249	5.630091829896459e-7
250	5.62475667288558e-7
251	5.618690962935918e-7
252	5.612654196794943e-7
253	5.607689756953521e-7
254	5.599255689593014e-7
255	5.594872865033232e-7
256	5.586502256391e-7
257	5.581120261867655e-7
258	5.574699099043288e-7
259	5.563165253524922e-7
260	5.560165527740082e-7
261	5.552722664448584e-7
262	5.546001773056063e-7
263	5.538469044581528e-7
264	5.530751042614025e-7
265	5.52507954967539e-7
266	5.515833238733819e-7
267	5.508157455729616e-7
268	5.500449996633591e-7
269	5.492534218957449e-7
270	5.484540815284434e-7
271	5.476014871062122e-7
272	5.467716411727966e-7
273	5.459448035753538e-7
274	5.450694748379382e-7
275	5.441825698115743e-7
276	5.432983238820078e-7
277	5.423837745272376e-7
278	5.414376186499952e-7
279	5.40493362376564e-7
280	5.395652955366628e-7
281	5.385702345699662e-7
282	5.375901137435128e-7
283	5.365847556814356e-7
284	5.355503876300616e-7
285	5.344462532106128e-7
286	5.334083602264991e-7
287	5.322971568327816e-7
288	5.312085858226783e-7
289	5.300651961857544e-7
290	5.289147467785382e-7
291	5.277170594612411e-7
292	5.264777632318482e-7
293	5.252383785720862e-7
294	5.239742430122056e-7
295	5.226868514562739e-7
296	5.213377998513097e-7
297	5.199528304697592e-7
298	5.185765265212457e-7
299	5.171596694530094e-7
300	5.156797230300111e-7
301	5.141934319409132e-7
302	5.126569723126304e-7
303	5.110735734232544e-7
304	5.094461899034386e-7
305	5.077763496552491e-7
306	5.060320328923438e-7
307	5.042756741742023e-7
308	5.024709599160046e-7
309	5.006235687366276e-7
310	4.986844482332554e-7
311	4.967146965761433e-7
312	4.946596922136929e-7
313	4.925755093137539e-7
314	4.903510189933945e-7
315	4.881053376746422e-7
316	4.856814622817643e-7
317	4.833852492485052e-7
318	4.808768283601324e-7
319	4.783030617906199e-7
320	4.75649178988045e-7
321	4.7285533381599435e-7
322	4.699986487260474e-7
323	4.669836152259706e-7
324	4.6392730821868646e-7
325	4.607254650412792e-7
326	4.573757930360956e-7
327	4.5392137004741153e-7
328	4.5027621946839225e-7
329	4.465024726248777e-7
330	4.42558540516363e-7
331	4.384766494092292e-7
332	4.3417135923357816e-7
333	4.297370808460418e-7
334	4.2500790579750734e-7
335	4.200884527798575e-7
336	4.1496278948387965e-7
337	4.0970114639101905e-7
338	4.0413353352061685e-7
339	3.97966169987675e-7
340	3.9172550473181637e-7
341	3.851573970512842e-7
342	3.7822243289274365e-7
343	3.7088172747366645e-7
344	3.6317753724419845e-7
345	3.5512938186739833e-7
346	3.4655207169257986e-7
347	3.374766526915145e-7
348	3.2786765931500744e-7
349	3.176872261606335e-7
350	3.068878953304962e-7
351	2.954253261939503e-7
352	2.83248559795031e-7
353	2.703047215490392e-7
354	2.565378370869409e-7
355	2.418892381412445e-7
356	2.2630316103452116e-7
357	2.0972454065124184e-7
358	1.921067294109595e-7
359	1.7341875293264614e-7
360	1.5365843313688788e-7
361	1.3287390394626735e-7
362	1.1119937122899854e-7
363	8.891416731114906e-8
364	6.653878425534692e-8
365	4.498128415535096e-8
366	2.571770178237033e-8
367	1.0842188926088877e-8
368	2.3911745721757518e-9
369	7.62953608783245e-11
370	0.
371	0.
372	0.
373	0.
374	0.
375	0.
376	0.
377	0.
378	0.
379	0.
380	0.
381	0.
382	0.
383	0.
384	0.
385	0.
386	0.
387	0.
388	0.
389	0.
390	0.
391	0.
392	0.
393	0.
394	0.
395	0.
396	0.
397	0.
398	0.
399	0.000028346263797394545
400	0.000018450832195741288
401	0.00001420310301630029
402	0.000011694486409632751
403	0.000010000355265555107
404	8.758644576684003e-6
405	7.805988746898357e-6
406	7.04605163135721e-6
407	6.425278803223721e-6
408	5.908826680387343e-6
409	5.4705582489365355e-6
410	5.090847576782734e-6
411	4.761239414683855e-6
412	4.475138796845041e-6
413	4.219771043157127e-6
414	3.992435001478371e-6
415	3.7873764188130696e-6
416	3.6050313168501783e-6
417	3.436034261373131e-6
418	3.2857404821396328e-6
419	3.1439488513437594e-6
420	3.0206942620927297e-6
421	2.8957704349181367e-6
422	2.793269014579304e-6
423	2.6896545704621264e-6
424	2.5941640324954127e-6
425	2.5104561548321624e-6
426	2.4240700361601387e-6
427	2.3500385781838484e-6
428	2.2781941196703343e-6
429	2.2083427736763784e-6
430	2.1462881642634738e-6
431	2.085081975605823e-6
432	2.0284351058552887e-6
433	1.9745913495138775e-6
434	1.9232256159291557e-6
435	1.87425868020456e-6
436	1.8285849923129487e-6
437	1.783752630888418e-6
438	1.742519848045803e-6
439	1.7028459210286929e-6
440	1.6632532930252245e-6
441	1.6283585260499492e-6
442	1.5925361726549576e-6
443	1.5584957684318226e-6
444	1.527186218449225e-6
445	1.4959864089198242e-6
446	1.4661038318569903e-6
447	1.4381180144285002e-6
448	1.410828410090661e-6
449	1.383219292228964e-6
450	1.3588216790585086e-6
451	1.3335770679905842e-6
452	1.3102486072733767e-6
453	1.2872266658505348e-6
454	1.2650893184437076e-6
455	1.244064394798055e-6
456	1.2232858850335225e-6
457	1.2024819561263027e-6
458	1.1846893797886006e-6
459	1.165984492095147e-6
460	1.146884277268614e-6
461	1.1281473313157437e-6
462	1.1124678562709347e-6
463	1.0967091469643857e-6
464	1.0805550049799262e-6
465	1.0646757069025385e-6
466	1.047824493545549e-6
467	1.0324388773325703e-6
468	1.019612135820225e-6
469	1.006737382647364e-6
470	9.928863457927597e-7
471	9.801029617868756e-7
472	9.663302405183539e-7
473	9.52259801503372e-7
474	9.387942349083441e-7
475	9.282956508960031e-7
476	9.178559572060979e-7
477	9.069069764796296e-7
478	8.971118461470628e-7
479	8.852391651261032e-7
480	8.746247690090296e-7
481	8.633721955443219e-7
482	8.516386611239204e-7
483	8.407284216303626e-7
484	8.332749121076354e-7
485	8.260332054734658e-7
486	8.155719655693899e-7
487	8.062746833966246e-7
488	7.993776349924969e-7
489	7.889539797626667e-7
490	7.83877229962861e-7
491	7.707876774266148e-7
492	7.622465376975919e-7
493	7.536977080907205e-7
494	7.472820571765983e-7
495	7.395501647873879e-7
496	7.308826750794882e-7
497	7.256868756086144e-7
498	7.181059265471745e-7
499	7.09590060201072e-7
500	7.043421879961978e-7
501	6.964420007689013e-7
502	6.915875879923385e-7
503	6.827970357672201e-7
504	6.771571869100841e-7
505	6.685210732436483e-7
506	6.646267495733713e-7
507	6.578759054825422e-7
508	6.558255047658629e-7
509	6.465437858926042e-7
510	6.406621076690019e-7
511	6.386507683334512e-7
512	6.407785517093663e-7
513	6.241054525657761e-7
514	6.204473208585552e-7
515	6.136414560024782e-7
516	6.082427385507109e-7
517	6.033305729472768e-7
518	5.997733851710816e-7
519	5.922522133997408e-7
520	5.905110762049955e-7
521	5.843306574722604e-7
522	5.770063189536205e-7
523	5.727494313570472e-7
524	5.702395260191464e-7
525	5.645302338342724e-7
526	5.609725103048705e-7
527	5.568377991492858e-7
528	5.51246724594119e-7
529	5.459358283420895e-7
530	5.40129413025012e-7
531	5.398563156093271e-7
532	5.356168836349917e-7
533	5.305775615208004e-7
534	5.275495377674043e-7
535	5.238333462979013e-7
536	5.165099241753705e-7
537	5.173842922701508e-7
538	5.116412244405028e-7
539	5.074870331747343e-7
540	5.040247976464395e-7
541	5.004199437896249e-7
542	4.995224886074266e-7
543	4.936453460186431e-7
544	4.906340759940233e-7
545	4.896290171041359e-7
546	4.846070374403878e-7
547	4.8540647580908e-7
548	4.779626462530611e-7
549	4.728081959394278e-7
550	4.695658441790375e-7
551	4.6765836144203815e-7
552	4.621092935225888e-7
553	4.61708031393191e-7
554	4.5829400139411195e-7
555	4.544087032550029e-7
556	4.5470019173585767e-7
557	4.5005135923128424e-7
558	4.499778529405624e-7
559	4.450389561850034e-7
560	4.416293290971312e-7
561	4.3951812238186514e-7
562	4.3614987369688695e-7
563	4.3912100509305697e-7
564	4.268793076950589e-7
565	4.2752272046610585e-7
566	4.255724056102804e-7
567	4.2260209302852824e-7
568	4.206684916657855e-7
569	4.1874715919326034e-7
570	4.152885827707153e-7
571	4.145615688761858e-7
572	4.086159673235781e-7
573	4.122916229174484e-7
574	4.0528827908458164e-7
575	4.0310745079357053e-7
576	3.9995100591666903e-7
577	3.978171763666948e-7
578	3.965194149639607e-7
579	3.940053056393201e-7
580	3.894856940550665e-7
581	3.8846784203626904e-7
582	3.90470630763672e-7
583	3.8354961236047206e-7
584	3.8382060492087614e-7
585	3.8057576385269713e-7
586	3.7663518982516264e-7
587	3.7762120413718666e-7
588	3.7339422955183474e-7
589	3.714751891662741e-7
590	3.713871079882341e-7
591	3.6843680212623674e-7
592	3.6511331202121634e-7
593	3.6584526115447935e-7
594	3.610320371606224e-7
595	3.6017747918294503e-7
596	3.59127470736635e-7
597	3.5689962072278097e-7
598	3.5512840149775865e-7
599	3.525956998209983e-7
600	3.5194255376721106e-7
601	3.4915573922554014e-7
602	3.480986199931337e-7
603	3.454908631720906e-7
604	3.4386953751048133e-7
605	3.42877366665842e-7
606	3.4193249912241305e-7
607	3.3762584375745884e-7
608	3.381455831312831e-7
609	3.3478250772402775e-7
610	3.322455026810922e-7
611	3.331191701617729e-7
612	3.323837960461379e-7
613	3.2776300828324244e-7
614	3.2852218785447797e-7
615	3.1979286588114746e-7
616	3.2147699753898904e-7
617	3.2294249927282345e-7
618	3.2150968653578804e-7
619	3.188938932777569e-7
620	3.215551791237012e-7
621	3.1469099661086394e-7
622	3.149611118107605e-7
623	3.137720751359638e-7
624	3.0995630168360263e-7
625	3.115797383120252e-7
626	3.0993072125758493e-7
627	3.084012180768613e-7
628	3.0765846493064143e-7
629	3.03982651242268e-7
630	3.038504411098691e-7
631	3.0300586457219314e-7
632	3.0068881877126614e-7
633	3.013962409699352e-7
634	2.9883564183469725e-7
635	2.9825289824336325e-7
636	2.974946296221561e-7
637	2.9563874359462185e-7
638	2.939500513895421e-7
639	2.931830451340161e-7
640	2.911779888046219e-7
641	2.92342881125579e-7
642	2.8955300932044263e-7
643	2.8660173326284266e-7
644	2.8686116079871775e-7
645	2.8441630117939287e-7
646	2.8115722658774606e-7
647	2.781302031966421e-7
648	2.784753541208656e-7
649	2.7968819011591205e-7
650	2.7976937586842326e-7
651	2.8107424041380624e-7
652	2.7922065658257436e-7
653	2.8116287871060127e-7
654	2.8144932323577835e-7
655	2.792076470255647e-7
656	2.788802072451987e-7
657	2.802243364128262e-7
658	2.7150195911497596e-7
659	2.729481044086612e-7
660	2.685850973356343e-7
661	2.6750865663737116e-7
662	2.680766109587482e-7
663	2.695647518046132e-7
664	2.6474649864126296e-7
665	2.6419812688398786e-7
666	2.6295425075934113e-7
667	2.6236450831469304e-7
668	2.613073745313083e-7
669	2.5917479448066005e-7
670	2.5997204323493043e-7
671	2.5799618414518937e-7
672	2.5608701888673883e-7
673	2.5554002407370474e-7
674	2.5508905268093745e-7
675	2.531805534432813e-7
676	2.498197543318753e-7
677	2.5139457361984706e-7
678	2.506653851978761e-7
679	2.489074596786095e-7
680	2.4773185167984733e-7
681	2.4869153936964603e-7
682	2.6026515117514537e-7
683	2.4745342730893637e-7
684	2.420743841500183e-7
685	2.440068920747237e-7
686	2.435077665399061e-7
687	2.425889396887528e-7
688	2.42704356220646e-7
689	2.441767417187949e-7
690	2.40739817995917e-7
691	2.3878614202934447e-7
692	2.399195677315314e-7
693	2.388910763892076e-7
694	2.3717811757390416e-7
695	2.3638211472002385e-7
696	2.3682832816570782e-7
697	2.348742715371328e-7
698	2.3055593202962014e-7
699	2.3053071847960495e-7
700	2.379335541272948e-7
701	2.32977584738477e-7
702	2.2989585205548008e-7
703	2.321676957944373e-7
704	2.284448073856828e-7
705	2.2886405952224963e-7
706	2.2622282231938282e-7
707	2.2869659250824812e-7
708	2.28491992663094e-7
709	2.2601197357035263e-7
710	2.2517177683220683e-7
711	2.243041390126803e-7
712	2.2826868960770953e-7
713	2.2139138811075883e-7
714	2.2109941527797529e-7
715	2.205096777909513e-7
716	2.2166185330037068e-7
717	2.2071642105112352e-7
718	2.192885280944528e-7
719	2.176108192717963e-7
720	2.1766319533569083e-7
721	2.1679102939827537e-7
722	2.1579463128416337e-7
723	2.1610465461946654e-7
724	2.145007607145005e-7
725	2.1492406124161764e-7
726	2.1210567208804898e-7
727	2.1525386867523473e-7
728	2.1252401055133964e-7
729	2.1211806022923996e-7
730	2.0983545724110808e-7
731	2.104800257830691e-7
732	2.0944314777710178e-7
733	2.0833102844127797e-7
734	2.0837899675446413e-7
735	2.080451912458392e-7
736	2.0565720301168564e-7
737	2.061796703837992e-7
738	2.0630040966333616e-7
739	2.0915039051016342e-7
740	2.0389310936268906e-7
741	2.0447079740529538e-7
742	2.0078319717083578e-7
743	2.0189697011917478e-7
744	2.0209374238893143e-7
745	2.013612323344681e-7
746	2.0202544662858147e-7
747	2.008913954434441e-7
748	1.9903161658711124e-7
749	1.9979109511312413e-7
750	1.9746625073764434e-7
751	1.9676918015306002e-7
752	1.9839471830639197e-7
753	1.950292218689696e-7
754	1.955884200838634e-7
755	1.9536059945176333e-7
756	1.938029142866995e-7
757	1.9487252328610257e-7
758	1.9549114880079378e-7
759	1.9414677097214838e-7
760	1.9231771706414283e-7
761	1.9187835318063145e-7
762	1.9173778733291589e-7
763	1.9034576896116585e-7
764	1.8982683806731883e-7
765	1.901322364763539e-7
766	1.8930127224760845e-7
767	1.8863711315833974e-7
768	1.8792779331984258e-7
769	1.8843944369115348e-7
770	1.8819806811037237e-7
771	1.887460185137865e-7
772	1.8735671287767295e-7
773	1.8596458515434104e-7
774	1.839218801495813e-7
775	1.8405122785373024e-7
776	1.8565134336806316e-7
777	1.8467469674656826e-7
778	1.8346079885226042e-7
779	1.8277504756973477e-7
780	1.830971747543943e-7
781	1.8236895843560002e-7
782	1.8142313950489106e-7
783	1.8109958625319798e-7
784	1.8168517492907897e-7
785	1.8164498103765966e-7
786	1.813347082029975e-7
787	1.793811725420699e-7
788	1.7789955978142872e-7
789	1.7920900070486514e-7
790	1.7791406440356271e-7
791	1.7646485311854124e-7
792	1.7655101305781227e-7
793	1.772113961801548e-7
794	1.7509662388795656e-7
795	1.7667003969482252e-7
796	1.761306215573167e-7
797	1.743359198343163e-7
798	1.7434395674827324e-7
799	1.742375484775562e-7
800	1.7341557162283863e-7
801	1.7330063560458527e-7
802	1.7308077972586828e-7
803	1.6943023712886697e-7
804	1.7038524572263109e-7
805	1.713105293619845e-7
806	1.712398831709125e-7
807	1.6929706143327847e-7
808	1.7031609739012083e-7
809	1.7057917135610818e-7
810	1.6759759986670382e-7
811	1.6921775370427995e-7
812	1.694105514016015e-7
813	1.675880833473677e-7
814	1.6765748891452437e-7
815	1.6852541002683976e-7
816	1.6803465920030377e-7
817	1.6555188121368176e-7
818	1.632805133126421e-7
819	1.6494086589663745e-7
820	1.6704200468769592e-7
821	1.6211429197907576e-7
822	1.6356975848376378e-7
823	1.6468140910150194e-7
824	1.651954248106987e-7
825	1.6312115740405069e-7
826	1.636804566499068e-7
827	1.607772282028615e-7
828	1.633563638504092e-7
829	1.628634519123927e-7
830	1.6206874630661528e-7
831	1.6382740665892958e-7
832	1.6091065415377507e-7
833	1.5874441975575855e-7
834	1.607497964988786e-7
835	1.617270510412027e-7
836	1.6102069976824469e-7
837	1.583377491184081e-7
838	1.5683977516577377e-7
839	1.5706800310114632e-7
840	1.5774386246753822e-7
841	1.5815245531113887e-7
842	1.5695432584767791e-7
843	1.5434570838248387e-7
844	1.5185994775665774e-7
845	1.5625151224986944e-7
846	1.566236290518499e-7
847	1.5844609234759186e-7
848	1.5802786829500875e-7
849	1.5669227620679153e-7
850	1.5486515560498e-7
851	1.554840438935071e-7
852	1.537985041221639e-7
853	1.5584288460312934e-7
854	1.573073068768593e-7
855	1.5409417294631912e-7
856	1.5145935507064294e-7
857	1.4978932914114364e-7
858	1.4981602885275901e-7
859	1.49613195798399e-7
860	1.503589127842836e-7
861	1.517357237494532e-7
862	1.5245668734879933e-7
863	1.4742880686313414e-7
864	1.483080544654353e-7
865	1.493091133605003e-7
866	1.490666013175431e-7
867	1.5020881945205052e-7
868	1.484635096268129e-7
869	1.4915645693993073e-7
870	1.4728094048284327e-7
871	1.4842787535010909e-7
872	1.4845063149004958e-7
873	1.479706866643122e-7
874	1.47296528151131e-7
875	1.4879801456984012e-7
876	1.473563599433327e-7
877	1.4781890833004262e-7
878	1.5550348450569118e-7
879	1.4684532094834784e-7
880	1.4495327781915544e-7
881	1.4610073344341924e-7
882	1.449367008109712e-7
883	1.4675585314695976e-7
884	1.44377372904647e-7
885	1.443221451909342e-7
886	1.4202128672873432e-7
887	1.4332480335829755e-7
888	1.4153309572174227e-7
889	1.424600501356321e-7
890	1.416546046168194e-7
891	1.417164955512012e-7
892	1.41219976658441e-7
893	1.4115042817129614e-7
894	1.3840027915479538e-7
895	1.380566732586276e-7
896	1.3878504130699243e-7
897	1.3975869272851975e-7
898	1.3845598331291313e-7
899	1.394508262394727e-7
900	1.388639343905744e-7
901	1.3867560501013818e-7
902	1.3793819546972894e-7
903	1.3719287611223465e-7
904	1.3693301994936902e-7
905	1.3702004459225178e-7
906	1.3550720899695578e-7
907	1.3924200587839708e-7
908	1.3762231549138514e-7
909	1.3369566820089252e-7
910	1.3775710307932142e-7
911	1.3557978084573209e-7
912	1.3717911749152757e-7
913	1.3630957722732912e-7
914	1.363380862661938e-7
915	1.3525962219033422e-7
916	1.3485512235084154e-7
917	1.362456897324916e-7
918	1.3288047389445946e-7
919	1.3252094444421408e-7
920	1.3392455937880602e-7
921	1.3354495089783822e-7
922	1.3213365610595615e-7
923	1.3252076940585177e-7
924	1.322680925717228e-7
925	1.3464470218983245e-7
926	1.3415476072460024e-7
927	1.3230814207123122e-7
928	1.322717766380276e-7
929	1.3442292468189202e-7
930	1.325419025283614e-7
931	1.2937590869584804e-7
932	1.312033455695961e-7
933	1.3168345988139154e-7
934	1.3027974162050263e-7
935	1.2993552821556524e-7
936	1.309663285439175e-7
937	1.2992999787344697e-7
938	1.3078554667145992e-7
939	1.3046885642992844e-7
940	1.3193550074111612e-7
941	1.3224142964747817e-7
942	1.3221395491666812e-7
943	1.2770448922553882e-7
944	1.2768004852505794e-7
945	1.281666707164306e-7
946	1.2747146308455303e-7
947	1.2753484212785914e-7
948	1.2615176859065207e-7
949	1.2803322423621254e-7
950	1.2585782194888567e-7
951	1.3960220612372058e-7
952	1.233457935837099e-7
953	1.252943180092482e-7
954	1.2403156111148738e-7
955	1.2841197244398365e-7
956	1.297920233552309e-7
957	1.2813067579102732e-7
958	1.2751477597750394e-7
959	1.3164491155684534e-7
960	1.238299072334976e-7
961	1.2415849656795808e-7
962	1.2399076983972562e-7
963	1.247141248347531e-7
964	1.2308295614558833e-7
965	1.2095251853010126e-7
966	1.232994568931368e-7
967	1.2164526436999644e-7
968	1.2220454507196124e-7
969	1.2251031434256977e-7
970	1.2242543967412254e-7
971	1.2277528742275374e-7
972	1.230371486971092e-7
973	1.2177449133755994e-7
974	1.2322048127293012e-7
975	1.2213650877456546e-7
976	1.2182476423528837e-7
977	1.208694284421126e-7
978	1.2223820825644346e-7
979	1.2038308750781436e-7
980	1.233830619233908e-7
981	1.2140162022307006e-7
982	1.197910504929917e-7
983	1.2047420035100826e-7
984	1.1583950879799113e-7
985	1.1641800528648254e-7
986	1.198536602578648e-7
987	1.1565338238224868e-7
988	1.1946719589218752e-7
989	1.1790849679769239e-7
990	1.1754568718122727e-7
991	1.1866681003581112e-7
992	1.1771043575059953e-7
993	1.1691325146936983e-7
994	1.1795222115493983e-7
995	1.1690521541882064e-7
996	1.1624916336571146e-7
997	1.1795341110784481e-7
998	1.1604851958057986e-7
999	1.1631090892321353e-7
1000	1.1632369493490762e-7
1001	1.1349036515347225e-7
1002	1.1578568015713503e-7
1003	1.1015920633717537e-7
1004	1.1191236185839791e-7
1005	1.1373280844449215e-7
1006	1.1385795476936759e-7
1007	1.135351714103577e-7
1008	1.141950807330837e-7
1009	1.1406297072025245e-7
1010	1.132190235269155e-7
1011	1.1226808684525768e-7
1012	1.1469980717021366e-7
1013	1.1255306767860843e-7
1014	1.1264180019204484e-7
1015	1.130427289048164e-7
1016	1.1349344652364642e-7
1017	1.1191611497808755e-7
1018	1.1410968478536053e-7
1019	1.1481909301413756e-7
1020	1.1376059867423245e-7
1021	1.1388776624664662e-7
1022	1.1286810743237536e-7
1023	1.1273487090066166e-7
1024	1.1048024213698287e-7
1025	1.1110692681026007e-7
1026	1.1111527615002569e-7
1027	1.1056747348495427e-7
1028	1.1220225618883718e-7
1029	1.0876114616414392e-7
1030	1.1107011470785555e-7
1031	1.1118497059055616e-7
1032	1.1021507066784044e-7
1033	1.1200134598984587e-7
1034	1.128870118013972e-7
1035	1.1502979832926622e-7
1036	1.1055676507453033e-7
1037	1.112743615130816e-7
1038	1.0989701832241591e-7
1039	1.1013362317491823e-7
1040	1.0897221338767181e-7
1041	1.0980149364903784e-7
1042	1.0762080255857252e-7
1043	1.0785189939015233e-7
1044	1.0838647046306498e-7
1045	1.0824751863877007e-7
1046	1.093675380819826e-7
1047	1.0898950503662767e-7
1048	1.0856917221036941e-7
1049	1.0754881918498356e-7
1050	1.0826213975955154e-7
1051	1.1010353535483916e-7
1052	1.0611525912635955e-7
1053	1.0501257621622281e-7
1054	1.058918136985592e-7
1055	1.0609660791181918e-7
1056	1.0816907703778222e-7
1057	1.0663356605233798e-7
1058	1.0815643397905446e-7
1059	1.084735068900525e-7
1060	1.0541623255185736e-7
1061	1.0424976645763587e-7
1062	1.0488483286892723e-7
1063	1.0628501042564067e-7
1064	1.0730389292952421e-7
1065	1.037422643042427e-7
1066	1.0642089823190363e-7
1067	1.0308563348262849e-7
1068	1.0345981038558077e-7
1069	1.0306620261392708e-7
1070	1.0552303761101227e-7
1071	1.0703913795721535e-7
1072	1.0249255360529206e-7
1073	1.0454042520200962e-7
1074	1.0610554558037721e-7
1075	1.0593939269496957e-7
1076	1.0854708221587646e-7
1077	1.0804046448923189e-7
1078	1.0163099723032206e-7
1079	1.0140938227971087e-7
1080	1.0206335884464042e-7
1081	1.0203385072200874e-7
1082	1.0090570345308423e-7
1083	1.0223672266449641e-7
1084	1.010233859883373e-7
1085	1.0174963412746237e-7
1086	9.994694343176326e-8
1087	1.0003976849234178e-7
1088	1.003996176661963e-7
1089	9.981433385707855e-8
1090	1.0159576397993402e-7
1091	1.0074085132592653e-7
1092	1.0116494838712385e-7
1093	1.0117324662647287e-7
1094	1.0099132802435293e-7
1095	1.0095433338245647e-7
1096	1.0002770991397754e-7
1097	1.0015434229102548e-7
1098	1.0056781979251064e-7
1099	1.023666666475367e-7
1100	1.0078959373438253e-7
1101	1.0069757129592851e-7
1102	9.918900819409639e-8
1103	9.961625202122451e-8
1104	9.802926470002257e-8
1105	1.0048560821659788e-7
1106	9.888860829392558e-8
1107	1.0014865367762422e-7
1108	9.6752872601943e-8
1109	9.893344230771776e-8
1110	9.857334373501664e-8
1111	9.865665985125254e-8
1112	9.936770840502248e-8
1113	9.734580082392486e-8
1114	9.720773824213987e-8
1115	9.731517844856053e-8
1116	9.75576607856325e-8
1117	9.722294601345993e-8
1118	9.701283041487947e-8
1119	9.583880620815896e-8
1120	9.54357193937561e-8
1121	9.485090912191617e-8
1122	9.77122091071585e-8
1123	9.631113204620629e-8
1124	9.857069952366091e-8
1125	9.381970153187949e-8
1126	9.353422965688363e-8
1127	9.550410049331069e-8
1128	9.610874685986221e-8
1129	9.544311537023462e-8
1130	9.531644833974316e-8
1131	9.634888675810573e-8
1132	9.606906065897037e-8
1133	9.637127956590152e-8
1134	9.468663243501183e-8
1135	9.371495608477965e-8
1136	9.444039475059965e-8
1137	9.446152689098639e-8
1138	9.57138278629161e-8
1139	9.329351061407109e-8
1140	9.31024888413922e-8
1141	9.299883408839771e-8
1142	9.372601026699904e-8
1143	9.40036419112439e-8
1144	9.377204745184268e-8
1145	9.232691564833432e-8
1146	9.327709678219701e-8
1147	9.356595694830076e-8
1148	9.29909771285738e-8
1149	9.345628584324842e-8
1150	9.308831963175236e-8
1151	9.236892903922351e-8
1152	9.580341135732279e-8
1153	9.214147376866327e-8
1154	9.192905091568621e-8
1155	9.195701794351745e-8
1156	9.056513685911292e-8
1157	9.177247617545585e-8
1158	9.21072624858221e-8
1159	9.078775377412527e-8
1160	8.809105699709951e-8
1161	9.124288087231011e-8
1162	9.169298214058641e-8
1163	9.221057949523625e-8
1164	9.083740072832619e-8
1165	9.022846787257551e-8
1166	9.104925742735093e-8
1167	9.10165023191032e-8
1168	9.046426075644138e-8
1169	9.017190457796302e-8
1170	8.995215939315931e-8
1171	9.055642933231419e-8
1172	8.977573380511644e-8
1173	9.076849839285493e-8
1174	8.751099930391471e-8
1175	9.052459800781324e-8
1176	9.099482316224032e-8
1177	9.017952325551782e-8
1178	8.865633319446284e-8
1179	9.041508391880827e-8
1180	8.88427699397376e-8
1181	8.90614012956354e-8
1182	8.870884087952941e-8
1183	8.90815808893766e-8
1184	8.921731204880649e-8
1185	8.720720560706642e-8
1186	8.854045032435968e-8
1187	8.786944547752068e-8
1188	8.759395507948162e-8
1189	8.789192322623127e-8
1190	8.747094750640253e-8
1191	8.741195925119988e-8
1192	8.706492924860064e-8
1193	8.691244268233297e-8
1194	8.729349548500088e-8
1195	8.714619926900344e-8
1196	8.673843410504648e-8
1197	8.638622027538226e-8
1198	8.619201969274984e-8
1199	8.669389594556722e-8
1200	8.610361772875062e-8
1201	8.501636437703098e-8
1202	8.630568076212758e-8
1203	8.626945980011964e-8
1204	8.62391404263651e-8
1205	8.437605623159833e-8
1206	8.494724248761222e-8
1207	8.55944730335711e-8
1208	8.51576399601162e-8
1209	8.511883099850735e-8
1210	8.626192411958158e-8
1211	8.498566475229028e-8
1212	8.526775570420954e-8
1213	8.579660555671512e-8
1214	8.627366038962127e-8
1215	8.549863891583411e-8
1216	8.515357418866592e-8
1217	8.616860109378728e-8
1218	8.549743447868627e-8
1219	8.504338850275811e-8
1220	8.431035929353672e-8
1221	8.498554415112995e-8
1222	8.506889783554235e-8
1223	8.471142544235767e-8
1224	8.483020593366727e-8
1225	8.461368701366074e-8
1226	8.487018412668786e-8
1227	8.3379395052168e-8
1228	8.326998515540722e-8
1229	8.306524601191621e-8
1230	8.244004333919103e-8
1231	8.317123584496352e-8
1232	8.362433467425795e-8
1233	8.314755805637409e-8
1234	8.35248619576647e-8
1235	8.281249626020357e-8
1236	8.324021095552383e-8
1237	8.313125717797652e-8
1238	8.194135838486204e-8
1239	8.197816535316001e-8
1240	8.253291337479391e-8
1241	8.345457554311236e-8
1242	8.31255461016484e-8
1243	8.227613237156154e-8
1244	8.24004134848981e-8
1245	8.220989793520694e-8
1246	8.24228677598816e-8
1247	8.222853119457446e-8
1248	8.072657796577273e-8
1249	8.195108439545893e-8
1250	8.114608051341026e-8
1251	8.088232303639632e-8
1252	8.048506333383902e-8
1253	8.095910695545015e-8
1254	8.043531961101891e-8
1255	8.042548009898218e-8
1256	8.077940433380823e-8
1257	7.955165259588944e-8
1258	8.060331567734806e-8
1259	7.98909428550532e-8
1260	7.908303642875867e-8
1261	7.857875971884572e-8
1262	7.844930944545935e-8
1263	7.882335072368247e-8
1264	8.011692679670744e-8
1265	7.901650800966261e-8
1266	7.910418858985467e-8
1267	7.918922651510153e-8
1268	7.921161828355608e-8
1269	7.939385520317346e-8
1270	7.890437209634178e-8
1271	7.81541222020264e-8
1272	7.866225441827613e-8
1273	7.853043868479144e-8
1274	7.698838484780208e-8
1275	7.849098050912949e-8
1276	7.754339485140222e-8
1277	7.801724032775606e-8
1278	7.747155738997609e-8
1279	7.773152714829427e-8
1280	7.729618314092554e-8
1281	7.749198306441252e-8
1282	7.745557360781732e-8
1283	7.72695884876993e-8
1284	7.764584477121218e-8
1285	7.755759424276931e-8
1286	7.727272963521485e-8
1287	7.728383330319871e-8
1288	7.700643350087035e-8
1289	7.714082413181349e-8
1290	7.67433099439427e-8
1291	7.642815146427691e-8
1292	7.61125180925287e-8
1293	7.655176815274238e-8
1294	7.588035238370301e-8
1295	7.587208332705124e-8
1296	7.600340502336294e-8
1297	7.537558213790995e-8
1298	7.546748013720198e-8
1299	7.593503575442885e-8
1300	7.606935009908171e-8
1301	7.521248246200157e-8
1302	7.505369901010836e-8
1303	7.469141591288015e-8
1304	7.511623496764166e-8
1305	7.509663116886974e-8
1306	7.602385543556897e-8
1307	7.47185014069051e-8
1308	7.46960852073403e-8
1309	7.485096405557971e-8
1310	7.47904475699298e-8
1311	7.477608122617837e-8
1312	7.424567829346847e-8
1313	7.421766683627383e-8
1314	7.419384262121738e-8
1315	7.390826524973833e-8
1316	7.39699869163898e-8
1317	7.415655055138505e-8
1318	7.39404944333446e-8
1319	7.39753086863835e-8
1320	7.367863288505523e-8
1321	7.315275137219565e-8
1322	7.387648699981382e-8
1323	7.286576215933335e-8
1324	7.317302888017768e-8
1325	7.310735784739652e-8
1326	7.299498457463174e-8
1327	7.325602212343657e-8
1328	7.290679234897454e-8
1329	7.224793747585748e-8
1330	7.343170673509501e-8
1331	7.255017565887523e-8
1332	7.226675261602096e-8
1333	7.229056942030501e-8
1334	7.194642247333271e-8
1335	7.234110484078585e-8
1336	7.229681220799332e-8
1337	7.201499293634878e-8
1338	7.220375778193728e-8
1339	7.190517350638016e-8
1340	7.195626125102079e-8
1341	7.145499125208306e-8
1342	7.167810717819184e-8
1343	7.15213636427679e-8
1344	7.137263049178661e-8
1345	7.105469696250803e-8
1346	7.119846285023506e-8
1347	7.095555637380545e-8
1348	7.075620301952176e-8
1349	7.076318447003556e-8
1350	7.044476322295892e-8
1351	7.04214353175061e-8
1352	7.019427483704942e-8
1353	7.062167560018932e-8
1354	7.045032335574416e-8
1355	6.995022254373848e-8
1356	7.058922177635819e-8
1357	7.066707281776757e-8
1358	7.075492462852374e-8
1359	7.059676878363515e-8
1360	7.017671809662722e-8
1361	6.976294366764543e-8
1362	7.027555665040971e-8
1363	6.989795406310178e-8
1364	6.979279250790435e-8
1365	6.924886343697908e-8
1366	6.917316789728061e-8
1367	6.970157641473192e-8
1368	6.914501832928309e-8
1369	6.927180897763098e-8
1370	6.939660869060074e-8
1371	6.912895262824059e-8
1372	6.896790844781534e-8
1373	6.896832423652262e-8
1374	6.884872027813411e-8
1375	6.872880982954663e-8
1376	6.859763832956169e-8
1377	6.854611725050438e-8
1378	6.811488551701805e-8
1379	6.803035727405079e-8
1380	6.793964915920785e-8
1381	6.766681077892503e-8
1382	6.768983972380091e-8
1383	6.771079388331684e-8
1384	6.765952952021416e-8
1385	6.826046864941192e-8
1386	6.762612333552167e-8
1387	6.757810786959864e-8
1388	6.739628809733776e-8
1389	6.753549423797377e-8
1390	6.729876005740537e-8
1391	6.782439484583253e-8
1392	6.700867693784916e-8
1393	6.693363558224737e-8
1394	6.669617008572568e-8
1395	6.6590592562722e-8
1396	6.654972505832008e-8
1397	6.658223093436729e-8
1398	6.676607622655758e-8
1399	6.638293579177389e-8
1400	6.612380699460132e-8
1401	6.621518667821527e-8
1402	6.617114840960507e-8
1403	6.606765343847569e-8
1404	6.621607366643907e-8
1405	6.594757286323802e-8
1406	6.600714731773703e-8
1407	6.589917466053495e-8
1408	6.611583138796999e-8
1409	6.581981290012089e-8
1410	6.550609090705067e-8
1411	6.520125869266986e-8
1412	6.520793404094193e-8
1413	6.531265798030777e-8
1414	6.524336115176911e-8
1415	6.522437440002279e-8
1416	6.48374787588308e-8
1417	6.49337641623995e-8
1418	6.481764169524722e-8
1419	6.472226010791945e-8
1420	6.479184288987497e-8
1421	6.458333833623976e-8
1422	6.454403807699187e-8
1423	6.438184160841734e-8
1424	6.403390445550455e-8
1425	6.434839779694993e-8
1426	6.430961358256608e-8
1427	6.438148846520136e-8
1428	6.381415558275918e-8
1429	6.376459807826697e-8
1430	6.37795524811308e-8
1431	6.382112795179618e-8
1432	6.378075717491368e-8
1433	6.365789246490067e-8
1434	6.346163955582396e-8
1435	6.338356236173161e-8
1436	6.331588704261182e-8
1437	6.323764357603336e-8
1438	6.358055411205738e-8
1439	6.29526885221945e-8
1440	6.301984771315681e-8
1441	6.297686701466209e-8
1442	6.27398991943278e-8
1443	6.270964829250384e-8
1444	6.278783974480895e-8
1445	6.277063726046763e-8
1446	6.268205362957784e-8
1447	6.244606135686194e-8
1448	6.250266562188389e-8
1449	6.243018787542106e-8
1450	6.18329745094045e-8
1451	6.226927274334773e-8
1452	6.17547179307894e-8
1453	6.17937196798579e-8
1454	6.176597135669347e-8
1455	6.169555170188918e-8
1456	6.181765208803953e-8
1457	6.143689385944479e-8
1458	6.149378154115287e-8
1459	6.233344562409931e-8
1460	6.166359772042014e-8
1461	6.149704847856657e-8
1462	6.135498839414589e-8
1463	6.121337046627354e-8
1464	6.114183102510759e-8
1465	6.099088120075628e-8
1466	6.100740019903482e-8
1467	6.085256847119317e-8
1468	6.097709078707875e-8
1469	6.075916925380781e-8
1470	6.086526442043992e-8
1471	6.070997803732467e-8
1472	6.058240842368292e-8
1473	6.037891336210864e-8
1474	6.03301303367981e-8
1475	6.034234168259838e-8
1476	6.021871775107519e-8
1477	6.025446704311045e-8
1478	6.020887396206445e-8
1479	6.002772472131639e-8
1480	5.990032907395827e-8
1481	5.988587600655668e-8
1482	5.958901482893786e-8
1483	5.961708366721162e-8
1484	5.958443130955582e-8
1485	5.9493242119244855e-8
1486	5.955259301123047e-8
1487	5.94973440921291e-8
1488	5.932758553382012e-8
1489	5.9260178790870434e-8
1490	5.917988035387106e-8
1491	5.909801966172928e-8
1492	5.907881616495316e-8
1493	5.894730347179402e-8
1494	5.903596501075022e-8
1495	5.89968716195829e-8
1496	5.885226912157291e-8
1497	5.897135618651443e-8
1498	5.8659593495737695e-8
1499	5.866935183748422e-8
1500	5.8448097603753375e-8
1501	5.852022499880939e-8
1502	5.84629634161179e-8
1503	5.83641566696968e-8
1504	5.8066239327264545e-8
1505	5.8156639224400247e-8
1506	5.8069268824062785e-8
1507	5.8075885120671215e-8
1508	5.7885707869625654e-8
1509	5.784760624304302e-8
1510	5.7799109091658393e-8
1511	5.779168134372835e-8
1512	5.7705900715451324e-8
1513	5.7592401750605104e-8
1514	5.749209387742076e-8
1515	5.7313479495610805e-8
1516	5.731696753454661e-8
1517	5.7246329971097205e-8
1518	5.72363090737458e-8
1519	5.708526566523677e-8
1520	5.705956258502341e-8
1521	5.7048228682895514e-8
1522	5.695118230567172e-8
1523	5.691353765740125e-8
1524	5.678627763475905e-8
1525	5.682664788179728e-8
1526	5.6591230086632446e-8
1527	5.646007563617332e-8
1528	5.641416034611203e-8
1529	5.6484734933371936e-8
1530	5.6377414826380976e-8
1531	5.634105960136482e-8
1532	5.624783482089794e-8
1533	5.615979942352357e-8
1534	5.6077177112843714e-8
1535	5.60562906344057e-8
1536	5.597838652739763e-8
1537	5.583019096525845e-8
1538	5.5800243417365557e-8
1539	5.569680416120259e-8
1540	5.56538342843821e-8
1541	5.562167980471362e-8
1542	5.555540649982299e-8
1543	5.540017976790909e-8
1544	5.537041745500931e-8
1545	5.5312934472392e-8
1546	5.5296904608394495e-8
1547	5.522223202069125e-8
1548	5.515600473442923e-8
1549	5.505546100991192e-8
1550	5.497256815867724e-8
1551	5.4835610774036386e-8
1552	5.4833975571411366e-8
1553	5.476653281887694e-8
1554	5.470931737606843e-8
1555	5.4613954550941067e-8
1556	5.453122713973035e-8
1557	5.4494212105100205e-8
1558	5.440095614948229e-8
1559	5.4349357660834304e-8
1560	5.433377724632833e-8
1561	5.424320311527445e-8
1562	5.417510557273282e-8
1563	5.414955264445423e-8
1564	5.410314236943165e-8
1565	5.402779009058783e-8
1566	5.3939405853050485e-8
1567	5.38711492867755e-8
1568	5.376156461035478e-8
1569	5.372156491453415e-8
1570	5.361352960599354e-8
1571	5.3602961864245846e-8
1572	5.353057074491501e-8
1573	5.3488277049303446e-8
1574	5.340344248626237e-8
1575	5.334857003225838e-8
1576	5.329352309341438e-8
1577	5.320391974590362e-8
1578	5.301856710786557e-8
1579	5.306410366759388e-8
1580	5.2963900120533237e-8
1581	5.293698535746821e-8
1582	5.287335793656599e-8
1583	5.280533230990879e-8
1584	5.2656833942144566e-8
1585	5.2653477785969937e-8
1586	5.257714925986502e-8
1587	5.2531256715543494e-8
1588	5.246646072850143e-8
1589	5.2353095409273826e-8
1590	5.235218604198209e-8
1591	5.226252570373605e-8
1592	5.223465861395944e-8
1593	5.2188737061826725e-8
1594	5.2017218968243235e-8
1595	5.204485550677689e-8
1596	5.200550384491657e-8
1597	5.191700344760486e-8
1598	5.1809354801796866e-8
1599	5.185446635207814e-8
1600	5.175639957724266e-8
1601	5.163937405768962e-8
1602	5.1538506411851596e-8
1603	5.1497043474113224e-8
1604	5.141261755425715e-8
1605	5.1391090323055927e-8
1606	5.1305740231735204e-8
1607	5.123812841230121e-8
1608	5.117367882007034e-8
1609	5.115856228533371e-8
1610	5.1079827274449785e-8
1611	5.1019383269740456e-8
1612	5.093796504818722e-8
1613	5.0904523023687324e-8
1614	5.086531374079071e-8
1615	5.078558808079386e-8
1616	5.073014882450523e-8
1617	5.0677609040965455e-8
1618	5.057956770318897e-8
1619	5.0509139143727363e-8
1620	5.0437152493687005e-8
1621	5.039874826329433e-8
1622	5.0330412910003614e-8
1623	5.025317688905843e-8
1624	5.022328991499764e-8
1625	5.0168626045674694e-8
1626	5.0084878801768376e-8
1627	5.004513118457939e-8
1628	5.0004134103540155e-8
1629	4.990783362363462e-8
1630	4.98317733722667e-8
1631	4.978047909592836e-8
1632	4.9718245383499697e-8
1633	4.967328853389156e-8
1634	4.962102926302567e-8
1635	4.956178429048379e-8
1636	4.9518517983572326e-8
1637	4.943439420977809e-8
1638	4.937280552160351e-8
1639	4.917913109307175e-8
1640	4.927962364920574e-8
1641	4.922495896920516e-8
1642	4.915287299704275e-8
1643	4.9111433410553016e-8
1644	4.9051985873400454e-8
1645	4.8974112375821976e-8
1646	4.891215572699441e-8
1647	4.8853201045376384e-8
1648	4.8803753954171976e-8
1649	4.8771166519648334e-8
1650	4.868192491465125e-8
1651	4.863872905748858e-8
1652	4.85721367419239e-8
1653	4.8474293096601936e-8
1654	4.8473173262399894e-8
1655	4.840400471219144e-8
1656	4.834570298844162e-8
1657	4.829433405415469e-8
1658	4.822906783331238e-8
1659	4.8186521940611363e-8
1660	4.810465386523444e-8
1661	4.805306069504948e-8
1662	4.799437208994712e-8
1663	4.793489771041287e-8
1664	4.7875132369913065e-8
1665	4.78251194526538e-8
1666	4.776443251730042e-8
1667	4.7703026415322597e-8
1668	4.76602821014613e-8
1669	4.758563128369834e-8
1670	4.7531874099115644e-8
1671	4.745767814531117e-8
1672	4.7404966938307294e-8
1673	4.7355660861457774e-8
1674	4.7291632926979595e-8
1675	4.7241254408602044e-8
1676	4.7201197320178964e-8
1677	4.712889705426476e-8
1678	4.707806705289007e-8
1679	4.7017847483938066e-8
1680	4.695435415076489e-8
1681	4.690703198709407e-8
1682	4.6844367031619303e-8
1683	4.679346259048146e-8
1684	4.67506074397885e-8
1685	4.664435160366858e-8
1686	4.6595444370266196e-8
1687	4.65638080404126e-8
1688	4.6513982193085855e-8
1689	4.6484972184607165e-8
1690	4.6440057052455095e-8
1691	4.63586845434035e-8
1692	4.629932092080423e-8
1693	4.625725638400911e-8
1694	4.619584359148424e-8
1695	4.613467787563811e-8
1696	4.6081497980480543e-8
1697	4.6030183216987426e-8
1698	4.5978687932649946e-8
1699	4.592880797106578e-8
1700	4.5877458747959125e-8
1701	4.580476961581205e-8
1702	4.575532263956408e-8
1703	4.569926924304647e-8
1704	4.564687108563867e-8
1705	4.558796412022243e-8
1706	4.5536429721020504e-8
1707	4.5478872410429846e-8
1708	4.541757022199851e-8
1709	4.536690238375622e-8
1710	4.5314538341333675e-8
1711	4.5273349078965705e-8
1712	4.520682500620585e-8
1713	4.5160631005382505e-8
1714	4.51048777784483e-8
1715	4.5052732137648896e-8
1716	4.5003947428565296e-8
1717	4.4941091504890695e-8
1718	4.489089812269867e-8
1719	4.484618033980913e-8
1720	4.4793298535052785e-8
1721	4.474392853866802e-8
1722	4.468201652565636e-8
1723	4.463110793816302e-8
1724	4.458561536683781e-8
1725	4.4526559632198036e-8
1726	4.447674939364365e-8
1727	4.4425068505543426e-8
1728	4.437703820632858e-8
1729	4.432403353434596e-8
1730	4.427840013417941e-8
1731	4.421907427880034e-8
1732	4.4154385250729124e-8
1733	4.4103396497838495e-8
1734	4.406136841202967e-8
1735	4.401084434065043e-8
1736	4.3959407542064244e-8
1737	4.390399281681333e-8
1738	4.3855052263317405e-8
1739	4.3807996553136804e-8
1740	4.3734763177615664e-8
1741	4.370113691969299e-8
1742	4.365011527370354e-8
1743	4.360218603827795e-8
1744	4.35464677522237e-8
1745	4.349576441064886e-8
1746	4.3450666978945077e-8
1747	4.339763499713891e-8
1748	4.33476911563155e-8
1749	4.329124917630666e-8
1750	4.3242634996808424e-8
1751	4.319583449474071e-8
1752	4.3146308603586235e-8
1753	4.3095719743367514e-8
1754	4.304662876007279e-8
1755	4.298753370790316e-8
1756	4.294166821909099e-8
1757	4.289289637427309e-8
1758	4.2849599635668314e-8
1759	4.2803055311760995e-8
1760	4.27426424171498e-8
1761	4.2694508506481936e-8
1762	4.264223371420463e-8
1763	4.2580834547566715e-8
1764	4.253240968157757e-8
1765	4.248577398145029e-8
1766	4.2446399046150974e-8
1767	4.239663585869831e-8
1768	4.2346046615769456e-8
1769	4.229786059070643e-8
1770	4.224873636515895e-8
1771	4.220015421390781e-8
1772	4.215283946489084e-8
1773	4.210468373862274e-8
1774	4.205243395753516e-8
1775	4.2004009173077514e-8
1776	4.195652187576115e-8
1777	4.190783185679536e-8
1778	4.186254076508763e-8
1779	4.181562421321433e-8
1780	4.17668814211864e-8
1781	4.1714030009239596e-8
1782	4.1667572278855676e-8
1783	4.161855690245292e-8
1784	4.156992856827173e-8
1785	4.151913215728792e-8
1786	4.147442358584096e-8
1787	4.142541874872326e-8
1788	4.137952842792052e-8
1789	4.133204515390373e-8
1790	4.128521171314367e-8
1791	4.1239510160170794e-8
1792	4.1192787496184593e-8
1793	4.114243344359111e-8
1794	4.109262511908266e-8
1795	4.104633110371325e-8
1796	4.099972320771818e-8
1797	4.0949000470932794e-8
1798	4.0903945691564304e-8
1799	4.08569795210307e-8
1800	4.081027296269409e-8
1801	4.0763721388155436e-8
1802	4.071631531951814e-8
1803	4.0670099235323674e-8
1804	4.062287446148902e-8
1805	4.057659874764889e-8
1806	4.0530085722772066e-8
1807	4.048279581875792e-8
1808	4.043767329471342e-8
1809	4.039079721587032e-8
1810	4.034730404676346e-8
1811	4.029755537835888e-8
1812	4.0253112355286275e-8
1813	4.020572044786717e-8
1814	4.016059274267381e-8
1815	4.0114557571894014e-8
1816	4.006836818304509e-8
1817	4.0021917622455564e-8
1818	3.99769831071221e-8
1819	3.9931630400814076e-8
1820	3.9886288244064976e-8
1821	3.984075760008908e-8
1822	3.979485858562233e-8
1823	3.975042693478658e-8
1824	3.9704743056220605e-8
1825	3.9659682640395015e-8
1826	3.9615260161110945e-8
1827	3.9570186844332285e-8
1828	3.95251251941357e-8
1829	3.947659465623734e-8
1830	3.943226946737159e-8
1831	3.9385948832290156e-8
1832	3.934141989661775e-8
1833	3.9296460571196116e-8
1834	3.925203966371991e-8
1835	3.920742350337989e-8
1836	3.9162943875582904e-8
1837	3.9118610673063844e-8
1838	3.9074272844913026e-8
1839	3.902997444757317e-8
1840	3.8985803888075653e-8
1841	3.8941671430423e-8
1842	3.8897573770951616e-8
1843	3.885356065065065e-8
1844	3.8809704917383434e-8
1845	3.876572907460256e-8
1846	3.8721936852928085e-8
1847	3.867829418448764e-8
1848	3.8634475525979954e-8
1849	3.859073371167716e-8
1850	3.854711178061052e-8
1851	3.850345927503983e-8
1852	3.846000883337312e-8
1853	3.8416429227156216e-8
1854	3.8373256395971516e-8
1855	3.8330298736267893e-8
1856	3.828679408614153e-8
1857	3.824378054778369e-8
1858	3.820108790352435e-8
1859	3.8157940309576345e-8
1860	3.811633988255013e-8
1861	3.807331090914024e-8
1862	3.8030599224998744e-8
1863	3.798034507309474e-8
1864	3.793830182270682e-8
1865	3.78952048833766e-8
1866	3.7853021180911684e-8
1867	3.780934602417195e-8
1868	3.776716884208813e-8
1869	3.772614899065936e-8
1870	3.768326553148916e-8
1871	3.764130186558531e-8
1872	3.7597640471345845e-8
1873	3.755677899747626e-8
1874	3.751434361114794e-8
1875	3.747333796109906e-8
1876	3.743077702529378e-8
1877	3.738836949768683e-8
1878	3.7346022070557106e-8
1879	3.730507243612452e-8
1880	3.726229634624164e-8
1881	3.722206952694428e-8
1882	3.7180192971869816e-8
1883	3.7138958009252425e-8
1884	3.709572925210232e-8
1885	3.705507381884653e-8
1886	3.701312988791765e-8
1887	3.697197346598235e-8
1888	3.6931474327732215e-8
1889	3.689019919076929e-8
1890	3.684815176383461e-8
1891	3.680640215738846e-8
1892	3.676575230101753e-8
1893	3.672498573711334e-8
1894	3.668520784595149e-8
1895	3.664391639737026e-8
1896	3.66044604354706e-8
1897	3.6562095517121086e-8
1898	3.6522672715331404e-8
1899	3.647904758687091e-8
1900	3.643934958739445e-8
1901	3.639704708442169e-8
1902	3.635562081852405e-8
1903	3.631511474922896e-8
1904	3.6274704831394956e-8
1905	3.6233058507553083e-8
1906	3.6192024827171347e-8
1907	3.61507405002695e-8
1908	3.6110911466698584e-8
1909	3.607027358688976e-8
1910	3.602994963353549e-8
1911	3.599187655451844e-8
1912	3.595248388957566e-8
1913	3.591130493216151e-8
1914	3.587102900700952e-8
1915	3.5830360218360554e-8
1916	3.5791806951992186e-8
1917	3.57543065947495e-8
1918	3.5714027934043775e-8
1919	3.567489771835969e-8
1920	3.56364060137706e-8
1921	3.5596596159404204e-8
1922	3.555557858602381e-8
1923	3.551485822020107e-8
1924	3.547495926076216e-8
1925	3.5436409036963276e-8
1926	3.53992017194258e-8
1927	3.535877904761656e-8
1928	3.531995708133595e-8
1929	3.5281649070826257e-8
1930	3.524049099246956e-8
1931	3.5203217661723235e-8
1932	3.516450105600447e-8
1933	3.5128620408658187e-8
1934	3.508880664546749e-8
1935	3.5049484222833054e-8
1936	3.501001477259364e-8
1937	3.4972541840358785e-8
1938	3.4933005282193325e-8
1939	3.4895354200426924e-8
1940	3.4857111917598406e-8
1941	3.481681772875029e-8
1942	3.477807758875042e-8
1943	3.4739162329518994e-8
1944	3.470347209958489e-8
1945	3.4664487392974396e-8
1946	3.462405954905702e-8
1947	3.458302311239087e-8
1948	3.454283143036322e-8
1949	3.4508828416046007e-8
1950	3.44710637810262e-8
1951	3.443128778370484e-8
1952	3.43944438291945e-8
1953	3.435771995363403e-8
1954	3.4319249288886246e-8
1955	3.427986205249367e-8
1956	3.424304192465939e-8
1957	3.4205544138583466e-8
1958	3.416670705540583e-8
1959	3.413078685510636e-8
1960	3.409224926893058e-8
1961	3.4054765231015925e-8
1962	3.401866150854708e-8
1963	3.398164355195719e-8
1964	3.3946987887809344e-8
1965	3.390707515119856e-8
1966	3.386751315794391e-8
1967	3.3830736291803805e-8
1968	3.3797951587766323e-8
1969	3.376187467057799e-8
1970	3.372438687721398e-8
1971	3.368738506731537e-8
1972	3.3650364771836814e-8
1973	3.3612827996540144e-8
1974	3.35720531213061e-8
1975	3.353359654658485e-8
1976	3.3503225634936104e-8
1977	3.346760103943948e-8
1978	3.3429713185185066e-8
1979	3.33939973556823e-8
1980	3.335832411821723e-8
1981	3.332272857171085e-8
1982	3.328564071704365e-8
1983	3.3249623742423146e-8
1984	3.3212775100742895e-8
1985	3.317604423102112e-8
1986	3.314042338325817e-8
1987	3.3103816880560236e-8
1988	3.306817514374434e-8
1989	3.303338871145549e-8
1990	3.29982521547242e-8
1991	3.296084718132183e-8
1992	3.2926277755626835e-8
1993	3.288871825940465e-8
1994	3.285265015038339e-8
1995	3.281782181940329e-8
1996	3.2779903354850204e-8
1997	3.2744394474192686e-8
1998	3.2708529821023885e-8
1999	3.2671657402800995e-8
2000	3.2639121851160354e-8
2001	3.260320699344942e-8