1	1.2850554165161044e-8
2	2.569650865387494e-8
3	3.8533272498440706e-8
4	5.1356280597151653e-8
5	6.416083929979801e-8
6	7.694316651586485e-8
7	8.969760381498318e-8
8	1.0241948743256855e-7
9	1.1510560842584607e-7
10	1.2775150925949173e-7
11	1.40352819169874e-7
12	1.5290140897440783e-7
13	1.6540055431063036e-7
14	1.778422973275768e-7
15	1.9021828820289894e-7
16	2.0252645541144075e-7
17	2.1476408920317513e-7
18	2.2693652173208057e-7
19	2.3902533775409286e-7
20	2.5103698137448233e-7
21	2.6296091721405376e-7
22	2.747814114121503e-7
23	2.8653165996830794e-7
24	2.981772747399082e-7
25	3.097209214878197e-7
26	3.2116223379752075e-7
27	3.3251110909098034e-7
28	3.437310501400644e-7
29	3.54855010614404e-7
30	3.6586494036280755e-7
31	3.7674140600332507e-7
32	3.875154065549559e-7
33	3.981497526889991e-7
34	4.0868572387692764e-7
35	4.1908519092843625e-7
36	4.293468175855048e-7
37	4.394953580559423e-7
38	4.494972687568502e-7
39	4.5936302250952807e-7
40	4.690917040717238e-7
41	4.786958389930217e-7
42	4.881546674930632e-7
43	4.9747115480532e-7
44	5.066233898058552e-7
45	5.156508875070004e-7
46	5.245484182024093e-7
47	5.332842807192553e-7
48	5.418759802890215e-7
49	5.503323799100901e-7
50	5.586335905679393e-7
51	5.667708242337227e-7
52	5.747995775432412e-7
53	5.826368092335298e-7
54	5.903534443703338e-7
55	5.978948773434694e-7
56	6.053127011275369e-7
57	6.125698177980182e-7
58	6.196896490354005e-7
59	6.266219580973589e-7
60	6.334701053680565e-7
61	6.401139853532097e-7
62	6.466380417329685e-7
63	6.529949546689405e-7
64	6.5920180655701e-7
65	6.652749995930486e-7
66	6.712080116960466e-7
67	6.769632519218076e-7
68	6.826085516630478e-7
69	6.880972444112383e-7
70	6.93430275101929e-7
71	6.986399052053377e-7
72	7.035481327362273e-7
73	7.086329118595363e-7
74	7.133914947373701e-7
75	7.180227048600497e-7
76	7.225286231933664e-7
77	7.268876185675336e-7
78	7.311131341201851e-7
79	7.352041628497616e-7
80	7.391514224903885e-7
81	7.43010553925921e-7
82	7.467030439172435e-7
83	7.501997796163772e-7
84	7.537024663466442e-7
85	7.570048745203128e-7
86	7.60176048222018e-7
87	7.632237149248434e-7
88	7.66164005251652e-7
89	7.689715120575289e-7
90	7.71664797841518e-7
91	7.742197573700244e-7
92	7.766742429595016e-7
93	7.790022209860334e-7
94	7.811780709208551e-7
95	7.832690994675407e-7
96	7.852483352359479e-7
97	7.871231812235519e-7
98	7.888741191051348e-7
99	7.905154136551098e-7
100	7.920264027226984e-7
101	7.934801312606806e-7
102	7.948043142152644e-7
103	7.960145251366636e-7
104	7.971323502317499e-7
105	7.981345863078947e-7
106	7.99005506329058e-7
107	7.998258622423848e-7
108	8.005261339782211e-7
109	8.011274296642975e-7
110	8.016324928594802e-7
111	8.019567224170746e-7
112	8.023786545044188e-7
113	8.025461607081286e-7
114	8.026670114069218e-7
115	8.027169748973774e-7
116	8.02657443505408e-7
117	8.02434744444705e-7
118	8.021897220637565e-7
119	8.018385116761683e-7
120	8.013995361615417e-7
121	8.00889785892319e-7
122	8.002732892498255e-7
123	7.995473210593368e-7
124	7.987947169601726e-7
125	7.978650138970979e-7
126	7.969181380598645e-7
127	7.958477350689221e-7
128	7.947071370636302e-7
129	7.934782665606035e-7
130	7.921045104599997e-7
131	7.907657363273768e-7
132	7.89269672845648e-7
133	7.876601671967571e-7
134	7.860302142949667e-7
135	7.842773171564744e-7
136	7.824558468408379e-7
137	7.805519927369251e-7
138	7.784501110231416e-7
139	7.763861530676164e-7
140	7.741984933507161e-7
141	7.719190594711723e-7
142	7.695717030372679e-7
143	7.671159363074282e-7
144	7.645567322425655e-7
145	7.619158689029423e-7
146	7.591974020372766e-7
147	7.56381477742384e-7
148	7.534584872531299e-7
149	7.504377303340064e-7
150	7.473544535787567e-7
151	7.441205916176891e-7
152	7.408360305183371e-7
153	7.374210650292334e-7
154	7.339093499544831e-7
155	7.301758395198416e-7
156	7.265859444304917e-7
157	7.22753198548391e-7
158	7.188192081355516e-7
159	7.147668848777775e-7
160	7.105776203793692e-7
161	7.062755549485213e-7
162	7.018842303276859e-7
163	6.973339700075723e-7
164	6.926779814469533e-7
165	6.878619032448764e-7
166	6.829189085828068e-7
167	6.778506070800406e-7
168	6.726275138166239e-7
169	6.672526105083469e-7
170	6.617275910224993e-7
171	6.56040331158955e-7
172	6.501917545044982e-7
173	6.441652862698813e-7
174	6.3796591807448e-7
175	6.315862692953733e-7
176	6.250116055647995e-7
177	6.182492880261624e-7
178	6.112709046614384e-7
179	6.040990087133265e-7
180	5.966722313258974e-7
181	5.890255715372158e-7
182	5.811382539944651e-7
183	5.730062766191915e-7
184	5.646021225524269e-7
185	5.559195712270334e-7
186	5.469513586587667e-7
187	5.37679993770449e-7
188	5.280975709997158e-7
189	5.181655302130267e-7
190	5.078942279791419e-7
191	4.972482842297162e-7
192	4.86218951508161e-7
193	4.747828470854593e-7
194	4.6291149696288125e-7
195	4.5058712014099466e-7
196	4.3779044776156725e-7
197	4.2448483247953225e-7
198	4.1064257303358903e-7
199	3.962381299213494e-7
200	3.812370329615937e-7
201	3.6560377468586944e-7
202	3.493022855303144e-7
203	3.322942478515172e-7
204	3.1453993093473486e-7
205	2.959989531716418e-7
206	2.766308597766738e-7
207	2.563971252823756e-7
208	2.3526399684057813e-7
209	2.132071232335775e-7
210	1.9021935071660813e-7
211	1.6632380197685498e-7
212	1.4159623288485108e-7
213	1.1620410486898929e-7
214	9.047619946828344e-8
215	6.502803928825901e-8
216	4.098244172428669e-8
217	2.0303904022897372e-8
218	5.972279736505848e-9
219	3.6348631093358913e-10
220	0.
221	0.
222	0.
223	0.
224	0.
225	0.
226	0.
227	0.
228	0.
229	0.
230	0.
231	0.
232	0.
233	0.
234	0.
235	0.
236	0.
237	0.
238	0.
239	0.
240	0.
241	0.
242	0.
243	0.
244	0.
245	0.
246	0.
247	0.
248	0.
249	0.
250	0.
251	0.
252	0.
253	0.
254	0.
255	0.
256	0.
257	0.
258	0.
259	0.
260	0.
261	0.
262	0.
263	0.
264	0.
265	0.00001075868365849973
266	0.00001636207467931298
267	0.000017039766611789393
268	0.00001647087968883384
269	0.00001549864425897329
270	0.000014469595823111941
271	0.000013454850969147884
272	0.000012515536078981629
273	0.000011662166846178078
274	0.000010886245726393706
275	0.000010194563911882226
276	9.558680279497482e-6
277	8.998470610860681e-6
278	8.476501118654608e-6
279	8.017985265574449e-6
280	7.590669579553439e-6
281	7.206278624396127e-6
282	6.850603018292893e-6
283	6.5320319372286316e-6
284	6.231032372105921e-6
285	5.95598934228459e-6
286	5.705049953685637e-6
287	5.46850516679199e-6
288	5.249998659942182e-6
289	5.047997185342547e-6
290	4.858831595223394e-6
291	4.682957400502242e-6
292	4.5132775452055866e-6
293	4.364339796661588e-6
294	4.21420580778614e-6
295	4.074270805600612e-6
296	3.952265347039908e-6
297	3.82664485044475e-6
298	3.704007345033694e-6
299	3.603293548885185e-6
300	3.5010227659660003e-6
301	3.3962387050201406e-6
302	3.3026063871662365e-6
303	3.219346205247893e-6
304	3.135497676945557e-6
305	3.04816160639536e-6
306	2.9744905929884902e-6
307	2.903885559425061e-6
308	2.8318488540062843e-6
309	2.761844052411832e-6
310	2.701035956800254e-6
311	2.6380391495091507e-6
312	2.5789982724414883e-6
313	2.5220088637980505e-6
314	2.4675282888564594e-6
315	2.415121220866414e-6
316	2.3655392603444893e-6
317	2.316266847435212e-6
318	2.2683007755321373e-6
319	2.224775781596212e-6
320	2.1801905622294525e-6
321	2.1384150270369655e-6
322	2.0983901072885603e-6
323	2.0597413451287205e-6
324	2.019973620335795e-6
325	1.9850686839041703e-6
326	1.9499392866140283e-6
327	1.915065628215266e-6
328	1.8813840180043217e-6
329	1.8493379596168032e-6
330	1.8186008105843077e-6
331	1.7891203285636612e-6
332	1.7582994122922843e-6
333	1.730639490351657e-6
334	1.7034906421534553e-6
335	1.6767203844689386e-6
336	1.6490470058360858e-6
337	1.6243150469430636e-6
338	1.6004524935127634e-6
339	1.575337486849823e-6
340	1.5522047451059728e-6
341	1.5293382477819171e-6
342	1.5073036739909958e-6
343	1.4853237600870218e-6
344	1.465075315978488e-6
345	1.4446887561388454e-6
346	1.4232965927884004e-6
347	1.4035863592887624e-6
348	1.3862040210178248e-6
349	1.3680574032633322e-6
350	1.3495011712156432e-6
351	1.3306648121138023e-6
352	1.3118360544121017e-6
353	1.2967541765955258e-6
354	1.2814552791700696e-6
355	1.265653156574248e-6
356	1.2497953851510573e-6
357	1.2341289230079928e-6
358	1.21770921507962e-6
359	1.2014283179548744e-6
360	1.1866459741810939e-6
361	1.174701034225993e-6
362	1.1617378996354894e-6
363	1.1486010797721793e-6
364	1.135494528311535e-6
365	1.1223165075748985e-6
366	1.109162716256836e-6
367	1.0958628467372033e-6
368	1.0821038203307461e-6
369	1.0686703920782245e-6
370	1.0589310400052182e-6
371	1.0485068325979737e-6
372	1.038032741182099e-6
373	1.0271610751967186e-6
374	1.0164485197831381e-6
375	1.005777894943027e-6
376	9.950560919110905e-7
377	9.84334390185168e-7
378	9.737599989701494e-7
379	9.626919899076277e-7
380	9.535522617675244e-7
381	9.431669445921196e-7
382	9.34758913943638e-7
383	9.262872944862706e-7
384	9.177172589073307e-7
385	9.088516033800592e-7
386	9.003024972925652e-7
387	8.916081238214999e-7
388	8.830729711702973e-7
389	8.745198230594212e-7
390	8.659473938904696e-7
391	8.571062296878308e-7
392	8.481404509339805e-7
393	8.39808138741464e-7
394	8.33530084599626e-7
395	8.265451217128243e-7
396	8.197846705949344e-7
397	8.126186401952197e-7
398	8.055942079901086e-7
399	7.985498239580628e-7
400	7.915554173144183e-7
401	7.844059927513313e-7
402	7.775153835736683e-7
403	7.705944249541978e-7
404	7.638970883899894e-7
405	7.567821293757856e-7
406	7.506703748136958e-7
407	7.448281460377906e-7
408	7.389911767055225e-7
409	7.332650284176474e-7
410	7.272480553392121e-7
411	7.213224057761281e-7
412	7.150739499743862e-7
413	7.094013713799045e-7
414	7.032710737473365e-7
415	6.979465933259371e-7
416	6.924390933602214e-7
417	6.871751390295958e-7
418	6.82002140832204e-7
419	6.766864181012387e-7
420	6.712607103767133e-7
421	6.661024831685359e-7
422	6.610765474446954e-7
423	6.56059183986278e-7
424	6.513234346576326e-7
425	6.463544005836102e-7
426	6.415839520474935e-7
427	6.368804120972455e-7
428	6.317548853374993e-7
429	6.273778953980064e-7
430	6.226563812118491e-7
431	6.185684465248282e-7
432	6.143369446450974e-7
433	6.100376530303644e-7
434	6.056938334431461e-7
435	6.01423983829931e-7
436	5.97197299360528e-7
437	5.93196700690746e-7
438	5.887228128733026e-7
439	5.844382093542275e-7
440	5.80195613176603e-7
441	5.763295051138522e-7
442	5.718960895484101e-7
443	5.684188348594507e-7
444	5.64428957178263e-7
445	5.611220047610264e-7
446	5.574939504794339e-7
447	5.541725560616004e-7
448	5.503517181645057e-7
449	5.468630708563023e-7
450	5.433265092814244e-7
451	5.397699773504145e-7
452	5.364998663651388e-7
453	5.33049361167159e-7
454	5.295510323539319e-7
455	5.261002004485329e-7
456	5.227860817376755e-7
457	5.193699556750916e-7
458	5.162538810314322e-7
459	5.128748161301456e-7
460	5.095352839500353e-7
461	5.06375690992709e-7
462	5.030470548689931e-7
463	4.997144145302419e-7
464	4.963187915796057e-7
465	4.935249473213083e-7
466	4.907755352529494e-7
467	4.879656816262935e-7
468	4.851612688088657e-7
469	4.82278272785603e-7
470	4.79650906179134e-7
471	4.769341395717464e-7
472	4.741470433239487e-7
473	4.7156142091194154e-7
474	4.688577031321155e-7
475	4.660619702160442e-7
476	4.635538963868947e-7
477	4.608615652733236e-7
478	4.5823390135412045e-7
479	4.556583857653159e-7
480	4.529768296584478e-7
481	4.50337054345354e-7
482	4.4776700613210674e-7
483	4.45380363748152e-7
484	4.429107119959842e-7
485	4.405164940562169e-7
486	4.3803655058083675e-7
487	4.3566137035905427e-7
488	4.3326593752862606e-7
489	4.308209146539852e-7
490	4.2846883295576897e-7
491	4.261490706002977e-7
492	4.2370433319158965e-7
493	4.2133850542227204e-7
494	4.1897784692497896e-7
495	4.16596852243626e-7
496	4.142408903626865e-7
497	4.1167040197116113e-7
498	4.095437031798865e-7
499	4.076783337880785e-7
500	4.0563696107096036e-7
501	4.0406934598895766e-7
502	4.020091842038219e-7
503	3.9969394317921127e-7
504	3.974948850119359e-7
505	3.952833908800334e-7
506	3.937919658753943e-7
507	3.919992218361215e-7
508	3.9007294284812374e-7
509	3.882711456986871e-7
510	3.8632881673936186e-7
511	3.8448279145413235e-7
512	3.825695276902877e-7
513	3.8062156995092715e-7
514	3.7899378440601963e-7
515	3.771158454688835e-7
516	3.753404497077616e-7
517	3.735456269191018e-7
518	3.718692473462849e-7
519	3.6998417475957365e-7
520	3.682229290448304e-7
521	3.6644751288852134e-7
522	3.647442314453264e-7
523	3.629891207347703e-7
524	3.6132621150001905e-7
525	3.5955876945077294e-7
526	3.5791384535466157e-7
527	3.562980432016265e-7
528	3.545550620863573e-7
529	3.5291798861868977e-7
530	3.5121531642765555e-7
531	3.495971463253337e-7
532	3.478919246270313e-7
533	3.4637586769779765e-7
534	3.4468547446479376e-7
535	3.430570662486263e-7
536	3.4141768372641155e-7
537	3.400643404454621e-7
538	3.38865140768288e-7
539	3.373241937062117e-7
540	3.3515726828827965e-7
541	3.336629631230946e-7
542	3.3225136576744473e-7
543	3.3071673967064756e-7
544	3.2919041552996085e-7
545	3.275735691324523e-7
546	3.261742657893683e-7
547	3.250473062940842e-7
548	3.238776024692477e-7
549	3.2255117319148885e-7
550	3.213407414316386e-7
551	3.2005473934912945e-7
552	3.1876144626712776e-7
553	3.1745170097817556e-7
554	3.1613905410526013e-7
555	3.148871739669879e-7
556	3.1360917479651334e-7
557	3.122784095948666e-7
558	3.110718279662701e-7
559	3.09816957151798e-7
560	3.085704886695805e-7
561	3.073928105619023e-7
562	3.0607604597288203e-7
563	3.049175280026658e-7
564	3.025160266213286e-7
565	3.0242077990871134e-7
566	3.0117284567370024e-7
567	3.0003503295371506e-7
568	2.987954869046079e-7
569	2.976283702273812e-7
570	2.9641553355318223e-7
571	2.9529428591394153e-7
572	2.9410452134578866e-7
573	2.929377795791971e-7
574	2.9178355126708786e-7
575	2.906154087108384e-7
576	2.897799300323286e-7
577	2.8856870356042606e-7
578	2.8758332446552277e-7
579	2.864151082762023e-7
580	2.8533628020949363e-7
581	2.842132632061373e-7
582	2.8317379690335404e-7
583	2.820882780182051e-7
584	2.8102948642562306e-7
585	2.797635160226385e-7
586	2.787258264646412e-7
587	2.777441317320564e-7
588	2.766943567643653e-7
589	2.757248107253435e-7
590	2.7471182522516275e-7
591	2.736955815016845e-7
592	2.7276518870330807e-7
593	2.7164036795995104e-7
594	2.7073278904515426e-7
595	2.6977828310163817e-7
596	2.687874335533844e-7
597	2.677966758365073e-7
598	2.668259440485963e-7
599	2.6589657591363015e-7
600	2.649278855272284e-7
601	2.639689235046449e-7
602	2.630476198505275e-7
603	2.620863525069096e-7
604	2.611507481997932e-7
605	2.601483201005477e-7
606	2.5929908565350494e-7
607	2.583656877795701e-7
608	2.574115017223681e-7
609	2.5646704263365564e-7
610	2.555284546495468e-7
611	2.545405542534583e-7
612	2.534616236031344e-7
613	2.526856977016775e-7
614	2.519119025880651e-7
615	2.5117032606396783e-7
616	2.504614554517498e-7
617	2.496187365617698e-7
618	2.487900009424937e-7
619	2.480408571839787e-7
620	2.471750032081281e-7
621	2.4640998340216477e-7
622	2.456105009758812e-7
623	2.447812890199988e-7
624	2.439789693663708e-7
625	2.4319074850217625e-7
626	2.424173522364214e-7
627	2.4157047616924083e-7
628	2.409067005494371e-7
629	2.402035508058372e-7
630	2.3944846432126523e-7
631	2.387121753471865e-7
632	2.3795152120734077e-7
633	2.372183392862197e-7
634	2.3629980448245686e-7
635	2.3558728665759287e-7
636	2.3488030664989314e-7
637	2.341661131922029e-7
638	2.333903250867587e-7
639	2.3276694548051122e-7
640	2.3205506657396797e-7
641	2.3130684654147636e-7
642	2.3062403058982964e-7
643	2.2993388402526369e-7
644	2.2923804562061245e-7
645	2.285892514082404e-7
646	2.27863862038296e-7
647	2.2713096388326822e-7
648	2.264939371193623e-7
649	2.2580850081912008e-7
650	2.2512763482455581e-7
651	2.244648539116928e-7
652	2.238317232271302e-7
653	2.2314244490473635e-7
654	2.2249060427778345e-7
655	2.21820119886233e-7
656	2.2115589212730278e-7
657	2.2051952567825471e-7
658	2.1986468812288875e-7
659	2.1923611197914412e-7
660	2.1858684520786892e-7
661	2.179394917677347e-7
662	2.1731054410015462e-7
663	2.166927404758191e-7
664	2.1605345923968235e-7
665	2.1540467122276923e-7
666	2.1480825241755533e-7
667	2.1420158495171754e-7
668	2.1356016948947175e-7
669	2.1297142189375454e-7
670	2.1234860480728567e-7
671	2.1175164053128598e-7
672	2.11139701357122e-7
673	2.105466349007605e-7
674	2.099585252085911e-7
675	2.093731162981723e-7
676	2.087549811692801e-7
677	2.0817387762133781e-7
678	2.0760538555783007e-7
679	2.070142316387085e-7
680	2.0642779344266436e-7
681	2.0585533693256206e-7
682	2.052721296494609e-7
683	2.0469433063947883e-7
684	2.039562649244553e-7
685	2.0332224256486658e-7
686	2.0284970894414728e-7
687	2.0232813828697464e-7
688	2.0173597821229618e-7
689	2.0125824190443848e-7
690	2.0076622451465193e-7
691	2.0026271438099774e-7
692	1.997496873761707e-7
693	1.9926788611357763e-7
694	1.9862085592125468e-7
695	1.9809454834621318e-7
696	1.9757600239578642e-7
697	1.9705471674284487e-7
698	1.9652520245317055e-7
699	1.959626177411849e-7
700	1.9541641348124997e-7
701	1.9483389034454498e-7
702	1.942857157026217e-7
703	1.9390064151840717e-7
704	1.9346405941806406e-7
705	1.9302356845021124e-7
706	1.9257823638165645e-7
707	1.9212231266451354e-7
708	1.916439490981185e-7
709	1.9118796939763273e-7
710	1.9072692457721868e-7
711	1.9026932626214832e-7
712	1.8980362414681242e-7
713	1.8934007736787076e-7
714	1.8888436731174962e-7
715	1.8841937157369948e-7
716	1.8797048215579917e-7
717	1.8751293583162057e-7
718	1.8705512969769574e-7
719	1.8660981198579842e-7
720	1.8616544607353427e-7
721	1.8570299649679495e-7
722	1.8526424809999574e-7
723	1.8482348016213993e-7
724	1.8438691750181227e-7
725	1.8393015124103154e-7
726	1.834951857809011e-7
727	1.8305996365985854e-7
728	1.8262498667490943e-7
729	1.821795524075059e-7
730	1.8174998053873937e-7
731	1.813274722112256e-7
732	1.809053390025207e-7
733	1.8049352919171967e-7
734	1.8007628543906856e-7
735	1.7964141667539478e-7
736	1.7920716033685192e-7
737	1.7879480909089995e-7
738	1.783805842948971e-7
739	1.779687096389568e-7
740	1.775349303904007e-7
741	1.7712933418026274e-7
742	1.767223225491859e-7
743	1.763219354996833e-7
744	1.7591897260821318e-7
745	1.754977983458009e-7
746	1.7509741408905624e-7
747	1.7469899267286788e-7
748	1.7430450174830722e-7
749	1.7390801342977315e-7
750	1.7357510950204978e-7
751	1.7318879799213253e-7
752	1.72805054289004e-7
753	1.7241407905613112e-7
754	1.7202734163254658e-7
755	1.7164780968804603e-7
756	1.7126870489288007e-7
757	1.7088375425810049e-7
758	1.705110429659173e-7
759	1.7013637070638842e-7
760	1.697509421422016e-7
761	1.6937993354548357e-7
762	1.6901425363435406e-7
763	1.6864505433370247e-7
764	1.68263472011277e-7
765	1.6789707937477048e-7
766	1.675329033564858e-7
767	1.671743880914168e-7
768	1.6681786638251086e-7
769	1.6638686092094524e-7
770	1.6602058608081749e-7
771	1.656690225016017e-7
772	1.6532204600179466e-7
773	1.6497638045143244e-7
774	1.64634360416991e-7
775	1.6429150745906093e-7
776	1.6392165915040297e-7
777	1.6358241072043966e-7
778	1.6324087661563742e-7
779	1.629043851111318e-7
780	1.6256969936322133e-7
781	1.6223196131070067e-7
782	1.618782601461714e-7
783	1.6153994819584926e-7
784	1.61207697926254e-7
785	1.6087748477636488e-7
786	1.605479161661665e-7
787	1.6021910088907377e-7
788	1.598713937482598e-7
789	1.5954732599749782e-7
790	1.5922328640578834e-7
791	1.5889320210187285e-7
792	1.5857367402609066e-7
793	1.5824060678387745e-7
794	1.579139132146133e-7
795	1.575963699259811e-7
796	1.5727181678771534e-7
797	1.5695039167289452e-7
798	1.56629469913105e-7
799	1.5630928417003175e-7
800	1.5599040615179074e-7
801	1.5567297671420641e-7
802	1.5534789639783257e-7
803	1.5503314502261203e-7
804	1.547219653000828e-7
805	1.5438676768197065e-7
806	1.5406805978288699e-7
807	1.5374108817270237e-7
808	1.533901266328025e-7
809	1.530573009276542e-7
810	1.5281715067563718e-7
811	1.5253797765498946e-7
812	1.5226248363392808e-7
813	1.5198966815303039e-7
814	1.5170912564989474e-7
815	1.5142879539745583e-7
816	1.5115011799513346e-7
817	1.5085035553134548e-7
818	1.50562644042673e-7
819	1.5028053844235315e-7
820	1.500007373545048e-7
821	1.4972051162969863e-7
822	1.49437248393318e-7
823	1.4916277426235204e-7
824	1.4887333937729425e-7
825	1.4858467693430894e-7
826	1.4831043019588228e-7
827	1.480296189094506e-7
828	1.4775798890223673e-7
829	1.4748946287845172e-7
830	1.472134151968553e-7
831	1.4694094820177594e-7
832	1.4664134316456807e-7
833	1.463810979276999e-7
834	1.4611692673413426e-7
835	1.4584513886313186e-7
836	1.4547163670807518e-7
837	1.4532387303723234e-7
838	1.4506197424374209e-7
839	1.4478144089551916e-7
840	1.44519855455438e-7
841	1.4426583358942977e-7
842	1.4400885366889202e-7
843	1.437341373919325e-7
844	1.4349123352923534e-7
845	1.4321911599355848e-7
846	1.4294682391046003e-7
847	1.4270626569561124e-7
848	1.4243662215822348e-7
849	1.4217656197814765e-7
850	1.4193589465323644e-7
851	1.4169780530827495e-7
852	1.414224558491691e-7
853	1.4115861962331733e-7
854	1.4092679685590697e-7
855	1.4066908329006787e-7
856	1.4043431291922593e-7
857	1.402014732163805e-7
858	1.3991991314990638e-7
859	1.3968223707165817e-7
860	1.3922623653740806e-7
861	1.391559389986235e-7
862	1.389272703699902e-7
863	1.388605882526118e-7
864	1.3846795254192308e-7
865	1.3819099369773786e-7
866	1.3796824107518144e-7
867	1.3770044142925163e-7
868	1.3746354856973193e-7
869	1.3722690351949463e-7
870	1.3698888894261945e-7
871	1.36741400666072e-7
872	1.3651875147574916e-7
873	1.3630260443486004e-7
874	1.3606356623305596e-7
875	1.3614811475063483e-7
876	1.3561410155630248e-7
877	1.3523134803971697e-7
878	1.351068961358792e-7
879	1.3490834292347661e-7
880	1.348896166905894e-7
881	1.339282712791126e-7
882	1.339317364184008e-7
883	1.3390795378997313e-7
884	1.3365463639252663e-7
885	1.3348418642979677e-7
886	1.3325016554094914e-7
887	1.331817762413498e-7
888	1.3284641498071406e-7
889	1.3323763670887006e-7
890	1.322815042131059e-7
891	1.32196452517477e-7
892	1.3207573564615034e-7
893	1.3148135081635708e-7
894	1.3121273569238119e-7
895	1.3127494388469126e-7
896	1.309670402732561e-7
897	1.306336334417346e-7
898	1.3078309808866958e-7
899	1.3054382914933558e-7
900	1.3002321452360544e-7
901	1.2998324265366375e-7
902	1.2974241839492406e-7
903	1.297591967179327e-7
904	1.289505043660606e-7
905	1.2910867667745048e-7
906	1.290157165996507e-7
907	1.286205844339552e-7
908	1.2840931448862562e-7
909	1.2792007900753504e-7
910	1.2787379978838016e-7
911	1.2762968915885634e-7
912	1.274323551301164e-7
913	1.2729718833496717e-7
914	1.2719176240105314e-7
915	1.2559278847867508e-7
916	1.2627435446684064e-7
917	1.2630072088626434e-7
918	1.265767081706786e-7
919	1.2672300432516296e-7
920	1.2560026396876652e-7
921	1.262916337545797e-7
922	1.2594613823372202e-7
923	1.2607284592557422e-7
924	1.2547625307020315e-7
925	1.2560410785654326e-7
926	1.2432235722143836e-7
927	1.2442577446327022e-7
928	1.237368121085446e-7
929	1.236066378027645e-7
930	1.2422230555734276e-7
931	1.2355172673548483e-7
932	1.2342776461417721e-7
933	1.2349423955828812e-7
934	1.2294212815996083e-7
935	1.2355512109659486e-7
936	1.2257144848715194e-7
937	1.2267638864498217e-7
938	1.2221779203168298e-7
939	1.2224832864183019e-7
940	1.2203789432617959e-7
941	1.218749058889837e-7
942	1.2191504474752655e-7
943	1.211876239340677e-7
944	1.2156118560047658e-7
945	1.205409418187212e-7
946	1.2016610548584484e-7
947	1.2066211829887807e-7
948	1.2075355490495054e-7
949	1.213229611141842e-7
950	1.201121042818328e-7
951	1.1970177733590199e-7
952	1.1971334394189877e-7
953	1.1913372078552553e-7
954	1.2032699092770225e-7
955	1.1963973843377934e-7
956	1.206230079349344e-7
957	1.1980142193379368e-7
958	1.19969209604531e-7
959	1.1841317479445405e-7
960	1.1792494128962075e-7
961	1.1812250431559955e-7
962	1.1807420318107158e-7
963	1.1878071025995754e-7
964	1.1729006042355616e-7
965	1.1950203445475393e-7
966	1.1859677854085705e-7
967	1.1718645003767972e-7
968	1.1722728097695822e-7
969	1.1672394008012274e-7
970	1.1607152101272191e-7
971	1.1674016662929068e-7
972	1.1615224269548893e-7
973	1.156838886686492e-7
974	1.1580968322316558e-7
975	1.1481420070694018e-7
976	1.155305485390063e-7
977	1.1534466171875407e-7
978	1.1513916234548036e-7
979	1.1555215620571162e-7
980	1.1471240793446038e-7
981	1.1315813737170375e-7
982	1.1473152865081131e-7
983	1.1454268328629249e-7
984	1.1417750904904748e-7
985	1.1452009318999618e-7
986	1.1296210226207288e-7
987	1.130972410548443e-7
988	1.1329265622884524e-7
989	1.1290980210950162e-7
990	1.1261715959042732e-7
991	1.1300227288628889e-7
992	1.1275137894925727e-7
993	1.1232663581986375e-7
994	1.130769836828483e-7
995	1.1231462045737984e-7
996	1.1198843390211058e-7
997	1.1206981427756156e-7
998	1.1215859317944274e-7
999	1.1131114798986389e-7
1000	1.0974045468851299e-7
1001	1.0941666849017894e-7
1002	1.1025886355890369e-7
1003	1.1143372970382559e-7
1004	1.1158605461138722e-7
1005	1.1058335015999383e-7
1006	1.104123229396292e-7
1007	1.1084132009200237e-7
1008	1.097867871859508e-7
1009	1.102109307759501e-7
1010	1.1034148349023522e-7
1011	1.0954811316745817e-7
1012	1.1028373375792662e-7
1013	1.0975844419003391e-7
1014	1.0997428609381897e-7
1015	1.1084532108793544e-7
1016	1.091894128869616e-7
1017	1.0813950073276562e-7
1018	1.0834076468611492e-7
1019	1.0732993053175171e-7
1020	1.0820335045323688e-7
1021	1.0828132681839944e-7
1022	1.0757563077652696e-7
1023	1.0761693384132037e-7
1024	1.0738492164424709e-7
1025	1.0790376883418701e-7
1026	1.080300399523718e-7
1027	1.0651139036051855e-7
1028	1.0681342080748334e-7
1029	1.0709905727443159e-7
1030	1.0722081210134376e-7
1031	1.0560236496483068e-7
1032	1.0632123849008678e-7
1033	1.0635986443357989e-7
1034	1.0580120344460359e-7
1035	1.0471443900992636e-7
1036	1.056416567125267e-7
1037	1.0579233738784731e-7
1038	1.0521331275638235e-7
1039	1.056380841930304e-7
1040	1.0430138314107041e-7
1041	1.0512712388522002e-7
1042	1.0477145769975292e-7
1043	1.0435544276083081e-7
1044	1.0443214272789483e-7
1045	1.044380035840823e-7
1046	1.041798814376025e-7
1047	1.0363477539436143e-7
1048	1.0342996401998594e-7
1049	1.0326876897546334e-7
1050	1.0525901220973336e-7
1051	1.0342018558451462e-7
1052	1.016686242163168e-7
1053	1.0312731940734423e-7
1054	1.0329392702252513e-7
1055	1.0389080998391296e-7
1056	1.0302629510109259e-7
1057	1.0261713344764233e-7
1058	1.0238082987353433e-7
1059	1.0238109092874421e-7
1060	1.0151144857014363e-7
1061	1.0090393880930277e-7
1062	1.0119293447962285e-7
1063	1.0154090672307391e-7
1064	1.0170052635887361e-7
1065	1.0159342175346521e-7
1066	1.0173627095612071e-7
1067	1.0146858575277914e-7
1068	1.0131625063889822e-7
1069	1.0111865353187142e-7
1070	1.0146354678057247e-7
1071	1.0119392445171973e-7
1072	1.014701891198471e-7
1073	1.0032919025930178e-7
1074	1.002676568331953e-7
1075	1.0056402596692244e-7
1076	9.940333492007989e-8
1077	9.974282382179616e-8
1078	9.960326295520703e-8
1079	9.91704156512743e-8
1080	9.962548945387491e-8
1081	9.8800249209902e-8
1082	9.868474904337611e-8
1083	9.87363823407763e-8
1084	9.86874899021897e-8
1085	9.870419115578286e-8
1086	9.745155327480629e-8
1087	9.809716838469177e-8
1088	9.85642468360768e-8
1089	9.788248410379813e-8
1090	9.824642745680673e-8
1091	9.734472645558588e-8
1092	9.744008038154668e-8
1093	9.736404370213549e-8
1094	9.707520207329583e-8
1095	9.670494947606692e-8
1096	9.708907129812777e-8
1097	9.736814218562125e-8
1098	9.657854014936001e-8
1099	9.5479793162583e-8
1100	9.661836964929995e-8
1101	9.582963865813284e-8
1102	9.606891248387027e-8
1103	9.622687502903039e-8
1104	9.664250273616332e-8
1105	9.582104176086393e-8
1106	9.690840535872656e-8
1107	9.691896409011896e-8
1108	9.537674997941099e-8
1109	9.564351974214967e-8
1110	9.533637681120809e-8
1111	9.455690305253295e-8
1112	9.436298208666236e-8
1113	9.404101253750938e-8
1114	9.420230464527594e-8
1115	9.482818836264908e-8
1116	9.490612187392733e-8
1117	9.49140017387577e-8
1118	9.428753115944e-8
1119	9.404079708415546e-8
1120	9.379125063860775e-8
1121	9.397223333487244e-8
1122	9.383110009911079e-8
1123	9.324599191593327e-8
1124	9.326451023931897e-8
1125	9.307940014150592e-8
1126	9.290963026588941e-8
1127	9.282400567892724e-8
1128	9.330143954015679e-8
1129	9.297590260397077e-8
1130	9.245933185305672e-8
1131	9.289042253813925e-8
1132	9.24010196603527e-8
1133	9.221804344686316e-8
1134	9.273959261384885e-8
1135	9.175384243208103e-8
1136	9.166811089957333e-8
1137	9.151889701499002e-8
1138	9.155597230419716e-8
1139	9.160865139079081e-8
1140	9.134583039686855e-8
1141	9.025578763016818e-8
1142	9.106686912516391e-8
1143	9.063256733610954e-8
1144	9.140485273740809e-8
1145	9.091408506812635e-8
1146	9.033743735782455e-8
1147	9.02519080425546e-8
1148	9.028226637061733e-8
1149	9.015939552639568e-8
1150	8.962439302825602e-8
1151	9.033257896809081e-8
1152	8.983431053038186e-8
1153	9.026701120774872e-8
1154	8.971370947290451e-8
1155	8.994088496728653e-8
1156	8.959172899515923e-8
1157	8.903191592289327e-8
1158	9.03760620544226e-8
1159	9.035986435577282e-8
1160	8.896500028065504e-8
1161	8.854088548969923e-8
1162	8.864998417054057e-8
1163	8.857768208908408e-8
1164	8.818517209968679e-8
1165	8.818051308883546e-8
1166	8.745739898295217e-8
1167	8.778505379510092e-8
1168	8.764780740008016e-8
1169	8.780676014454177e-8
1170	8.823190559643874e-8
1171	8.724669125247654e-8
1172	8.78415084864837e-8
1173	8.768213657714688e-8
1174	8.731458047768493e-8
1175	8.770453571728e-8
1176	8.682866153478998e-8
1177	8.640710284139822e-8
1178	8.733225757417016e-8
1179	8.699515713429807e-8
1180	8.621328894511806e-8
1181	8.647699631410053e-8
1182	8.606512998173033e-8
1183	8.50554372835042e-8
1184	8.604069600480267e-8
1185	8.613384964836475e-8
1186	8.588681535896519e-8
1187	8.518371820460986e-8
1188	8.565278944774356e-8
1189	8.570424869938463e-8
1190	8.549309203822406e-8
1191	8.53591539869292e-8
1192	8.513059447018347e-8
1193	8.509130042132979e-8
1194	8.48044891046058e-8
1195	8.482478763004721e-8
1196	8.436055911322682e-8
1197	8.435211859160441e-8
1198	8.439036235992794e-8
1199	8.431503671062752e-8
1200	8.439629312499769e-8
1201	8.390496426721761e-8
1202	8.349367637932341e-8
1203	8.415671648338437e-8
1204	8.356613850038502e-8
1205	8.33190398763629e-8
1206	8.307929711073082e-8
1207	8.318948545628575e-8
1208	8.268740430708842e-8
1209	8.253914992121118e-8
1210	8.332953380786456e-8
1211	8.340160263709993e-8
1212	8.248234765920965e-8
1213	8.277653977732348e-8
1214	8.286257364320797e-8
1215	8.213291664953849e-8
1216	8.239117829947461e-8
1217	8.230713381541366e-8
1218	8.223220290618917e-8
1219	8.21045785931208e-8
1220	8.107701448798623e-8
1221	8.179120451219228e-8
1222	8.164894636699331e-8
1223	8.201973851055119e-8
1224	8.141288833755897e-8
1225	8.144671348887459e-8
1226	8.139298096713339e-8
1227	8.149959999840611e-8
1228	8.169871312583421e-8
1229	8.076462377281004e-8
1230	8.075233618332968e-8
1231	8.072681301907876e-8
1232	8.057805533766048e-8
1233	8.073363910627145e-8
1234	8.07547572781351e-8
1235	8.02241864432537e-8
1236	8.0312547159426e-8
1237	8.00381240735712e-8
1238	8.002262372685369e-8
1239	7.997022288339135e-8
1240	7.977057578036717e-8
1241	7.987645192644315e-8
1242	7.956907704257875e-8
1243	7.957847672884233e-8
1244	7.928740001000138e-8
1245	7.887959033457587e-8
1246	7.91003499044251e-8
1247	7.901068055789283e-8
1248	7.883816559685699e-8
1249	7.875228652051468e-8
1250	7.882270436274817e-8
1251	7.86942900843068e-8
1252	7.873086439955378e-8
1253	7.85386269099565e-8
1254	7.864744308680547e-8
1255	7.842740484233745e-8
1256	7.818853748308055e-8
1257	7.79565622158522e-8
1258	7.791801475601998e-8
1259	7.805540218966477e-8
1260	7.77748962531513e-8
1261	7.774962782623907e-8
1262	7.749488186528763e-8
1263	7.744612341856771e-8
1264	7.704402537050473e-8
1265	7.711381444485813e-8
1266	7.711250379791876e-8
1267	7.696170655966858e-8
1268	7.699523322147114e-8
1269	7.689827681326864e-8
1270	7.673329561511497e-8
1271	7.622175396983847e-8
1272	7.656541439638289e-8
1273	7.650522043536488e-8
1274	7.612652874916943e-8
1275	7.606345485056792e-8
1276	7.607675365330512e-8
1277	7.628800723404628e-8
1278	7.650698371459007e-8
1279	7.613751788096892e-8
1280	7.612730875468205e-8
1281	7.603153162907518e-8
1282	7.54743413045708e-8
1283	7.572861540389069e-8
1284	7.54509723898252e-8
1285	7.535869083326038e-8
1286	7.520319269979127e-8
1287	7.523897696433499e-8
1288	7.48079408282333e-8
1289	7.47743008445256e-8
1290	7.477255283108835e-8
1291	7.472474008034853e-8
1292	7.452409085998671e-8
1293	7.437558170048612e-8
1294	7.447820910065302e-8
1295	7.44871643087883e-8
1296	7.45406688086744e-8
1297	7.405518896738958e-8
1298	7.409565602882038e-8
1299	7.375532405744675e-8
1300	7.378541078353208e-8
1301	7.326074197357666e-8
1302	7.354081562997541e-8
1303	7.335264165312407e-8
1304	7.340233225031486e-8
1305	7.325775033356941e-8
1306	7.319307818706329e-8
1307	7.31594166932216e-8
1308	7.294613834067576e-8
1309	7.281160772355961e-8
1310	7.286620842824084e-8
1311	7.234568629585867e-8
1312	7.25115401958123e-8
1313	7.233081905743321e-8
1314	7.239639958560877e-8
1315	7.241746058023963e-8
1316	7.217996764031335e-8
1317	7.19591652392158e-8
1318	7.18844786473569e-8
1319	7.189588366289375e-8
1320	7.187376723546395e-8
1321	7.176585177748196e-8
1322	7.178130393791867e-8
1323	7.149592482651661e-8
1324	7.15012605979402e-8
1325	7.142420266226728e-8
1326	7.139529481855675e-8
1327	7.140190729585881e-8
1328	7.109290520129369e-8
1329	7.106090280807903e-8
1330	7.094492357511694e-8
1331	7.07861322674668e-8
1332	7.056760723474534e-8
1333	7.049655318159307e-8
1334	7.067473592741818e-8
1335	7.044185961773384e-8
1336	7.036842437445683e-8
1337	6.99304748738737e-8
1338	7.016568644389693e-8
1339	7.018877302433306e-8
1340	7.006785415227863e-8
1341	6.995910614635523e-8
1342	6.9968924196385e-8
1343	6.971783605757267e-8
1344	6.963242384351322e-8
1345	6.950945787524291e-8
1346	6.945742378428048e-8
1347	6.938901997292384e-8
1348	6.917567996511287e-8
1349	6.920356944847437e-8
1350	6.894664175651833e-8
1351	6.906665211627651e-8
1352	6.892889156113127e-8
1353	6.884374011581754e-8
1354	6.90047993095957e-8
1355	6.880899277431664e-8
1356	6.872817791259905e-8
1357	6.858493280730146e-8
1358	6.852521055530226e-8
1359	6.837062457466107e-8
1360	6.831939774310578e-8
1361	6.82293414165151e-8
1362	6.788111437817008e-8
1363	6.78922663627839e-8
1364	6.780682758954834e-8
1365	6.775147769443708e-8
1366	6.774773300113757e-8
1367	6.78811556284402e-8
1368	6.75360166722424e-8
1369	6.733142430135585e-8
1370	6.715177450663635e-8
1371	6.721437646845126e-8
1372	6.717340532741397e-8
1373	6.710539516720005e-8
1374	6.701781287157552e-8
1375	6.68568073551516e-8
1376	6.667862130742238e-8
1377	6.66778832358484e-8
1378	6.656379126757483e-8
1379	6.655460944457059e-8
1380	6.64733051713561e-8
1381	6.63679858460326e-8
1382	6.631335067980878e-8
1383	6.651891442092918e-8
1384	6.606598967952427e-8
1385	6.597213889718947e-8
1386	6.590762771971658e-8
1387	6.584435137464558e-8
1388	6.61431990449288e-8
1389	6.60844850426774e-8
1390	6.55790115498452e-8
1391	6.546958308549331e-8
1392	6.53332126299218e-8
1393	6.52931929646542e-8
1394	6.524682706575429e-8
1395	6.513906185584301e-8
1396	6.51140250428862e-8
1397	6.497233896292514e-8
1398	6.484252581943289e-8
1399	6.48442611285504e-8
1400	6.474267163768797e-8
1401	6.467545317449097e-8
1402	6.469353784674865e-8
1403	6.443232919297808e-8
1404	6.437381934899231e-8
1405	6.433819147711924e-8
1406	6.433720371633629e-8
1407	6.421859953382844e-8
1408	6.427570863566753e-8
1409	6.395754760359334e-8
1410	6.392451733862471e-8
1411	6.382146636461001e-8
1412	6.389738078009885e-8
1413	6.390088234955608e-8
1414	6.362725081294923e-8
1415	6.360357697744227e-8
1416	6.345723932813155e-8
1417	6.331337698291172e-8
1418	6.32683656436919e-8
1419	6.350956286239853e-8
1420	6.355764669926749e-8
1421	6.303200550132551e-8
1422	6.282385869664019e-8
1423	6.292181539851662e-8
1424	6.279496907027744e-8
1425	6.270313532641439e-8
1426	6.262542804792099e-8
1427	6.246143695696108e-8
1428	6.245734378088353e-8
1429	6.239164399622734e-8
1430	6.23649249935793e-8
1431	6.22330451298512e-8
1432	6.215364672871417e-8
1433	6.20195285070245e-8
1434	6.209900191259975e-8
1435	6.197282734056567e-8
1436	6.175535276498941e-8
1437	6.174512334880357e-8
1438	6.166971407771558e-8
1439	6.172907479316365e-8
1440	6.154221773015327e-8
1441	6.142507953906944e-8
1442	6.137019839524731e-8
1443	6.13340663871022e-8
1444	6.125341381844212e-8
1445	6.111457580842305e-8
1446	6.107353971466351e-8
1447	6.094904620787494e-8
1448	6.088720771205985e-8
1449	6.086510828494457e-8
1450	6.073711672183119e-8
1451	6.070416414436e-8
1452	6.05807164134535e-8
1453	6.064620752062733e-8
1454	6.04454688929849e-8
1455	6.034620178261226e-8
1456	6.029315581353622e-8
1457	6.023503293778003e-8
1458	6.015423493215658e-8
1459	6.007701603605051e-8
1460	6.006826750949333e-8
1461	5.998322337120784e-8
1462	5.983514723410303e-8
1463	5.969915144021961e-8
1464	5.962634441504069e-8
1465	5.9546400075213565e-8
1466	5.9508179100894045e-8
1467	5.937659110113103e-8
1468	5.9358604790989735e-8
1469	5.925565112433405e-8
1470	5.9205084402290265e-8
1471	5.9143698487571765e-8
1472	5.899837053399231e-8
1473	5.8960820552907986e-8
1474	5.88712903153207e-8
1475	5.884550461885025e-8
1476	5.876680014213066e-8
1477	5.8637470562962636e-8
1478	5.8613932457541585e-8
1479	5.852326050804538e-8
1480	5.847437581755177e-8
1481	5.845260321215471e-8
1482	5.8320484048268335e-8
1483	5.821152980877875e-8
1484	5.8174709813480734e-8
1485	5.8151493190381737e-8
1486	5.80532657739064e-8
1487	5.812584971007613e-8
1488	5.792913187596581e-8
1489	5.781939464828851e-8
1490	5.766105593702603e-8
1491	5.7622291156724125e-8
1492	5.7569647448875874e-8
1493	5.754622697021024e-8
1494	5.7490820450175364e-8
1495	5.745266798292076e-8
1496	5.739203580368966e-8
1497	5.7289438942525415e-8
1498	5.720469670396247e-8
1499	5.705594861389265e-8
1500	5.707772886903505e-8
1501	5.7032077993249944e-8
1502	5.6885545435536613e-8
1503	5.679959815537403e-8
1504	5.6757643991252416e-8
1505	5.6695362561520444e-8
1506	5.660986661799703e-8
1507	5.6541407944190926e-8
1508	5.644221730645578e-8
1509	5.639026949402785e-8
1510	5.632973966834755e-8
1511	5.6244676235929627e-8
1512	5.620767493222863e-8
1513	5.612382054643179e-8
1514	5.598897368794689e-8
1515	5.5884916117558836e-8
1516	5.583215700978454e-8
1517	5.576658138670691e-8
1518	5.5723985512255406e-8
1519	5.564538074878686e-8
1520	5.561006169991767e-8
1521	5.5502857044409694e-8
1522	5.54027644287069e-8
1523	5.5403542208395434e-8
1524	5.529869943782123e-8
1525	5.52360394004112e-8
1526	5.518327426965467e-8
1527	5.51204709768335e-8
1528	5.50674043576894e-8
1529	5.4982726391455385e-8
1530	5.488698310626553e-8
1531	5.4820511769483664e-8
1532	5.476623472077123e-8
1533	5.4686915611308384e-8
1534	5.4634323266382894e-8
1535	5.4566443999627216e-8
1536	5.4497311592387286e-8
1537	5.4457985691107544e-8
1538	5.4413753784416656e-8
1539	5.430317392522831e-8
1540	5.4228073864469446e-8
1541	5.4182131680574284e-8
1542	5.41091249938822e-8
1543	5.403533168982638e-8
1544	5.398909251516015e-8
1545	5.390304990771324e-8
1546	5.380986559707534e-8
1547	5.376479166580333e-8
1548	5.3702475410688936e-8
1549	5.363897797961705e-8
1550	5.356114585792303e-8
1551	5.35010262313364e-8
1552	5.336416227634638e-8
1553	5.336120019843568e-8
1554	5.332216591993435e-8
1555	5.3209742714256644e-8
1556	5.314304357407147e-8
1557	5.306678552356407e-8
1558	5.300859030092502e-8
1559	5.299567994381482e-8
1560	5.286373238485883e-8
1561	5.2805674751941255e-8
1562	5.2750814186668916e-8
1563	5.269073541380686e-8
1564	5.2749642685865485e-8
1565	5.252956899727767e-8
1566	5.2519670799718485e-8
1567	5.243455984015615e-8
1568	5.2374527243069646e-8
1569	5.2307266555103636e-8
1570	5.2248395346807915e-8
1571	5.2189022288322047e-8
1572	5.2117657442302484e-8
1573	5.2035352652025596e-8
1574	5.198938936421988e-8
1575	5.1925012420573385e-8
1576	5.184398228424169e-8
1577	5.1789142853481264e-8
1578	5.171464333883251e-8
1579	5.168229920218333e-8
1580	5.1598925820817877e-8
1581	5.150916530158041e-8
1582	5.144016762800274e-8
1583	5.13763466526187e-8
1584	5.131911158037258e-8
1585	5.1250880562942876e-8
1586	5.119111876868612e-8
1587	5.112635138622936e-8
1588	5.10679576712918e-8
1589	5.1019569134246524e-8
1590	5.095871569420667e-8
1591	5.0897797576197056e-8
1592	5.080704599233522e-8
1593	5.0779269943204536e-8
1594	5.069813376448854e-8
1595	5.06518593334464e-8
1596	5.059306536412119e-8
1597	5.0524429753196934e-8
1598	5.046596363665807e-8
1599	5.040752084985609e-8
1600	5.03478976908595e-8
1601	5.027542889981433e-8
1602	5.020725624717822e-8
1603	5.016377757624324e-8
1604	5.0102743103513127e-8
1605	5.003485323120892e-8
1606	4.997309919553265e-8
1607	4.9907054475253156e-8
1608	4.985672329744869e-8
1609	4.9784633986143985e-8
1610	4.971979653148806e-8
1611	4.9667918653646066e-8
1612	4.9609662857984346e-8
1613	4.953125197160487e-8
1614	4.94775368178873e-8
1615	4.94186124454812e-8
1616	4.936835370970019e-8
1617	4.9296932034514613e-8
1618	4.924147330756811e-8
1619	4.917931122920024e-8
1620	4.912070254448952e-8
1621	4.90506124994981e-8
1622	4.898683064279176e-8
1623	4.8946626916367426e-8
1624	4.8893920098551074e-8
1625	4.882453271178968e-8
1626	4.876666922900006e-8
1627	4.8708563686958457e-8
1628	4.8643440900264695e-8
1629	4.8577959222902944e-8
1630	4.851490933052433e-8
1631	4.84688288278798e-8
1632	4.8411835152042574e-8
1633	4.836102035983515e-8
1634	4.829713981625386e-8
1635	4.823946044179715e-8
1636	4.818070148277574e-8
1637	4.811657363351346e-8
1638	4.8063043125022575e-8
1639	4.799579453211645e-8
1640	4.7939091414505594e-8
1641	4.78764636495364e-8
1642	4.7817590711744197e-8
1643	4.775925363743766e-8
1644	4.7702253248263614e-8
1645	4.764641531200405e-8
1646	4.758895889771527e-8
1647	4.7529936711021746e-8
1648	4.7472942726614216e-8
1649	4.7417083793549034e-8
1650	4.735360165720249e-8
1651	4.730340817848919e-8
1652	4.724249310121496e-8
1653	4.7188891875874745e-8
1654	4.712949133177678e-8
1655	4.707433591280855e-8
1656	4.7019580437270176e-8
1657	4.696443743825091e-8
1658	4.690732205811551e-8
1659	4.685047924534652e-8
1660	4.679100942621348e-8
1661	4.6736626243995765e-8
1662	4.668099570407542e-8
1663	4.662683705267105e-8
1664	4.656555772282144e-8
1665	4.651067612495239e-8
1666	4.6453991541093065e-8
1667	4.6394059780677234e-8
1668	4.6340151148473555e-8
1669	4.628989887007943e-8
1670	4.623312834129115e-8
1671	4.617853208573628e-8
1672	4.612088539553729e-8
1673	4.605862124362284e-8
1674	4.6001475720899457e-8
1675	4.594729990708562e-8
1676	4.5894636316067126e-8
1677	4.583402581907242e-8
1678	4.5783136654124864e-8
1679	4.5726575356866856e-8
1680	4.5675504049982745e-8
1681	4.561937588568859e-8
1682	4.556308618888079e-8
1683	4.5509155617891696e-8
1684	4.5453388942185235e-8
1685	4.540007784318663e-8
1686	4.534624061360626e-8
1687	4.529186814007488e-8
1688	4.5236902826912386e-8
1689	4.518317119588785e-8
1690	4.5129067401389e-8
1691	4.5075482595504786e-8
1692	4.502214024908606e-8
1693	4.496847115428406e-8
1694	4.491481898334217e-8
1695	4.4860597654888514e-8
1696	4.4806841297523715e-8
1697	4.475499940752892e-8
1698	4.470176614597542e-8
1699	4.4648568492279256e-8
1700	4.459407498241892e-8
1701	4.454129627091341e-8
1702	4.44883724218262e-8
1703	4.443470265043325e-8
1704	4.438177478674382e-8
1705	4.4329142835331774e-8
1706	4.427633165135725e-8
1707	4.421700594122181e-8
1708	4.416497742338439e-8
1709	4.4112486660381714e-8
1710	4.406004033422563e-8
1711	4.4007654613764324e-8
1712	4.395542878275533e-8
1713	4.390326226312698e-8
1714	4.3851187819406005e-8
1715	4.3799178826423767e-8
1716	4.374713381465755e-8
1717	4.3695168857344676e-8
1718	4.3642894984502816e-8
1719	4.35916322399875e-8
1720	4.3539919629252824e-8
1721	4.3487962809294784e-8
1722	4.3436589888582625e-8
1723	4.338520476943596e-8
1724	4.333487248198521e-8
1725	4.328347048696878e-8
1726	4.323024832634141e-8
1727	4.318082170590697e-8
1728	4.31290984704756e-8
1729	4.307763287113977e-8
1730	4.302857562015203e-8
1731	4.297749804224698e-8
1732	4.292624653522105e-8
1733	4.287425019084403e-8
1734	4.282418949840219e-8
1735	4.277385572553781e-8
1736	4.2720413591226467e-8
1737	4.2669225825755253e-8
1738	4.2618846082741345e-8
1739	4.256642684407438e-8
1740	4.2521059111138144e-8
1741	4.247077975915005e-8
1742	4.241766151514646e-8
1743	4.2366801692200087e-8
1744	4.231712709078454e-8
1745	4.2266990454086807e-8
1746	4.221794721314142e-8
1747	4.2171325961012025e-8
1748	4.212045532661461e-8
1749	4.20690404822097e-8
1750	4.202143851982818e-8
1751	4.197059504768462e-8
1752	4.192208421467764e-8
1753	4.187243059385866e-8
1754	4.1822543010345846e-8
1755	4.1774013166215454e-8
1756	4.1726619487399706e-8
1757	4.167923324701927e-8
1758	4.1627382990625614e-8
1759	4.157760415948322e-8
1760	4.1528652411233294e-8
1761	4.1482539304194536e-8
1762	4.142981398646552e-8
1763	4.138325349404385e-8
1764	4.133518088512978e-8
1765	4.1286459533969643e-8
1766	4.123749418844423e-8
1767	4.118986450873177e-8
1768	4.114115845991586e-8
1769	4.1092709835909564e-8
1770	4.104497364585926e-8
1771	4.0992612766320326e-8
1772	4.094288637171811e-8
1773	4.090077672900346e-8
1774	4.0854200257975055e-8
1775	4.080655097508504e-8
1776	4.075776027183026e-8
1777	4.071112197463886e-8
1778	4.066241623404903e-8
1779	4.0596173070354756e-8
1780	4.0536398449607094e-8
1781	4.046457730587925e-8
1782	4.0472659315359844e-8
1783	4.042372147972222e-8
1784	4.037506112641423e-8
1785	4.033033309270421e-8
1786	4.028210499762491e-8
1787	4.0234118381530956e-8
1788	4.0187260669963355e-8
1789	4.014012528818134e-8
1790	4.009567524428974e-8
1791	4.004984388654827e-8
1792	4.00039176760615e-8
1793	3.99562014019668e-8
1794	3.990586465983683e-8
1795	3.985916598587868e-8
1796	3.9816024181862194e-8
1797	3.9770097198896974e-8
1798	3.9722710026653154e-8
1799	3.967724321290164e-8
1800	3.96311987920754e-8
1801	3.958479605177304e-8
1802	3.953605313815369e-8
1803	3.9490128374294204e-8
1804	3.944670635805449e-8
1805	3.940274780736684e-8
1806	3.9355366732536494e-8
1807	3.9306970649096415e-8
1808	3.926176890303572e-8
1809	3.9214404794984446e-8
1810	3.917137043439294e-8
1811	3.912514288204187e-8
1812	3.908044866624992e-8
1813	3.9034743974873254e-8
1814	3.8990014343444416e-8
1815	3.8943939581060484e-8
1816	3.890226859233468e-8
1817	3.885792284033626e-8
1818	3.8808169398999525e-8
1819	3.87623963888739e-8
1820	3.8721072350617876e-8
1821	3.867353228851966e-8
1822	3.863275948425709e-8
1823	3.858585972377829e-8
1824	3.854311695707966e-8
1825	3.849931116368918e-8
1826	3.8455308306205105e-8
1827	3.840863143938465e-8
1828	3.836673408774754e-8
1829	3.831846652912343e-8
1830	3.827670192979939e-8
1831	3.8231088950281004e-8
1832	3.819338802438831e-8
1833	3.814451791193755e-8
1834	3.810373526151766e-8
1835	3.8056123680251395e-8
1836	3.800979626250812e-8
1837	3.796482285152051e-8
1838	3.791588274595946e-8
1839	3.7876167435923374e-8
1840	3.7829784411122475e-8
1841	3.7779759748531927e-8
1842	3.7750131224003954e-8
1843	3.770603792320146e-8
1844	3.7663944675901575e-8
1845	3.761812602924194e-8
1846	3.7577759913250575e-8
1847	3.753478185378725e-8
1848	3.74890011295113e-8
1849	3.744811193757889e-8
1850	3.740705166827792e-8
1851	3.736478123530738e-8
1852	3.7321028363927874e-8
1853	3.727896327888498e-8
1854	3.723524200149919e-8
1855	3.7193404049766545e-8
1856	3.71505040374341e-8
1857	3.710567601404143e-8
1858	3.706257651972984e-8
1859	3.702122193438765e-8
1860	3.698249033344209e-8
1861	3.69411169015646e-8
1862	3.6896702999460934e-8
1863	3.685544302808347e-8
1864	3.681372661274163e-8
1865	3.6771698888650405e-8
1866	3.6732032980895524e-8
1867	3.6688229816931515e-8
1868	3.664381702097288e-8
1869	3.660630985267142e-8
1870	3.656327355909157e-8
1871	3.65219373492798e-8
1872	3.647916018025414e-8
1873	3.643846166687085e-8
1874	3.639916845738176e-8
1875	3.635815754994707e-8
1876	3.632034835303493e-8
1877	3.627316160222976e-8
1878	3.623337953151114e-8
1879	3.6193071484666275e-8
1880	3.614877943055167e-8
1881	3.610598076965263e-8
1882	3.606746212444613e-8
1883	3.602159093539809e-8
1884	3.598397072719278e-8
1885	3.594064139489905e-8
1886	3.590008967268433e-8
1887	3.586318726764919e-8
1888	3.58177659277433e-8
1889	3.57782758711543e-8
1890	3.57425740934557e-8
1891	3.57000748454917e-8
1892	3.5661525672873275e-8
1893	3.5621204583298324e-8
1894	3.558122717047745e-8
1895	3.554205190455137e-8
1896	3.549121531093538e-8
1897	3.5460692525289716e-8
1898	3.54199256228353e-8
1899	3.5379662591838915e-8
1900	3.5336669865743995e-8
1901	3.529697340588545e-8
1902	3.526192660726664e-8
1903	3.522117998660842e-8
1904	3.518097356603763e-8
1905	3.514061521234547e-8
1906	3.5096318273477776e-8
1907	3.506174292292155e-8
1908	3.5020683828963526e-8
1909	3.498435026786289e-8
1910	3.494325780951536e-8
1911	3.4907123563596366e-8
1912	3.4866418802120326e-8
1913	3.482778810318926e-8
1914	3.47893789343526e-8
1915	3.4748116062467414e-8
1916	3.4710836475412084e-8
1917	3.467040427692794e-8
1918	3.463055214378868e-8
1919	3.459182233666956e-8
1920	3.455296658420577e-8
1921	3.4516483750607214e-8
1922	3.4478825844107416e-8
1923	3.4436219037828225e-8
1924	3.43962178526193e-8
1925	3.435668657529348e-8
1926	3.431815090696484e-8
1927	3.4281318585614165e-8
1928	3.4242014174863984e-8
1929	3.420387960312674e-8
1930	3.416407985558334e-8
1931	3.412617725091418e-8
1932	3.408645541688142e-8
1933	3.4050001985808517e-8
1934	3.400900306079872e-8
1935	3.39746423817131e-8
1936	3.3934207062025835e-8
1937	3.389690027017532e-8
1938	3.385992216963437e-8
1939	3.3822167690206525e-8
1940	3.378389673521253e-8
1941	3.378501622786831e-8
1942	3.3708668404226385e-8
1943	3.366871133769189e-8
1944	3.363718292189618e-8
1945	3.3600001506770105e-8
1946	3.356587273973313e-8
1947	3.352522122775066e-8
1948	3.3489908771556986e-8
1949	3.344885233897227e-8
1950	3.3412745518390256e-8
1951	3.337608911828545e-8
1952	3.334049372559309e-8
1953	3.330236147821455e-8
1954	3.3264147659320636e-8
1955	3.322721332232981e-8
1956	3.318864537258521e-8
1957	3.315188521925533e-8
1958	3.311482924675084e-8
1959	3.308330067808313e-8
1960	3.304812980530295e-8
1961	3.300885914948641e-8
1962	3.2972947799153477e-8
1963	3.2935534016167174e-8
1964	3.2899282952900974e-8
1965	3.2860916568064835e-8
1966	3.2826645804123306e-8
1967	3.278753307837579e-8
1968	3.274935230213147e-8
1969	3.2711855718851324e-8
1970	3.2677209191074055e-8
1971	3.264428506014443e-8
1972	3.260158699413223e-8
1973	3.2568573671265125e-8
1974	3.2527588633919636e-8
1975	3.2496003795794104e-8
1976	3.2456049431937055e-8
1977	3.241923632547772e-8
1978	3.23892030733175e-8
1979	3.235543530082073e-8
1980	3.231643907264112e-8
1981	3.228611636814689e-8
1982	3.22475280330859e-8
1983	3.2211849480872495e-8
1984	3.217576353201472e-8
1985	3.2139412652026944e-8
1986	3.210471477637511e-8
1987	3.2069958291501044e-8
1988	3.203331471894126e-8
1989	3.199794602223096e-8
1990	3.196367285281421e-8
1991	3.193006323676329e-8
1992	3.189494540401241e-8
1993	3.1859228780051005e-8
1994	3.182289534773586e-8
1995	3.178894688140712e-8
1996	3.1755181931220184e-8
1997	3.171790073825451e-8
1998	3.168229921605785e-8
1999	3.1647658991196224e-8
2000	3.161534098280282e-8
2001	3.158055721903643e-8