1	8.99133007739211e-14
2	1.7982875314726015e-13
3	2.6974856879482857e-13
4	3.5967505151364935e-13
5	4.4961124148862013e-13
6	5.395566704543436e-13
7	6.295207723168355e-13
8	7.194880307213244e-13
9	8.094815782540111e-13
10	8.995013277983178e-13
11	9.894907896515435e-13
12	1.0795437426406244e-12
13	1.1696279286261025e-12
14	1.2597293205019236e-12
15	1.3499110125357873e-12
16	1.4400555137042595e-12
17	1.5302478369701612e-12
18	1.6205152407408291e-12
19	1.7108131815976136e-12
20	1.8011247920125585e-12
21	1.8915038138744248e-12
22	1.9819422644509875e-12
23	2.072390015583982e-12
24	2.1629397892755516e-12
25	2.25352586792172e-12
26	2.3440793397576233e-12
27	2.4346658987316492e-12
28	2.525445189196858e-12
29	2.616345110676382e-12
30	2.7072248208266127e-12
31	2.7980862439525646e-12
32	2.8891187091445085e-12
33	2.9805019574473583e-12
34	3.0714138878465333e-12
35	3.1626023903683954e-12
36	3.25420283283772e-12
37	3.3123449087515547e-12
38	3.436601335703057e-12
39	3.52810948723093e-12
40	3.6199134360046566e-12
41	3.711640443631407e-12
42	3.803443090578115e-12
43	3.895201241057575e-12
44	3.987378338088766e-12
45	4.079675540656464e-12
46	4.171301702558991e-12
47	4.263939389250628e-12
48	4.356288300699769e-12
49	4.448999517888028e-12
50	4.5413863313850946e-12
51	4.6341257619004275e-12
52	4.726641866195654e-12
53	4.819878642161115e-12
54	4.912415674702701e-12
55	5.0063616278034385e-12
56	5.0996051260445986e-12
57	5.19326932745036e-12
58	5.286156536145927e-12
59	5.379878701955054e-12
60	5.474049352236603e-12
61	5.568185294056553e-12
62	5.6627714047597104e-12
63	5.7559200798448486e-12
64	5.850583016446524e-12
65	5.945221804965024e-12
66	6.039526082406497e-12
67	6.134495305207315e-12
68	6.229222356893191e-12
69	6.3252122064538816e-12
70	6.420453495322735e-12
71	6.515832515615375e-12
72	6.611579078081836e-12
73	6.707842318240351e-12
74	6.803176718642861e-12
75	6.898790336415621e-12
76	6.994975699167928e-12
77	7.091662393139574e-12
78	7.188225192854093e-12
79	7.283754370879861e-12
80	7.381734041080023e-12
81	7.478528258200024e-12
82	7.57606119210416e-12
83	7.672996981311661e-12
84	7.771072522894188e-12
85	7.86892185823795e-12
86	7.967253890174819e-12
87	8.064893092302753e-12
88	8.164263677402922e-12
89	8.262772420566242e-12
90	8.361674620668836e-12
91	8.46032447090613e-12
92	8.559666879722973e-12
93	8.658856097493658e-12
94	8.761042532905576e-12
95	8.858679734079015e-12
96	8.95904801616025e-12
97	9.059999765246443e-12
98	9.160066221239631e-12
99	9.26165138165113e-12
100	9.361657173537294e-12
101	9.45735395070831e-12
102	9.566134067899775e-12
103	9.666448048444499e-12
104	9.768826079786357e-12
105	9.872455175317531e-12
106	9.973033488930148e-12
107	1.0074709313415852e-11
108	1.017693738176628e-11
109	1.0280247493041703e-11
110	1.0384150631152755e-11
111	1.0487517699449284e-11
112	1.0589796506960674e-11
113	1.0695690086353915e-11
114	1.0798489877074497e-11
115	1.09067406859323e-11
116	1.1012157385248756e-11
117	1.1115676792051028e-11
118	1.1217523041672464e-11
119	1.1326991471559861e-11
120	1.1432520586684823e-11
121	1.153864896259262e-11
122	1.1645057871075068e-11
123	1.1752924379434978e-11
124	1.185804045739471e-11
125	1.1965698977939552e-11
126	1.2074446959156739e-11
127	1.218304310219913e-11
128	1.2291571690624053e-11
129	1.2400450931494655e-11
130	1.2508696345630172e-11
131	1.2618334855538277e-11
132	1.2728197550963999e-11
133	1.2836570742161537e-11
134	1.2946987890452012e-11
135	1.3060579127265655e-11
136	1.3170521059579952e-11
137	1.3282598631079739e-11
138	1.3391712812857975e-11
139	1.3506743963664516e-11
140	1.3616498332877985e-11
141	1.3728624184081146e-11
142	1.3841414219401649e-11
143	1.3954457711639569e-11
144	1.406648197189691e-11
145	1.4180219461998562e-11
146	1.4295175973434688e-11
147	1.4409434221110667e-11
148	1.4525613747186263e-11
149	1.4641581942009656e-11
150	1.4757102045189665e-11
151	1.4871902318202118e-11
152	1.4989486366643614e-11
153	1.5106640501501436e-11
154	1.5221770993036818e-11
155	1.534111329144478e-11
156	1.545957372547835e-11
157	1.5579990033735637e-11
158	1.5693842527318035e-11
159	1.5816288079338705e-11
160	1.593144541653077e-11
161	1.605502452471846e-11
162	1.6174915068738044e-11
163	1.629313609446569e-11
164	1.6414943387593265e-11
165	1.6535571598113706e-11
166	1.6661183726774956e-11
167	1.678369108425853e-11
168	1.6904997757413712e-11
169	1.7026474386722823e-11
170	1.7147234176403694e-11
171	1.7261521585632235e-11
172	1.739660589080059e-11
173	1.7520148786971892e-11
174	1.7643881153912654e-11
175	1.7771212769176038e-11
176	1.789485946638544e-11
177	1.8016610586454492e-11
178	1.815255105596715e-11
179	1.8278373688215176e-11
180	1.8406805964458856e-11
181	1.853744732256009e-11
182	1.8661463965751245e-11
183	1.8789852918293522e-11
184	1.891790911295208e-11
185	1.9050826365326796e-11
186	1.9182469199887225e-11
187	1.9313650610619897e-11
188	1.9430753383176994e-11
189	1.9574831860900285e-11
190	1.9701468278776046e-11
191	1.9833626642997695e-11
192	1.9971232776273116e-11
193	2.0103031516989413e-11
194	2.0235820420405913e-11
195	2.0376223074586122e-11
196	2.0510557958664568e-11
197	2.064833414979547e-11
198	2.0777893026862516e-11
199	2.091640242483007e-11
200	2.105818694749337e-11
201	2.1191886693216596e-11
202	2.1328804569383128e-11
203	2.147190392386445e-11
204	2.1607359396130334e-11
205	2.17497769773146e-11
206	2.188822770915337e-11
207	2.2032646184591137e-11
208	2.217598522537865e-11
209	2.2315847359999543e-11
210	2.2457767866486842e-11
211	2.2603801562862862e-11
212	2.2744474334027042e-11
213	2.288771420856031e-11
214	2.3029313766758353e-11
215	2.317819980667715e-11
216	2.3325690057136472e-11
217	2.347591187649846e-11
218	2.3615910131997953e-11
219	2.376193026102183e-11
220	2.3912968359545116e-11
221	2.4059873520319133e-11
222	2.4216385217670716e-11
223	2.43640116501165e-11
224	2.4511285903046274e-11
225	2.466087486824036e-11
226	2.482624447649879e-11
227	2.496576048474643e-11
228	2.5110620033001434e-11
229	2.5265417222251657e-11
230	2.542013350004082e-11
231	2.5577675373227233e-11
232	2.5733109502202142e-11
233	2.5887618106745576e-11
234	2.603957000152789e-11
235	2.6214091393674352e-11
236	2.6361513890699855e-11
237	2.6518782998987555e-11
238	2.6693494274078423e-11
239	2.6875090304288102e-11
240	2.6971493073115607e-11
241	2.7147368329241663e-11
242	2.7314488364835974e-11
243	2.7471427341292985e-11
244	2.7616608472738768e-11
245	2.7799191147542434e-11
246	2.796944044674223e-11
247	2.8133295340250253e-11
248	2.829540785702801e-11
249	2.841552899007286e-11
250	2.860186114536474e-11
251	2.8780810290388997e-11
252	2.897163622179508e-11
253	2.912061851165758e-11
254	2.9311790921031316e-11
255	2.9489908126466653e-11
256	2.96468065368419e-11
257	2.984201525193456e-11
258	3.000549007750162e-11
259	3.015890452507605e-11
260	3.035606983253857e-11
261	3.051690470754832e-11
262	3.070007624673204e-11
263	3.087886058200257e-11
264	3.103594298990777e-11
265	3.123467754434797e-11
266	3.141104572476136e-11
267	3.159169088456749e-11
268	3.176339777222617e-11
269	3.194415390912773e-11
270	3.2130190106024233e-11
271	3.230093768618744e-11
272	3.250841020759807e-11
273	3.269155979368012e-11
274	3.285923143862568e-11
275	3.3057331171232226e-11
276	3.32494826097395e-11
277	3.343707833233544e-11
278	3.3611177617239545e-11
279	3.379511432860167e-11
280	3.399327814441722e-11
281	3.418007713180836e-11
282	3.437899459398967e-11
283	3.458229940478262e-11
284	3.475908546265171e-11
285	3.495783137413831e-11
286	3.5142716977141005e-11
287	3.535004722756159e-11
288	3.555130880828707e-11
289	3.574764627317016e-11
290	3.594451090313228e-11
291	3.575922101681531e-11
292	3.596168497718066e-11
293	3.61682939846496e-11
294	3.674761718872682e-11
295	3.6938368416674176e-11
296	3.713893362298783e-11
297	3.737045203119655e-11
298	3.757799944713138e-11
299	3.777228774184155e-11
300	3.7989117881478025e-11
301	3.816956466535483e-11
302	3.8379502088121145e-11
303	3.8605731467782224e-11
304	3.882940242801726e-11
305	3.901216566051515e-11
306	3.9230967792464307e-11
307	3.9453560465197985e-11
308	3.966329535243948e-11
309	3.9891415988278134e-11
310	4.011186761733167e-11
311	4.033614177129982e-11
312	4.0530038961748866e-11
313	4.0775372063303316e-11
314	4.098225686336934e-11
315	4.1204757877088397e-11
316	4.1396148127516993e-11
317	4.163924713432553e-11
318	4.1860313750722594e-11
319	4.208744131500279e-11
320	4.232996145590674e-11
321	4.254828984813506e-11
322	4.2788640968162625e-11
323	4.301024808838705e-11
324	4.323124640068602e-11
325	4.3439619837557135e-11
326	4.3675194014290943e-11
327	4.393176349679303e-11
328	4.417522515278132e-11
329	4.440170527591713e-11
330	4.464018794773491e-11
331	4.4869438216042594e-11
332	4.510795742003311e-11
333	4.5356139157615634e-11
334	4.561009517838017e-11
335	4.5855557471191724e-11
336	4.61433247138477e-11
337	4.6314784804578725e-11
338	4.655185606992373e-11
339	4.6797428183212206e-11
340	4.7048543362280655e-11
341	4.730629670858397e-11
342	4.758718046108004e-11
343	4.7851599810089355e-11
344	4.806682592883294e-11
345	4.837214933162838e-11
346	4.859927551427798e-11
347	4.885708521861049e-11
348	4.9096268771883894e-11
349	4.935124380742515e-11
350	4.9638050632114766e-11
351	4.991321988832103e-11
352	5.01494309122879e-11
353	5.0379610940096336e-11
354	5.065157065676109e-11
355	5.093680682652047e-11
356	5.117506724231708e-11
357	5.1453511179871877e-11
358	5.171380007029414e-11
359	5.19507991237972e-11
360	5.226760496013453e-11
361	5.2529301619327594e-11
362	5.282040018194711e-11
363	5.313000237418437e-11
364	5.336968194248408e-11
365	5.367865678427158e-11
366	5.395243891949399e-11
367	5.4227621283866795e-11
368	5.452182443202235e-11
369	5.484015944303183e-11
370	5.5082506569932836e-11
371	5.5379547558194154e-11
372	5.565242570800331e-11
373	5.595734798140664e-11
374	5.6235657888451636e-11
375	5.6492684262728365e-11
376	5.678233484578908e-11
377	5.706705260052427e-11
378	5.7371087070379227e-11
379	5.769185499916064e-11
380	5.79871450444643e-11
381	5.82933747429611e-11
382	5.867670997544013e-11
383	5.895433679473364e-11
384	5.920446480745996e-11
385	5.946809849024103e-11
386	5.982134932537455e-11
387	6.011178731451495e-11
388	6.043237254439382e-11
389	6.066784599647156e-11
390	6.10521347833991e-11
391	6.134143166850865e-11
392	6.165344170688781e-11
393	6.202181216772791e-11
394	6.234714131686428e-11
395	6.269783850306776e-11
396	6.295652929146146e-11
397	6.327267086135622e-11
398	6.359774589799316e-11
399	6.39423411035031e-11
400	6.425335238228613e-11
401	6.45405659574588e-11
402	6.488852778383728e-11
403	6.522183273746454e-11
404	6.555892241027762e-11
405	6.595309933323756e-11
406	6.627826413297896e-11
407	6.664479939122434e-11
408	6.70069222906037e-11
409	6.721723193064041e-11
410	6.763980804569907e-11
411	6.79582268929032e-11
412	6.834308374683241e-11
413	6.869807287623787e-11
414	6.911210725527894e-11
415	6.93259807095682e-11
416	6.973705498492185e-11
417	7.00857764739795e-11
418	7.044528391289085e-11
419	7.084906915881375e-11
420	7.122004161562505e-11
421	7.14816991827789e-11
422	7.194838247619235e-11
423	7.224793755864284e-11
424	7.266177464287451e-11
425	7.292403357909733e-11
426	7.328137094945804e-11
427	7.372207538837957e-11
428	7.410421490244552e-11
429	7.441224106571379e-11
430	7.479058656614185e-11
431	7.523767042368597e-11
432	7.556909337995178e-11
433	7.595090438627566e-11
434	7.63203309826521e-11
435	7.67307510448641e-11
436	7.712409357225194e-11
437	7.749907850331031e-11
438	7.791367250978486e-11
439	7.830207133898933e-11
440	7.868297312081661e-11
441	7.906586790851142e-11
442	7.948766692059922e-11
443	7.991880603418526e-11
444	8.03096064518786e-11
445	8.068128602042369e-11
446	8.114095407349624e-11
447	8.142967845645084e-11
448	8.186347506946226e-11
449	8.231830887406093e-11
450	8.274382139490455e-11
451	8.321666182772263e-11
452	8.35924075025977e-11
453	8.399769344270118e-11
454	8.441935051693565e-11
455	8.488853446749648e-11
456	8.53123316327181e-11
457	8.575885876283038e-11
458	8.606916969549854e-11
459	8.650508798541196e-11
460	8.694801278507545e-11
461	8.739965389635609e-11
462	8.784739222588486e-11
463	8.828310914133112e-11
464	8.874119313789748e-11
465	8.919652385033649e-11
466	8.963229015499564e-11
467	9.005464175708714e-11
468	9.056659627154825e-11
469	9.103061287205718e-11
470	9.144895004378414e-11
471	9.195233143504571e-11
472	9.246463171563223e-11
473	9.294036148511164e-11
474	9.333552269565717e-11
475	9.382536187842218e-11
476	9.422327798526501e-11
477	9.477855553474925e-11
478	9.526147912248846e-11
479	9.584015254913392e-11
480	9.637365725636401e-11
481	9.676814846105977e-11
482	9.716582101877595e-11
483	9.7690629448197e-11
484	9.821180187104572e-11
485	9.862997702242839e-11
486	9.920916704358392e-11
487	9.985853351368895e-11
488	1.0012903558565265e-10
489	1.0072588076295045e-10
490	1.0122923631051284e-10
491	1.0151907965027402e-10
492	1.0226887783472149e-10
493	1.0266537408763523e-10
494	1.0314711205207827e-10
495	1.036583830880127e-10
496	1.043004891779917e-10
497	1.0470449501831625e-10
498	1.0534874853318553e-10
499	1.0577832499342079e-10
500	1.061853352450989e-10
501	1.067300944945567e-10
502	1.0736482231741156e-10
503	1.0793578876856715e-10
504	1.0851750118819909e-10
505	1.0900693118366045e-10
506	1.0956219700593721e-10
507	1.0999542758394113e-10
508	1.1053400100354853e-10
509	1.1127095850031717e-10
510	1.1197408285151171e-10
511	1.1223598043489036e-10
512	1.1281528792575406e-10
513	1.1351749380061521e-10
514	1.1391547642258298e-10
515	1.1446940749243192e-10
516	1.1509351605990673e-10
517	1.1572632146744692e-10
518	1.1631217190285947e-10
519	1.1699987234693505e-10
520	1.1744698704896694e-10
521	1.1810405255834792e-10
522	1.1876643201331285e-10
523	1.1911261320542877e-10
524	1.1990554336299608e-10
525	1.2044597727958157e-10
526	1.2103126520357904e-10
527	1.2160414496873915e-10
528	1.222363763203252e-10
529	1.2280524959919922e-10
530	1.234463033776424e-10
531	1.2407948968189446e-10
532	1.246979274972564e-10
533	1.2530065495990595e-10
534	1.2591288195024388e-10
535	1.263229501488504e-10
536	1.2740805566222692e-10
537	1.2771762757578094e-10
538	1.2831619448047397e-10
539	1.2888206005571056e-10
540	1.2956003138371088e-10
541	1.302229648441057e-10
542	1.3105913158803306e-10
543	1.3165714321487146e-10
544	1.321817580730395e-10
545	1.3285738398639713e-10
546	1.3358487408499335e-10
547	1.3428792121896783e-10
548	1.3488679733622528e-10
549	1.3535595707822443e-10
550	1.3610430705083742e-10
551	1.3674091054812821e-10
552	1.3744916018827234e-10
553	1.3830812728475105e-10
554	1.3926778232928194e-10
555	1.3957378345410425e-10
556	1.4037582364015633e-10
557	1.4111304389068065e-10
558	1.4173325813056877e-10
559	1.4237616939949813e-10
560	1.4296790870620015e-10
561	1.4392631608168272e-10
562	1.4438314346368913e-10
563	1.4534081453975296e-10
564	1.4591725996465428e-10
565	1.4663825026891774e-10
566	1.473905952702756e-10
567	1.4828642708667573e-10
568	1.488906094038299e-10
569	1.4966245545073995e-10
570	1.503371515136703e-10
571	1.5125769570452611e-10
572	1.5199078002858172e-10
573	1.5273840893628376e-10
574	1.5337957735804983e-10
575	1.543325971705183e-10
576	1.550464121609906e-10
577	1.5586519806304932e-10
578	1.5657912611583761e-10
579	1.5730286721508505e-10
580	1.5803726833287258e-10
581	1.5828236720859318e-10
582	1.5953064165234373e-10
583	1.6001893679378018e-10
584	1.611340762285466e-10
585	1.6170049575973383e-10
586	1.626856887725626e-10
587	1.6370119057055513e-10
588	1.643473116837541e-10
589	1.649447444101001e-10
590	1.6546208959259294e-10
591	1.6641102536744377e-10
592	1.6741871065714885e-10
593	1.684041864030968e-10
594	1.6922461975873963e-10
595	1.700564493904902e-10
596	1.7088370492240035e-10
597	1.7138577638517826e-10
598	1.7229780656817475e-10
599	1.7324801138557563e-10
600	1.7403716797091614e-10
601	1.747170003143425e-10
602	1.7580608202922014e-10
603	1.7653383412763571e-10
604	1.7741253647579985e-10
605	1.783830029075695e-10
606	1.7940932360322703e-10
607	1.8034408542550237e-10
608	1.810472036258623e-10
609	1.8191128547827183e-10
610	1.827246459466492e-10
611	1.8384875011103003e-10
612	1.8493555740855756e-10
613	1.8579606545669804e-10
614	1.866131699235302e-10
615	1.874885025172914e-10
616	1.885037142743374e-10
617	1.8930184892134563e-10
618	1.9050934422914364e-10
619	1.911421353632709e-10
620	1.915667263595026e-10
621	1.9237700835745353e-10
622	1.9346250223614983e-10
623	1.9438925335876164e-10
624	1.9549380469265875e-10
625	1.9637834582596064e-10
626	1.9738812129282524e-10
627	1.9858054218602203e-10
628	1.993955125551569e-10
629	2.0042256761146417e-10
630	2.0146563609185499e-10
631	2.0101135165638407e-10
632	2.039113740117065e-10
633	2.043654542409769e-10
634	2.0593651602549316e-10
635	2.0659413586013137e-10
636	2.0772451856989784e-10
637	2.087959877935617e-10
638	2.0961849449435593e-10
639	2.107345843117708e-10
640	2.119390416466106e-10
641	2.1274042091504026e-10
642	2.1397796735152164e-10
643	2.1451728653262105e-10
644	2.156230094242263e-10
645	2.173677470834903e-10
646	2.1793414128274434e-10
647	2.1896026339170904e-10
648	2.2040542038504966e-10
649	2.2133605052059244e-10
650	2.2244899670814338e-10
651	2.2325085443700179e-10
652	2.2471367167809958e-10
653	2.2577756016199408e-10
654	2.2702689108802824e-10
655	2.281236037906939e-10
656	2.295894658870309e-10
657	2.3076047220347953e-10
658	2.313119433340629e-10
659	2.3269821545652177e-10
660	2.3421366251042117e-10
661	2.349022422114811e-10
662	2.3618574645215745e-10
663	2.3738280534224877e-10
664	2.389826694169156e-10
665	2.401440259478775e-10
666	2.408585414028112e-10
667	2.418958097839318e-10
668	2.4271349567270535e-10
669	2.44151222392779e-10
670	2.4538288799333173e-10
671	2.46758981472304e-10
672	2.480334693911644e-10
673	2.4918194436451073e-10
674	2.50309531980319e-10
675	2.5099823362309915e-10
676	2.526359212738236e-10
677	2.5383848080600285e-10
678	2.549742236969892e-10
679	2.5628464601736156e-10
680	2.577370967074552e-10
681	2.5766084234079684e-10
682	2.601631541446214e-10
683	2.61423048780867e-10
684	2.6271814188665664e-10
685	2.6402601850972253e-10
686	2.653677746268434e-10
687	2.667168109982167e-10
688	2.681143470397788e-10
689	2.693011926194042e-10
690	2.703670076768951e-10
691	2.7174910959550623e-10
692	2.73181334737629e-10
693	2.745334186637401e-10
694	2.7584118814751783e-10
695	2.7742045140223166e-10
696	2.783758482787135e-10
697	2.7979623112799644e-10
698	2.81160169605554e-10
699	2.8290882907333e-10
700	2.8402886026629486e-10
701	2.854825910679382e-10
702	2.8702207857105957e-10
703	2.8874634771483946e-10
704	2.8983086518034005e-10
705	2.9128371401984387e-10
706	2.9289917035526406e-10
707	2.943797392866859e-10
708	2.9543049088808995e-10
709	2.970648504595301e-10
710	2.982336798362918e-10
711	2.98631561731827e-10
712	3.0076056560791554e-10
713	3.0250614503683866e-10
714	3.0451468335074967e-10
715	3.0879249016446605e-10
716	3.0727605643841384e-10
717	3.0882305352779923e-10
718	3.1050479288571107e-10
719	3.1200435385395503e-10
720	3.14089210432652e-10
721	3.1418649129633797e-10
722	3.1569536048221917e-10
723	3.179555039260582e-10
724	3.1899209783560676e-10
725	3.2398647180205854e-10
726	3.2268158876798325e-10
727	3.235296208233337e-10
728	3.2874956139949714e-10
729	3.3050603620093493e-10
730	3.284996567218558e-10
731	3.3015059052936616e-10
732	3.321380181310692e-10
733	3.3375216147525746e-10
734	3.352683500745549e-10
735	3.3598832631918317e-10
736	3.369352303088213e-10
737	3.3847233597926783e-10
738	3.4041283567091206e-10
739	3.4067683765353876e-10
740	3.423817065220975e-10
741	3.4543235424276703e-10
742	3.474123775776292e-10
743	3.49688321580244e-10
744	3.504794103106731e-10
745	3.537733379090798e-10
746	3.5464782585912234e-10
747	3.570615825648182e-10
748	3.5769368042014275e-10
749	3.607269839052419e-10
750	3.625280612270463e-10
751	3.632115329708693e-10
752	3.6597900319583076e-10
753	3.662816915596847e-10
754	3.693966160224584e-10
755	3.702621530229475e-10
756	3.728793101419721e-10
757	3.7500324185932433e-10
758	3.768663427191187e-10
759	3.7766938340121575e-10
760	3.794601687570331e-10
761	3.8152699090974033e-10
762	3.833932321939662e-10
763	3.8478880676053024e-10
764	3.871345539029574e-10
765	3.890344989604706e-10
766	3.91228027846447e-10
767	3.9384983243622946e-10
768	3.95725349672956e-10
769	3.974488881604674e-10
770	3.9923117087925527e-10
771	4.011049634355623e-10
772	4.0303120366717333e-10
773	4.050785822263269e-10
774	4.069096328215663e-10
775	4.090497850870335e-10
776	4.1112079683357425e-10
777	4.13654114649859e-10
778	4.157871154851445e-10
779	4.16912548088348e-10
780	4.1841158180671167e-10
781	4.208798235050892e-10
782	4.227174235933742e-10
783	4.248278095619093e-10
784	4.2642295616382094e-10
785	4.2913494421987325e-10
786	4.31828210993299e-10
787	4.3363285216962114e-10
788	4.353921910332408e-10
789	4.375542849500323e-10
790	4.4007889805940937e-10
791	4.4158663077116053e-10
792	4.4386317429079425e-10
793	4.459193091933379e-10
794	4.480103281274226e-10
795	4.502932461587358e-10
796	4.5275693926469714e-10
797	4.5451421999699087e-10
798	4.568230719300555e-10
799	4.595970000820988e-10
800	4.6110488706736236e-10
801	4.6328999596142447e-10
802	4.6530911929194025e-10
803	4.679995504317396e-10
804	4.698377923284895e-10
805	4.710596192664055e-10
806	4.749889443304365e-10
807	4.778293581418021e-10
808	4.795268561755795e-10
809	4.816390556957127e-10
810	4.84251165969605e-10
811	4.870802747281638e-10
812	4.889167353091145e-10
813	4.914344725441022e-10
814	4.93131365246986e-10
815	4.959712872721417e-10
816	4.983170104784451e-10
817	5.003560581040277e-10
818	5.029426197419377e-10
819	5.05570504577769e-10
820	5.088275307781155e-10
821	5.10538210536565e-10
822	5.125383775170345e-10
823	5.151398984677164e-10
824	5.179328905359859e-10
825	5.198933999025724e-10
826	5.230273248270515e-10
827	5.256540762023295e-10
828	5.282003827177777e-10
829	5.307982341844846e-10
830	5.305944272561982e-10
831	5.338594503563581e-10
832	5.378267263404702e-10
833	5.37334366788174e-10
834	5.409826827723091e-10
835	5.448658958645566e-10
836	5.479191269233392e-10
837	5.530002674746435e-10
838	5.535412461715438e-10
839	5.570505300430155e-10
840	5.592658166448912e-10
841	5.616328118399548e-10
842	5.639512038839496e-10
843	5.759996521817455e-10
844	5.702612078349687e-10
845	5.727788362375068e-10
846	5.757922231272403e-10
847	5.783890002043851e-10
848	5.809143998217975e-10
849	5.837284615024795e-10
850	5.866643252893367e-10
851	5.891704256716308e-10
852	5.924080992067449e-10
853	5.953527248071381e-10
854	5.981168344911142e-10
855	6.007779504378437e-10
856	6.018291770012356e-10
857	6.046228621745239e-10
858	6.093105628175819e-10
859	6.119413163721918e-10
860	6.147288465303698e-10
861	6.180080858755331e-10
862	6.210531296605964e-10
863	6.265136961594249e-10
864	6.298740686001314e-10
865	6.302917468325084e-10
866	6.334669482241146e-10
867	6.365049187586879e-10
868	6.397510553846977e-10
869	6.428037549866939e-10
870	6.441179077517331e-10
871	6.484334082366512e-10
872	6.514842503493467e-10
873	6.543848063711667e-10
874	6.578770659898514e-10
875	6.602054707352599e-10
876	6.636523282864993e-10
877	6.675764539978772e-10
878	6.7057632994159e-10
879	6.745418434006652e-10
880	6.790335360673861e-10
881	6.806882858580789e-10
882	6.842559328324759e-10
883	6.857103850497654e-10
884	6.921300098455709e-10
885	6.935707222085771e-10
886	6.957696528869833e-10
887	6.996740160439847e-10
888	7.033511378880323e-10
889	7.074133434609896e-10
890	7.112748909607627e-10
891	7.139054009020479e-10
892	7.165398312694639e-10
893	7.198948436045062e-10
894	7.247637627667862e-10
895	7.269837385597146e-10
896	7.305640287517695e-10
897	7.33942834803172e-10
898	7.376327574540067e-10
899	7.410593767049484e-10
900	7.446180970650408e-10
901	7.476337058030768e-10
902	7.520144744385803e-10
903	7.554183032664485e-10
904	7.60114191273992e-10
905	7.633399510532371e-10
906	7.671295256018839e-10
907	7.698117181146245e-10
908	7.739998985025594e-10
909	7.775616764660054e-10
910	7.805866649754895e-10
911	7.84553568584116e-10
912	7.892385758178572e-10
913	7.924210072572158e-10
914	7.936818680182251e-10
915	7.995377264421808e-10
916	8.032975290719633e-10
917	8.072997546513301e-10
918	8.109422134745318e-10
919	8.147097740341604e-10
920	8.189108545683047e-10
921	8.228116147033973e-10
922	8.276573350685483e-10
923	8.298838963342378e-10
924	8.342456635182962e-10
925	8.40924527548166e-10
926	8.553790709602093e-10
927	8.461971559861786e-10
928	8.501143724173596e-10
929	8.549444771640178e-10
930	8.576641875650679e-10
931	8.618551609089991e-10
932	8.669698040652027e-10
933	8.711951710085671e-10
934	8.746804003743808e-10
935	8.786875421956109e-10
936	8.8284397736666e-10
937	8.881888849076896e-10
938	8.923588020616307e-10
939	8.963137151065483e-10
940	9.011668067432552e-10
941	9.038750571488514e-10
942	9.086135619857378e-10
943	9.14086967736434e-10
944	9.169126433541124e-10
945	9.217474338817971e-10
946	9.262178447125696e-10
947	9.300519463938164e-10
948	9.349259945514634e-10
949	9.396513575044098e-10
950	9.4421189788185e-10
951	9.49110412051504e-10
952	9.538046909756477e-10
953	9.604578870686565e-10
954	9.624713062309366e-10
955	9.66677683898011e-10
956	9.715052329484923e-10
957	9.759752102115824e-10
958	9.798630263308547e-10
959	9.851819736836141e-10
960	9.897223850168411e-10
961	9.895197604696474e-10
962	9.939100601889766e-10
963	1.003765723517214e-9
964	1.0101485416779214e-9
965	1.0136528985040606e-9
966	1.0161315308013902e-9
967	1.0205775496338808e-9
968	1.0262024373768756e-9
969	1.0314438739246492e-9
970	1.0368781524544836e-9
971	1.0420650142270702e-9
972	1.04643572061271e-9
973	1.0517486320455495e-9
974	1.0568872976990296e-9
975	1.0613715721187878e-9
976	1.066357060494916e-9
977	1.0728025070530527e-9
978	1.0763546186647187e-9
979	1.0807233804101243e-9
980	1.0862465425450326e-9
981	1.0921966946712868e-9
982	1.0968389024723692e-9
983	1.1009301609656394e-9
984	1.1066359571786815e-9
985	1.1123841294377929e-9
986	1.1167392866253837e-9
987	1.122409732083162e-9
988	1.1286093491169792e-9
989	1.131672341266272e-9
990	1.1392994503735434e-9
991	1.1440469991883297e-9
992	1.1494067777698367e-9
993	1.1551969872018855e-9
994	1.1590380348824566e-9
995	1.1651127210836358e-9
996	1.170077520139486e-9
997	1.176580027223981e-9
998	1.1818131469366752e-9
999	1.1880663231802852e-9
1000	1.194217045863803e-9
1001	1.1999160401477287e-9
1002	1.2040180388927866e-9
1003	1.2098045700138307e-9
1004	1.2144594175088547e-9
1005	1.220629573049219e-9
1006	1.2271072379820303e-9
1007	1.2327799676789352e-9
1008	1.2390390138773457e-9
1009	1.2433911096587216e-9
1010	1.2495291332862308e-9
1011	1.2548853421179324e-9
1012	1.2618823803229543e-9
1013	1.2677774758946175e-9
1014	1.27393078643342e-9
1015	1.279500103717592e-9
1016	1.284628384365833e-9
1017	1.2909507398575617e-9
1018	1.2949606814642083e-9
1019	1.302180102013365e-9
1020	1.3095372058549888e-9
1021	1.3142981703642473e-9
1022	1.3216274557939468e-9
1023	1.3277103993326171e-9
1024	1.333740607011672e-9
1025	1.3384800432855828e-9
1026	1.3474029221587837e-9
1027	1.3527794225519186e-9
1028	1.3585705887705306e-9
1029	1.3659279076262959e-9
1030	1.3707016604070487e-9
1031	1.377757501403209e-9
1032	1.3842428136467619e-9
1033	1.390491547144009e-9
1034	1.3983453100024965e-9
1035	1.4048994128142757e-9
1036	1.4097267942550632e-9
1037	1.4168484348344866e-9
1038	1.4215041243277553e-9
1039	1.4488444662942168e-9
1040	1.4340900624741717e-9
1041	1.4632654757541876e-9
1042	1.44910920344133e-9
1043	1.4558538679939877e-9
1044	1.4825616511477187e-9
1045	1.4905522182163874e-9
1046	1.4979580976392194e-9
1047	1.5042360803663137e-9
1048	1.489308517312192e-9
1049	1.496514435084865e-9
1050	1.5034993600149909e-9
1051	1.512101146832527e-9
1052	1.5399609742258187e-9
1053	1.5241624627090732e-9
1054	1.5314532882513347e-9
1055	1.5387007822081372e-9
1056	1.5454926022421312e-9
1057	1.5528850523609845e-9
1058	1.5593272847037244e-9
1059	1.566829439055497e-9
1060	1.574000201167057e-9
1061	1.5794501277974154e-9
1062	1.5885006375667988e-9
1063	1.5953071367628955e-9
1064	1.6045240092289114e-9
1065	1.6107334262807683e-9
1066	1.617623569915258e-9
1067	1.6249117346844973e-9
1068	1.6325900229440073e-9
1069	1.6403092065637132e-9
1070	1.6465387223583373e-9
1071	1.6553180758956805e-9
1072	1.6624252248150138e-9
1073	1.6702690249208198e-9
1074	1.6750029641156643e-9
1075	1.686315235134641e-9
1076	1.6934112049495082e-9
1077	1.7008488215177407e-9
1078	1.722631764220482e-9
1079	1.7163076690505987e-9
1080	1.7195224673421067e-9
1081	1.7323005633527106e-9
1082	1.7406496064914486e-9
1083	1.7486294769936594e-9
1084	1.7559540745898096e-9
1085	1.7638104959870818e-9
1086	1.7708716265503993e-9
1087	1.7741726355566336e-9
1088	1.7879631204570168e-9
1089	1.7880857423093837e-9
1090	1.8031238166254513e-9
1091	1.812232563599184e-9
1092	1.8205616250022273e-9
1093	1.8282041004629221e-9
1094	1.8372626758723132e-9
1095	1.8464314025704776e-9
1096	1.8533583334605065e-9
1097	1.8668678910423837e-9
1098	1.8701791622729557e-9
1099	1.879802163478846e-9
1100	1.8871313756285215e-9
1101	1.8974912403993313e-9
1102	1.904946760249738e-9
1103	1.9139148658767954e-9
1104	1.9208478717830088e-9
1105	1.9413146312439824e-9
1106	1.9388135753105577e-9
1107	1.947751545427972e-9
1108	1.955712768808391e-9
1109	1.966669330624322e-9
1110	1.9760415221437207e-9
1111	1.985014608293786e-9
1112	1.9930265897999083e-9
1113	2.0037480399581424e-9
1114	2.0074337506576383e-9
1115	2.017320326288046e-9
1116	2.026149404262042e-9
1117	2.038678264374515e-9
1118	2.0461966742384715e-9
1119	2.056288311608826e-9
1120	2.0653406290650315e-9
1121	2.073224237221435e-9
1122	2.0829633778774233e-9
1123	2.0907946777355262e-9
1124	2.1003578035471805e-9
1125	2.1103350260660584e-9
1126	2.118691726142279e-9
1127	2.127764079525534e-9
1128	2.138405327876732e-9
1129	2.1455766690017173e-9
1130	2.149822293216262e-9
1131	2.168962045826887e-9
1132	2.177769230610415e-9
1133	2.1882841859143544e-9
1134	2.1933564725059765e-9
1135	2.191558399321468e-9
1136	2.215459019066661e-9
1137	2.2231035865355905e-9
1138	2.2333397105547406e-9
1139	2.2450343171551355e-9
1140	2.2551115223366742e-9
1141	2.2607279971577165e-9
1142	2.2737698485608497e-9
1143	2.2847797365749178e-9
1144	2.2943731292964166e-9
1145	2.306388314898135e-9
1146	2.3141320365383692e-9
1147	2.3252672073758493e-9
1148	2.3380928070124148e-9
1149	2.3480025720687947e-9
1150	2.355128663867114e-9
1151	2.36674707614033e-9
1152	2.379356824562886e-9
1153	2.3865109639936495e-9
1154	2.3977572742189134e-9
1155	2.4102217556544546e-9
1156	2.423264608370589e-9
1157	2.430649217426531e-9
1158	2.4413745660925614e-9
1159	2.448508388883213e-9
1160	2.4617255588710325e-9
1161	2.4740819218768936e-9
1162	2.4879886933028366e-9
1163	2.4973029552616485e-9
1164	2.5076651506886986e-9
1165	2.5152354482598944e-9
1166	2.530238124534844e-9
1167	2.541499503250723e-9
1168	2.5502866599508356e-9
1169	2.55641509482506e-9
1170	2.573952982843812e-9
1171	2.5854085403126864e-9
1172	2.5967576244983395e-9
1173	2.607638645508301e-9
1174	2.6180902407315708e-9
1175	2.6305039328262188e-9
1176	2.6436335058482788e-9
1177	2.652584056530329e-9
1178	2.667914754855218e-9
1179	2.676712476649479e-9
1180	2.6884367453956762e-9
1181	2.7004265338651015e-9
1182	2.713492704843882e-9
1183	2.7279184895116552e-9
1184	2.7359997753483063e-9
1185	2.7478223888021265e-9
1186	2.7632119124807734e-9
1187	2.7696431203505114e-9
1188	2.768966115464632e-9
1189	2.7843079628002718e-9
1190	2.797406717908509e-9
1191	2.808548292781762e-9
1192	2.820639662529431e-9
1193	2.8340854998716566e-9
1194	2.8560122407665235e-9
1195	2.8685673276604156e-9
1196	2.8802253889849253e-9
1197	2.8931101849368725e-9
1198	2.904738756601241e-9
1199	2.918042933803901e-9
1200	2.9315186733489754e-9
1201	2.94411471345295e-9
1202	2.9551407531491494e-9
1203	2.9687397791407546e-9
1204	2.9806266156570587e-9
1205	2.994471498784402e-9
1206	3.006410684474954e-9
1207	3.0174223740061446e-9
1208	3.031956232020773e-9
1209	3.0445540516882622e-9
1210	3.0593437563526303e-9
1211	3.071956875215007e-9
1212	3.089463646066229e-9
1213	3.0989142132317735e-9
1214	3.111138131235756e-9
1215	3.1230224219651647e-9
1216	3.1365945005288575e-9
1217	3.150423780320052e-9
1218	3.1623223870415166e-9
1219	3.175218527954732e-9
1220	3.190748149609054e-9
1221	3.190181311742011e-9
1222	3.2168403856939712e-9
1223	3.231722363178513e-9
1224	3.2436654731907757e-9
1225	3.259920160805381e-9
1226	3.2711414749722266e-9
1227	3.2858597677162652e-9
1228	3.298916953596746e-9
1229	3.3122533692358e-9
1230	3.3271579338851193e-9
1231	3.340568147835523e-9
1232	3.352910734961061e-9
1233	3.368727513271908e-9
1234	3.385821850282847e-9
1235	3.3979873019785918e-9
1236	3.4110856992841036e-9
1237	3.422305419199665e-9
1238	3.442424554057534e-9
1239	3.4543173636076977e-9
1240	3.472548211813519e-9
1241	3.486222449095652e-9
1242	3.498713556168702e-9
1243	3.515805999262923e-9
1244	3.5272867768815773e-9
1245	3.5435409561120006e-9
1246	3.5577732288004697e-9
1247	3.5706592395460587e-9
1248	3.5867313651165397e-9
1249	3.602394447486972e-9
1250	3.6136395657482696e-9
1251	3.626728159417881e-9
1252	3.6458963589667124e-9
1253	3.6598001243512747e-9
1254	3.669489662190327e-9
1255	3.692043599106003e-9
1256	3.7040172391374007e-9
1257	3.7212269883233798e-9
1258	3.737902913629528e-9
1259	3.755683788411012e-9
1260	3.769098146020123e-9
1261	3.792857318539501e-9
1262	3.803675380287608e-9
1263	3.824730900818561e-9
1264	3.841179130583509e-9
1265	3.847862141408641e-9
1266	3.863491166709218e-9
1267	3.8789217842525535e-9
1268	3.894142824075444e-9
1269	3.9119393745277426e-9
1270	3.899850626936937e-9
1271	3.942733730781001e-9
1272	3.954412030937843e-9
1273	3.977795740295524e-9
1274	3.9923691399938175e-9
1275	4.006887642122485e-9
1276	4.028474550302304e-9
1277	4.040286001565575e-9
1278	4.059900239083175e-9
1279	4.071838222526874e-9
1280	4.089251585640978e-9
1281	4.103024302764662e-9
1282	4.121719368995759e-9
1283	4.134888790400389e-9
1284	4.1529023238774985e-9
1285	4.17037556775995e-9
1286	4.1872784504585765e-9
1287	4.202867355339516e-9
1288	4.211259135184217e-9
1289	4.239908046012837e-9
1290	4.2583201316349545e-9
1291	4.273791700940081e-9
1292	4.290690784884204e-9
1293	4.306081818420125e-9
1294	4.325787233392989e-9
1295	4.338453718931243e-9
1296	4.35648001092874e-9
1297	4.374053285821547e-9
1298	4.395595434281997e-9
1299	4.413539453896265e-9
1300	4.4257091435363596e-9
1301	4.447056155943488e-9
1302	4.466582221976772e-9
1303	4.479995424214501e-9
1304	4.499060061991891e-9
1305	4.518588041019356e-9
1306	4.530259307602278e-9
1307	4.561896697940661e-9
1308	4.574454920607153e-9
1309	4.597552492111139e-9
1310	4.611922345832642e-9
1311	4.628146897528334e-9
1312	4.636363382878765e-9
1313	4.657645469218866e-9
1314	4.676888125989201e-9
1315	4.7014478871191426e-9
1316	4.717049724909558e-9
1317	4.7389462506164205e-9
1318	4.760155730554441e-9
1319	4.775272011778244e-9
1320	4.773078626453855e-9
1321	4.812081000347687e-9
1322	4.834471763490803e-9
1323	4.848720909905129e-9
1324	4.867913452261584e-9
1325	4.889432211676039e-9
1326	4.904893292351432e-9
1327	4.925298489717744e-9
1328	4.945285722260788e-9
1329	4.967365163640631e-9
1330	4.9844858887988325e-9
1331	5.0030537240558e-9
1332	5.0252164367757145e-9
1333	5.039757837002303e-9
1334	5.066224351306812e-9
1335	5.078720509431785e-9
1336	5.0995417049220916e-9
1337	5.1429005739282695e-9
1338	5.1430397909495774e-9
1339	5.160618934659796e-9
1340	5.180451997900391e-9
1341	5.1982821526451774e-9
1342	5.22009303395674e-9
1343	5.236639074732656e-9
1344	5.258162262580368e-9
1345	5.276741028710164e-9
1346	5.29937179445177e-9
1347	5.31844037957668e-9
1348	5.338264557196561e-9
1349	5.365735885228007e-9
1350	5.295786301481135e-9
1351	5.319970463679081e-9
1352	5.380560891147756e-9
1353	5.4410367154045455e-9
1354	5.467523262508581e-9
1355	5.485267271440001e-9
1356	5.504325741469335e-9
1357	5.528774809067923e-9
1358	5.561095348854711e-9
1359	5.582450931351942e-9
1360	5.584381273158756e-9
1361	5.60929293487962e-9
1362	5.6343396068331174e-9
1363	5.651315262642573e-9
1364	5.6606685520195015e-9
1365	5.6980323130947955e-9
1366	5.7128636062607654e-9
1367	5.737228134899225e-9
1368	5.75320133112385e-9
1369	5.789026244998402e-9
1370	5.80130507826995e-9
1371	5.822793207698077e-9
1372	5.845036380888757e-9
1373	5.866334760781912e-9
1374	5.890563749613363e-9
1375	5.9142294402765775e-9
1376	5.938850476168466e-9
1377	5.960217241470987e-9
1378	5.978511335952972e-9
1379	5.9888601243774825e-9
1380	6.013723367623468e-9
1381	6.045318794351292e-9
1382	6.067613851025449e-9
1383	6.097367490794795e-9
1384	6.135075613336123e-9
1385	6.135627400875851e-9
1386	6.160135586867305e-9
1387	6.176277128405964e-9
1388	6.2012618326125886e-9
1389	6.226536440605385e-9
1390	6.247423480321856e-9
1391	6.263824614501836e-9
1392	6.297803073703694e-9
1393	6.320397575986993e-9
1394	6.343510925090216e-9
1395	6.364869853408813e-9
1396	6.4080845773355456e-9
1397	6.4130176115440515e-9
1398	6.434807729553567e-9
1399	6.458604816806057e-9
1400	6.483094237539492e-9
1401	6.5057331207214614e-9
1402	6.523250304570075e-9
1403	6.5443221190839326e-9
1404	6.567046429610156e-9
1405	6.5960400611687055e-9
1406	6.6174570956944785e-9
1407	6.64839730684106e-9
1408	6.664164897573471e-9
1409	6.694464225948566e-9
1410	6.741541153903117e-9
1411	6.750043736783229e-9
1412	6.765155245479821e-9
1413	6.783855209285112e-9
1414	6.808971859268725e-9
1415	6.830154364505722e-9
1416	6.861619136444226e-9
1417	6.88673143211582e-9
1418	6.912382991321394e-9
1419	6.9320000915681705e-9
1420	6.961759669545244e-9
1421	6.987797125270308e-9
1422	7.02274926190372e-9
1423	7.039633431560499e-9
1424	7.0605858220567915e-9
1425	7.079582056803993e-9
1426	7.1179754290891116e-9
1427	7.140619924007205e-9
1428	7.158593716391399e-9
1429	7.159990504978541e-9
1430	7.1871009840963104e-9
1431	7.381451467338252e-9
1432	7.233359164044386e-9
1433	7.274915436627318e-9
1434	7.310972286031238e-9
1435	7.3365906986215416e-9
1436	7.363592541033835e-9
1437	7.392129966848997e-9
1438	7.4143641411012155e-9
1439	7.447248971398282e-9
1440	7.465321592045888e-9
1441	7.49508297872421e-9
1442	7.49769300738556e-9
1443	7.541953819582349e-9
1444	7.679832369782834e-9
1445	7.58574351137358e-9
1446	7.621585695283706e-9
1447	7.64620505068357e-9
1448	7.6671983683819e-9
1449	7.698432468979165e-9
1450	7.731486769607918e-9
1451	7.762753041006214e-9
1452	7.782034795445756e-9
1453	7.804814804305389e-9
1454	7.834937789416549e-9
1455	7.845999519563273e-9
1456	7.885918948908099e-9
1457	7.91848269651717e-9
1458	7.922917352841475e-9
1459	7.96219182032029e-9
1460	8.003603892755534e-9
1461	8.017201309949426e-9
1462	8.044881450358306e-9
1463	8.087131310908236e-9
1464	8.105756685737117e-9
1465	8.128574157174224e-9
1466	8.159397177464615e-9
1467	8.188189559211484e-9
1468	8.224912375087065e-9
1469	8.247008717921808e-9
1470	8.286862947710942e-9
1471	8.298404719811534e-9
1472	8.345481009868146e-9
1473	8.416207560049814e-9
1474	8.372172083636916e-9
1475	8.408549817592826e-9
1476	8.444324056774453e-9
1477	8.458392950074371e-9
1478	8.506099442309606e-9
1479	8.519024796561713e-9
1480	8.553173139645282e-9
1481	8.576731619325272e-9
1482	8.618899719606335e-9
1483	8.640383374243324e-9
1484	8.6647570539187e-9
1485	8.703217736112684e-9
1486	8.709153056034313e-9
1487	8.753923712852242e-9
1488	8.80180110864035e-9
1489	8.809491432853725e-9
1490	8.829042338388072e-9
1491	8.874830284271745e-9
1492	8.898183544990711e-9
1493	8.923356330288614e-9
1494	8.977213590880084e-9
1495	8.992128175006602e-9
1496	9.012277248648466e-9
1497	9.102716360177192e-9
1498	9.07547626442306e-9
1499	9.086371759824207e-9
1500	9.124388515890261e-9
1501	9.213620657763123e-9
1502	9.227991992552086e-9
1503	9.2274754424997e-9
1504	9.263411001587692e-9
1505	9.278139761156244e-9
1506	9.508366100569213e-9
1507	9.3556841574546e-9
1508	9.352089551475324e-9
1509	9.437205232044058e-9
1510	9.447944045528262e-9
1511	9.462410924915047e-9
1512	9.504636892322003e-9
1513	9.524534230847393e-9
1514	9.565273553221402e-9
1515	9.583627432096193e-9
1516	9.613378427766274e-9
1517	9.65553783541246e-9
1518	9.686754213079728e-9
1519	9.723550537003761e-9
1520	9.741186878930755e-9
1521	9.775203391640926e-9
1522	9.818773503828173e-9
1523	9.848006542001196e-9
1524	9.875105654705128e-9
1525	9.91663639624671e-9
1526	9.92676437693804e-9
1527	9.88248462629032e-9
1528	9.986057888528546e-9
1529	1.0007441312534769e-8
1530	1.0061739782692386e-8
1531	1.01121908106551e-8
1532	1.0141360022389053e-8
1533	1.01637167019422e-8
1534	1.0192780598009908e-8
1535	1.0218771200339533e-8
1536	1.0219941307280289e-8
1537	1.0288174553726379e-8
1538	1.0324652278560785e-8
1539	1.0338439240819743e-8
1540	1.0392044626544319e-8
1541	1.044164588628878e-8
1542	1.0474043768699405e-8
1543	1.0474284453617892e-8
1544	1.051318543569651e-8
1545	1.0556314227148175e-8
1546	1.0572523274016882e-8
1547	1.0629042811640993e-8
1548	1.0637969592934534e-8
1549	1.0684995492019444e-8
1550	1.0725673934598278e-8
1551	1.075679467280026e-8
1552	1.0792948041331607e-8
1553	1.0817295858277255e-8
1554	1.0856296302466652e-8
1555	1.0882706140778196e-8
1556	1.0863452526678318e-8
1557	1.095775157546659e-8
1558	1.0984881808813185e-8
1559	1.1024206730154432e-8
1560	1.1042702504763296e-8
1561	1.1090614719056224e-8
1562	1.1128604476640498e-8
1563	1.1158087156028861e-8
1564	1.1019599631708344e-8
1565	1.1090306026038544e-8
1566	1.1207479883741533e-8
1567	1.1271621203537056e-8
1568	1.1360069231868833e-8
1569	1.1365088368300119e-8
1570	1.1387913965014103e-8
1571	1.1464152772706574e-8
1572	1.1486675165692775e-8
1573	1.1519549030360516e-8
1574	1.1556403965439834e-8
1575	1.161810764763423e-8
1576	1.1630279421377353e-8
1577	1.1663995527268103e-8
1578	1.1695716967294117e-8
1579	1.174046538392084e-8
1580	1.1762093169604004e-8
1581	1.1807243093854524e-8
1582	1.1851498207844125e-8
1583	1.1872619179381469e-8
1584	1.1923310107195972e-8
1585	1.1957001785444038e-8
1586	1.1983919837654523e-8
1587	1.2019520006471636e-8
1588	1.205755411554284e-8
1589	1.2122251823840755e-8
1590	1.2149872881311335e-8
1591	1.2172981000787223e-8
1592	1.2237281625904246e-8
1593	1.2233257803081271e-8
1594	1.227978255956672e-8
1595	1.2313486279721065e-8
1596	1.2361533194772075e-8
1597	1.2370602218761796e-8
1598	1.2439853020538144e-8
1599	1.2464841386030958e-8
1600	1.2459696639433106e-8
1601	1.2580877843221437e-8
1602	1.2599044483731563e-8
1603	1.2616274894684941e-8
1604	1.2653540173961743e-8
1605	1.2715119136807648e-8
1606	1.2784795478571707e-8
1607	1.2789020443768189e-8
1608	1.2828563871457935e-8
1609	1.2880690597061952e-8
1610	1.2903890332725532e-8
1611	1.2956495669476095e-8
1612	1.2987560544581408e-8
1613	1.2940633262754e-8
1614	1.2959932130057991e-8
1615	1.3007866028434476e-8
1616	1.3054807329656377e-8
1617	1.3097526500046238e-8
1618	1.3132072134600468e-8
1619	1.3079120099871202e-8
1620	1.328901985529453e-8
1621	1.3254330302754611e-8
1622	1.3379959302556135e-8
1623	1.340940152232541e-8
1624	1.3451271252002578e-8
1625	1.3409516260309969e-8
1626	1.3446452312231136e-8
1627	1.3505599985056099e-8
1628	1.3627241963946396e-8
1629	1.3670735066001861e-8
1630	1.3706927294883737e-8
1631	1.373257895704952e-8
1632	1.3778422272633788e-8
1633	1.383381021873377e-8
1634	1.3906073541452743e-8
1635	1.3844521376850772e-8
1636	1.3938853052785478e-8
1637	1.3962502743390902e-8
1638	1.405085556617754e-8
1639	1.4153286173647696e-8
1640	1.4122985947253307e-8
1641	1.4361784960904077e-8
1642	1.418867940650449e-8
1643	1.4263366939293764e-8
1644	1.4298287509612657e-8
1645	1.434640466329285e-8
1646	1.4440227024790037e-8
1647	1.4407363559121564e-8
1648	1.447390250014728e-8
1649	1.4513621322875222e-8
1650	1.4573790039244796e-8
1651	1.4613498438777579e-8
1652	1.4795202320181792e-8
1653	1.497801867425667e-8
1654	1.4762575635007311e-8
1655	1.4812319710626874e-8
1656	1.4823827895241656e-8
1657	1.4875513453273283e-8
1658	1.5426413115889276e-8
1659	1.499081897530439e-8
1660	1.500260595056727e-8
1661	1.5026877114074695e-8
1662	1.51601548229368e-8
1663	1.5153388245191843e-8
1664	1.5175067506882532e-8
1665	1.522311206407194e-8
1666	1.5309075382017086e-8
1667	1.534969167110187e-8
1668	1.5415286926924365e-8
1669	1.5496772102423244e-8
1670	1.54460439422284e-8
1671	1.5519318919494072e-8
1672	1.5717054269900056e-8
1673	1.5961744496309935e-8
1674	1.6111531336015705e-8
1675	1.5766410577371633e-8
1676	1.5819011164907946e-8
1677	1.5826402181974267e-8
1678	1.5894244340630976e-8
1679	1.5908567270445363e-8
1680	1.5981437003341373e-8
1681	1.6015352973178124e-8
1682	1.606874872758132e-8
1683	1.6126877739211658e-8
1684	1.612960207452649e-8
1685	1.6249909593759783e-8
1686	1.629976072106535e-8
1687	1.6322515092883235e-8
1688	1.6395079815671414e-8
1689	1.639974505034242e-8
1690	1.6542945271460507e-8
1691	1.6542380211281115e-8
1692	1.656278196059021e-8
1693	1.663356144421681e-8
1694	1.671497329076553e-8
1695	1.6767069775660663e-8
1696	1.677949112116504e-8
1697	1.669725741113499e-8
1698	1.685615681165084e-8
1699	1.6946431472805526e-8
1700	1.696365362916973e-8
1701	1.7125388336361023e-8
1702	1.7144214638175305e-8
1703	1.726338791646282e-8
1704	1.724238275145131e-8
1705	1.7284111519755987e-8
1706	1.7679379840606638e-8
1707	1.7356514503235875e-8
1708	1.7476039783635313e-8
1709	1.7438380959648035e-8
1710	1.7578626274650163e-8
1711	1.7602620707508046e-8
1712	1.7713515974227468e-8
1713	1.7734797931172235e-8
1714	1.7762416940669297e-8
1715	1.7804259371054672e-8
1716	1.7947903031831943e-8
1717	1.7828966778562618e-8
1718	1.8063424070422396e-8
1719	1.809441492531146e-8
1720	1.8130860392629844e-8
1721	1.8255439566728693e-8
1722	1.8303207323130015e-8
1723	1.8394744559442658e-8
1724	1.8362355181925392e-8
1725	1.849440918840723e-8
1726	1.8528904615751404e-8
1727	1.8629999647650175e-8
1728	1.8656350420975352e-8
1729	1.8729936867447423e-8
1730	1.8752172371453905e-8
1731	1.858415114556254e-8
1732	1.8759355027211456e-8
1733	1.899597926606131e-8
1734	1.9058575600314397e-8
1735	1.9185145425642605e-8
1736	1.9188325273325992e-8
1737	1.926293424478767e-8
1738	1.936218341673755e-8
1739	1.9401113372269447e-8
1740	1.9471930425470795e-8
1741	1.953427820779519e-8
1742	1.9768760077225922e-8
1743	1.980140547399697e-8
1744	1.9824208383350012e-8
1745	1.9881878558610165e-8
1746	1.9677322655518667e-8
1747	1.9989710819461323e-8
1748	1.9980352383280275e-8
1749	2.005733041991375e-8
1750	2.0124963253924054e-8
1751	2.0219756539145275e-8
1752	2.025798445534235e-8
1753	2.0436644170771724e-8
1754	2.0475597779321793e-8
1755	2.048911191843473e-8
1756	2.061573480216195e-8
1757	2.076632131566042e-8
1758	2.0747869895759814e-8
1759	2.0853945640719086e-8
1760	2.0956643169175362e-8
1761	2.1015375440007296e-8
1762	2.107463751700927e-8
1763	2.1148955407612906e-8
1764	2.127954892392171e-8
1765	2.1226363437480286e-8
1766	2.140101949009616e-8
1767	2.1477813732864634e-8
1768	2.1567376970821758e-8
1769	2.1738912741526985e-8
1770	2.1896443515121805e-8
1771	2.1819180966061613e-8
1772	2.162141667686157e-8
1773	2.2039407612991924e-8
1774	2.213915933581703e-8
1775	2.2240224477712604e-8
1776	2.2319723479663202e-8
1777	2.234933390214299e-8
1778	2.2424493740907062e-8
1779	2.2540382312262787e-8
1780	2.262149303938329e-8
1781	2.2732360587351883e-8
1782	2.280529086329344e-8
1783	2.2902021207571947e-8
1784	2.3023377126106313e-8
1785	2.298654271660113e-8
1786	2.321003204361082e-8
1787	2.3281306695049607e-8
1788	2.3455738387219478e-8
1789	2.348778719078178e-8
1790	2.3588004418842943e-8
1791	2.3668820196148366e-8
1792	2.3775787520185127e-8
1793	2.385954702638293e-8
1794	2.3994726422162594e-8
1795	2.4083357407340473e-8
1796	2.4336283037234104e-8
1797	2.4300184327782072e-8
1798	2.457048264242822e-8
1799	2.454467094407118e-8
1800	2.4605584136493826e-8
1801	2.4768467048357015e-8
1802	2.4863704605808957e-8
1803	2.496674750154751e-8
1804	2.5088895226500938e-8
1805	2.5221384482611217e-8
1806	2.5315853627682155e-8
1807	2.541814306236365e-8
1808	2.5509064162788894e-8
1809	2.5667020968217813e-8
1810	2.577368279400653e-8
1811	2.5922946644047466e-8
1812	2.607548374722876e-8
1813	2.6162512107762613e-8
1814	2.625389605994738e-8
1815	2.6395406762267895e-8
1816	2.6524033009305782e-8
1817	2.6768554391842672e-8
1818	2.6811553610815326e-8
1819	2.6925815743971044e-8
1820	2.7080559570768544e-8
1821	2.7232229314963956e-8
1822	2.733427428377882e-8
1823	2.7493699781223356e-8
1824	2.7670068015337627e-8
1825	2.7817549533404093e-8
1826	2.7910005291048807e-8
1827	2.8070762212751536e-8
1828	2.8224139934588893e-8
1829	2.83133427618979e-8
1830	2.8537736405285918e-8
1831	2.8628112789009016e-8
1832	2.8752939513341763e-8
1833	2.890364166706109e-8
1834	2.9048650390336355e-8
1835	2.926218653296779e-8
1836	2.9346481229756606e-8
1837	2.951501380548387e-8
1838	2.964543909396206e-8
1839	2.980263797127933e-8
1840	2.995675716065494e-8
1841	3.011226045259327e-8
1842	3.0240902243269134e-8
1843	3.041852090635704e-8
1844	3.054845049300816e-8
1845	3.0674224805696435e-8
1846	3.0841212031271086e-8
1847	3.100231789245948e-8
1848	3.113813421184583e-8
1849	3.129005221418661e-8
1850	3.141860259437473e-8
1851	3.1564099101328744e-8
1852	3.1681449519410614e-8
1853	3.181697940975646e-8
1854	3.192616445860385e-8
1855	3.203936529035066e-8
1856	3.2142473700520586e-8
1857	3.22302962871708e-8
1858	3.2313716015825556e-8
1859	3.238009257936035e-8
1860	3.243357474748989e-8
1861	3.246367077880234e-8
1862	3.247543765613687e-8
1863	3.2457674633294235e-8
1864	3.2413495350663404e-8
1865	3.23364167161542e-8
1866	3.221478367395343e-8
1867	3.2053848871085554e-8
1868	3.183656832670914e-8
1869	3.1553902704164854e-8
1870	3.1198021354915854e-8
1871	3.0754619108406315e-8
1872	3.0209998079831376e-8
1873	2.9544526056237226e-8
1874	2.8737442944891633e-8
1875	2.776333626256877e-8
1876	2.659338185558814e-8
1877	2.5193749464504884e-8
1878	2.3528045204224274e-8
1879	2.1558498260603576e-8
1880	1.9251724287059278e-8
1881	1.6589559063216574e-8
1882	1.3589189315071404e-8
1883	1.0336258375917965e-8
1884	7.028769015472564e-9
1885	4.0075558274359415e-9
1886	1.7049190364958768e-9
1887	4.2518391721894797e-10
1888	3.3164690455932885e-11
1889	6.346637669062641e-14
1890	0.
1891	0.
1892	0.
1893	0.
1894	0.
1895	0.
1896	1.3983890116658563e-6
1897	1.6614955922308383e-6
1898	1.4789146223824456e-6
1899	1.2994152571722443e-6
1900	1.1529158298431245e-6
1901	1.035741760632583e-6
1902	9.404035469834195e-7
1903	8.620393184060083e-7
1904	7.966567917012891e-7
1905	7.413115668392819e-7
1906	6.937471999843324e-7
1907	6.524821408054714e-7
1908	6.16206028478855e-7
1909	5.845355589608856e-7
1910	5.550323340246189e-7
1911	5.303582351993743e-7
1912	5.070819284678722e-7
1913	4.85371647028784e-7
1914	4.672058977640357e-7
1915	4.509134275862394e-7
1916	4.3420699042727085e-7
1917	4.197717611777175e-7
1918	4.053363719763128e-7
1919	3.9311410458938163e-7
1920	3.818806564235002e-7
1921	3.729147107677048e-7
1922	3.594659297238925e-7
1923	3.512370774516873e-7
1924	3.4203343793121794e-7
1925	3.332580364545426e-7
1926	3.2902998349700984e-7
1927	3.1752770021876307e-7
1928	3.103910639817558e-7
1929	3.051601523786387e-7
1930	2.964842617752657e-7
1931	2.913517067166675e-7
1932	2.852561069703199e-7
1933	2.7846682807473775e-7
1934	2.737710417604834e-7
1935	2.681024896461988e-7
1936	2.6525829052741875e-7
1937	2.6014402988703366e-7
1938	2.56157572079771e-7
1939	2.50899395133715e-7
1940	2.4750803142437836e-7
1941	2.4618838641471334e-7
1942	2.374597519673697e-7
1943	2.3506306959369596e-7
1944	2.3238890917035825e-7
1945	2.2216697586521151e-7
1946	2.2319339083540556e-7
1947	2.226305019287964e-7
1948	2.1793929749973466e-7
1949	2.1550918253117807e-7
1950	2.13801647492135e-7
1951	2.0841904377729506e-7
1952	2.0980151774270134e-7
1953	2.0560159254712772e-7
1954	2.041034559824668e-7
1955	2.00489258263202e-7
1956	1.9659227834309548e-7
1957	1.9974793056907708e-7
1958	1.931230140303018e-7
1959	1.8995502515712307e-7
1960	1.8715882826280648e-7
1961	1.8721880580086183e-7
1962	1.917535458926354e-7
1963	1.8354811598305004e-7
1964	1.8450198038490847e-7
1965	1.769401056900063e-7
1966	1.7027400867826667e-7
1967	1.7392937057492199e-7
1968	1.7446109729803325e-7
1969	1.7175770556039878e-7
1970	1.678168885836887e-7
1971	1.6405650951813624e-7
1972	1.6789698526738833e-7
1973	1.5885580530343347e-7
1974	1.6150938402401517e-7
1975	1.568137381121785e-7
1976	1.6195415244542682e-7
1977	1.6100468062200865e-7
1978	1.5846533843548565e-7
1979	1.5566498905463934e-7
1980	1.4648046913799634e-7
1981	1.4991123514433754e-7
1982	1.403825680833983e-7
1983	1.4749746921365016e-7
1984	1.5374204409902477e-7
1985	1.4838142101673682e-7
1986	1.485147694928862e-7
1987	1.4310405917689292e-7
1988	1.4497451487310425e-7
1989	1.3975027545614242e-7
1990	1.432244543095524e-7
1991	1.4354195857242244e-7
1992	1.3089710987591472e-7
1993	1.3698592917843897e-7
1994	1.3803281597869103e-7
1995	1.3511321220025018e-7
1996	1.343624651152512e-7
1997	1.371884362123951e-7
1998	1.305863309263434e-7
1999	1.3119075303959652e-7
2000	1.292279018346651e-7
2001	1.3000811185581632e-7