1	1.3160623490616499e-9
2	2.632061476788665e-9
3	3.947907428150896e-9
4	5.263895844240334e-9
5	6.579338042513501e-9
6	7.895305240804688e-9
7	9.211181188266192e-9
8	1.0524088353106883e-8
9	1.1841003614659296e-8
10	1.3153750435229412e-8
11	1.4464766601681535e-8
12	1.5776180934168315e-8
13	1.708901022238584e-8
14	1.839875760015577e-8
15	1.9701200915732692e-8
16	2.1021562539312648e-8
17	2.2325165816046936e-8
18	2.3639085135487084e-8
19	2.493962050460306e-8
20	2.626577935133879e-8
21	2.756113848998636e-8
22	2.8866129446419904e-8
23	3.0169848390098836e-8
24	3.148416048766457e-8
25	3.2825471470657324e-8
26	3.408032859706828e-8
27	3.537876571069836e-8
28	3.668449242675845e-8
29	3.7972231667910276e-8
30	3.926505551462302e-8
31	4.0525916691378184e-8
32	4.1832675535622674e-8
33	4.31347548731817e-8
34	4.441501844210167e-8
35	4.568947849853483e-8
36	4.6764931178345325e-8
37	4.8040192284918346e-8
38	4.9335380727820326e-8
39	5.079197695222745e-8
40	5.2076254421695284e-8
41	5.337225958710782e-8
42	5.465838903434729e-8
43	5.5913329208135703e-8
44	5.7184384032796945e-8
45	5.844904507210457e-8
46	5.975547864293048e-8
47	6.098807688388473e-8
48	6.225501854235354e-8
49	6.351479927745893e-8
50	6.478936484960855e-8
51	6.605128638018283e-8
52	6.731560203736617e-8
53	6.851916762114463e-8
54	6.982702187762299e-8
55	7.102655905928333e-8
56	7.233402097045331e-8
57	7.351977152337684e-8
58	7.475790190078298e-8
59	7.5922611366981e-8
60	7.72315326546127e-8
61	7.840611130183582e-8
62	7.964685713707797e-8
63	8.084860094896251e-8
64	8.208640471329584e-8
65	8.330640143887667e-8
66	8.45369876944532e-8
67	8.570978733156055e-8
68	8.700528712806036e-8
69	8.817873781797398e-8
70	8.936670819285543e-8
71	9.053120940926668e-8
72	9.192206163857858e-8
73	9.280775219206154e-8
74	9.400713372720638e-8
75	9.522582848741342e-8
76	9.644465292333883e-8
77	9.766096156957802e-8
78	9.877857047267062e-8
79	1.0005063593672459e-7
80	1.0113881927736815e-7
81	1.0233574670398869e-7
82	1.0342375050076999e-7
83	1.0461375224921676e-7
84	1.0576427851991726e-7
85	1.0692019989145744e-7
86	1.080668144647929e-7
87	1.0921937457594766e-7
88	1.1028644271658494e-7
89	1.1147109633876512e-7
90	1.1266056243804787e-7
91	1.1374155360994314e-7
92	1.149003688044806e-7
93	1.1603105855871531e-7
94	1.1718227695032489e-7
95	1.1819029288933643e-7
96	1.1926625029109157e-7
97	1.2043019350810837e-7
98	1.2146636818030485e-7
99	1.2264707293067776e-7
100	1.2218363527280703e-7
101	1.234978030016219e-7
102	1.247680343176749e-7
103	1.26861425540837e-7
104	1.2796328173755207e-7
105	1.2908613374931515e-7
106	1.301830561179543e-7
107	1.3128111499817307e-7
108	1.3237042014793735e-7
109	1.3373148518994823e-7
110	1.3443063691724012e-7
111	1.3541451127840893e-7
112	1.3639404514943977e-7
113	1.374359436362546e-7
114	1.3859321064593705e-7
115	1.3950394762066431e-7
116	1.4069887951744064e-7
117	1.415648658963248e-7
118	1.4265652235100399e-7
119	1.4372262911647386e-7
120	1.4467519416511447e-7
121	1.4576789305782765e-7
122	1.4672365323955926e-7
123	1.4767901392399047e-7
124	1.485690060283215e-7
125	1.495248688797178e-7
126	1.5071441084882454e-7
127	1.516613204941783e-7
128	1.5263087925611401e-7
129	1.5336788402926272e-7
130	1.544094541016964e-7
131	1.5548866510820602e-7
132	1.5655454632338072e-7
133	1.5744764555345025e-7
134	1.5824817135602273e-7
135	1.5858786522973966e-7
136	1.6016481298066456e-7
137	1.6095179363713325e-7
138	1.6189343953346184e-7
139	1.6281923118116062e-7
140	1.6371874644386834e-7
141	1.6474987614425775e-7
142	1.6571905468382784e-7
143	1.6652306481279933e-7
144	1.6759295988227073e-7
145	1.683407523921868e-7
146	1.6919338451000538e-7
147	1.6979317074673085e-7
148	1.7091377781662288e-7
149	1.7176842747056939e-7
150	1.7269558957783433e-7
151	1.735686139457446e-7
152	1.7437669532170648e-7
153	1.7519046641647598e-7
154	1.7594235190611128e-7
155	1.7703663796258524e-7
156	1.7776413016215254e-7
157	1.7862419159333658e-7
158	1.791561509271075e-7
159	1.8041188513629474e-7
160	1.8103436223487307e-7
161	1.820577039529864e-7
162	1.8262562122630816e-7
163	1.8365480321489698e-7
164	1.8427564154387805e-7
165	1.8518361296294334e-7
166	1.860402289900592e-7
167	1.8662059941136694e-7
168	1.8755878175323084e-7
169	1.8827394517827573e-7
170	1.8960995368484017e-7
171	1.8984207395265307e-7
172	1.9068102958095672e-7
173	1.913929032449385e-7
174	1.9221663079441226e-7
175	1.930276690870627e-7
176	1.935460711702439e-7
177	1.94207144348352e-7
178	1.9520131534806477e-7
179	1.957324209046595e-7
180	1.9660240167573528e-7
181	1.97238945159708e-7
182	1.9800901082114526e-7
183	1.9881314319719386e-7
184	1.9940816742538884e-7
185	2.001154052959446e-7
186	2.0036507428772162e-7
187	2.0139580565634822e-7
188	2.0213018086040563e-7
189	2.029275531103585e-7
190	2.0350642933747287e-7
191	2.0415866237340207e-7
192	2.046149167117328e-7
193	2.0544999990022037e-7
194	2.062326514153075e-7
195	2.069066685890849e-7
196	2.0743990516016415e-7
197	2.0807071151614966e-7
198	2.089072127978961e-7
199	2.095564719056001e-7
200	2.101462004556099e-7
201	2.107465615967808e-7
202	2.1136608557755805e-7
203	2.118460913027637e-7
204	2.1270400335882844e-7
205	2.131934469789387e-7
206	2.1377739241520193e-7
207	2.1439314945522213e-7
208	2.149957587354076e-7
209	2.15617913592649e-7
210	2.1611212664816536e-7
211	2.1674706811763616e-7
212	2.172679170266918e-7
213	2.1795249267942353e-7
214	2.185472604749516e-7
215	2.1906909358695837e-7
216	2.1962478259391143e-7
217	2.2011932491764037e-7
218	2.208386637278936e-7
219	2.212804765235053e-7
220	2.217322999788361e-7
221	2.2241360581635923e-7
222	2.2292177398066313e-7
223	2.2340163436577058e-7
224	2.2406078254352557e-7
225	2.2450928695632063e-7
226	2.2518100023144586e-7
227	2.254585015586937e-7
228	2.2606071080732413e-7
229	2.2645317136609548e-7
230	2.2710765274168095e-7
231	2.2756820374099613e-7
232	2.2813814599367534e-7
233	2.285781882953048e-7
234	2.2904219492679712e-7
235	2.2964540518346406e-7
236	2.3006708739462184e-7
237	2.3068076145435332e-7
238	2.310134407781617e-7
239	2.316487083983999e-7
240	2.3203753441772288e-7
241	2.325016289232033e-7
242	2.3275579426938715e-7
243	2.3332160833687086e-7
244	2.3369653165916077e-7
245	2.341553612996631e-7
246	2.3454464633321196e-7
247	2.350526923427098e-7
248	2.3550941666867528e-7
249	2.3585129007674738e-7
250	2.3635113222141878e-7
251	2.3692537036293245e-7
252	2.3729402386962973e-7
253	2.3761110875963515e-7
254	2.3809435873445797e-7
255	2.385688210952856e-7
256	2.3909606131160206e-7
257	2.390909421731548e-7
258	2.396010886735272e-7
259	2.40034155497941e-7
260	2.403010869321725e-7
261	2.402904657528066e-7
262	2.408841858624908e-7
263	2.4128563323725605e-7
264	2.4214062206154293e-7
265	2.4234568474335697e-7
266	2.426610814537423e-7
267	2.432483583685795e-7
268	2.4352630579713096e-7
269	2.43926472714994e-7
270	2.441774889860256e-7
271	2.447228614254372e-7
272	2.449324873468861e-7
273	2.4535364202954714e-7
274	2.455565121415834e-7
275	2.4604695321609417e-7
276	2.46356840952657e-7
277	2.466521335160908e-7
278	2.470414780041433e-7
279	2.474066567344502e-7
280	2.477463177717945e-7
281	2.479804222508263e-7
282	2.4821694796670946e-7
283	2.485835723106902e-7
284	2.489826931339385e-7
285	2.49304331086059e-7
286	2.495750925186205e-7
287	2.49944878638077e-7
288	2.5036271312584064e-7
289	2.5051422237668693e-7
290	2.5095604082253474e-7
291	2.511776161726066e-7
292	2.512608322316268e-7
293	2.5176998855253155e-7
294	2.520519879570432e-7
295	2.52307685076095e-7
296	2.5260205435856356e-7
297	2.528434819787477e-7
298	2.532132016885671e-7
299	2.534872164796823e-7
300	2.537141976563846e-7
301	2.54042511455561e-7
302	2.5426803695984946e-7
303	2.545330888012486e-7
304	2.5481648895936235e-7
305	2.550717752000179e-7
306	2.55414532611542e-7
307	2.555921623304452e-7
308	2.5594867117175833e-7
309	2.5613327511013654e-7
310	2.5636573753629357e-7
311	2.56690177906291e-7
312	2.569054274711734e-7
313	2.5711872926079844e-7
314	2.57392160666514e-7
315	2.5765129974102125e-7
316	2.577822376523987e-7
317	2.5813563618747857e-7
318	2.5830068282573045e-7
319	2.583934338076179e-7
320	2.5868958032974686e-7
321	2.5904567286131207e-7
322	2.592302399190795e-7
323	2.5956413500488303e-7
324	2.5976650742763727e-7
325	2.5978328131871674e-7
326	2.597197507997375e-7
327	2.603143245331295e-7
328	2.605242381672362e-7
329	2.6078229244859435e-7
330	2.609658481890678e-7
331	2.611751968523724e-7
332	2.614318771201685e-7
333	2.615654058852175e-7
334	2.615773832748366e-7
335	2.620094994108373e-7
336	2.62219590188316e-7
337	2.6234903629314266e-7
338	2.6255042266371196e-7
339	2.627228451195997e-7
340	2.6286710178544454e-7
341	2.631537225236293e-7
342	2.6320643785709716e-7
343	2.6351818872359093e-7
344	2.637519046672397e-7
345	2.638441710221966e-7
346	2.640188421140651e-7
347	2.642931909654603e-7
348	2.6445863198872757e-7
349	2.6452906004884514e-7
350	2.647904715939737e-7
351	2.6493261220041284e-7
352	2.650597679206088e-7
353	2.65282899534243e-7
354	2.655356228314728e-7
355	2.65550246881325e-7
356	2.6560591737144223e-7
357	2.658823174981476e-7
358	2.6599332831807576e-7
359	2.662723403932275e-7
360	2.6646541474205763e-7
361	2.6652628809094267e-7
362	2.6685902023763905e-7
363	2.669125252125688e-7
364	2.6710823988603837e-7
365	2.6706917931763615e-7
366	2.6737417890410016e-7
367	2.6755007494226956e-7
368	2.6763649344377365e-7
369	2.6788366381294626e-7
370	2.679832433839703e-7
371	2.680758366466375e-7
372	2.682876358374006e-7
373	2.6849601007179915e-7
374	2.686025742949203e-7
375	2.686845320161974e-7
376	2.6887012535714676e-7
377	2.689991252797645e-7
378	2.6897204630853637e-7
379	2.6915548716667946e-7
380	2.692964723983389e-7
381	2.6943583198445994e-7
382	2.695984257622289e-7
383	2.697362145961465e-7
384	2.6987239822593935e-7
385	2.700275490333125e-7
386	2.7006827331931376e-7
387	2.703325427943809e-7
388	2.703889193413655e-7
389	2.705517829810762e-7
390	2.7070516355414033e-7
391	2.707919981528989e-7
392	2.709606141896893e-7
393	2.7107501080617056e-7
394	2.7118381994122085e-7
395	2.7206791406179415e-7
396	2.7151824172669086e-7
397	2.715986639962992e-7
398	2.7171406133071894e-7
399	2.7187003572849e-7
400	2.7204562098802444e-7
401	2.720434198192397e-7
402	2.722743769169897e-7
403	2.7246432345856437e-7
404	2.725887751782642e-7
405	2.7227791590792366e-7
406	2.7256289699421776e-7
407	2.7285319373264475e-7
408	2.72994763418943e-7
409	2.7317021616681366e-7
410	2.73320444527354e-7
411	2.7351179642799317e-7
412	2.7352613461703544e-7
413	2.735407400262384e-7
414	2.736976375700512e-7
415	2.73823145161877e-7
416	2.7398409950743014e-7
417	2.741179363348468e-7
418	2.7412571429051467e-7
419	2.7428227776798904e-7
420	2.7442312295544855e-7
421	2.745471269300001e-7
422	2.7464301844997484e-7
423	2.747437051276803e-7
424	2.7488017585716546e-7
425	2.749705096941755e-7
426	2.7505832973713376e-7
427	2.7514306177896543e-7
428	2.752839305263379e-7
429	2.7540816815713554e-7
430	2.755260476778615e-7
431	2.75647108119004e-7
432	2.7573731497647504e-7
433	2.7582838965448963e-7
434	2.759621201593011e-7
435	2.7601858498215345e-7
436	2.7601568114044845e-7
437	2.7629292261113237e-7
438	2.763589820656469e-7
439	2.764682884476203e-7
440	2.765744088930906e-7
441	2.7675661094501643e-7
442	2.7679192777248265e-7
443	2.7689412498708065e-7
444	2.769570704172546e-7
445	2.770733965510371e-7
446	2.7717374765457184e-7
447	2.7728947227180383e-7
448	2.774324998427636e-7
449	2.7744730416662673e-7
450	2.775538609412892e-7
451	2.776604816613607e-7
452	2.778004241224267e-7
453	2.778703348521105e-7
454	2.779011891205851e-7
455	2.780287905668707e-7
456	2.7814286373669413e-7
457	2.7822886802402545e-7
458	2.783803510567107e-7
459	2.784198391848661e-7
460	2.7850381082972273e-7
461	2.7857493681405986e-7
462	2.7866223670491193e-7
463	2.7876067011198653e-7
464	2.7881903098334086e-7
465	2.788973923467845e-7
466	2.7895526345976776e-7
467	2.7903258102474117e-7
468	2.7919058555396395e-7
469	2.791334707775523e-7
470	2.7925716604589724e-7
471	2.7929678528063435e-7
472	2.7937621840912406e-7
473	2.794330427632394e-7
474	2.7950705932650417e-7
475	2.795461299265945e-7
476	2.795973692408062e-7
477	2.7962482593029554e-7
478	2.797117015103715e-7
479	2.7975139547393164e-7
480	2.7977608723410077e-7
481	2.7981589051451163e-7
482	2.7982384385463035e-7
483	2.7986356543773374e-7
484	2.798711744405303e-7
485	2.7990062736788797e-7
486	2.798995168963583e-7
487	2.7985862403522366e-7
488	2.798579722124529e-7
489	2.7989297776206607e-7
490	2.7986424868266215e-7
491	2.798069083255204e-7
492	2.797923899931434e-7
493	2.797363344378043e-7
494	2.797122347473653e-7
495	2.796809431516054e-7
496	2.796306166259828e-7
497	2.794521279971255e-7
498	2.7941575449363926e-7
499	2.7929327006087256e-7
500	2.7912569355673324e-7
501	2.789867734751749e-7
502	2.788682757248377e-7
503	2.78699343180559e-7
504	2.78509417876076e-7
505	2.783053567089789e-7
506	2.780904254363055e-7
507	2.7785875511541847e-7
508	2.7763036059781845e-7
509	2.773290441448349e-7
510	2.7704403883551074e-7
511	2.767167149161137e-7
512	2.763855305920706e-7
513	2.759813180018899e-7
514	2.7553547614827184e-7
515	2.751084796873515e-7
516	2.746782026871912e-7
517	2.7416167370427306e-7
518	2.736318045594622e-7
519	2.730353067028011e-7
520	2.7238480300067314e-7
521	2.717324256845417e-7
522	2.7100647317243516e-7
523	2.7022486261665857e-7
524	2.693590187005487e-7
525	2.6848892976926587e-7
526	2.6751586997832046e-7
527	2.6649622450652583e-7
528	2.653803033287225e-7
529	2.641968739857386e-7
530	2.6291198942329755e-7
531	2.615679678409082e-7
532	2.600632794044495e-7
533	2.5850316598798927e-7
534	2.5679977151649437e-7
535	2.549547041436407e-7
536	2.5300320154449895e-7
537	2.508826846541054e-7
538	2.4860010817802765e-7
539	2.4614996552026537e-7
540	2.435041084496956e-7
541	2.406498114206851e-7
542	2.3757145244395763e-7
543	2.3424662469224978e-7
544	2.306507149910489e-7
545	2.2675485255269992e-7
546	2.2254323270313524e-7
547	2.179784321451751e-7
548	2.130260719187564e-7
549	2.0764860904814085e-7
550	2.01804299530408e-7
551	1.9544706942039603e-7
552	1.8852605314297772e-7
553	1.8098532572245e-7
554	1.7276449638478907e-7
555	1.637988011297978e-7
556	1.540204508142612e-7
557	1.4336107726286376e-7
558	1.31756381293583e-7
559	1.1915425270360443e-7
560	1.055288879295956e-7
561	9.090508551419317e-8
562	7.53986505872116e-8
563	5.92825010021647e-8
564	4.30872746432033e-8
565	2.773057087873005e-8
566	1.4601937380803827e-8
567	5.349508547503687e-9
568	9.114708619362339e-10
569	1.5607773386193682e-11
570	0.
571	0.
572	0.
573	0.
574	0.
575	0.
576	0.
577	0.
578	0.
579	0.
580	0.
581	0.
582	0.
583	0.
584	0.
585	0.
586	0.
587	0.
588	0.
589	7.910074617214055e-6
590	8.044628157254105e-6
591	6.8847805598865555e-6
592	5.951720017709594e-6
593	5.234889632472153e-6
594	4.673021852045741e-6
595	4.223041219814357e-6
596	3.854242955564864e-6
597	3.5461342999553916e-6
598	3.284866562556426e-6
599	3.060750051369629e-6
600	2.866454656985327e-6
601	2.69634482948162e-6
602	2.546774297831965e-6
603	2.411516282749094e-6
604	2.291650598710167e-6
605	2.1849851033309494e-6
606	2.084671124145976e-6
607	1.998087736650362e-6
608	1.9141139709446837e-6
609	1.8414013351473597e-6
610	1.7712527196939747e-6
611	1.7078047079556596e-6
612	1.6488527659883965e-6
613	1.5939422646376044e-6
614	1.5426654988007336e-6
615	1.495182394008361e-6
616	1.4499212307306659e-6
617	1.4083114556019574e-6
618	1.3683099632570306e-6
619	1.33156458269461e-6
620	1.295676252692312e-6
621	1.262890813512614e-6
622	1.2311071294235445e-6
623	1.201689100237612e-6
624	1.1724920142094268e-6
625	1.1459173342546618e-6
626	1.1200001401901478e-6
627	1.0957576671419898e-6
628	1.0723535446150456e-6
629	1.0499539667813286e-6
630	1.0281268899302344e-6
631	1.0082055380642518e-6
632	9.883024185322715e-7
633	9.679303189288724e-7
634	9.518970984678942e-7
635	9.34325752462682e-7
636	9.173061722238577e-7
637	8.993030492414406e-7
638	8.847643103106609e-7
639	8.708741338683847e-7
640	8.560643487036765e-7
641	8.421553126127622e-7
642	8.265739160007897e-7
643	8.147275639850497e-7
644	8.019290679366047e-7
645	7.913772261231171e-7
646	7.79935652192534e-7
647	7.694822128015595e-7
648	7.557784559798169e-7
649	7.42437727190303e-7
650	7.339601595182368e-7
651	7.246016853911169e-7
652	7.147135757657117e-7
653	7.052162784360386e-7
654	6.939258036298267e-7
655	6.865970805082738e-7
656	6.755610943502509e-7
657	6.67713467230631e-7
658	6.608832018424292e-7
659	6.540992738866632e-7
660	6.48390735159394e-7
661	6.385731048974406e-7
662	6.274868446810089e-7
663	6.209091355431253e-7
664	6.176127936266711e-7
665	6.064892750082516e-7
666	5.999943695660289e-7
667	5.944007447381893e-7
668	5.881585406087079e-7
669	5.842660338247191e-7
670	5.792762427365462e-7
671	5.698882563493497e-7
672	5.630698668807262e-7
673	5.581664699252326e-7
674	5.458122339339574e-7
675	5.474084233122353e-7
676	5.438521524842972e-7
677	5.383483173483728e-7
678	5.337407588443064e-7
679	5.250343352553811e-7
680	5.208503719020098e-7
681	5.124960425454488e-7
682	5.119387106235921e-7
683	5.058327884568942e-7
684	5.053966771534421e-7
685	4.974240142492485e-7
686	4.941834416146086e-7
687	4.743455281589474e-7
688	4.7266387667332563e-7
689	4.747930415364126e-7
690	4.699839879183069e-7
691	4.7202982514329915e-7
692	4.668105313587075e-7
693	4.984928060651728e-7
694	4.648336969947404e-7
695	4.4214728374966197e-7
696	4.429246235757923e-7
697	4.482816071557101e-7
698	4.4232427625685973e-7
699	4.362006406376215e-7
700	4.389070635801709e-7
701	4.256873426978436e-7
702	4.3022059283699585e-7
703	5.199603360132092e-7
704	5.251746017689162e-7
705	4.226859235166641e-7
706	4.114712674586613e-7
707	4.1648458004241033e-7
708	4.09860087709596e-7
709	4.0600189279541713e-7
710	4.068570702519326e-7
711	3.996505440542246e-7
712	3.854168532135221e-7
713	4.0233102681586324e-7
714	3.9291702448082805e-7
715	3.9780951428834195e-7
716	3.85023140094957e-7
717	3.8404906638404665e-7
718	3.816677882965048e-7
719	3.771331333737632e-7
720	3.7980005507276403e-7
721	3.916007411994313e-7
722	3.7070328623081294e-7
723	3.728756068334489e-7
724	3.686930499289348e-7
725	3.6694761308744954e-7
726	3.5992822927364495e-7
727	3.637148164165412e-7
728	3.6410168051183876e-7
729	3.544544646298535e-7
730	3.5212567849725764e-7
731	3.58607432282556e-7
732	3.4899528305442076e-7
733	3.473484686265775e-7
734	3.505737417503706e-7
735	3.5609759282426e-7
736	3.558836319980144e-7
737	3.347808236937787e-7
738	3.310815680435141e-7
739	3.3725177738653996e-7
740	3.287206210432869e-7
741	3.271984876215192e-7
742	3.2572099255795795e-7
743	3.2112243773967396e-7
744	3.2759633381765597e-7
745	3.2108601929420936e-7
746	3.2259705833626976e-7
747	3.1946049773096665e-7
748	3.2560310811857297e-7
749	3.1233412571645956e-7
750	3.202985032055213e-7
751	3.282229236185091e-7
752	3.210436563854918e-7
753	3.207866317112254e-7
754	3.1696515456128327e-7
755	3.104272440911737e-7
756	3.0560792503322586e-7
757	3.0150073027684715e-7
758	3.0024375497247684e-7
759	2.929151097337874e-7
760	3.010215067600459e-7
761	2.867190620683522e-7
762	2.8167621502378e-7
763	2.8052084368119423e-7
764	2.8466273011169655e-7
765	2.850668108608715e-7
766	2.7991800585741217e-7
767	2.8026773790440075e-7
768	2.752217861963861e-7
769	2.800657956936941e-7
770	2.66579074168589e-7
771	2.7197459692146286e-7
772	2.750676821849267e-7
773	2.755677410378641e-7
774	2.765466683968979e-7
775	2.6913567658300206e-7
776	2.737329703712028e-7
777	2.8481143211064604e-7
778	2.68018817501646e-7
779	2.676847629445018e-7
780	2.7033178103110227e-7
781	2.6778697364209245e-7
782	2.5919102959006926e-7
783	2.524154234225322e-7
784	2.580753342654101e-7
785	2.493837966131665e-7
786	2.6303761722510016e-7
787	2.63241730617629e-7
788	2.593806502814826e-7
789	2.63420921456615e-7
790	2.501642070674713e-7
791	2.6411222450421496e-7
792	2.5657452953511216e-7
793	2.5590570054609785e-7
794	2.496280943653094e-7
795	2.434373114922039e-7
796	2.466129052635195e-7
797	2.490287502312235e-7
798	2.485809545531812e-7
799	2.420556069502113e-7
800	2.499788614158379e-7
801	2.511809461454495e-7
802	2.4329338163177693e-7
803	2.469300773599564e-7
804	2.447336651335716e-7
805	2.420713396404278e-7
806	2.367498583799318e-7
807	2.3797021949147285e-7
808	2.3432715247182356e-7
809	2.2530392844337963e-7
810	2.4001480902818064e-7
811	2.352845901346217e-7
812	2.3094859029097597e-7
813	2.3761242416019614e-7
814	2.4313222730346227e-7
815	2.392840119954859e-7
816	2.254533041350535e-7
817	2.3125768265557865e-7
818	2.2352643657233996e-7
819	2.2849858715933203e-7
820	2.185142748290541e-7
821	2.2326337391053938e-7
822	2.154078861173532e-7
823	2.2703009885849553e-7
824	2.2896703008153125e-7
825	2.2425506858365284e-7
826	2.1995206805006006e-7
827	2.2142176853526107e-7
828	2.1863815059193417e-7
829	2.1618614628129763e-7
830	2.3772475604014005e-7
831	2.0978945719552976e-7
832	2.1458765500098924e-7
833	1.9966533148221733e-7
834	2.1564177474412847e-7
835	2.2516370010556777e-7
836	2.1164468445776877e-7
837	2.1456627913987208e-7
838	2.0843565945442058e-7
839	2.10514317499196e-7
840	2.0823424439910366e-7
841	2.1257164876839626e-7
842	2.170426798741175e-7
843	2.1557546022852726e-7
844	2.0778221365394383e-7
845	2.1379601260372195e-7
846	2.129093146384769e-7
847	2.0033424592032413e-7
848	2.0697756201177028e-7
849	2.0479048129554308e-7
850	2.0582876684968144e-7
851	2.0414683517232225e-7
852	2.029125322910726e-7
853	1.9113829628598264e-7
854	1.893736191107283e-7
855	1.9570183330032547e-7
856	1.9796547630713485e-7
857	1.8254331070704628e-7
858	1.8912297092330108e-7
859	1.981731465462648e-7
860	1.9328147148542715e-7
861	2.3173933559448153e-7
862	1.9189353874679745e-7
863	1.997675330636274e-7
864	1.960399252607719e-7
865	1.9539954471218433e-7
866	1.9111094599408198e-7
867	1.885356270642088e-7
868	1.7022870551223653e-7
869	1.8566565570901706e-7
870	1.8689456085179187e-7
871	1.8542306138263661e-7
872	1.8328163419918407e-7
873	1.899423354721297e-7
874	1.8287874871693508e-7
875	1.8854892932432024e-7
876	1.80235047535221e-7
877	1.8180445804996449e-7
878	1.778262305694771e-7
879	1.8028111264546992e-7
880	1.792806780613164e-7
881	1.812389745596538e-7
882	1.7570195683075696e-7
883	1.8132097934468237e-7
884	1.7448908617640577e-7
885	1.7826802301567206e-7
886	1.7828031146616008e-7
887	1.7582750928229781e-7
888	1.8254650204201283e-7
889	1.7866458134714113e-7
890	1.7695336899067348e-7
891	1.8023143886960722e-7
892	1.8429180500199026e-7
893	1.7724689252557704e-7
894	1.8395882584744888e-7
895	1.7880455024132694e-7
896	1.710178230834856e-7
897	1.7322641790244954e-7
898	1.742427351326304e-7
899	1.7290028149543384e-7
900	1.7348540143752377e-7
901	1.7068510045007762e-7
902	1.6983066564005797e-7
903	1.6619010352746442e-7
904	1.6523919203507732e-7
905	1.768878306567303e-7
906	1.7113131003507763e-7
907	1.698654276861195e-7
908	1.6859501866653538e-7
909	1.7556330376764575e-7
910	1.7707970560281322e-7
911	1.6724173776784734e-7
912	1.595083893020345e-7
913	1.6091481346740434e-7
914	1.6377192160811902e-7
915	1.792856199437177e-7
916	1.5968515775873916e-7
917	1.6537017162200521e-7
918	1.6062133412991674e-7
919	1.6005973830264045e-7
920	1.5929312219183919e-7
921	1.581649984106427e-7
922	1.6331980081627938e-7
923	1.6578656441475528e-7
924	1.7224343041898965e-7
925	1.7357960933929846e-7
926	1.567555533470783e-7
927	1.5703516615902853e-7
928	1.6261364103856824e-7
929	1.5412953919994095e-7
930	1.5373458917879673e-7
931	1.543458680772289e-7
932	1.5990303675375508e-7
933	1.5826298711731716e-7
934	1.5622237347385962e-7
935	1.601272983384176e-7
936	1.473081150348865e-7
937	1.5177523596801347e-7
938	1.548834816497925e-7
939	1.6463546514480988e-7
940	1.5651515762173646e-7
941	1.6120148211990878e-7
942	1.5386079511461055e-7
943	1.5868877132750258e-7
944	1.554603868487965e-7
945	1.534585688899324e-7
946	1.5357576783414555e-7
947	1.4610076193567248e-7
948	1.4852217812865284e-7
949	1.4307752099902992e-7
950	1.4613080238209047e-7
951	1.470607880391362e-7
952	1.4476915967318037e-7
953	1.45637487041202e-7
954	1.449367686804064e-7
955	1.476006399082533e-7
956	1.4146302056079107e-7
957	1.4899395013364575e-7
958	1.4328572315756454e-7
959	1.4944003304498482e-7
960	1.4700318105093636e-7
961	1.4762944662533542e-7
962	1.4418644101071505e-7
963	1.592084632234088e-7
964	1.4367358773792317e-7
965	1.456376745522406e-7
966	1.4524546859247996e-7
967	1.4914440036495365e-7
968	1.4562081814645671e-7
969	1.3967436397360935e-7
970	1.4182222970042652e-7
971	1.4414406692210844e-7
972	1.4243001020025746e-7
973	1.36151657849312e-7
974	1.3703453064036183e-7
975	1.3336364753815475e-7
976	1.4209702094436246e-7
977	1.4672072741079115e-7
978	1.4395279863450764e-7
979	1.3980154944569085e-7
980	1.401738520090931e-7
981	1.410555181425836e-7
982	1.415952946214251e-7
983	1.3954298288198662e-7
984	1.416302450598738e-7
985	1.4018739985854458e-7
986	1.3720641477074107e-7
987	1.3538585770969985e-7
988	1.4046208820486654e-7
989	1.3330809171176772e-7
990	1.3084031109047692e-7
991	1.4116477813198928e-7
992	1.4067513648783518e-7
993	1.39550439168493e-7
994	1.31431262546434e-7
995	1.283711560848722e-7
996	1.3376440066604533e-7
997	1.3235599485420165e-7
998	1.3366236608234756e-7
999	1.3687235348181007e-7
1000	1.3577265048337895e-7
1001	1.3359806950086902e-7
1002	1.243089505448102e-7
1003	1.3281662776477513e-7
1004	1.3411962741767116e-7
1005	1.3324330923295045e-7
1006	1.349969069974265e-7
1007	1.3610398981255757e-7
1008	1.3917943677193437e-7
1009	1.2695715464501344e-7
1010	1.3159653829383515e-7
1011	1.2827787307448513e-7
1012	1.2921379720396396e-7
1013	1.315875325602518e-7
1014	1.2690845228885262e-7
1015	1.35255852757009e-7
1016	1.3679322645163752e-7
1017	1.3635275759269558e-7
1018	1.3537353688844692e-7
1019	1.3186832917432756e-7
1020	1.3317694990235818e-7
1021	1.308647962046045e-7
1022	1.3055710788111558e-7
1023	1.2723617134812223e-7
1024	1.3198583214252436e-7
1025	1.3386708245009724e-7
1026	1.2520332972361063e-7
1027	1.273434786515235e-7
1028	1.2772047086906922e-7
1029	1.2318933554360537e-7
1030	1.2549828031094128e-7
1031	1.3176509843997679e-7
1032	1.3639811983022504e-7
1033	1.343424309692982e-7
1034	1.3652808385364475e-7
1035	1.3997559678786132e-7
1036	1.342462168577577e-7
1037	1.2246006719289458e-7
1038	1.2730957680790645e-7
1039	1.3031358840346636e-7
1040	1.3074861466100776e-7
1041	1.2756608344895581e-7
1042	1.2184799936989234e-7
1043	1.2029685527305696e-7
1044	1.128364201967277e-7
1045	1.1546081353847564e-7
1046	1.1827619731977976e-7
1047	1.210840612082754e-7
1048	1.194656753565967e-7
1049	1.217809101383816e-7
1050	1.1906827827568529e-7
1051	1.1748013485082638e-7
1052	1.231911524043842e-7
1053	1.2358217294887295e-7
1054	1.2088298832221323e-7
1055	1.2286899050920148e-7
1056	1.2182720963376857e-7
1057	1.228793557393313e-7
1058	1.2217164762602774e-7
1059	1.238661385423476e-7
1060	1.2280182523344132e-7
1061	1.248402303003035e-7
1062	1.1831289978489984e-7
1063	1.1784144510672873e-7
1064	1.175454803812542e-7
1065	1.1798385236168267e-7
1066	1.2115324490659952e-7
1067	1.1864298497303386e-7
1068	1.198729438121532e-7
1069	1.2157905326988784e-7
1070	1.1721805391371296e-7
1071	1.1452778587608139e-7
1072	1.1495540999126451e-7
1073	1.1789695904141533e-7
1074	1.1584374507168954e-7
1075	1.1291686799064541e-7
1076	1.2410446868080785e-7
1077	1.2811341280855996e-7
1078	1.1844156460293624e-7
1079	1.1244415394782248e-7
1080	1.1882167040335469e-7
1081	1.1679763051571378e-7
1082	1.0674671641303687e-7
1083	1.07556952605228e-7
1084	1.0698752904449913e-7
1085	1.1082219228763577e-7
1086	1.0645015378940936e-7
1087	1.1260358342782491e-7
1088	1.0727761143736932e-7
1089	1.0889906175367529e-7
1090	1.1107760368819018e-7
1091	1.103640343756e-7
1092	1.125673289305867e-7
1093	1.0990527234144054e-7
1094	1.088473760973488e-7
1095	1.086545738159877e-7
1096	1.0562616765014344e-7
1097	1.1081522060186628e-7
1098	1.0609988236750494e-7
1099	1.0803276567923283e-7
1100	1.1018474634464146e-7
1101	1.0707000294412467e-7
1102	1.0729793237731051e-7
1103	1.1374592400170624e-7
1104	1.124720809132756e-7
1105	1.0438673613157028e-7
1106	1.0485679173771905e-7
1107	1.0481109255802679e-7
1108	1.0711448270801851e-7
1109	9.909395407081884e-8
1110	1.0044318028179042e-7
1111	1.0417730394566151e-7
1112	1.0159059179378708e-7
1113	1.0102828939310117e-7
1114	1.0679397846546359e-7
1115	1.0727412829861599e-7
1116	1.0796395177912847e-7
1117	1.0701339178753599e-7
1118	1.0561935876576672e-7
1119	1.0747747666972801e-7
1120	1.0995544848662878e-7
1121	1.0696310178874603e-7
1122	1.1048764052773924e-7
1123	1.0883929942402293e-7
1124	1.0996347868748823e-7
1125	1.078435971898397e-7
1126	1.0526808977052583e-7
1127	1.0493009212307123e-7
1128	1.0355362825489847e-7
1129	1.0379730330305812e-7
1130	9.959913395535455e-8
1131	1.0237325378032027e-7
1132	1.013715035088289e-7
1133	1.0237162464602863e-7
1134	1.016832283703886e-7
1135	1.0124950728368025e-7
1136	1.0336225901324964e-7
1137	1.0384831342429523e-7
1138	8.996200617733583e-8
1139	9.994233473759631e-8
1140	9.917370482719615e-8
1141	9.667003087109465e-8
1142	1.0177506708472961e-7
1143	1.0090779628106738e-7
1144	9.976813697705964e-8
1145	1.0080921239377307e-7
1146	9.960748421097973e-8
1147	9.608443534476363e-8
1148	9.758869645423953e-8
1149	9.630223988631998e-8
1150	9.932190700629342e-8
1151	9.752958499026476e-8
1152	9.832330281208664e-8
1153	9.863982515010671e-8
1154	9.900110154196082e-8
1155	9.834157569998132e-8
1156	9.817377081250352e-8
1157	9.760868873646515e-8
1158	9.75835469322889e-8
1159	9.68582391729318e-8
1160	9.718649038405423e-8
1161	1.0090844029058831e-7
1162	1.010179193850406e-7
1163	9.962233374748267e-8
1164	9.886322004162538e-8
1165	9.613968971900108e-8
1166	9.915947409455355e-8
1167	9.864601341243897e-8
1168	1.0038056211062335e-7
1169	1.0153448723276927e-7
1170	1.0172191402547848e-7
1171	1.0199996386939485e-7
1172	1.0018564433610801e-7
1173	1.0258215048861568e-7
1174	1.0371753378024694e-7
1175	9.40790473569424e-8
1176	9.431644261024291e-8
1177	9.459949832445146e-8
1178	9.448969332904197e-8
1179	9.575825012557305e-8
1180	9.477146698738155e-8
1181	9.375507292954325e-8
1182	9.208870451171935e-8
1183	9.322513843998973e-8
1184	9.456177432496285e-8
1185	9.571220267573182e-8
1186	9.11501725557237e-8
1187	9.171882653167643e-8
1188	9.464629355240376e-8
1189	9.347458908720565e-8
1190	9.219261006884541e-8
1191	9.441221707698069e-8
1192	9.691733813471386e-8
1193	9.594381659269128e-8
1194	9.421236916025583e-8
1195	9.323236179855615e-8
1196	9.26056338557522e-8
1197	9.246806020618297e-8
1198	9.386923279208876e-8
1199	9.084021576723181e-8
1200	8.911111935611568e-8
1201	9.013070124673093e-8
1202	8.895512437901398e-8
1203	9.296537201234349e-8
1204	9.126604746077529e-8
1205	9.376870945711253e-8
1206	9.087903807326858e-8
1207	9.292327941850393e-8
1208	9.49504007313121e-8
1209	9.32197326293208e-8
1210	9.079035894523695e-8
1211	9.262030332581722e-8
1212	8.958190591735695e-8
1213	9.035589988739647e-8
1214	8.937106803198812e-8
1215	9.054720252116885e-8
1216	9.058472524413865e-8
1217	8.809169607274876e-8
1218	9.075484018321645e-8
1219	8.980790872521276e-8
1220	8.627246620744618e-8
1221	8.821485403708097e-8
1222	8.715095847014773e-8
1223	8.824752259110856e-8
1224	8.736824034929122e-8
1225	8.892926664706016e-8
1226	9.090902437545887e-8
1227	9.271794973757854e-8
1228	8.981943541996572e-8
1229	8.796130403490056e-8
1230	8.807687499480705e-8
1231	9.464207694427807e-8
1232	8.450743965596006e-8
1233	8.570228230066783e-8
1234	8.746107435890053e-8
1235	8.555252735184668e-8
1236	8.572532953669611e-8
1237	8.57515424350072e-8
1238	8.618104366868708e-8
1239	8.293599452496643e-8
1240	8.630740011730942e-8
1241	8.624607773028231e-8
1242	8.63539339290177e-8
1243	8.683695326953053e-8
1244	8.702427975244005e-8
1245	8.813760238099824e-8
1246	8.611987140879864e-8
1247	8.54854203097986e-8
1248	8.5783958039829e-8
1249	8.654431982721252e-8
1250	8.469013773559252e-8
1251	8.86541840212622e-8
1252	8.584858108480526e-8
1253	8.5897321828264e-8
1254	8.649174829199091e-8
1255	8.706171800298465e-8
1256	8.646116783578938e-8
1257	8.685768218843477e-8
1258	8.766484819167605e-8
1259	8.531192385446495e-8
1260	8.392839953996855e-8
1261	8.482875290414562e-8
1262	8.394912352324901e-8
1263	8.287152989280552e-8
1264	8.293987511022214e-8
1265	8.196067298674043e-8
1266	8.283631533666532e-8
1267	8.278387148736967e-8
1268	8.491155885536739e-8
1269	8.317307364289907e-8
1270	8.097092039766147e-8
1271	8.158995620951278e-8
1272	8.052850691786313e-8
1273	8.173368613542316e-8
1274	8.311033916381748e-8
1275	8.5007925692467e-8
1276	8.23700197868564e-8
1277	8.110485642895354e-8
1278	8.111996108161838e-8
1279	8.169833641799045e-8
1280	8.100136696065237e-8
1281	8.13812812298974e-8
1282	8.204961393121032e-8
1283	8.137048061798612e-8
1284	8.122541748388039e-8
1285	8.113592067521304e-8
1286	8.096691045057603e-8
1287	7.981047212983233e-8
1288	8.022550944930059e-8
1289	8.10294043681825e-8
1290	8.07744113870989e-8
1291	8.143547035528028e-8
1292	8.040773665660694e-8
1293	7.94579398663453e-8
1294	8.007967206817551e-8
1295	8.21948615824482e-8
1296	7.981240357013064e-8
1297	8.15879636122085e-8
1298	7.981583568509551e-8
1299	7.979892270427765e-8
1300	7.966385637872215e-8
1301	7.93628451421e-8
1302	8.022820213472023e-8
1303	7.993622889653504e-8
1304	7.90936072941112e-8
1305	7.993352170169591e-8
1306	7.976575989089217e-8
1307	7.827680041306874e-8
1308	7.87773227811122e-8
1309	7.888684899216429e-8
1310	7.874725034315572e-8
1311	7.796699927439739e-8
1312	7.883209771373223e-8
1313	7.946814314685207e-8
1314	7.941578227167191e-8
1315	7.866710189052028e-8
1316	7.835397008548446e-8
1317	7.753039356689771e-8
1318	7.775245110037697e-8
1319	7.752892724787714e-8
1320	7.753208518512563e-8
1321	7.80206080631465e-8
1322	7.765624241895701e-8
1323	7.78114606473012e-8
1324	7.656737219424432e-8
1325	7.814643131872755e-8
1326	7.818074801018469e-8
1327	7.812779859120035e-8
1328	7.843271302244172e-8
1329	7.842988591605995e-8
1330	7.941272329422546e-8
1331	7.92953806053256e-8
1332	7.960265774102942e-8
1333	8.033706694289025e-8
1334	7.611032947575465e-8
1335	7.581414257711301e-8
1336	7.613794265192242e-8
1337	7.598786112288311e-8
1338	7.590163236932107e-8
1339	7.494589056841913e-8
1340	7.679683942151574e-8
1341	7.615027859871945e-8
1342	7.538324970327414e-8
1343	7.678102531032893e-8
1344	7.623796039857798e-8
1345	7.581926134392241e-8
1346	7.718732450190541e-8
1347	7.628622276422886e-8
1348	7.619584717389057e-8
1349	7.460035365838102e-8
1350	7.430045255141527e-8
1351	7.47156857830703e-8
1352	7.44445071536727e-8
1353	7.50464626142392e-8
1354	7.423826615010765e-8
1355	7.453363967619257e-8
1356	7.411502768184758e-8
1357	7.418767455760832e-8
1358	7.378812520131627e-8
1359	7.442082294060496e-8
1360	7.3334405115104e-8
1361	7.315654512738023e-8
1362	7.418986520069402e-8
1363	7.535050155407553e-8
1364	7.36373276468716e-8
1365	7.171635797253058e-8
1366	7.260244811967844e-8
1367	7.181943910912517e-8
1368	7.350921440674833e-8
1369	7.365698422777099e-8
1370	7.256765799729674e-8
1371	7.25432808032814e-8
1372	7.25503118557377e-8
1373	7.204548335685851e-8
1374	7.225686654087985e-8
1375	7.233219511502388e-8
1376	7.242559740265651e-8
1377	7.207066396512185e-8
1378	7.15388197850702e-8
1379	7.15215018065662e-8
1380	7.121441427756391e-8
1381	7.165689946745134e-8
1382	7.174672832319452e-8
1383	7.121250232854761e-8
1384	7.148723082175918e-8
1385	7.157171817061926e-8
1386	7.135671070357651e-8
1387	7.115130174381996e-8
1388	7.153054128524769e-8
1389	7.146993858699582e-8
1390	7.023488144577341e-8
1391	7.067877840594031e-8
1392	6.93172203192697e-8
1393	7.020282684259154e-8
1394	7.013689058734689e-8
1395	7.048552480336085e-8
1396	7.085842366498435e-8
1397	6.992555435411145e-8
1398	6.946249068778725e-8
1399	6.98436109040264e-8
1400	6.980003319588954e-8
1401	6.949598400292557e-8
1402	6.935908057026539e-8
1403	6.912846328187153e-8
1404	6.929457252114392e-8
1405	6.91452611585879e-8
1406	6.969607570668843e-8
1407	6.773925483860644e-8
1408	6.912438931777187e-8
1409	6.856573353510615e-8
1410	6.882252278318654e-8
1411	6.878526127780898e-8
1412	6.867354053357734e-8
1413	6.84916971022227e-8
1414	6.869162091637476e-8
1415	6.862090928502568e-8
1416	6.808388591448226e-8
1417	6.800060968612784e-8
1418	6.809772154818972e-8
1419	6.810327959942624e-8
1420	6.796549546503825e-8
1421	6.821998150913261e-8
1422	6.71150476646817e-8
1423	6.75672399956573e-8
1424	6.792022267741459e-8
1425	6.786689682833835e-8
1426	6.708455166919297e-8
1427	6.791534590586393e-8
1428	6.703261810858807e-8
1429	6.785614371022344e-8
1430	6.660630728883167e-8
1431	6.68242918207557e-8
1432	6.65913229515222e-8
1433	6.66660870273415e-8
1434	6.569470701327408e-8
1435	6.489366335637459e-8
1436	6.673504212833932e-8
1437	6.610629295045613e-8
1438	6.659617948022005e-8
1439	6.572752444688407e-8
1440	6.612522914100044e-8
1441	6.63100088956355e-8
1442	6.617531917468306e-8
1443	6.619488144843074e-8
1444	6.633217876323846e-8
1445	6.640156818984347e-8
1446	6.58766524426594e-8
1447	6.588051382590908e-8
1448	6.567120293761526e-8
1449	6.548359264792295e-8
1450	6.570061035064912e-8
1451	6.528397947814197e-8
1452	6.543406492567425e-8
1453	6.562487302611173e-8
1454	6.576528710735095e-8
1455	6.49474827301307e-8
1456	6.460607356872384e-8
1457	6.49493927060527e-8
1458	6.476049799698632e-8
1459	6.537713134345719e-8
1460	6.533082746148086e-8
1461	6.561543452516558e-8
1462	6.391257673384618e-8
1463	6.412605628551505e-8
1464	6.395618775134575e-8
1465	6.409265842034498e-8
1466	6.423081967004771e-8
1467	6.392311696343316e-8
1468	6.403672201702022e-8
1469	6.383409538211606e-8
1470	6.354162258117029e-8
1471	6.348421528692631e-8
1472	6.314632411695869e-8
1473	6.316293009698906e-8
1474	6.334885056145918e-8
1475	6.317127370614081e-8
1476	6.305620511240843e-8
1477	6.322846265599121e-8
1478	6.297345708436632e-8
1479	6.426530115707515e-8
1480	6.520727508761852e-8
1481	6.283934684692136e-8
1482	6.280864859031082e-8
1483	6.290481279596271e-8
1484	6.272496243703823e-8
1485	6.25081025859861e-8
1486	6.215715228017326e-8
1487	6.230721446917684e-8
1488	6.228864237491094e-8
1489	6.2253559916393e-8
1490	6.231445403315262e-8
1491	6.190879403062284e-8
1492	6.19611222185276e-8
1493	6.177404575556916e-8
1494	6.189343407392842e-8
1495	6.196355224054815e-8
1496	6.144544696380588e-8
1497	6.122726370285085e-8
1498	6.131902799637964e-8
1499	6.141184164051513e-8
1500	6.142194967361873e-8
1501	6.111720652631501e-8
1502	6.09637784796129e-8
1503	6.012211120065146e-8
1504	6.035752867728423e-8
1505	6.107718373464527e-8
1506	6.093879735293795e-8
1507	6.085499406010976e-8
1508	6.096668082261697e-8
1509	6.086101687524512e-8
1510	6.061328466430744e-8
1511	6.051665765677897e-8
1512	6.051314461694019e-8
1513	6.029748397529815e-8
1514	6.02670928100119e-8
1515	6.033537622749663e-8
1516	6.016487198311774e-8
1517	6.017064948468799e-8
1518	5.99534517762148e-8
1519	6.020712072400212e-8
1520	6.006758184078995e-8
1521	5.977519778279491e-8
1522	5.977987727017318e-8
1523	5.968494237120274e-8
1524	5.95017013244545e-8
1525	5.970612921032332e-8
1526	5.949238661160219e-8
1527	5.9440982869882035e-8
1528	5.9487602233725826e-8
1529	5.902120769640918e-8
1530	5.9301523494635405e-8
1531	5.9291401426250435e-8
1532	5.917339759902582e-8
1533	5.871896178919295e-8
1534	5.867985167034309e-8
1535	5.853601684272988e-8
1536	5.85449099552361e-8
1537	5.849931480317578e-8
1538	5.843668204561206e-8
1539	5.8239398435305985e-8
1540	5.821647109743387e-8
1541	5.798662137796895e-8
1542	5.84036064407387e-8
1543	5.8184658354458405e-8
1544	5.7944606015788794e-8
1545	5.7726692274769473e-8
1546	5.786082846432599e-8
1547	5.778817249313376e-8
1548	5.791480243444173e-8
1549	5.77763860213213e-8
1550	5.764843709673482e-8
1551	5.766748095008249e-8
1552	5.7635932399471656e-8
1553	5.7426368083825225e-8
1554	5.7431666488499704e-8
1555	5.727189827569314e-8
1556	5.723384117814133e-8
1557	5.7179715659469934e-8
1558	5.722944832095138e-8
1559	5.735425191993298e-8
1560	5.691787589110829e-8
1561	5.7460726620503104e-8
1562	5.758189265381794e-8
1563	5.739307213265136e-8
1564	5.6721448512236266e-8
1565	5.6737705019874354e-8
1566	5.675249968622359e-8
1567	5.6443809846183493e-8
1568	5.642040783200315e-8
1569	5.6330441772944915e-8
1570	5.6285405464110777e-8
1571	5.613110323800736e-8
1572	5.606473878330298e-8
1573	5.5674906013811974e-8
1574	5.580803075629972e-8
1575	5.6113634403205475e-8
1576	5.589489527222231e-8
1577	5.417199613109028e-8
1578	5.578251979198741e-8
1579	5.574576277798019e-8
1580	5.573346148354631e-8
1581	5.5590790990051824e-8
1582	5.5571998055349833e-8
1583	5.547054377902734e-8
1584	5.54214403685513e-8
1585	5.5365563622304886e-8
1586	5.533760878324924e-8
1587	5.5113715195204114e-8
1588	5.5101737894571194e-8
1589	5.5059393108103586e-8
1590	5.501656281082101e-8
1591	5.4864930198280076e-8
1592	5.478629387143518e-8
1593	5.474214385566871e-8
1594	5.462218927667264e-8
1595	5.4555677754477e-8
1596	5.444248233681842e-8
1597	5.4306562927509115e-8
1598	5.433277662725042e-8
1599	5.433548882735533e-8
1600	5.409501751730674e-8
1601	5.447902901111694e-8
1602	5.4456798122338455e-8
1603	5.440756306333141e-8
1604	5.395083612794782e-8
1605	5.428207223051046e-8
1606	5.4203243232407286e-8
1607	5.377826294291022e-8
1608	5.371238503872481e-8
1609	5.3706602006739224e-8
1610	5.3626949553058154e-8
1611	5.349785113716761e-8
1612	5.3442784617219755e-8
1613	5.3386299676345364e-8
1614	5.345288673039571e-8
1615	5.331957009017687e-8
1616	5.3211356612524584e-8
1617	5.3341826389324645e-8
1618	5.300333755109205e-8
1619	5.302070715303849e-8
1620	5.302773961026582e-8
1621	5.2870774611598775e-8
1622	5.2878626676639736e-8
1623	5.27101182293803e-8
1624	5.25601493504493e-8
1625	5.26843387490865e-8
1626	5.2675008688236765e-8
1627	5.267870418498406e-8
1628	5.246731387002763e-8
1629	5.235877246420243e-8
1630	5.2376899357284675e-8
1631	5.2216482854520544e-8
1632	5.256219195495353e-8
1633	5.208553161200743e-8
1634	5.212104158654598e-8
1635	5.2064167881360935e-8
1636	5.185866858885931e-8
1637	5.179944581329601e-8
1638	5.178283654228126e-8
1639	5.177277596812389e-8
1640	5.16706925934479e-8
1641	5.1593254289624744e-8
1642	5.1478840221080664e-8
1643	5.146122117916883e-8
1644	5.1522390241339594e-8
1645	5.221762067670816e-8
1646	5.215625773111442e-8
1647	5.213365129472045e-8
1648	5.2113885431885635e-8
1649	5.112596921641086e-8
1650	5.109699003366588e-8
1651	5.101320019506473e-8
1652	5.09754730124543e-8
1653	5.090932674009205e-8
1654	5.07865184775953e-8
1655	5.076329820048159e-8
1656	5.071592791825355e-8
1657	5.0652783398646704e-8
1658	5.062409174362388e-8
1659	5.060198843554771e-8
1660	5.047548037954178e-8
1661	5.0361854126936435e-8
1662	5.032769061623789e-8
1663	5.0232459212667494e-8
1664	5.021795302345798e-8
1665	5.011604851520493e-8
1666	5.010932714302017e-8
1667	5.012435952861137e-8
1668	5.0028484422952315e-8
1669	4.994366484242228e-8
1670	4.986992150507619e-8
1671	4.9802990741933075e-8
1672	4.9786093713947885e-8
1673	4.969842599924012e-8
1674	4.9613138081487786e-8
1675	4.9636900476031025e-8
1676	4.9557447368614185e-8
1677	4.9447087693862514e-8
1678	4.9407296026315284e-8
1679	4.928108676007247e-8
1680	4.926014561323709e-8
1681	4.925731466664353e-8
1682	4.915848708892449e-8
1683	4.911846451938538e-8
1684	4.905624501247897e-8
1685	4.900837451566897e-8
1686	4.89459572035669e-8
1687	4.887665244417069e-8
1688	4.877897134440949e-8
1689	4.8777675725465965e-8
1690	4.869058380524035e-8
1691	4.862589674192645e-8
1692	4.858520763902907e-8
1693	4.8531702180163006e-8
1694	4.845364972399843e-8
1695	4.841621714928377e-8
1696	4.833673189792664e-8
1697	4.825933895198324e-8
1698	4.822932078521657e-8
1699	4.8203623227298984e-8
1700	4.8134085260483334e-8
1701	4.807650250502354e-8
1702	4.798277689203929e-8
1703	4.802900321215346e-8
1704	4.7970435322337894e-8
1705	4.785130424605729e-8
1706	4.781468435611531e-8
1707	4.779327877246352e-8
1708	4.773952060157518e-8
1709	4.766896660648016e-8
1710	4.765413346555152e-8
1711	4.761263828352132e-8
1712	4.74718040553873e-8
1713	4.743118575998772e-8
1714	4.742355542618159e-8
1715	4.736617283944727e-8
1716	4.724258902551612e-8
1717	4.7184109658425755e-8
1718	4.7171020849742075e-8
1719	4.7078893989546945e-8
1720	4.702107762762372e-8
1721	4.699930169777393e-8
1722	4.692249545465637e-8
1723	4.6864383373060344e-8
1724	4.6761136830256786e-8
1725	4.671120201756627e-8
1726	4.660524147997794e-8
1727	4.663677700891696e-8
1728	4.6578852202159814e-8
1729	4.6541124783103545e-8
1730	4.64734202233887e-8
1731	4.641880531269885e-8
1732	4.6361999283082995e-8
1733	4.631391476246418e-8
1734	4.6315083420131735e-8
1735	4.6251758091036334e-8
1736	4.6179129185449424e-8
1737	4.617321038043842e-8
1738	4.610758003545481e-8
1739	4.593719443208955e-8
1740	4.592596422066153e-8
1741	4.588479814616083e-8
1742	4.584341279119518e-8
1743	4.580781236623778e-8
1744	4.5786949486969444e-8
1745	4.573628668572046e-8
1746	4.565377803486885e-8
1747	4.564151411517651e-8
1748	4.5573069710536724e-8
1749	4.5528469223309546e-8
1750	4.5430763733457786e-8
1751	4.547558461236568e-8
1752	4.5331886401509924e-8
1753	4.525309949982226e-8
1754	4.523575872046493e-8
1755	4.5139283053853063e-8
1756	4.508570115390082e-8
1757	4.507327335431588e-8
1758	4.49737069581895e-8
1759	4.4950885118493024e-8
1760	4.4896657234319874e-8
1761	4.488007183883734e-8
1762	4.482769916937294e-8
1763	4.474063850426938e-8
1764	4.470382574899e-8
1765	4.466504526872146e-8
1766	4.4629135769949073e-8
1767	4.453396340009117e-8
1768	4.45328559517351e-8
1769	4.442852116057051e-8
1770	4.439215444720498e-8
1771	4.435518489312298e-8
1772	4.4314256622964494e-8
1773	4.4313380113153077e-8
1774	4.420543936728577e-8
1775	4.4133683775495646e-8
1776	4.407124199269845e-8
1777	4.4031485784322616e-8
1778	4.39867340766399e-8
1779	4.393980834995347e-8
1780	4.3864569421417e-8
1781	4.381535502785465e-8
1782	4.377562771785261e-8
1783	4.3751969151291056e-8
1784	4.3688157630720136e-8
1785	4.364556754299877e-8
1786	4.358263207530862e-8
1787	4.3537195328391465e-8
1788	4.3479954363328266e-8
1789	4.3432666736222875e-8
1790	4.340044390656922e-8
1791	4.3351485870383066e-8
1792	4.328448472566419e-8
1793	4.3226533035766906e-8
1794	4.316619591108376e-8
1795	4.312743969938656e-8
1796	4.3081775623687326e-8
1797	4.3041882214531884e-8
1798	4.2998955045063426e-8
1799	4.2957944860892466e-8
1800	4.290238067233394e-8
1801	4.287438895336974e-8
1802	4.281014356905141e-8
1803	4.2749676488741026e-8
1804	4.269864524557466e-8
1805	4.265023926668064e-8
1806	4.26047333389945e-8
1807	4.2558516464997744e-8
1808	4.2504811399417835e-8
1809	4.245044681446221e-8
1810	4.242004563884991e-8
1811	4.2365113795631635e-8
1812	4.2333405855001336e-8
1813	4.227636116121027e-8
1814	4.222547786570969e-8
1815	4.2163772772829936e-8
1816	4.21169662421855e-8
1817	4.208435172698845e-8
1818	4.2036370827508545e-8
1819	4.198878239941416e-8
1820	4.1921418898936476e-8
1821	4.1892699715929826e-8
1822	4.1862178586772993e-8
1823	4.180810552151743e-8
1824	4.175818401163979e-8
1825	4.170546803965331e-8
1826	4.166099640227015e-8
1827	4.162598471859377e-8
1828	4.157008393867681e-8
1829	4.15124085323328e-8
1830	4.146579501864264e-8
1831	4.142857506923092e-8
1832	4.136992866062924e-8
1833	4.133038181042626e-8
1834	4.128505752733179e-8
1835	4.1235436140366473e-8
1836	4.118834669009492e-8
1837	4.114366915632694e-8
1838	4.11081044826684e-8
1839	4.106576123337839e-8
1840	4.101780294124286e-8
1841	4.09656885898691e-8
1842	4.0939235723570906e-8
1843	4.086557964189963e-8
1844	4.0829119511470995e-8
1845	4.076602439467087e-8
1846	4.0720466936678824e-8
1847	4.0682851322186044e-8
1848	4.064193111543627e-8
1849	4.061462127366188e-8
1850	4.054494404669081e-8
1851	4.0495553781323394e-8
1852	4.045343196335898e-8
1853	4.0402919462232284e-8
1854	4.036403312744587e-8
1855	4.0322990083815624e-8
1856	4.028151473293267e-8
1857	4.023117894909424e-8
1858	4.0185075960712484e-8
1859	4.013398924426465e-8
1860	4.00924177950257e-8
1861	4.005864040098313e-8
1862	4.001567236317272e-8
1863	3.995315381878272e-8
1864	3.990786505899834e-8
1865	3.9864450550305636e-8
1866	3.983103239615892e-8
1867	3.9780671016304254e-8
1868	3.97424042224219e-8
1869	3.969401825532265e-8
1870	3.965712793429116e-8
1871	3.96052950002693e-8
1872	3.957320048285543e-8
1873	3.950549839687371e-8
1874	3.948746633137241e-8
1875	3.9439918724092826e-8
1876	3.9396130706217246e-8
1877	3.935548517011752e-8
1878	3.932247114719889e-8
1879	3.9269916733891607e-8
1880	3.921824685278998e-8
1881	3.9174629949912036e-8
1882	3.912290809868073e-8
1883	3.9077509889868555e-8
1884	3.902224377542614e-8
1885	3.89887095055478e-8
1886	3.896110924849587e-8
1887	3.890858876314831e-8
1888	3.887004599722789e-8
1889	3.883800437837342e-8
1890	3.879147799070784e-8
1891	3.874504322245578e-8
1892	3.869729595819888e-8
1893	3.8657570816642335e-8
1894	3.860188149823809e-8
1895	3.858012545827553e-8
1896	3.854182317125695e-8
1897	3.848916848319635e-8
1898	3.8460449561728384e-8
1899	3.840949858185541e-8
1900	3.836582440486422e-8
1901	3.833616797020922e-8
1902	3.828170013322916e-8
1903	3.82414309284537e-8
1904	3.820230471511835e-8
1905	3.816097853021076e-8
1906	3.812347185529426e-8
1907	3.807628091484806e-8
1908	3.803118172618254e-8
1909	3.799272033782882e-8
1910	3.794914221820184e-8
1911	3.791148259197254e-8
1912	3.786471201009827e-8
1913	3.7814904799818365e-8
1914	3.77750817901025e-8
1915	3.773026411987057e-8
1916	3.769154345601366e-8
1917	3.765577905792864e-8
1918	3.7608312541982087e-8
1919	3.757136016525724e-8
1920	3.752747506789369e-8
1921	3.748723204317334e-8
1922	3.7449425517481193e-8
1923	3.740427551813569e-8
1924	3.7367202750034676e-8
1925	3.732738861339415e-8
1926	3.728132549201632e-8
1927	3.724197947515667e-8
1928	3.720713925115824e-8
1929	3.717046733193637e-8
1930	3.7120374099742435e-8
1931	3.708288346066977e-8
1932	3.704302071160071e-8
1933	3.700181246737761e-8
1934	3.69664863895728e-8
1935	3.692381111027027e-8
1936	3.6884818998481516e-8
1937	3.684930359994818e-8
1938	3.680277400488418e-8
1939	3.676584661533053e-8
1940	3.672541697676431e-8
1941	3.667620292900374e-8
1942	3.6632620137011304e-8
1943	3.659694850245182e-8
1944	3.655971468818712e-8
1945	3.652547026191806e-8
1946	3.6482769043975064e-8
1947	3.644925657506847e-8
1948	3.640523319104865e-8
1949	3.636431355416688e-8
1950	3.6323056961370184e-8
1951	3.6284691822242934e-8
1952	3.624180475747737e-8
1953	3.6204687179827016e-8
1954	3.6163858894971836e-8
1955	3.612618079900616e-8
1956	3.608270301743232e-8
1957	3.604286774633746e-8
1958	3.6003013426090814e-8
1959	3.596548876135935e-8
1960	3.5927089934483666e-8
1961	3.5882767538856017e-8
1962	3.5850214817514764e-8
1963	3.5796092417386226e-8
1964	3.576161059635243e-8
1965	3.5727619569565304e-8
1966	3.5695229016182856e-8
1967	3.566307219275893e-8
1968	3.562037927100227e-8
1969	3.558004927032178e-8
1970	3.554538176381092e-8
1971	3.550819973433963e-8
1972	3.5460630117576435e-8
1973	3.542843097047752e-8
1974	3.538922352850102e-8
1975	3.535352486067708e-8
1976	3.531584931034211e-8
1977	3.527830739074799e-8
1978	3.5242589938094374e-8
1979	3.520449855853201e-8
1980	3.516163781192551e-8
1981	3.5128848728462695e-8
1982	3.508800869156025e-8
1983	3.5051502089563036e-8
1984	3.501509103646915e-8
1985	3.497705708891096e-8
1986	3.494218867994274e-8
1987	3.4904879073493686e-8
1988	3.4865630601773674e-8
1989	3.4828269754222835e-8
1990	3.478402132838369e-8
1991	3.47511374679198e-8
1992	3.4714412304644156e-8
1993	3.467899665724365e-8
1994	3.463779364882868e-8
1995	3.459880585165444e-8
1996	3.4543779583887214e-8
1997	3.4525099898168685e-8
1998	3.448482614972818e-8
1999	3.444890341858993e-8
2000	3.441379146973109e-8
2001	3.4378473775146466e-8