1	3.7224176581118357e-9
2	7.4444074098591925e-9
3	1.1165617181086792e-8
4	1.488637534542111e-8
5	1.8604381795253017e-8
6	2.2319794705205146e-8
7	2.6034671319637652e-8
8	2.9748395188343817e-8
9	3.34485390309421e-8
10	3.712921528207484e-8
11	4.085568902725508e-8
12	4.4545777315790174e-8
13	4.824190221574665e-8
14	5.19223713470306e-8
15	5.560316609615037e-8
16	5.927361719082749e-8
17	6.295077099880593e-8
18	6.660567072502346e-8
19	7.025845026157634e-8
20	7.390260767498949e-8
21	7.755075029661986e-8
22	8.116568498489199e-8
23	8.47820583169928e-8
24	8.838990302584047e-8
25	9.198590565636521e-8
26	9.543775912978306e-8
27	9.916892507390968e-8
28	1.0276974029483357e-7
29	1.0622451164540963e-7
30	1.098029336718432e-7
31	1.1331188980486117e-7
32	1.1689784739461445e-7
33	1.203994169262986e-7
34	1.2379537004945243e-7
35	1.2731910849999325e-7
36	1.3086200699818923e-7
37	1.3430119347051096e-7
38	1.377488243088549e-7
39	1.412814260298964e-7
40	1.4467118674997785e-7
41	1.4799197716983237e-7
42	1.5137314213970707e-7
43	1.5480483529698608e-7
44	1.5808147583757492e-7
45	1.6145082104691792e-7
46	1.6469034439813453e-7
47	1.6804060359510526e-7
48	1.7140513951809185e-7
49	1.7457943027071503e-7
50	1.7791498050988524e-7
51	1.8080989636932747e-7
52	1.844339688305135e-7
53	1.8746645786226518e-7
54	1.9062797123676673e-7
55	1.938148653845388e-7
56	1.9686923787527395e-7
57	2.0012349577070836e-7
58	2.032554278262705e-7
59	2.0635864512670028e-7
60	2.0933615152003004e-7
61	2.1247487821446965e-7
62	2.1524450235016004e-7
63	2.183898976544661e-7
64	2.2157190663602433e-7
65	2.2435475238052405e-7
66	2.2725266339370126e-7
67	2.3033608352271363e-7
68	2.3307120056027605e-7
69	2.360367230705305e-7
70	2.388414936534685e-7
71	2.416672298752657e-7
72	2.4458713624514365e-7
73	2.4730752195980677e-7
74	2.498935915128273e-7
75	2.5286512018963696e-7
76	2.5543545029617087e-7
77	2.5828713010201176e-7
78	2.609888695445667e-7
79	2.635593372208754e-7
80	2.663331709332499e-7
81	2.6867977028538944e-7
82	2.716069174856875e-7
83	2.741252095970003e-7
84	2.7672228961926277e-7
85	2.7922931548593957e-7
86	2.8170911482536395e-7
87	2.8404882899153136e-7
88	2.86746839916708e-7
89	2.888643385686438e-7
90	2.914998706066701e-7
91	2.936130596648261e-7
92	2.9616194785758274e-7
93	2.983300274926844e-7
94	3.0087147656963667e-7
95	3.028167547102063e-7
96	3.0523538334663725e-7
97	3.075134713135769e-7
98	3.0995397377869804e-7
99	3.117366099400723e-7
100	3.1423894397185073e-7
101	3.163829099009954e-7
102	3.1849727153218286e-7
103	3.204388986215499e-7
104	3.2261429288839516e-7
105	3.249419510699203e-7
106	3.268187764948262e-7
107	3.2890209333483716e-7
108	3.308365869461982e-7
109	3.329005835155712e-7
110	3.3470736280645374e-7
111	3.3668600608785616e-7
112	3.385498748704526e-7
113	3.3818259814235376e-7
114	3.4002326559840525e-7
115	3.4175424166530757e-7
116	3.4558430966169967e-7
117	3.4790795250913025e-7
118	3.4954252902060954e-7
119	3.513260399716552e-7
120	3.5297601023358586e-7
121	3.5523029194402005e-7
122	3.5656570251983513e-7
123	3.581054940625341e-7
124	3.601075979160412e-7
125	3.614499264907351e-7
126	3.630026666069528e-7
127	3.6454330078016844e-7
128	3.663667508748498e-7
129	3.678650440239375e-7
130	3.6955116369195244e-7
131	3.705870706295325e-7
132	3.722639339240438e-7
133	3.739375630335174e-7
134	3.7525267172494504e-7
135	3.7699690453649436e-7
136	3.7820121059811975e-7
137	3.795111435056388e-7
138	3.807202969537726e-7
139	3.8208716729240376e-7
140	3.8339142408438955e-7
141	3.848922456775194e-7
142	3.8619741255791407e-7
143	3.8746648393867526e-7
144	3.8876758258900683e-7
145	3.8989443871153654e-7
146	3.912766219729277e-7
147	3.9218382881381287e-7
148	3.93442884585989e-7
149	3.9463845131321075e-7
150	3.956845978103996e-7
151	3.9691779291095706e-7
152	3.979213208769997e-7
153	3.9861772213639676e-7
154	3.999864135291021e-7
155	4.0108274542550006e-7
156	4.021085082697058e-7
157	4.033692151726006e-7
158	4.0460995717506633e-7
159	4.0555352892725466e-7
160	4.0609926797173955e-7
161	4.0714443576435504e-7
162	4.082231706953753e-7
163	4.09063376183113e-7
164	4.0991983149594555e-7
165	4.108042497862399e-7
166	4.1142692152705214e-7
167	4.1236046292663975e-7
168	4.1323309924507466e-7
169	4.140671051030634e-7
170	4.148542300364984e-7
171	4.1588130085299626e-7
172	4.1656052600719747e-7
173	4.173214803455691e-7
174	4.1788287144162463e-7
175	4.186722188076613e-7
176	4.1957629429808683e-7
177	4.203098112596168e-7
178	4.20413968367643e-7
179	4.215518850984314e-7
180	4.2235106380281593e-7
181	4.2296733936565445e-7
182	4.2327896137400936e-7
183	4.2372550044738653e-7
184	4.2462293705333784e-7
185	4.253542602489662e-7
186	4.261522634740453e-7
187	4.269250899317482e-7
188	4.271925658394607e-7
189	4.27705424745393e-7
190	4.2840513882108695e-7
191	4.2881279041697886e-7
192	4.293532571327855e-7
193	4.297480759966825e-7
194	4.302493630437518e-7
195	4.3072761805112043e-7
196	4.313000573966108e-7
197	4.318023026453795e-7
198	4.321797707148921e-7
199	4.3241354181291766e-7
200	4.3297658103725133e-7
201	4.335061050813983e-7
202	4.3383659930742015e-7
203	4.3406560827141633e-7
204	4.343261804516403e-7
205	4.3484531352875603e-7
206	4.3522762916166073e-7
207	4.355253129777379e-7
208	4.360412578558723e-7
209	4.3636409272799686e-7
210	4.3661970325523584e-7
211	4.3692213063169464e-7
212	4.372104993069959e-7
213	4.3765652732729635e-7
214	4.3791155734211546e-7
215	4.384086911977896e-7
216	4.3873387912377465e-7
217	4.3856669147076154e-7
218	4.3900528007713367e-7
219	4.3934105566139115e-7
220	4.393180821165669e-7
221	4.397289712564652e-7
222	4.398668777010089e-7
223	4.3987338964730395e-7
224	4.402613237405694e-7
225	4.400257022512656e-7
226	4.4074209020397975e-7
227	4.4086723212575e-7
228	4.4100430099662857e-7
229	4.4132175516402724e-7
230	4.413412975005775e-7
231	4.4148324890131975e-7
232	4.4163693159891033e-7
233	4.4172582304762423e-7
234	4.418246724076144e-7
235	4.4192535203069765e-7
236	4.420747372853382e-7
237	4.42001450493203e-7
238	4.422885439741249e-7
239	4.424048799174908e-7
240	4.4269042069159085e-7
241	4.4266066934560306e-7
242	4.4270928257372613e-7
243	4.427341586642998e-7
244	4.4305383163654866e-7
245	4.428711683355221e-7
246	4.427145134348487e-7
247	4.4304805700889663e-7
248	4.4296596683584235e-7
249	4.4271529585171134e-7
250	4.431822962924004e-7
251	4.431082528426777e-7
252	4.432259498599306e-7
253	4.432449455146144e-7
254	4.430808423394017e-7
255	4.4304063371970944e-7
256	4.4298010845903255e-7
257	4.430686944689513e-7
258	4.4312619529937176e-7
259	4.429451112667346e-7
260	4.429594147739582e-7
261	4.430939619163448e-7
262	4.430070243864994e-7
263	4.435234166475924e-7
264	4.4294488144689156e-7
265	4.4289490467782464e-7
266	4.4256928489230794e-7
267	4.423016460583095e-7
268	4.426799359933258e-7
269	4.426175186489128e-7
270	4.426903763776452e-7
271	4.4255470958237987e-7
272	4.424096888801526e-7
273	4.42676362417573e-7
274	4.4255339176789473e-7
275	4.420304722413217e-7
276	4.419809138360375e-7
277	4.4192600543693385e-7
278	4.417109624372714e-7
279	4.413302057920449e-7
280	4.41319867409107e-7
281	4.4130465277835626e-7
282	4.412151242939291e-7
283	4.4113300761447373e-7
284	4.411811093008889e-7
285	4.4089561882938626e-7
286	4.4103155827981814e-7
287	4.4071435990481395e-7
288	4.405353031822561e-7
289	4.4047786829062556e-7
290	4.4020741142344027e-7
291	4.4025201168543127e-7
292	4.3990492660381336e-7
293	4.397716103274635e-7
294	4.396219633507744e-7
295	4.395910877987067e-7
296	4.3968083291870483e-7
297	4.393222547291209e-7
298	4.391089071583161e-7
299	4.3900864731684684e-7
300	4.3889363376071084e-7
301	4.3845886234727443e-7
302	4.3844796049567296e-7
303	4.382426994602829e-7
304	4.380514924447916e-7
305	4.3791843681034735e-7
306	4.3753003111060094e-7
307	4.374860590836648e-7
308	4.3734628652869103e-7
309	4.3704418355985387e-7
310	4.3680867523247234e-7
311	4.3673198535617986e-7
312	4.3675778109197984e-7
313	4.363029702359646e-7
314	4.359737320617966e-7
315	4.3566450998534064e-7
316	4.355708906225086e-7
317	4.354829806516582e-7
318	4.351827934850525e-7
319	4.347963722933341e-7
320	4.34542344862221e-7
321	4.343284331272191e-7
322	4.3406481154604693e-7
323	4.337845869537559e-7
324	4.3356785767035256e-7
325	4.3327394195754747e-7
326	4.3296057071545213e-7
327	4.3267070554982157e-7
328	4.3210940800579407e-7
329	4.321140559188046e-7
330	4.3181011059308916e-7
331	4.3150403122551175e-7
332	4.3124613000835047e-7
333	4.30972233630212e-7
334	4.3055432676802957e-7
335	4.3015302609172884e-7
336	4.298838524752455e-7
337	4.295527651556869e-7
338	4.292176565632956e-7
339	4.2892430453252623e-7
340	4.285022291134204e-7
341	4.281709884556439e-7
342	4.277786894899162e-7
343	4.2739491246312e-7
344	4.270126103266034e-7
345	4.266149506586659e-7
346	4.262240334119824e-7
347	4.257762761651993e-7
348	4.253794995242776e-7
349	4.2491557023866206e-7
350	4.245029615772404e-7
351	4.240367385326826e-7
352	4.235609924939081e-7
353	4.2309825349672943e-7
354	4.22605626627169e-7
355	4.220851376328799e-7
356	4.2156450939130103e-7
357	4.2105001695352006e-7
358	4.2051709164589507e-7
359	4.1997390760569585e-7
360	4.1936040992417e-7
361	4.1876646560236306e-7
362	4.1819565534465076e-7
363	4.1753242520070384e-7
364	4.1689456091046184e-7
365	4.1623709373767836e-7
366	4.1558177017554465e-7
367	4.148272335390829e-7
368	4.1409176630109986e-7
369	4.1346985179415114e-7
370	4.125595474515863e-7
371	4.1176318438208363e-7
372	4.1093170859695027e-7
373	4.100693126071715e-7
374	4.091849685186158e-7
375	4.0827021719411293e-7
376	4.0732397566056636e-7
377	4.063466182812642e-7
378	4.0531082486815566e-7
379	4.042133443099921e-7
380	4.0315725521904946e-7
381	4.0194256720265544e-7
382	4.0075018158434924e-7
383	3.9965681827290424e-7
384	3.9820598293946907e-7
385	3.968562108173617e-7
386	3.9544113296368275e-7
387	3.9396534342299165e-7
388	3.924253279928439e-7
389	3.9083911395681375e-7
390	3.8917382934439306e-7
391	3.8742299885447475e-7
392	3.8559817737821966e-7
393	3.83765366449452e-7
394	3.816789700761281e-7
395	3.7958618540272584e-7
396	3.7737802023509815e-7
397	3.7508635007699445e-7
398	3.7262621534684766e-7
399	3.7010568574817106e-7
400	3.673908263372866e-7
401	3.6460536945885047e-7
402	3.616325676631591e-7
403	3.585055202629655e-7
404	3.552130453268046e-7
405	3.5171738677700685e-7
406	3.480336346639447e-7
407	3.441187425669134e-7
408	3.4000778411909627e-7
409	3.35655333834643e-7
410	3.310960108317172e-7
411	3.2613380673504467e-7
412	3.209404825190298e-7
413	3.1539350594614806e-7
414	3.0950866947172394e-7
415	3.032370197456803e-7
416	2.9655396602856744e-7
417	2.89424008724609e-7
418	2.8181077744937996e-7
419	2.736681994894265e-7
420	2.649598272412165e-7
421	2.5563277692656974e-7
422	2.4563602087505103e-7
423	2.349133751815801e-7
424	2.2340600439475912e-7
425	2.1105163689550775e-7
426	1.97787254293173e-7
427	1.8355172757121654e-7
428	1.6829066199195713e-7
429	1.5196474205092769e-7
430	1.3456364416018586e-7
431	1.1612920642456979e-7
432	9.67939094102117e-8
433	7.6843996022393e-8
434	5.681934132941563e-8
435	3.7656395262498356e-8
436	2.0833770564951424e-8
437	8.30738284762936e-9
438	1.655596794304695e-9
439	4.1590752143642204e-11
440	0.
441	0.
442	0.
443	0.
444	0.
445	0.
446	0.
447	0.
448	0.
449	0.
450	0.
451	0.
452	0.
453	0.
454	0.
455	0.
456	0.
457	0.
458	0.
459	0.
460	0.
461	0.
462	0.
463	0.
464	0.000014174406850663643
465	0.000015741444085243277
466	0.000012000302508284837
467	9.794063375938459e-6
468	8.319214505929215e-6
469	7.256046468870538e-6
470	6.447495007054326e-6
471	5.807074699270006e-6
472	5.287556187798511e-6
473	4.854932443269569e-6
474	4.489013492851235e-6
475	4.176677504707953e-6
476	3.906710863112667e-6
477	3.6700962862746543e-6
478	3.4610719759741708e-6
479	3.2754271277894278e-6
480	3.106569377012615e-6
481	2.959230281924379e-6
482	2.8212875204336805e-6
483	2.69935347641657e-6
484	2.58355079675694e-6
485	2.483041756884357e-6
486	2.382484422094152e-6
487	2.2987345908272467e-6
488	2.2135322659158774e-6
489	2.1394912364794274e-6
490	2.0678167079428354e-6
491	2.001619597498146e-6
492	1.9390727045777987e-6
493	1.8810649951509026e-6
494	1.8261621764116934e-6
495	1.7746470441494265e-6
496	1.7255209010841777e-6
497	1.680073803945948e-6
498	1.635680929467254e-6
499	1.595044141303249e-6
500	1.555185499951815e-6
501	1.5186229573902818e-6
502	1.4828975826626196e-6
503	1.448492701096176e-6
504	1.4166064816950257e-6
505	1.3857100542256102e-6
506	1.3562840373643659e-6
507	1.3285958070397608e-6
508	1.3002536162914386e-6
509	1.273244088924592e-6
510	1.248170716706488e-6
511	1.2247203475652712e-6
512	1.2018183109112982e-6
513	1.1803510065050888e-6
514	1.1589058113928785e-6
515	1.1372836214813194e-6
516	1.1183624765889236e-6
517	1.0990441725684503e-6
518	1.0798212166102827e-6
519	1.0608968069267704e-6
520	1.0455747627054198e-6
521	1.0294470127926993e-6
522	1.0125398354782177e-6
523	9.957375226882335e-7
524	9.79327042401015e-7
525	9.661369978403173e-7
526	9.525759764379675e-7
527	9.39159642885163e-7
528	9.252361582455623e-7
529	9.109452031664856e-7
530	8.981243125254531e-7
531	8.855201633532575e-7
532	8.735152441492197e-7
533	8.631271392111505e-7
534	8.539635198174928e-7
535	8.429409444019278e-7
536	8.30136495899984e-7
537	8.186078972478072e-7
538	8.066712342929488e-7
539	7.971116776954407e-7
540	7.88396327811271e-7
541	7.779314057818818e-7
542	7.728408073536594e-7
543	7.622525789416134e-7
544	7.540282420504487e-7
545	7.367217480314166e-7
546	7.276791661295672e-7
547	7.198040757709458e-7
548	7.175089117013642e-7
549	7.111757280508794e-7
550	7.037091244992769e-7
551	6.976592143914627e-7
552	6.901689022221746e-7
553	6.817121054897234e-7
554	6.71334020921894e-7
555	6.659518990077493e-7
556	6.615580993275713e-7
557	6.621511072136555e-7
558	6.463762136390806e-7
559	6.419150860191143e-7
560	6.32968182703575e-7
561	6.282614020059545e-7
562	6.237719788689837e-7
563	6.14724603884912e-7
564	6.144737763651597e-7
565	6.044105510859605e-7
566	5.93721841753533e-7
567	5.927641905607181e-7
568	5.88424904487452e-7
569	5.755071284208266e-7
570	5.774640253817327e-7
571	5.764820808718814e-7
572	5.663169466363035e-7
573	5.594847190619794e-7
574	5.619138609633609e-7
575	5.523630425310085e-7
576	5.510058100190794e-7
577	5.466178936403929e-7
578	5.406224256522058e-7
579	5.350143583864271e-7
580	5.278800016068407e-7
581	5.255750909804271e-7
582	5.235720804551971e-7
583	5.138735765837395e-7
584	5.110705846807267e-7
585	5.059746236580795e-7
586	5.082148515541644e-7
587	5.018267511108491e-7
588	4.996370632822415e-7
589	4.940690688324247e-7
590	4.910489784226051e-7
591	4.875165832029225e-7
592	4.788844862937156e-7
593	4.798317797694464e-7
594	4.758111996523608e-7
595	4.725822382181307e-7
596	4.6815935108520607e-7
597	4.675449692166495e-7
598	4.6237555894346227e-7
599	4.567883265464406e-7
600	4.548856539488901e-7
601	4.515795683373225e-7
602	4.498062391615867e-7
603	4.456438382304958e-7
604	4.4503253636184305e-7
605	4.392992350842866e-7
606	4.377323424782956e-7
607	4.3234682157617853e-7
608	4.334256162508402e-7
609	4.2490340539977606e-7
610	4.2436696206484934e-7
611	4.24273317289444e-7
612	4.207119556924093e-7
613	4.1731733832253195e-7
614	4.1569938135844886e-7
615	4.14469967107463e-7
616	4.101011052606249e-7
617	4.07009790844765e-7
618	4.0591666690190094e-7
619	4.0387181265393716e-7
620	3.9768415168423414e-7
621	3.94667804113976e-7
622	3.937087992247964e-7
623	3.9271836728894093e-7
624	3.893480970158128e-7
625	3.8776921335107243e-7
626	3.881614918410196e-7
627	3.794700874967243e-7
628	3.731691017851997e-7
629	3.7508226587813044e-7
630	3.788171154046886e-7
631	3.722405507400617e-7
632	3.736644837566706e-7
633	3.69008086224609e-7
634	3.6774634598395643e-7
635	3.666198530140123e-7
636	3.584567173803721e-7
637	3.6210762155384483e-7
638	3.577571405553293e-7
639	3.573149749073017e-7
640	3.5644896599357097e-7
641	3.5433013837826273e-7
642	3.519803884566753e-7
643	3.55021747797819e-7
644	3.4701719293667023e-7
645	3.4735002803500855e-7
646	3.4612050939975654e-7
647	3.4262370916246673e-7
648	3.406861024583498e-7
649	3.3997458605824427e-7
650	3.360114490544251e-7
651	3.35732734839085e-7
652	3.3277105522763645e-7
653	3.30669239040452e-7
654	3.3059426177615556e-7
655	3.325717006448715e-7
656	3.2671217618411664e-7
657	3.2157751257475354e-7
658	3.19591517495533e-7
659	3.197082747889821e-7
660	3.204033966236932e-7
661	3.163294715298237e-7
662	3.150808863743686e-7
663	3.161202116687225e-7
664	3.1401439622220306e-7
665	3.112424643893456e-7
666	3.1056431783384505e-7
667	3.051999495493393e-7
668	3.0683851279558794e-7
669	3.060317411429901e-7
670	3.0717090114993156e-7
671	3.0413422268363614e-7
672	3.040035515626759e-7
673	3.012426687418755e-7
674	2.9915999499634047e-7
675	2.9694070975417737e-7
676	2.9699632012493415e-7
677	2.914832833317124e-7
678	2.949062876112194e-7
679	2.927770781844685e-7
680	2.874464612355974e-7
681	2.902728267073452e-7
682	2.886544019107278e-7
683	2.8707032985786996e-7
684	2.8675623182968497e-7
685	2.8418898081877435e-7
686	2.8358083174389435e-7
687	2.817079214987043e-7
688	2.8023316744591876e-7
689	2.8053285573336104e-7
690	2.773947671789887e-7
691	2.75612910731389e-7
692	2.749229396807334e-7
693	2.7434705994687663e-7
694	2.744075264619426e-7
695	2.7356098614590455e-7
696	2.712238128553474e-7
697	2.696305708480432e-7
698	2.6949781516853207e-7
699	2.670776479064218e-7
700	2.664298886267851e-7
701	2.654630578813762e-7
702	2.6323538843291416e-7
703	2.649666798589699e-7
704	2.6222411998005247e-7
705	2.608366091472189e-7
706	2.5785937999476055e-7
707	2.583759198787261e-7
708	2.586802333676161e-7
709	2.5522537084630516e-7
710	2.5635856506009623e-7
711	2.559919649930005e-7
712	2.5551501414777275e-7
713	2.55178763584864e-7
714	2.521810584409037e-7
715	2.508469864568141e-7
716	2.5697785828416036e-7
717	2.4817154795677764e-7
718	2.4781155201721585e-7
719	2.475693940961862e-7
720	2.465246247737352e-7
721	2.449312639725967e-7
722	2.4581679616048086e-7
723	2.431396752841434e-7
724	2.425072798489821e-7
725	2.416665984070892e-7
726	2.396828066773966e-7
727	2.3802494515677156e-7
728	2.3893737401085107e-7
729	2.387298453322809e-7
730	2.3865794369789157e-7
731	2.3716014004765158e-7
732	2.351966956837949e-7
733	2.3485931190791713e-7
734	2.3023219423972846e-7
735	2.3305192474668848e-7
736	2.303495508095603e-7
737	2.3080984896731178e-7
738	2.2811683577508273e-7
739	2.3110062182243508e-7
740	2.2820561304174324e-7
741	2.3228991290341826e-7
742	2.246116839815727e-7
743	2.2726647149689756e-7
744	2.259542098611923e-7
745	2.2814763976915766e-7
746	2.2302169914255384e-7
747	2.2376918718733638e-7
748	2.198519876874648e-7
749	2.2503150038821588e-7
750	2.1810044535941606e-7
751	2.2029936517779172e-7
752	2.1803623250190768e-7
753	2.1504036733935889e-7
754	2.1958092097647812e-7
755	2.1713035361316146e-7
756	2.1495502398120994e-7
757	2.1662802210442664e-7
758	2.141807891264523e-7
759	2.1423785421812977e-7
760	2.132058470021192e-7
761	2.1611035308533307e-7
762	2.185071240541299e-7
763	2.1705089399409884e-7
764	2.16167189346042e-7
765	2.1819892206429675e-7
766	2.1103085231357056e-7
767	2.1044971326911547e-7
768	2.0943372670029402e-7
769	2.086833049157335e-7
770	2.0748041602769586e-7
771	2.057290137061633e-7
772	2.0877874021487183e-7
773	2.0728954039566995e-7
774	2.0322410950762228e-7
775	2.0175562908078005e-7
776	2.0271807832182783e-7
777	2.041584070677418e-7
778	2.0906576856600717e-7
779	2.032443791781038e-7
780	1.9762309759488877e-7
781	1.9785499081218856e-7
782	1.9917555721485363e-7
783	2.0048096514585678e-7
784	1.9515243118156517e-7
785	1.9850281566809377e-7
786	1.9788196719832785e-7
787	1.9657660853265954e-7
788	1.929147246426711e-7
789	1.9444532323615363e-7
790	1.9553699432385608e-7
791	1.9258478518287006e-7
792	1.8989593426029412e-7
793	1.9122089909252993e-7
794	1.9357643734072544e-7
795	1.9934677694894522e-7
796	1.9519362791595442e-7
797	1.8894876182164323e-7
798	1.8825925375196518e-7
799	1.8720426772351487e-7
800	1.8890054010143744e-7
801	1.9156400764948798e-7
802	1.875556032412076e-7
803	1.8656406494507216e-7
804	1.8893614315328883e-7
805	1.8234951537386444e-7
806	1.8264601928624766e-7
807	1.8465679891820708e-7
808	1.8639129110004683e-7
809	1.8486868475670888e-7
810	1.851589325905391e-7
811	1.8500445402590977e-7
812	1.8850010998003316e-7
813	1.8773042857334256e-7
814	1.8078158173427285e-7
815	1.8047257176059917e-7
816	1.7848848617198164e-7
817	1.8043035601228727e-7
818	1.760333454368281e-7
819	1.7895840205420684e-7
820	1.7829072980832536e-7
821	1.8151262949066268e-7
822	1.7780861999517996e-7
823	1.744929848202658e-7
824	1.7594369518704458e-7
825	1.725127586544746e-7
826	1.7308417208845407e-7
827	1.7462756931406062e-7
828	1.7003807899762412e-7
829	1.72174196717308e-7
830	1.7425350180765627e-7
831	1.7497209109279532e-7
832	1.739412304046648e-7
833	1.726545350841586e-7
834	1.7113359655623107e-7
835	1.6675762247292387e-7
836	1.7024711942776642e-7
837	1.7193672112418213e-7
838	1.7108070855887419e-7
839	1.6818254314743257e-7
840	1.6771713046912826e-7
841	1.6769493908270036e-7
842	1.666135111321534e-7
843	1.670145520734815e-7
844	1.6519597446383996e-7
845	1.6624599911668584e-7
846	1.66150059444491e-7
847	1.662982391150497e-7
848	1.6622568265739824e-7
849	1.6786217480996434e-7
850	1.6779046012201155e-7
851	1.5994228462415596e-7
852	1.5914373135680624e-7
853	1.6368188388802553e-7
854	1.6319174643494057e-7
855	1.6424374198104808e-7
856	1.6536282419605892e-7
857	1.6855333784173777e-7
858	1.6226314875243092e-7
859	1.648271747385078e-7
860	1.697939411281614e-7
861	1.6267271212889952e-7
862	1.552243887308849e-7
863	1.6412823407714083e-7
864	1.5626357044175048e-7
865	1.5839827299309546e-7
866	1.577015539382355e-7
867	1.5987475082041233e-7
868	1.5989654381178563e-7
869	1.5942784297552626e-7
870	1.5827303104895296e-7
871	1.557117141852933e-7
872	1.571615452784455e-7
873	1.5504267290926403e-7
874	1.5528054296267206e-7
875	1.5453840786362222e-7
876	1.568864610592644e-7
877	1.551479554765823e-7
878	1.5526727975599934e-7
879	1.524684690530223e-7
880	1.5279934752630215e-7
881	1.3798584310815651e-7
882	1.478141835249628e-7
883	1.4960787670962512e-7
884	1.4798989554783903e-7
885	1.5479669155527922e-7
886	1.4986326649804985e-7
887	1.4916398676521073e-7
888	1.5182231735918195e-7
889	1.5139870218848166e-7
890	1.4707320869644412e-7
891	1.4146439342005655e-7
892	1.4183943654640266e-7
893	1.4122633528513362e-7
894	1.4173900128796865e-7
895	1.4320443919964788e-7
896	1.487156886061034e-7
897	1.4627149972251573e-7
898	1.4232204608431234e-7
899	1.447590089793337e-7
900	1.4185748891107885e-7
901	1.4639669235928743e-7
902	1.477375009139652e-7
903	1.4085028047107518e-7
904	1.4492992162346256e-7
905	1.4458406746664662e-7
906	1.4580710393382366e-7
907	1.4453512966704253e-7
908	1.4533648959444073e-7
909	1.4412417311585208e-7
910	1.532696695493877e-7
911	1.5442779908706598e-7
912	1.5500716179543197e-7
913	1.5863201949237629e-7
914	1.4317408017072024e-7
915	1.4309455023959733e-7
916	1.4454709059054347e-7
917	1.4431124226925637e-7
918	1.3939284147063595e-7
919	1.5109740735325156e-7
920	1.3837519162405218e-7
921	1.370235027072373e-7
922	1.3747777941236214e-7
923	1.4248209447327107e-7
924	1.4476973282388332e-7
925	1.4223660114166297e-7
926	1.298097278645295e-7
927	1.370835610755195e-7
928	1.4360523579370463e-7
929	1.375421666736709e-7
930	1.3319692285723247e-7
931	1.3599695747375376e-7
932	1.38067279784344e-7
933	1.3511371006547634e-7
934	1.3765246655984343e-7
935	1.3487968904446027e-7
936	1.3726047835423096e-7
937	1.3498710097518748e-7
938	1.39420340310144e-7
939	1.3581445453344526e-7
940	1.3594377062890542e-7
941	1.3562663083090296e-7
942	1.338920637524488e-7
943	1.341505844423088e-7
944	1.328154809853333e-7
945	1.329500711925711e-7
946	1.3374601328967172e-7
947	1.3359310751017775e-7
948	1.284124183012764e-7
949	1.3794020927220864e-7
950	1.3001307120419487e-7
951	1.2901751479700417e-7
952	1.3144965773602634e-7
953	1.3067005381142183e-7
954	1.3039548326628548e-7
955	1.3223261801829693e-7
956	1.3748800302326331e-7
957	1.292006507821058e-7
958	1.2991221441715405e-7
959	1.30888340589886e-7
960	1.2820136533304658e-7
961	1.3392261171425933e-7
962	1.31451693740507e-7
963	1.272704668715747e-7
964	1.28207294980521e-7
965	1.2728879479517297e-7
966	1.261978246576125e-7
967	1.2781786659489117e-7
968	1.2572526890393987e-7
969	1.247933922251694e-7
970	1.2351898666696688e-7
971	1.269444975366687e-7
972	1.21351073890625e-7
973	1.2311926681885922e-7
974	1.2257008964708878e-7
975	1.245391268382059e-7
976	1.2490483121578642e-7
977	1.2248135799245892e-7
978	1.260465296562084e-7
979	1.226649966550541e-7
980	1.2579681352187419e-7
981	1.1883453707366098e-7
982	1.225866627471974e-7
983	1.247865276093057e-7
984	1.2299686036236847e-7
985	1.2560831824053294e-7
986	1.268574380264756e-7
987	1.263520707578733e-7
988	1.2415914722527182e-7
989	1.2330625693411615e-7
990	1.247763171750789e-7
991	1.2437959147369537e-7
992	1.2249839043087846e-7
993	1.250806788503056e-7
994	1.237803018357926e-7
995	1.2152471572040192e-7
996	1.2385960915647672e-7
997	1.2662335260415407e-7
998	1.2173105035453595e-7
999	1.185914655271951e-7
1000	1.2039450724707432e-7
1001	1.200627096609766e-7
1002	1.176940433206029e-7
1003	1.2163121903538765e-7
1004	1.1762591691675499e-7
1005	1.1620053669730203e-7
1006	1.171671174179088e-7
1007	1.1732443957619353e-7
1008	1.1797330374886493e-7
1009	1.1651169523067244e-7
1010	1.124477641174538e-7
1011	1.1552803521976999e-7
1012	1.1818059690730053e-7
1013	1.152623169614104e-7
1014	1.1821356914427095e-7
1015	1.171538082920538e-7
1016	1.1571886667299926e-7
1017	1.1706089592768582e-7
1018	1.1870140826756872e-7
1019	1.1704698024284977e-7
1020	1.1462231438903837e-7
1021	1.1723576963448717e-7
1022	1.1952092366183725e-7
1023	1.1573296762449989e-7
1024	1.1715929024894522e-7
1025	1.1586949673521487e-7
1026	1.1552951436101971e-7
1027	1.1495023965703361e-7
1028	1.1518776427184193e-7
1029	1.1372676913722914e-7
1030	1.0121585499142733e-7
1031	1.156981802501659e-7
1032	1.1454540335365744e-7
1033	1.1533668633159825e-7
1034	1.147857125445207e-7
1035	1.1761093785930614e-7
1036	1.1352382581029041e-7
1037	1.1246370710648486e-7
1038	1.1307866934215155e-7
1039	1.1326119911740649e-7
1040	1.1309730577530078e-7
1041	1.1528814582662656e-7
1042	1.1379316581681715e-7
1043	1.1317364938655952e-7
1044	1.1203933383428745e-7
1045	1.1464100348319192e-7
1046	1.1610432714685264e-7
1047	1.1600935892051634e-7
1048	1.1652681588986268e-7
1049	1.1193273383330629e-7
1050	1.1019977364280435e-7
1051	1.140181066929829e-7
1052	1.2816802374573873e-7
1053	1.0894050337607211e-7
1054	1.0822817587559332e-7
1055	1.0828973280786464e-7
1056	1.0740872246928994e-7
1057	1.0653270032822114e-7
1058	1.0929070766207162e-7
1059	1.0852823054661092e-7
1060	1.0830743858879704e-7
1061	1.0817524294511681e-7
1062	1.0930490572605045e-7
1063	1.0804924067547286e-7
1064	1.0754871565111643e-7
1065	1.0653752481006689e-7
1066	1.0774114174612174e-7
1067	1.053516163051363e-7
1068	1.0651640553057052e-7
1069	1.0649414616698909e-7
1070	1.060527135064801e-7
1071	1.0724173450149381e-7
1072	1.0688216501064491e-7
1073	1.0782499295962013e-7
1074	1.0660622393987642e-7
1075	1.0742430904215141e-7
1076	1.0703739795887894e-7
1077	1.0738322393228856e-7
1078	1.0605646886891807e-7
1079	1.0640695365300665e-7
1080	1.0629826324510581e-7
1081	1.113748989253244e-7
1082	1.0391342239377837e-7
1083	1.0492532953645713e-7
1084	1.0587889823525594e-7
1085	1.0507257749209948e-7
1086	1.0299693026060087e-7
1087	1.0365600497656084e-7
1088	1.0490679879600827e-7
1089	1.0221633940068497e-7
1090	1.0335879624860661e-7
1091	1.0363167295351572e-7
1092	1.0338290173284306e-7
1093	1.059917971123307e-7
1094	1.0478178748563361e-7
1095	1.0532103507318185e-7
1096	1.0551923145081585e-7
1097	1.070795153414572e-7
1098	1.0201877563401368e-7
1099	1.0118331650377105e-7
1100	1.0046459981519234e-7
1101	1.0282948829276247e-7
1102	1.003853211158825e-7
1103	1.0254946274323693e-7
1104	1.0180549249856673e-7
1105	1.0094840664391106e-7
1106	1.0222336811541529e-7
1107	1.0046081147233116e-7
1108	1.011268212291596e-7
1109	9.932527734000473e-8
1110	1.0422068596363894e-7
1111	1.004949645556522e-7
1112	1.0228455931606461e-7
1113	9.8342512789178e-8
1114	9.782000260744333e-8
1115	9.895364663585249e-8
1116	9.923670426640188e-8
1117	1.0060722234490356e-7
1118	9.947662683977207e-8
1119	9.940740159910815e-8
1120	9.950594202711577e-8
1121	9.780587864021616e-8
1122	1.0012165153554593e-7
1123	9.807517071174347e-8
1124	9.935139583385381e-8
1125	9.879141778860454e-8
1126	9.978653992701365e-8
1127	9.890721105470027e-8
1128	9.815919000637092e-8
1129	1.007259487205107e-7
1130	9.4986918846552e-8
1131	9.57912412676912e-8
1132	9.623031871454271e-8
1133	9.884642880481947e-8
1134	9.815952350202068e-8
1135	9.686836572424372e-8
1136	9.9654054963485e-8
1137	9.564901171603446e-8
1138	9.359042245143244e-8
1139	9.794640061870003e-8
1140	9.9293626253893e-8
1141	9.8180042588244e-8
1142	9.667496030264333e-8
1143	9.831292219998469e-8
1144	9.803805705242577e-8
1145	9.91003943447353e-8
1146	9.700931309393248e-8
1147	9.726108790470138e-8
1148	9.844217525341341e-8
1149	9.698910085861045e-8
1150	9.574049321033527e-8
1151	9.454862686245688e-8
1152	9.482159144275428e-8
1153	9.562078616873812e-8
1154	9.280481269144763e-8
1155	9.574053128034896e-8
1156	9.646074000220996e-8
1157	9.621253175127153e-8
1158	9.62530178279144e-8
1159	9.685134285468979e-8
1160	9.700668917107445e-8
1161	9.759829341464553e-8
1162	9.46169724521747e-8
1163	9.782968628770532e-8
1164	9.387918391750098e-8
1165	9.605832596403872e-8
1166	9.81965088897358e-8
1167	9.226156969790661e-8
1168	9.615096932355846e-8
1169	9.041657015221985e-8
1170	9.120099958648948e-8
1171	9.087183334088873e-8
1172	8.845673253373847e-8
1173	9.127196886816903e-8
1174	9.207836738425256e-8
1175	9.108921916504124e-8
1176	9.179593866858006e-8
1177	9.1547372441166e-8
1178	9.159697888049288e-8
1179	9.209974797641848e-8
1180	9.174306320158133e-8
1181	9.087449183303736e-8
1182	9.100264720606292e-8
1183	9.062134010305154e-8
1184	8.920404763718711e-8
1185	9.028128784136105e-8
1186	9.110274419467054e-8
1187	9.09030155097693e-8
1188	9.083367672140678e-8
1189	9.039104130685626e-8
1190	9.16314312577438e-8
1191	9.021865973920975e-8
1192	9.059489133534883e-8
1193	9.027485868447602e-8
1194	8.982233534017367e-8
1195	8.761095641920538e-8
1196	8.858871065131691e-8
1197	8.760432043090086e-8
1198	8.956786251493417e-8
1199	8.854357991097402e-8
1200	8.997241708071631e-8
1201	8.952691567294899e-8
1202	8.694119858723638e-8
1203	8.628179497702212e-8
1204	8.622331150001995e-8
1205	8.68677999477475e-8
1206	8.728578827060458e-8
1207	8.769143788715398e-8
1208	8.618114481199826e-8
1209	8.636604106278203e-8
1210	8.387786826388049e-8
1211	8.772863522193014e-8
1212	8.787315508902665e-8
1213	8.618597772208193e-8
1214	8.714772354782636e-8
1215	8.557893360288167e-8
1216	8.661194279836133e-8
1217	8.943629575826661e-8
1218	8.687838353941315e-8
1219	8.668235789129489e-8
1220	8.663334276489442e-8
1221	8.652602747901522e-8
1222	8.626498152090967e-8
1223	8.427792730959837e-8
1224	8.516667997181053e-8
1225	8.195564551143858e-8
1226	8.234441050448073e-8
1227	8.459323036057231e-8
1228	8.30412748961322e-8
1229	8.39507485934618e-8
1230	8.408206431527509e-8
1231	8.366035782913846e-8
1232	8.475143614997467e-8
1233	8.467560256051174e-8
1234	8.402246504347303e-8
1235	8.474913814262996e-8
1236	8.334043613686795e-8
1237	8.463487431401233e-8
1238	8.424432788102524e-8
1239	8.372233698414679e-8
1240	8.37406083411924e-8
1241	8.409853960011952e-8
1242	8.37041196220582e-8
1243	8.392323468224294e-8
1244	8.420830673461424e-8
1245	8.327223104049978e-8
1246	8.406500154772819e-8
1247	8.297961991499834e-8
1248	8.361183485596189e-8
1249	8.220149026771776e-8
1250	8.228986668636457e-8
1251	8.14416417211047e-8
1252	8.139345416548521e-8
1253	8.1507360964526e-8
1254	8.18274748465894e-8
1255	8.066141833797019e-8
1256	8.212843763230523e-8
1257	8.094719927123141e-8
1258	8.046887494489439e-8
1259	8.049696102191363e-8
1260	8.092947196125281e-8
1261	8.13620519518518e-8
1262	8.079830727004447e-8
1263	8.119533764483483e-8
1264	8.055620730988444e-8
1265	7.969076085762389e-8
1266	7.93129858975395e-8
1267	7.988965201955623e-8
1268	8.021154506330815e-8
1269	8.015060619968337e-8
1270	8.028276434067033e-8
1271	7.946105206792152e-8
1272	8.28468573419752e-8
1273	7.95863954955918e-8
1274	7.951153557732304e-8
1275	8.049508620972303e-8
1276	8.041152805112655e-8
1277	7.927279447463194e-8
1278	7.968125676462252e-8
1279	7.925163260801218e-8
1280	7.865690586727363e-8
1281	8.098116053844753e-8
1282	7.841902003032054e-8
1283	8.033945876735036e-8
1284	7.878782727454802e-8
1285	8.233192424962324e-8
1286	7.834790856862644e-8
1287	7.869832011399935e-8
1288	7.808927581040025e-8
1289	7.799795063827751e-8
1290	7.780576768426347e-8
1291	7.788467188266824e-8
1292	7.792133402679349e-8
1293	7.68058698720563e-8
1294	7.678162172670173e-8
1295	7.734807944503407e-8
1296	7.749037220492992e-8
1297	7.71787821650825e-8
1298	7.533290125195304e-8
1299	7.68631945725563e-8
1300	7.62957933458724e-8
1301	7.69835100235768e-8
1302	7.686616793489401e-8
1303	7.72461237119341e-8
1304	7.744329710459177e-8
1305	7.685971828802082e-8
1306	7.7168072423268e-8
1307	7.671506736237131e-8
1308	7.695723998041538e-8
1309	7.657792474981212e-8
1310	7.709008138126758e-8
1311	7.537937583616592e-8
1312	7.530713989456608e-8
1313	7.543635994767333e-8
1314	7.542203010846004e-8
1315	7.542277892093765e-8
1316	7.537988551854134e-8
1317	7.49332993995427e-8
1318	7.442226007572915e-8
1319	7.485971532139616e-8
1320	7.461842895649943e-8
1321	7.452895336252181e-8
1322	7.507204622001176e-8
1323	7.516252992563985e-8
1324	7.48222351680074e-8
1325	7.425123111056658e-8
1326	7.417001553566419e-8
1327	7.406389477298893e-8
1328	7.345193236308667e-8
1329	7.400466990213285e-8
1330	7.416753878967843e-8
1331	7.377938352864946e-8
1332	7.369033617072915e-8
1333	7.37043453358734e-8
1334	7.351477873021336e-8
1335	7.307505154438266e-8
1336	7.290310791609621e-8
1337	7.30905400612609e-8
1338	7.325556638555633e-8
1339	7.28751472894204e-8
1340	7.304162573323323e-8
1341	7.270487957549075e-8
1342	7.300213627428568e-8
1343	7.2795832663371e-8
1344	7.28343281788189e-8
1345	7.302162575734363e-8
1346	7.254517214287279e-8
1347	7.188437037864094e-8
1348	7.238119705946957e-8
1349	7.249111409032186e-8
1350	7.207948054417785e-8
1351	7.243648602307028e-8
1352	7.242554681795082e-8
1353	7.202088583353635e-8
1354	7.148657971688091e-8
1355	7.125086457213137e-8
1356	7.157191865800469e-8
1357	7.11683239073745e-8
1358	7.107396286597504e-8
1359	7.118310994064184e-8
1360	7.123191517277432e-8
1361	7.052247895750914e-8
1362	7.048219756097352e-8
1363	7.051177433369442e-8
1364	7.059424334272896e-8
1365	7.076772808623454e-8
1366	7.077746365341262e-8
1367	6.999324601710148e-8
1368	7.038967231264793e-8
1369	7.013325505389877e-8
1370	7.046451727496903e-8
1371	7.018918454757595e-8
1372	7.038015086249471e-8
1373	7.020598742161583e-8
1374	7.040100782819097e-8
1375	7.023602334115874e-8
1376	6.909656229041884e-8
1377	6.928213565729152e-8
1378	6.909267078778114e-8
1379	6.940740957803015e-8
1380	6.928621724629241e-8
1381	6.861848186892143e-8
1382	6.842924884313424e-8
1383	6.874091532239576e-8
1384	6.86760718316115e-8
1385	6.86139695055245e-8
1386	6.847210045252412e-8
1387	6.809989206306495e-8
1388	6.780162110932707e-8
1389	6.773948428981305e-8
1390	6.742134369687066e-8
1391	6.774378890850279e-8
1392	6.805411782477145e-8
1393	6.77292524366216e-8
1394	6.748860424162943e-8
1395	6.731378139523873e-8
1396	6.731711925508183e-8
1397	6.722749227352055e-8
1398	6.747652209326209e-8
1399	6.754786333137134e-8
1400	6.750015049508858e-8
1401	6.702564861900948e-8
1402	6.710385373763642e-8
1403	6.73637121381577e-8
1404	6.696218990601832e-8
1405	6.664058573403088e-8
1406	6.663035671122417e-8
1407	6.66708161704386e-8
1408	6.662080428024104e-8
1409	6.676498129678628e-8
1410	6.659307483872798e-8
1411	6.637798745457363e-8
1412	6.641145730246419e-8
1413	6.570821260184008e-8
1414	6.596521875997078e-8
1415	6.543766703075213e-8
1416	6.568105754228693e-8
1417	6.558322647354409e-8
1418	6.556136168676809e-8
1419	6.553202579281494e-8
1420	6.586156232254141e-8
1421	6.566612564555931e-8
1422	6.560078075333859e-8
1423	6.558951139695002e-8
1424	6.555002925815895e-8
1425	6.528181753052964e-8
1426	6.517563873275679e-8
1427	6.516520336322842e-8
1428	6.474641742435965e-8
1429	6.435994719842427e-8
1430	6.452436533221984e-8
1431	6.434907142128755e-8
1432	6.43475698919058e-8
1433	6.456616764246055e-8
1434	6.416007608579874e-8
1435	6.423903799933602e-8
1436	6.423545853375221e-8
1437	6.407692112622235e-8
1438	6.398161709596733e-8
1439	6.416647590476674e-8
1440	6.359455597266433e-8
1441	6.385647443220413e-8
1442	6.405103571372908e-8
1443	6.40561129617475e-8
1444	6.40046186729803e-8
1445	6.380188943991498e-8
1446	6.371229521174402e-8
1447	6.318738498398634e-8
1448	6.312844880832266e-8
1449	6.310855356627523e-8
1450	6.308061352396784e-8
1451	6.311541570539181e-8
1452	6.291100841029837e-8
1453	6.281711414185956e-8
1454	6.289835456763569e-8
1455	6.277583652396396e-8
1456	6.333661219305943e-8
1457	6.333068222284178e-8
1458	6.266542410721459e-8
1459	6.25691834277821e-8
1460	6.276708041441497e-8
1461	6.250223686299245e-8
1462	6.232970613490132e-8
1463	6.235078359596388e-8
1464	6.22151923898089e-8
1465	6.196427471713319e-8
1466	6.193946487042547e-8
1467	6.168947180860066e-8
1468	6.175736431746906e-8
1469	6.156337894014563e-8
1470	6.159637783292976e-8
1471	6.165826293900431e-8
1472	6.128262195483324e-8
1473	6.119954761415858e-8
1474	6.118874517955012e-8
1475	6.115958770414173e-8
1476	6.098032841926169e-8
1477	6.094414160862334e-8
1478	6.092349265536034e-8
1479	6.094079879733736e-8
1480	6.092032077926715e-8
1481	6.076467201029946e-8
1482	6.114265972174419e-8
1483	6.06938864223879e-8
1484	6.061676934484421e-8
1485	6.044142417616076e-8
1486	6.043893375291628e-8
1487	6.039927850740205e-8
1488	6.021494468453685e-8
1489	6.017869400955632e-8
1490	6.034217505710295e-8
1491	6.012230941964197e-8
1492	6.00130657702966e-8
1493	5.995548516801052e-8
1494	5.987044691782546e-8
1495	5.984644987751821e-8
1496	5.980190476580593e-8
1497	5.948078958425761e-8
1498	5.930896005118723e-8
1499	5.931316573202878e-8
1500	5.940466786840646e-8
1501	5.943548065637861e-8
1502	5.9303728447406024e-8
1503	5.908451714383064e-8
1504	5.9033756522172405e-8
1505	5.892268935058354e-8
1506	5.8947438658092434e-8
1507	5.8963834609212504e-8
1508	5.8934253955977976e-8
1509	5.8875723326808484e-8
1510	5.8685565927375264e-8
1511	5.8652472857963755e-8
1512	5.857545496726896e-8
1513	5.850382989697379e-8
1514	5.8445339798370564e-8
1515	5.8332096623705246e-8
1516	5.828335327912695e-8
1517	5.826103872620526e-8
1518	5.8058386226512075e-8
1519	5.813075504432538e-8
1520	5.793944824380745e-8
1521	5.785066480135497e-8
1522	5.7684497989461576e-8
1523	5.76366946508315e-8
1524	5.777310742120764e-8
1525	5.779799331875648e-8
1526	5.7501091701101485e-8
1527	5.7462362560545035e-8
1528	5.742530660754525e-8
1529	5.725055026192624e-8
1530	5.719985705790051e-8
1531	5.710246579295779e-8
1532	5.7100842864084765e-8
1533	5.708171790243091e-8
1534	5.6904770432818767e-8
1535	5.6882907215599916e-8
1536	5.6758999351274584e-8
1537	5.6638763519565784e-8
1538	5.659709951248382e-8
1539	5.656232879274433e-8
1540	5.653975159585371e-8
1541	5.637600875383301e-8
1542	5.638581461891932e-8
1543	5.624177621766397e-8
1544	5.621267425803707e-8
1545	5.610588334218692e-8
1546	5.6085995774840976e-8
1547	5.6127654215975846e-8
1548	5.597107522409392e-8
1549	5.599865273310057e-8
1550	5.596531229042975e-8
1551	5.5819249836268034e-8
1552	5.5790397406124905e-8
1553	5.553307067950857e-8
1554	5.5523914001776976e-8
1555	5.541842111496532e-8
1556	5.543102470564102e-8
1557	5.535839221638585e-8
1558	5.5298991429327376e-8
1559	5.524181772588383e-8
1560	5.523744258263781e-8
1561	5.51004232316353e-8
1562	5.5165455741010734e-8
1563	5.5008586770869624e-8
1564	5.504771165379936e-8
1565	5.483979187047243e-8
1566	5.470893351864987e-8
1567	5.468190312071495e-8
1568	5.460118447364083e-8
1569	5.437234483831379e-8
1570	5.4397883112387304e-8
1571	5.432839748584642e-8
1572	5.430249310425753e-8
1573	5.409453921702373e-8
1574	5.415752989554809e-8
1575	5.4176692187138526e-8
1576	5.412315762149144e-8
1577	5.408683161350425e-8
1578	5.392800715108021e-8
1579	5.3955143074428194e-8
1580	5.3832554924020526e-8
1581	5.375964103372734e-8
1582	5.371377862016354e-8
1583	5.3793967441364766e-8
1584	5.356793697014885e-8
1585	5.3573403623165526e-8
1586	5.349070790712855e-8
1587	5.3346315539989735e-8
1588	5.308325743164332e-8
1589	5.305781334500335e-8
1590	5.3040839821005e-8
1591	5.2964358093093486e-8
1592	5.303022861964769e-8
1593	5.303029174033412e-8
1594	5.265872262573109e-8
1595	5.282164658907491e-8
1596	5.2808824185846205e-8
1597	5.278162771777487e-8
1598	5.274872300728473e-8
1599	5.253206510548121e-8
1600	5.2498934025797094e-8
1601	5.23385868736616e-8
1602	5.2391220354762114e-8
1603	5.2311705546977085e-8
1604	5.2269700203290635e-8
1605	5.219807989949846e-8
1606	5.215108037803167e-8
1607	5.209765918860176e-8
1608	5.2030786928024017e-8
1609	5.1931849173536503e-8
1610	5.190967756001625e-8
1611	5.1833517555591854e-8
1612	5.173272209132021e-8
1613	5.1710871382575e-8
1614	5.164260950828675e-8
1615	5.153876233325458e-8
1616	5.152171757117994e-8
1617	5.1444345021284067e-8
1618	5.1415745378273244e-8
1619	5.1301656364589815e-8
1620	5.1241685521067047e-8
1621	5.116354817516183e-8
1622	5.112553595506841e-8
1623	5.107711619294304e-8
1624	5.101824437171758e-8
1625	5.093810882659903e-8
1626	5.089295978192787e-8
1627	5.0800205738290494e-8
1628	5.0734593505821093e-8
1629	5.066779204990969e-8
1630	5.063958371392395e-8
1631	5.06021604845073e-8
1632	5.053463452124093e-8
1633	5.0480311545455e-8
1634	5.035436873649782e-8
1635	5.032317503469119e-8
1636	5.0255074221842786e-8
1637	5.020775527476908e-8
1638	5.0161602204137794e-8
1639	5.008597419858091e-8
1640	5.003487035235208e-8
1641	4.9938307781770444e-8
1642	4.9861531065877835e-8
1643	4.984268800938368e-8
1644	4.9791723471641055e-8
1645	4.978227788494299e-8
1646	4.972259401647608e-8
1647	4.962070908000408e-8
1648	4.9579830773086895e-8
1649	4.9507431779691065e-8
1650	4.943854734245191e-8
1651	4.9402040397018366e-8
1652	4.9281558345738734e-8
1653	4.9253617350635925e-8
1654	4.921493666974407e-8
1655	4.9195940508079723e-8
1656	4.903651311869027e-8
1657	4.900812863586425e-8
1658	4.8939594287370045e-8
1659	4.8879856870479883e-8
1660	4.8861099697815234e-8
1661	4.8794821872951924e-8
1662	4.873770168150996e-8
1663	4.874230836485647e-8
1664	4.873023500377847e-8
1665	4.8570863093574434e-8
1666	4.849193286340933e-8
1667	4.840810871101331e-8
1668	4.841510825607182e-8
1669	4.831502530891435e-8
1670	4.8273879580747974e-8
1671	4.8214004169409096e-8
1672	4.815111633435758e-8
1673	4.812242469125303e-8
1674	4.806544779453648e-8
1675	4.803694512441892e-8
1676	4.793584284221333e-8
1677	4.787149412674448e-8
1678	4.78366954014054e-8
1679	4.7772472166752224e-8
1680	4.7716342675146436e-8
1681	4.766660757444608e-8
1682	4.760705718636594e-8
1683	4.753645992409688e-8
1684	4.7497326919170915e-8
1685	4.739954065950153e-8
1686	4.736649152967056e-8
1687	4.732651185440576e-8
1688	4.726862935440389e-8
1689	4.721959060810579e-8
1690	4.714862194706715e-8
1691	4.709189083103019e-8
1692	4.703484564279439e-8
1693	4.699386193065771e-8
1694	4.6928664536344824e-8
1695	4.693732800235609e-8
1696	4.6777423133960565e-8
1697	4.6753098340911154e-8
1698	4.673130482133439e-8
1699	4.664909364641703e-8
1700	4.6608805837608155e-8
1701	4.655689728557603e-8
1702	4.6483918739978863e-8
1703	4.643994261907408e-8
1704	4.6372156308533634e-8
1705	4.6345684293182107e-8
1706	4.627373673563115e-8
1707	4.623460845718659e-8
1708	4.61749084919876e-8
1709	4.609888241881905e-8
1710	4.583569887526891e-8
1711	4.598970911813237e-8
1712	4.594869455194952e-8
1713	4.5921012839995654e-8
1714	4.584775274483984e-8
1715	4.5798925267542614e-8
1716	4.5762054091310066e-8
1717	4.5685414690581834e-8
1718	4.563921860265624e-8
1719	4.556060565639756e-8
1720	4.5515142078522965e-8
1721	4.545423208723626e-8
1722	4.5401618345166544e-8
1723	4.534293652226045e-8
1724	4.528643111636923e-8
1725	4.523698693701158e-8
1726	4.5220849217273056e-8
1727	4.517001024316756e-8
1728	4.50917815713192e-8
1729	4.502505642603088e-8
1730	4.4975040275281066e-8
1731	4.4928394790032914e-8
1732	4.48821322985144e-8
1733	4.481663250546517e-8
1734	4.477695005146634e-8
1735	4.473507184785879e-8
1736	4.466560199303929e-8
1737	4.461774969503819e-8
1738	4.456969235862265e-8
1739	4.4507538155641545e-8
1740	4.444822637749898e-8
1741	4.440142014376651e-8
1742	4.435029143215765e-8
1743	4.4310151617532774e-8
1744	4.422774061966991e-8
1745	4.417498718429004e-8
1746	4.416530364220067e-8
1747	4.4115264842069135e-8
1748	4.406672230888963e-8
1749	4.4000015420560095e-8
1750	4.394367705452737e-8
1751	4.387554481600042e-8
1752	4.384454580915118e-8
1753	4.3783623835078076e-8
1754	4.3716505582296364e-8
1755	4.368047644746992e-8
1756	4.3640535414930254e-8
1757	4.358645861044119e-8
1758	4.353110980820558e-8
1759	4.348940907457979e-8
1760	4.343461196976605e-8
1761	4.338311178583254e-8
1762	4.3337156292317174e-8
1763	4.3286544395635235e-8
1764	4.324381596876351e-8
1765	4.318700876228291e-8
1766	4.314392993199764e-8
1767	4.309543968483239e-8
1768	4.303447722903864e-8
1769	4.2973185251677635e-8
1770	4.292742325426355e-8
1771	4.288467155316784e-8
1772	4.285469411480678e-8
1773	4.279561078993062e-8
1774	4.274248256760614e-8
1775	4.269590841643615e-8
1776	4.264576671099238e-8
1777	4.259698935955364e-8
1778	4.2545136873764346e-8
1779	4.249512977228144e-8
1780	4.2450755487372916e-8
1781	4.239607362715672e-8
1782	4.234971461314992e-8
1783	4.229959888342123e-8
1784	4.2253515975107634e-8
1785	4.220311812848104e-8
1786	4.2156101288686966e-8
1787	4.211085300142057e-8
1788	4.2063647535508796e-8
1789	4.2011807665237046e-8
1790	4.19694506362932e-8
1791	4.191559405472316e-8
1792	4.186485536243004e-8
1793	4.1819880917581635e-8
1794	4.177151267076612e-8
1795	4.172395324565656e-8
1796	4.1678303447323015e-8
1797	4.163096523419171e-8
1798	4.158168815476278e-8
1799	4.1544446305031104e-8
1800	4.149766701702069e-8
1801	4.145028826957025e-8
1802	4.1399164665185004e-8
1803	4.135057630240051e-8
1804	4.130025538773735e-8
1805	4.1248938165894865e-8
1806	4.119982034179698e-8
1807	4.115462777236466e-8
1808	4.110665962698332e-8
1809	4.105919297209928e-8
1810	4.101536038137551e-8
1811	4.097127912164834e-8
1812	4.0911809500388775e-8
1813	4.0874213040804804e-8
1814	4.082969446361295e-8
1815	4.078461731304287e-8
1816	4.073541013239253e-8
1817	4.068724566658912e-8
1818	4.064904230388145e-8
1819	4.060223308838527e-8
1820	4.0549070608337286e-8
1821	4.05061467404346e-8
1822	4.046067172960956e-8
1823	4.0415981320681234e-8
1824	4.036467829285116e-8
1825	4.031769553168411e-8
1826	4.0280069977459874e-8
1827	4.022927388373881e-8
1828	4.018442515288031e-8
1829	4.0138301905440824e-8
1830	4.0092431871910954e-8
1831	4.004866472325753e-8
1832	4.00023823804986e-8
1833	3.995834266777827e-8
1834	3.991238982257401e-8
1835	3.98831127006311e-8
1836	3.9823260009597646e-8
1837	3.977802653772311e-8
1838	3.973045546236611e-8
1839	3.968434698365006e-8
1840	3.964387591792202e-8
1841	3.9596175479227385e-8
1842	3.955669842189388e-8
1843	3.950659314693949e-8
1844	3.946746302190844e-8
1845	3.941787076433572e-8
1846	3.937247124253584e-8
1847	3.933004692113274e-8
1848	3.9287107805355516e-8
1849	3.9241670640739134e-8
1850	3.9190741679010215e-8
1851	3.9151899734647355e-8
1852	3.910823407919713e-8
1853	3.906379329869854e-8
1854	3.902013886529276e-8
1855	3.8978910203233776e-8
1856	3.8936818337251013e-8
1857	3.888989341229005e-8
1858	3.8847967033978334e-8
1859	3.880053472656887e-8
1860	3.875676091763821e-8
1861	3.871434677104199e-8
1862	3.867106624361415e-8
1863	3.862893472080522e-8
1864	3.858507994102546e-8
1865	3.8541560933924764e-8
1866	3.8499290937212925e-8
1867	3.845856295516638e-8
1868	3.841608891203557e-8
1869	3.837083632153157e-8
1870	3.832781958843542e-8
1871	3.828570772010926e-8
1872	3.824319285661356e-8
1873	3.820156911559414e-8
1874	3.815797117730157e-8
1875	3.8115091065344046e-8
1876	3.8073079200661326e-8
1877	3.8031496081154515e-8
1878	3.798362824947001e-8
1879	3.794162345158859e-8
1880	3.789988225326438e-8
1881	3.785748243600861e-8
1882	3.7814150622837354e-8
1883	3.777250990820128e-8
1884	3.772968650696377e-8
1885	3.768899618589113e-8
1886	3.764639421088819e-8
1887	3.760321627846674e-8
1888	3.756185591576104e-8
1889	3.752143407821182e-8
1890	3.747901326442232e-8
1891	3.7437899135926585e-8
1892	3.739620529917004e-8
1893	3.735459044704157e-8
1894	3.731323938840933e-8
1895	3.7271789618455455e-8
1896	3.723041575749872e-8
1897	3.718893196172038e-8
1898	3.714815605106223e-8
1899	3.710700180320611e-8
1900	3.7066003904783786e-8
1901	3.702484188447722e-8
1902	3.6983422392150946e-8
1903	3.6942177276926504e-8
1904	3.6901690626942304e-8
1905	3.6861002004510876e-8
1906	3.682091903558732e-8
1907	3.6779652140773703e-8
1908	3.673918751570249e-8
1909	3.6698515095855705e-8
1910	3.665815142945068e-8
1911	3.6617771209981566e-8
1912	3.6577329183131865e-8
1913	3.6537024473791266e-8
1914	3.649570273245792e-8
1915	3.645551521137539e-8
1916	3.641535282238031e-8
1917	3.637253998348102e-8
1918	3.633254606200457e-8
1919	3.6292262764523014e-8
1920	3.625264313579049e-8
1921	3.6210999363568314e-8
1922	3.6171401845846266e-8
1923	3.613126294996203e-8
1924	3.6091771860119705e-8
1925	3.6051765138205455e-8
1926	3.601259081974232e-8
1927	3.597308586096401e-8
1928	3.5933582656381324e-8
1929	3.589426758416878e-8
1930	3.5854917916703415e-8
1931	3.5814692756485834e-8
1932	3.5776359889256515e-8
1933	3.573725573977022e-8
1934	3.569785786952668e-8
1935	3.565854566021069e-8
1936	3.561943251886633e-8
1937	3.558097408823575e-8
1938	3.554225564877765e-8
1939	3.55026995813572e-8
1940	3.546382043941106e-8
1941	3.5425210987856154e-8
1942	3.5386336885147754e-8
1943	3.5347186356175255e-8
1944	3.530827671512008e-8
1945	3.52699903795653e-8
1946	3.5232229380358257e-8
1947	3.5193148394273896e-8
1948	3.5155427150863946e-8
1949	3.5116555922160405e-8
1950	3.507814376008982e-8
1951	3.503997219793741e-8
1952	3.5003340434113413e-8
1953	3.496334009750879e-8
1954	3.4925773354241945e-8
1955	3.488831708121979e-8
1956	3.485029448361053e-8
1957	3.481287195248102e-8
1958	3.477477368472044e-8
1959	3.473540661926927e-8
1960	3.469818778721522e-8
1961	3.4658040304029266e-8
1962	3.461821242266898e-8
1963	3.4581054027708904e-8
1964	3.4542308432527413e-8
1965	3.450565163010506e-8
1966	3.4467577305481184e-8
1967	3.4430553556776024e-8
1968	3.439310032103931e-8
1969	3.4355627326597717e-8
1970	3.4318585886991536e-8
1971	3.428105877731326e-8
1972	3.424433669872174e-8
1973	3.420825184183122e-8
1974	3.4169713027143395e-8
1975	3.413307200361322e-8
1976	3.4095356412839765e-8
1977	3.405868955997248e-8
1978	3.402110775168451e-8
1979	3.398414719102773e-8
1980	3.394741267834518e-8
1981	3.391289004583424e-8
1982	3.387459387193319e-8
1983	3.38371698284186e-8
1984	3.380131097139555e-8
1985	3.3765132453187575e-8
1986	3.3728118691087035e-8
1987	3.3691014874959986e-8
1988	3.3654743746189235e-8
1989	3.362037998044047e-8
1990	3.358253434602784e-8
1991	3.3549082877428114e-8
1992	3.3511753327499035e-8
1993	3.34750089173234e-8
1994	3.3440162717614405e-8
1995	3.3401323417570914e-8
1996	3.336435801301368e-8
1997	3.333073294931371e-8
1998	3.329495461666243e-8
1999	3.325970221854578e-8
2000	3.3223454729043625e-8
2001	3.318784554088167e-8