1	1.2529185187353446e-8
2	2.505412149579133e-8
3	3.757040227807098e-8
4	5.0073735577489845e-8
5	6.256005275126207e-8
6	7.502513729754721e-8
7	8.746474158489014e-8
8	9.987344954895198e-8
9	1.122496626812193e-7
10	1.24584607480499e-7
11	1.3688299887535433e-7
12	1.4913073236456215e-7
13	1.6133170514827258e-7
14	1.7347169209508615e-7
15	1.855597481913331e-7
16	1.9757915362486563e-7
17	2.0954035676669767e-7
18	2.2143385778599727e-7
19	2.332469834692697e-7
20	2.449843450050965e-7
21	2.5664544353196665e-7
22	2.682292848554902e-7
23	2.797248644198262e-7
24	2.9111429252837605e-7
25	3.024189230992637e-7
26	3.1362996570917263e-7
27	3.2474589142797617e-7
28	3.3575476224133286e-7
29	3.466604490325877e-7
30	3.5745678730247045e-7
31	3.6813849665902637e-7
32	3.7872506327024903e-7
33	3.891842545903745e-7
34	3.995236255561226e-7
35	4.097548206921492e-7
36	4.1987444633675107e-7
37	4.298422268435993e-7
38	4.3970939427992256e-7
39	4.494282374507932e-7
40	4.590304171572848e-7
41	4.6851216347390177e-7
42	4.778428208160659e-7
43	4.870535019806313e-7
44	4.961446796517667e-7
45	5.050568785039792e-7
46	5.138948342289095e-7
47	5.225601439325831e-7
48	5.310445229165607e-7
49	5.394483496679456e-7
50	5.477023360626961e-7
51	5.558032766192013e-7
52	5.637858922928297e-7
53	5.716112109773968e-7
54	5.793040031293126e-7
55	5.868445074973285e-7
56	5.942433907710815e-7
57	6.015222964206976e-7
58	6.086410595413241e-7
59	6.156094368142055e-7
60	6.224661465795887e-7
61	6.291686604688859e-7
62	6.357155892228243e-7
63	6.421380171767179e-7
64	6.484186528465707e-7
65	6.54550006723913e-7
66	6.605450616951453e-7
67	6.663944552760507e-7
68	6.721270833617795e-7
69	6.777114629766059e-7
70	6.83141991723462e-7
71	6.884826031837253e-7
72	6.936496086559756e-7
73	6.986828398235647e-7
74	7.035583068787351e-7
75	7.08350469758373e-7
76	7.130115809515946e-7
77	7.175281588188561e-7
78	7.218908724933865e-7
79	7.26128760818532e-7
80	7.302966462830483e-7
81	7.342762974116811e-7
82	7.38175522537387e-7
83	7.419406804242425e-7
84	7.455720815149529e-7
85	7.49077570657699e-7
86	7.524285250035643e-7
87	7.557390252579045e-7
88	7.588707782146198e-7
89	7.619096401050315e-7
90	7.648321301353516e-7
91	7.676441296492488e-7
92	7.703335862740255e-7
93	7.729335859636058e-7
94	7.753785470974141e-7
95	7.777405600973867e-7
96	7.799736140196218e-7
97	7.821178500606734e-7
98	7.841809326794991e-7
99	7.861191574334321e-7
100	7.879162578150056e-7
101	7.896092617524873e-7
102	7.91236397047151e-7
103	7.927949250708836e-7
104	7.942225397315532e-7
105	7.955263068021691e-7
106	7.967750397473685e-7
107	7.979098366402537e-7
108	7.989469814291265e-7
109	7.998973550105818e-7
110	8.00743736888388e-7
111	8.015294986660098e-7
112	8.021745202161622e-7
113	8.027869080958146e-7
114	8.032752200291495e-7
115	8.036974738031334e-7
116	8.040390391609063e-7
117	8.042487227368155e-7
118	8.043949927020076e-7
119	8.044841387379898e-7
120	8.044795704473487e-7
121	8.043801042057519e-7
122	8.042317149913224e-7
123	8.039625751408276e-7
124	8.036095992548409e-7
125	8.031383083981159e-7
126	8.026477241282261e-7
127	8.020780601589698e-7
128	8.014663471069377e-7
129	8.0072750686271e-7
130	7.998800820206408e-7
131	7.990427191899143e-7
132	7.980826480063266e-7
133	7.970433166482852e-7
134	7.959479939010391e-7
135	7.947524899847265e-7
136	7.945624725689802e-7
137	7.921438429952746e-7
138	7.90742617090771e-7
139	7.892656130610786e-7
140	7.877132276195467e-7
141	7.8607907933495e-7
142	7.841580983610749e-7
143	7.825807184960983e-7
144	7.807476086799031e-7
145	7.788451759667447e-7
146	7.767305242140575e-7
147	7.746953952380939e-7
148	7.725077062368863e-7
149	7.702713075398089e-7
150	7.679526474032931e-7
151	7.655685606833319e-7
152	7.6307743566285e-7
153	7.605470727453761e-7
154	7.57878662849815e-7
155	7.55172091310714e-7
156	7.523842422806743e-7
157	7.494899644529813e-7
158	7.465207562477182e-7
159	7.434486474290847e-7
160	7.403190582465021e-7
161	7.370725480358009e-7
162	7.3376034959316e-7
163	7.303449445575787e-7
164	7.268679680213444e-7
165	7.232241960647984e-7
166	7.195282200303985e-7
167	7.157024594449195e-7
168	7.117797516117591e-7
169	7.077654753512394e-7
170	7.03643863837715e-7
171	6.993959782569502e-7
172	6.950535486225129e-7
173	6.905607931161916e-7
174	6.859602179670685e-7
175	6.812448299437432e-7
176	6.763932545694916e-7
177	6.714037025450158e-7
178	6.662727373640751e-7
179	6.610049984346446e-7
180	6.555920728283467e-7
181	6.500082999391527e-7
182	6.442823767588931e-7
183	6.383878450318954e-7
184	6.323201848246202e-7
185	6.260735266741276e-7
186	6.19634727393438e-7
187	6.130246240120819e-7
188	6.062010387549809e-7
189	5.991468517245471e-7
190	5.918909116978935e-7
191	5.84406261791723e-7
192	5.766899311170337e-7
193	5.687037060976842e-7
194	5.604744689160376e-7
195	5.51970987031416e-7
196	5.431766212879947e-7
197	5.340677103152207e-7
198	5.246573510862911e-7
199	5.14892481779442e-7
200	5.047950151548412e-7
201	4.943379699574583e-7
202	4.834646726282604e-7
203	4.7219590631940816e-7
204	4.604921465451317e-7
205	4.483302517337802e-7
206	4.3567878859397274e-7
207	4.2252796244393847e-7
208	4.088257246939361e-7
209	3.945553652235985e-7
210	3.796778284210121e-7
211	3.641545266252238e-7
212	3.4795127208079614e-7
213	3.3102812117828157e-7
214	3.1334306421182327e-7
215	2.9485412148574924e-7
216	2.7551976984026984e-7
217	2.553004405586101e-7
218	2.3416184855961803e-7
219	2.1208005409026604e-7
220	1.8904973178276553e-7
221	1.6509819463701253e-7
222	1.4030896185016176e-7
223	1.1486326542158701e-7
224	8.911248048962119e-8
225	6.370748187151945e-8
226	3.9820610590663687e-8
227	1.9464757732438576e-8
228	5.590971906490903e-9
229	3.2314924234887385e-10
230	0.
231	0.
232	0.
233	0.
234	0.
235	0.
236	0.
237	0.
238	0.
239	0.
240	0.
241	0.
242	0.
243	0.
244	0.
245	0.
246	0.
247	0.
248	0.
249	0.
250	0.
251	0.
252	0.
253	0.
254	0.
255	0.
256	0.
257	0.
258	0.
259	0.
260	0.
261	0.
262	0.
263	0.
264	0.
265	0.
266	0.
267	0.
268	0.
269	0.
270	0.
271	0.
272	0.
273	0.
274	0.000017364399047442908
275	0.000018384180805679387
276	0.000017531729497423218
277	0.00001627395466060279
278	0.000014993256515886752
279	0.000013794358172062991
280	0.000012730159084361114
281	0.000011772096190733806
282	0.00001091638123205457
283	0.000010168202891787594
284	9.501737035045877e-6
285	8.90656929375433e-6
286	8.370581513802609e-6
287	7.89024044313027e-6
288	7.457949300585699e-6
289	7.064944155603493e-6
290	6.705104194889183e-6
291	6.378928416796302e-6
292	6.0822876236120125e-6
293	5.804786622013961e-6
294	5.553882570984037e-6
295	5.318943037879588e-6
296	5.10310268717155e-6
297	4.90084141855905e-6
298	4.718194666087351e-6
299	4.5405296490759e-6
300	4.3798333059661164e-6
301	4.228994815683366e-6
302	4.0780541369285315e-6
303	3.9500042454240945e-6
304	3.825972938123673e-6
305	3.699212069991949e-6
306	3.588252543733882e-6
307	3.4877995487082503e-6
308	3.3838328772907642e-6
309	3.282222527384077e-6
310	3.198441714085741e-6
311	3.113184864899057e-6
312	3.0282712979529183e-6
313	2.9482754750185787e-6
314	2.8758452308795256e-6
315	2.805225588070152e-6
316	2.7332361156340145e-6
317	2.6717806276120572e-6
318	2.608321078058655e-6
319	2.5484836799160446e-6
320	2.492186100090569e-6
321	2.4369662919530878e-6
322	2.3839462526980744e-6
323	2.333608106880592e-6
324	2.284992929214418e-6
325	2.237861845307643e-6
326	2.1934211548907122e-6
327	2.149359356908134e-6
328	2.1073013548272824e-6
329	2.0677931816288483e-6
330	2.027032225897441e-6
331	1.9887286038403873e-6
332	1.95386127797867e-6
333	1.91953963641568e-6
334	1.884594637676486e-6
335	1.8507390773126954e-6
336	1.8192862908343282e-6
337	1.7890102473311828e-6
338	1.7588388774162717e-6
339	1.7288068994190988e-6
340	1.7010266652170458e-6
341	1.6743284542527795e-6
342	1.6470313269770705e-6
343	1.6202040338049834e-6
344	1.59621576403144e-6
345	1.571706448326254e-6
346	1.5472907130065515e-6
347	1.5244399134640896e-6
348	1.5018400001936345e-6
349	1.4801884222144859e-6
350	1.4584931331303464e-6
351	1.4386442481759714e-6
352	1.4177880038720996e-6
353	1.396860284486607e-6
354	1.379075326170702e-6
355	1.3608695311688658e-6
356	1.3427079455357907e-6
357	1.3239808825272408e-6
358	1.304556115120821e-6
359	1.2883399921422503e-6
360	1.273044258702032e-6
361	1.2575173595548398e-6
362	1.2416793645394024e-6
363	1.225925311076025e-6
364	1.2101658302107973e-6
365	1.1934631032477073e-6
366	1.1779539885953567e-6
367	1.1657222573440793e-6
368	1.1530504626883355e-6
369	1.1400414669756807e-6
370	1.1268295236515727e-6
371	1.1135598689247517e-6
372	1.100652139929858e-6
373	1.0870078274734138e-6
374	1.0737749454431425e-6
375	1.059950167390088e-6
376	1.04984655459015e-6
377	1.039387188060505e-6
378	1.03447059812908e-6
379	1.0181912001227866e-6
380	1.0074250275224359e-6
381	9.968025875724019e-7
382	9.861108647876178e-7
383	9.754945362999747e-7
384	9.646532141442069e-7
385	9.538763760323547e-7
386	9.447741862214123e-7
387	9.344242123991001e-7
388	9.262591665306287e-7
389	9.175527093499161e-7
390	9.088799607842718e-7
391	9.002439898881669e-7
392	8.936593051890155e-7
393	8.828633907636398e-7
394	8.742351504706966e-7
395	8.656307508471191e-7
396	8.57016302067555e-7
397	8.482432453987752e-7
398	8.390462643198748e-7
399	8.318438511424455e-7
400	8.253485052024069e-7
401	8.185202795336013e-7
402	8.114757089039899e-7
403	8.042141249019003e-7
404	7.97270998091406e-7
405	7.897412148080278e-7
406	7.832084216708198e-7
407	7.761651745751887e-7
408	7.69144050974778e-7
409	7.620226228316846e-7
410	7.554236746194825e-7
411	7.484068705583907e-7
412	7.426493418301209e-7
413	7.372173740525137e-7
414	7.309465785388099e-7
415	7.253010518130543e-7
416	7.189294491679202e-7
417	7.133745259695407e-7
418	7.074997852923933e-7
419	7.014712656930769e-7
420	6.958647669463708e-7
421	6.899915749204689e-7
422	6.851310295943123e-7
423	6.796874060920187e-7
424	6.743592285127462e-7
425	6.691009956421577e-7
426	6.63757105273582e-7
427	6.588539686575776e-7
428	6.536624837051135e-7
429	6.48888173717609e-7
430	6.44337201478834e-7
431	6.392375978036136e-7
432	6.343464690570186e-7
433	6.294977769047109e-7
434	6.249265008240663e-7
435	6.204927955973971e-7
436	6.161783584890812e-7
437	6.117629839728905e-7
438	6.073734105295394e-7
439	6.03153246408606e-7
440	5.988976510087955e-7
441	5.946512878967286e-7
442	5.902627737680589e-7
443	5.862893343677107e-7
444	5.819142466736546e-7
445	5.776362767837794e-7
446	5.738763191745031e-7
447	5.69473798108088e-7
448	5.657452383970865e-7
449	5.618443437598597e-7
450	5.585044431956156e-7
451	5.549166255132655e-7
452	5.514497604660118e-7
453	5.479648438371354e-7
454	5.441535966814165e-7
455	5.407426634974155e-7
456	5.372747077281985e-7
457	5.337278120934353e-7
458	5.302907258602524e-7
459	5.269720173053755e-7
460	5.234391672636349e-7
461	5.20013018835545e-7
462	5.169787048377069e-7
463	5.135804938305163e-7
464	5.102837023096521e-7
465	5.076354165308154e-7
466	5.0377027188709e-7
467	5.005183664284276e-7
468	4.972331019865717e-7
469	4.937435317964232e-7
470	4.91019333221194e-7
471	4.886317558246813e-7
472	4.85462435956678e-7
473	4.827500034754591e-7
474	4.796492672874679e-7
475	4.769768350571708e-7
476	4.7440186582226057e-7
477	4.7168060351007203e-7
478	4.6909543170243546e-7
479	4.663503456569707e-7
480	4.6355302702284873e-7
481	4.610716906549429e-7
482	4.5840597172854276e-7
483	4.5581517421591683e-7
484	4.532971536683227e-7
485	4.5054064972241273e-7
486	4.479337707006283e-7
487	4.458202904307044e-7
488	4.4299684421721114e-7
489	4.4058011412580523e-7
490	4.380237495374152e-7
491	4.3564362657658054e-7
492	4.3308041881918583e-7
493	4.312064292382755e-7
494	4.2841322772033653e-7
495	4.2603213083274944e-7
496	4.2374521638998787e-7
497	4.213018423901222e-7
498	4.1889289558220405e-7
499	4.1698186182239153e-7
500	4.1426681392059876e-7
501	4.1170005221871835e-7
502	4.091832066128522e-7
503	4.073512667997076e-7
504	4.05342154234764e-7
505	4.033769194611142e-7
506	4.0179989163402215e-7
507	3.9966090357043557e-7
508	3.974243720526374e-7
509	3.9511624143734463e-7
510	3.9328812635296946e-7
511	3.9201622572914576e-7
512	3.8973341586072956e-7
513	3.8786591299609813e-7
514	3.860134225101932e-7
515	3.841486883826604e-7
516	3.8226915844359397e-7
517	3.804263916141009e-7
518	3.7865454088716285e-7
519	3.767087462048326e-7
520	3.750421083175987e-7
521	3.732403067243796e-7
522	3.713102064080475e-7
523	3.700150073153922e-7
524	3.6788167051238966e-7
525	3.6604796251437594e-7
526	3.643605441829542e-7
527	3.6256995425085155e-7
528	3.609389619033871e-7
529	3.5916541268394166e-7
530	3.5750773449167527e-7
531	3.558087285829578e-7
532	3.5416879458414e-7
533	3.5243858669766954e-7
534	3.5074396618176985e-7
535	3.494737129221639e-7
536	3.4750000452738857e-7
537	3.4581352662209025e-7
538	3.443114177425608e-7
539	3.4258550850236313e-7
540	3.4090655633097325e-7
541	3.3968899344003583e-7
542	3.379336653201832e-7
543	3.3685019340979117e-7
544	3.3465731522668604e-7
545	3.3323924428303865e-7
546	3.316493125540171e-7
547	3.302664461630082e-7
548	3.2866893233109764e-7
549	3.270608983650718e-7
550	3.257100907172798e-7
551	3.2451209048301397e-7
552	3.231442445848291e-7
553	3.2207546080784987e-7
554	3.2074945229061037e-7
555	3.195040666677852e-7
556	3.181911506290078e-7
557	3.1689463331189114e-7
558	3.155809730161781e-7
559	3.141863359786843e-7
560	3.1302484420415673e-7
561	3.118272632454382e-7
562	3.105316983482098e-7
563	3.093014607946937e-7
564	3.0809922027648277e-7
565	3.0682700452042725e-7
566	3.055521727484521e-7
567	3.0429923189729483e-7
568	3.030526811292922e-7
569	3.0186226086833294e-7
570	3.0064385133913163e-7
571	2.9946907268304614e-7
572	2.982954875970782e-7
573	2.970515321750919e-7
574	2.9588198421802133e-7
575	2.947269846598266e-7
576	2.93475886906421e-7
577	2.9237118884064726e-7
578	2.912533922029186e-7
579	2.900303832864253e-7
580	2.8920037694919794e-7
581	2.880696343731514e-7
582	2.869506269256199e-7
583	2.8585849565828906e-7
584	2.8473009540595966e-7
585	2.8368687538552637e-7
586	2.825840556952329e-7
587	2.81544784932451e-7
588	2.8046160161513073e-7
589	2.791867445724079e-7
590	2.781621512749681e-7
591	2.771446602200827e-7
592	2.7608492040512456e-7
593	2.7513439056720814e-7
594	2.7413493405766694e-7
595	2.730807050994625e-7
596	2.721415564772341e-7
597	2.7116978984985064e-7
598	2.7014565641129504e-7
599	2.6914293518326986e-7
600	2.6823108977720376e-7
601	2.6720129982606884e-7
602	2.6624659776679493e-7
603	2.6526145440399095e-7
604	2.6439136782682225e-7
605	2.633761834474284e-7
606	2.62453337464059e-7
607	2.615006938985234e-7
608	2.605635787644785e-7
609	2.596308128585975e-7
610	2.5869134701839804e-7
611	2.5776503383169307e-7
612	2.568191081782397e-7
613	2.5582861648628055e-7
614	2.5491812599823493e-7
615	2.5390782035004347e-7
616	2.5285766869930846e-7
617	2.521219676313651e-7
618	2.513938793686557e-7
619	2.505519193166304e-7
620	2.498540417979541e-7
621	2.490437606098753e-7
622	2.4823569330034385e-7
623	2.4742434704767643e-7
624	2.4661606110294497e-7
625	2.4580545272164753e-7
626	2.4501995927375916e-7
627	2.4417292994986384e-7
628	2.4337082528646714e-7
629	2.4257926173646774e-7
630	2.4183858460268215e-7
631	2.409314156321217e-7
632	2.403757775612558e-7
633	2.396290430091263e-7
634	2.3886521392182095e-7
635	2.3806421940524722e-7
636	2.3744244130120627e-7
637	2.3662681357951459e-7
638	2.3573961682425017e-7
639	2.3501766253536584e-7
640	2.343017644485126e-7
641	2.335818379563188e-7
642	2.3284297825392276e-7
643	2.321760721223381e-7
644	2.3163072383840022e-7
645	2.3072879295164894e-7
646	2.300544315397727e-7
647	2.2935816147305002e-7
648	2.2862624974615254e-7
649	2.2798404566743535e-7
650	2.272809196460773e-7
651	2.265522674941601e-7
652	2.2591372137030162e-7
653	2.2523455135084068e-7
654	2.2454816642904442e-7
655	2.2388532398496377e-7
656	2.2317518494508005e-7
657	2.2261178041526135e-7
658	2.219323978784774e-7
659	2.2120631861356586e-7
660	2.2059002847405391e-7
661	2.1995439433870533e-7
662	2.1928848988010098e-7
663	2.1867588718813267e-7
664	2.1799382321954263e-7
665	2.1734826890258758e-7
666	2.1674701674648972e-7
667	2.1610809247080448e-7
668	2.1545450005402075e-7
669	2.148395194329652e-7
670	2.1423853615999913e-7
671	2.136159562313079e-7
672	2.1296636043920303e-7
673	2.123831815917747e-7
674	2.1180013312268974e-7
675	2.111702288010718e-7
676	2.105964224055435e-7
677	2.099561373679104e-7
678	2.093606612003123e-7
679	2.0878356222669548e-7
680	2.0820627609830625e-7
681	2.0759827808653718e-7
682	2.0700771015557354e-7
683	2.064276863980627e-7
684	2.058800621786846e-7
685	2.052452943687033e-7
686	2.0475304308598256e-7
687	2.041193575342736e-7
688	2.0329515375921217e-7
689	2.028754642398887e-7
690	2.0228305874064684e-7
691	2.016756077489957e-7
692	2.0125725155698885e-7
693	2.0071547371230542e-7
694	2.0023014277812573e-7
695	1.9973246024444434e-7
696	1.9921714349326296e-7
697	1.9871320739944726e-7
698	1.9804267271911781e-7
699	1.9752156642923278e-7
700	1.9702959009361141e-7
701	1.9645038209396488e-7
702	1.959307698607881e-7
703	1.9537926595310477e-7
704	1.9480429852250156e-7
705	1.9420583273126529e-7
706	1.938285265472426e-7
707	1.9340179513411229e-7
708	1.929517925156787e-7
709	1.9248555339643703e-7
710	1.9203236164790484e-7
711	1.9156592973800069e-7
712	1.9110902981186122e-7
713	1.906534305420116e-7
714	1.901851695299288e-7
715	1.8971361925459623e-7
716	1.8926318321587198e-7
717	1.8880007310922288e-7
718	1.8830198753676424e-7
719	1.8788329183693672e-7
720	1.8742402561262307e-7
721	1.869668461772555e-7
722	1.8651984344448307e-7
723	1.8606738432583114e-7
724	1.8561104683639905e-7
725	1.8516619123500618e-7
726	1.8472599659423892e-7
727	1.842855184224695e-7
728	1.8382508516501233e-7
729	1.8338967573616985e-7
730	1.829473958504674e-7
731	1.8252212064113907e-7
732	1.8208978813855655e-7
733	1.816430463433455e-7
734	1.8121671359642466e-7
735	1.8078931166574268e-7
736	1.8036861319995824e-7
737	1.799467681643195e-7
738	1.7950175850890093e-7
739	1.7908451305384655e-7
740	1.7866711263727845e-7
741	1.7825477465852482e-7
742	1.7784411293132003e-7
743	1.7740814454980926e-7
744	1.7700109995489854e-7
745	1.76591315470933e-7
746	1.7618879209365612e-7
747	1.757857435646077e-7
748	1.7535869448628924e-7
749	1.7496091912378883e-7
750	1.745574668740707e-7
751	1.741633228874836e-7
752	1.737650752674924e-7
753	1.7343266017067134e-7
754	1.7304529536419424e-7
755	1.7265633349454794e-7
756	1.7226439007013308e-7
757	1.718791564526099e-7
758	1.714953671997024e-7
759	1.7111724049516136e-7
760	1.7072847605040153e-7
761	1.7035568645018906e-7
762	1.6997930290288614e-7
763	1.6959354176657446e-7
764	1.6921877822846714e-7
765	1.6884846274956657e-7
766	1.6848278227137325e-7
767	1.6809939648810023e-7
768	1.6773237645728722e-7
769	1.6737133430432522e-7
770	1.6701076074172498e-7
771	1.6665134021515946e-7
772	1.662156178856612e-7
773	1.6584648348436003e-7
774	1.654956551658918e-7
775	1.6515061593458145e-7
776	1.6479884466980084e-7
777	1.644581771054255e-7
778	1.6411338144930536e-7
779	1.637487800397766e-7
780	1.6340298152481103e-7
781	1.63065029258482e-7
782	1.627240823735421e-7
783	1.6238812815246172e-7
784	1.620473513087341e-7
785	1.616934059074739e-7
786	1.613564005106612e-7
787	1.6102022383853767e-7
788	1.6069092987073364e-7
789	1.6035709550037461e-7
790	1.6003149685084347e-7
791	1.5967902803790627e-7
792	1.593517123591926e-7
793	1.5902656297237316e-7
794	1.587023271833733e-7
795	1.583788340204301e-7
796	1.5804149631235963e-7
797	1.5772157481322053e-7
798	1.5739467401394316e-7
799	1.5706731328926412e-7
800	1.5673849278158893e-7
801	1.5642305895670412e-7
802	1.5610050405716094e-7
803	1.5578279948528166e-7
804	1.5545858063004468e-7
805	1.551412211342294e-7
806	1.5482400594402206e-7
807	1.5450622615792635e-7
808	1.5417505107442382e-7
809	1.5384416595529416e-7
810	1.5351499725398542e-7
811	1.5316417236999264e-7
812	1.528626290024428e-7
813	1.5261010719667918e-7
814	1.5233160697366031e-7
815	1.5204993429305488e-7
816	1.517772629396023e-7
817	1.5149733553895218e-7
818	1.5121733156205303e-7
819	1.5093157382461662e-7
820	1.5063884490253708e-7
821	1.503515050027138e-7
822	1.5005319594711875e-7
823	1.497752389356921e-7
824	1.4950353233298105e-7
825	1.492145162705821e-7
826	1.4892842909351023e-7
827	1.4863456346262794e-7
828	1.4835621579828537e-7
829	1.4807924805689045e-7
830	1.4778285364913205e-7
831	1.4743159669338579e-7
832	1.472503689561195e-7
833	1.4696844218424373e-7
834	1.466942289199288e-7
835	1.4640283150487805e-7
836	1.4615275504388966e-7
837	1.4585992481788654e-7
838	1.4562290651130787e-7
839	1.453591373336872e-7
840	1.4505094985167166e-7
841	1.4483533532598615e-7
842	1.4453071530123304e-7
843	1.442841424942868e-7
844	1.4402278606232334e-7
845	1.4384476856223914e-7
846	1.4344752803555517e-7
847	1.4325384016912945e-7
848	1.4295093519030093e-7
849	1.4272946136754738e-7
850	1.424825865214796e-7
851	1.4220331191459508e-7
852	1.419521198271621e-7
853	1.4167227424838216e-7
854	1.4143906970282597e-7
855	1.4124841379240426e-7
856	1.4096195196092415e-7
857	1.4067886205674e-7
858	1.4050463453906037e-7
859	1.4022391978930532e-7
860	1.4005547323870742e-7
861	1.39710919499558e-7
862	1.3943759654750854e-7
863	1.3919356509648677e-7
864	1.389430587278685e-7
865	1.3864706855382587e-7
866	1.384190934160862e-7
867	1.3821049861531287e-7
868	1.3790330843121584e-7
869	1.3743526055160914e-7
870	1.3734020865820495e-7
871	1.3721881762093678e-7
872	1.3696736690158212e-7
873	1.3680971766708964e-7
874	1.365446608572165e-7
875	1.3623339125907653e-7
876	1.3597079182132968e-7
877	1.3637118239133634e-7
878	1.3556872089684185e-7
879	1.3542795315695534e-7
880	1.3507190301961045e-7
881	1.3456138395463824e-7
882	1.3478289560097616e-7
883	1.3445043100913405e-7
884	1.338528731688124e-7
885	1.3416109315944088e-7
886	1.3370088710993413e-7
887	1.333786156498331e-7
888	1.3299888536356369e-7
889	1.3323242336263244e-7
890	1.3240054895669973e-7
891	1.3250386620402387e-7
892	1.322555188629282e-7
893	1.3214757054410395e-7
894	1.3173684527834538e-7
895	1.316314729803779e-7
896	1.3123896391186638e-7
897	1.3133834268350734e-7
898	1.3104962683182232e-7
899	1.3080284967334608e-7
900	1.3031073027270735e-7
901	1.3025430586833958e-7
902	1.2980610796556553e-7
903	1.299678404847961e-7
904	1.300702512775956e-7
905	1.2971434606518348e-7
906	1.2895352072700362e-7
907	1.2922410268196798e-7
908	1.2873612695935534e-7
909	1.287827607348845e-7
910	1.2804514115130517e-7
911	1.278639779317521e-7
912	1.2766420456498558e-7
913	1.2759279392291102e-7
914	1.2747886224279241e-7
915	1.2655469525491583e-7
916	1.2758037049244254e-7
917	1.2789184168873334e-7
918	1.2652461540984942e-7
919	1.2558977031307186e-7
920	1.2621043934105114e-7
921	1.2652139377704637e-7
922	1.2615311159518417e-7
923	1.255401749732805e-7
924	1.2575218921989237e-7
925	1.2579489186153124e-7
926	1.2599555411532153e-7
927	1.2529870180254425e-7
928	1.2470608310976995e-7
929	1.2458067502702586e-7
930	1.2471568851600508e-7
931	1.242343225371912e-7
932	1.2369737685868686e-7
933	1.2411027385240417e-7
934	1.224796192785295e-7
935	1.2307735556658563e-7
936	1.2211825460707873e-7
937	1.2294228190929985e-7
938	1.2282364964782113e-7
939	1.2312351882350405e-7
940	1.2251699649484392e-7
941	1.2290455244685622e-7
942	1.213470808458732e-7
943	1.2183785626498961e-7
944	1.2145502074700314e-7
945	1.20917672205377e-7
946	1.2068279002476725e-7
947	1.210359150791039e-7
948	1.2072860472972528e-7
949	1.2061571741682463e-7
950	1.2035325043139113e-7
951	1.209782820269909e-7
952	1.202131921306038e-7
953	1.204467526020565e-7
954	1.2032492553047024e-7
955	1.195304966705641e-7
956	1.2020987132279634e-7
957	1.2221553781934847e-7
958	1.2098143628111492e-7
959	1.1987987810849168e-7
960	1.1760210719158689e-7
961	1.1816130678805475e-7
962	1.1792893195584849e-7
963	1.178339176917269e-7
964	1.1813193984402738e-7
965	1.1790633025978366e-7
966	1.1736892760308015e-7
967	1.1692682007625439e-7
968	1.1691915692626502e-7
969	1.1624601519053708e-7
970	1.1634911549191027e-7
971	1.1680048697386565e-7
972	1.1655439651692886e-7
973	1.1693130798576002e-7
974	1.155557308079427e-7
975	1.1436192312968555e-7
976	1.1556181290493734e-7
977	1.1543939796015232e-7
978	1.1557270080769974e-7
979	1.147967780536059e-7
980	1.1491085362419021e-7
981	1.1452279070203281e-7
982	1.1448215414743769e-7
983	1.1403434005095187e-7
984	1.1421075029121367e-7
985	1.1361803646778556e-7
986	1.1495150602180206e-7
987	1.1533815102378148e-7
988	1.1378529760211501e-7
989	1.161209610731139e-7
990	1.1340983846546873e-7
991	1.1246184238558648e-7
992	1.125765958886881e-7
993	1.1340145534514517e-7
994	1.1278469671068246e-7
995	1.11506394296961e-7
996	1.1191117305703693e-7
997	1.1244352191560883e-7
998	1.1153575599386511e-7
999	1.1196637746198629e-7
1000	1.1131906307353807e-7
1001	1.116532759204829e-7
1002	1.1132848326542889e-7
1003	1.1110431295549306e-7
1004	1.1072519659227438e-7
1005	1.1034118253392483e-7
1006	1.1036521054115024e-7
1007	1.1068621203962647e-7
1008	1.1056021315706083e-7
1009	1.1024556092976523e-7
1010	1.0941707639727706e-7
1011	1.0901721399924493e-7
1012	1.0986873693729954e-7
1013	1.0859397263859871e-7
1014	1.0871921418121124e-7
1015	1.0992057103794669e-7
1016	1.0974016895367939e-7
1017	1.0890600740727215e-7
1018	1.0875665775176493e-7
1019	1.0771004270092247e-7
1020	1.086170553357478e-7
1021	1.0851770523121071e-7
1022	1.0894096229648548e-7
1023	1.0665758097422642e-7
1024	1.0803027419671865e-7
1025	1.0849201062109582e-7
1026	1.0921306396916635e-7
1027	1.0703867963243375e-7
1028	1.0680082275594381e-7
1029	1.0681090022078277e-7
1030	1.0683668773808674e-7
1031	1.0539172079292261e-7
1032	1.0588581079023723e-7
1033	1.0654793602063057e-7
1034	1.064690045151881e-7
1035	1.0384974654364505e-7
1036	1.0573506379603784e-7
1037	1.0577573394540467e-7
1038	1.0601713958362455e-7
1039	1.0565956090544628e-7
1040	1.0541622699917568e-7
1041	1.0521734728828373e-7
1042	1.053046607995507e-7
1043	1.0474177063211702e-7
1044	1.0466137713670247e-7
1045	1.0505363815080595e-7
1046	1.0453381104872575e-7
1047	1.0395690566223848e-7
1048	1.0333353911215355e-7
1049	1.0409535844935551e-7
1050	1.0336644505506872e-7
1051	1.0338167590816816e-7
1052	1.0294402498117167e-7
1053	1.0323231098098744e-7
1054	1.0329243447296515e-7
1055	1.0326226843489678e-7
1056	1.0369349912769626e-7
1057	1.027799348514746e-7
1058	1.0256249591463337e-7
1059	1.0193593924948331e-7
1060	1.0235873602949888e-7
1061	1.017747780534026e-7
1062	1.0160088568168647e-7
1063	1.0203411673251716e-7
1064	1.0171999526957085e-7
1065	1.0146741650872063e-7
1066	1.0072678456279428e-7
1067	1.0174964309630841e-7
1068	1.018796647184052e-7
1069	1.0083067481897794e-7
1070	1.0181543379999437e-7
1071	9.895285194938748e-8
1072	1.0106837652436775e-7
1073	1.0115041909841798e-7
1074	1.0091593071102733e-7
1075	1.0101595245268132e-7
1076	1.0160110857729499e-7
1077	1.0005291905606453e-7
1078	9.87760920960805e-8
1079	9.939640947010998e-8
1080	9.89586294838806e-8
1081	9.902252774619285e-8
1082	9.856758780596933e-8
1083	9.842964172634193e-8
1084	9.878876395601405e-8
1085	9.865620925634676e-8
1086	9.85240374523551e-8
1087	9.930918623048965e-8
1088	9.91539728116031e-8
1089	9.83351230015583e-8
1090	9.747207919797509e-8
1091	9.726077647215924e-8
1092	9.718005147327185e-8
1093	9.740697580658913e-8
1094	9.7266952100533e-8
1095	9.630076889783015e-8
1096	9.719276807167173e-8
1097	9.741183715239133e-8
1098	9.658385094569242e-8
1099	9.698681223385317e-8
1100	9.685035908096445e-8
1101	9.66415867754413e-8
1102	9.720970286293206e-8
1103	9.609185810693391e-8
1104	9.587204772312633e-8
1105	9.601328609088043e-8
1106	9.535752850664825e-8
1107	9.626372434922635e-8
1108	9.57631714081263e-8
1109	9.576158234192339e-8
1110	9.568468335434954e-8
1111	9.467277235266958e-8
1112	9.471972358983497e-8
1113	9.392898205649757e-8
1114	9.397886288939971e-8
1115	9.410982934892075e-8
1116	9.495172476536862e-8
1117	9.38284778004562e-8
1118	9.328293818464277e-8
1119	9.374889421502834e-8
1120	9.392448861767339e-8
1121	9.363925792309402e-8
1122	9.381159127664308e-8
1123	9.303159086605284e-8
1124	9.295868172784869e-8
1125	9.358086985068673e-8
1126	9.347540763076695e-8
1127	9.382995399859181e-8
1128	9.26485817648571e-8
1129	9.22673105893994e-8
1130	9.267604872646848e-8
1131	9.24104411992077e-8
1132	9.204842992269103e-8
1133	9.278634604678224e-8
1134	9.32086758548188e-8
1135	9.303820989782035e-8
1136	9.215309034292194e-8
1137	9.172389229837208e-8
1138	9.200770326024126e-8
1139	9.136155020754737e-8
1140	9.155987330952636e-8
1141	9.164563886765966e-8
1142	9.104071120063321e-8
1143	9.065052217240132e-8
1144	9.113112946416743e-8
1145	9.148209353737387e-8
1146	9.063426968943517e-8
1147	9.120410043811049e-8
1148	9.021852559518001e-8
1149	9.010284388199113e-8
1150	9.113587449340383e-8
1151	8.950326224740963e-8
1152	8.929557570274018e-8
1153	8.992361070347807e-8
1154	8.963324348169693e-8
1155	8.882458503405494e-8
1156	8.941267337249863e-8
1157	8.891300832539884e-8
1158	8.905900380632762e-8
1159	8.94107495524204e-8
1160	8.911254117352754e-8
1161	8.802707536508279e-8
1162	8.89674054515256e-8
1163	8.918660761408612e-8
1164	8.844601010588475e-8
1165	8.827600655203118e-8
1166	8.810366530321429e-8
1167	8.877390725384849e-8
1168	8.805078139675366e-8
1169	8.771098728296371e-8
1170	8.793815736691787e-8
1171	8.729060037641855e-8
1172	8.761155049932403e-8
1173	8.693806051825298e-8
1174	8.72662969394925e-8
1175	8.716824990923416e-8
1176	8.645432999879218e-8
1177	8.683417810703356e-8
1178	8.694642731961185e-8
1179	8.622826736554796e-8
1180	8.690982359811882e-8
1181	8.739350995032316e-8
1182	8.695702472910158e-8
1183	8.640258434015609e-8
1184	8.643103652578502e-8
1185	8.605927693397089e-8
1186	8.5774233444586e-8
1187	8.591442987841032e-8
1188	8.592540434754099e-8
1189	8.527254143589094e-8
1190	8.515792664272934e-8
1191	8.546636448171205e-8
1192	8.529015092222329e-8
1193	8.561253874603473e-8
1194	8.525945746685077e-8
1195	8.51643795314176e-8
1196	8.477411519256106e-8
1197	8.463222391900442e-8
1198	8.42806232821285e-8
1199	8.385688660902163e-8
1200	8.38153023371868e-8
1201	8.428854194061997e-8
1202	8.358099794268143e-8
1203	8.400944415041994e-8
1204	8.409905385575214e-8
1205	8.381688870230517e-8
1206	8.341220222047546e-8
1207	8.37114575002713e-8
1208	8.341676448104662e-8
1209	8.344445510430196e-8
1210	8.302394542541405e-8
1211	8.323005562918902e-8
1212	8.287678585347436e-8
1213	8.278255304384702e-8
1214	8.237533669552757e-8
1215	8.241983420483316e-8
1216	8.217002522584361e-8
1217	8.22892949542805e-8
1218	8.261011932710939e-8
1219	8.219549765569186e-8
1220	8.220588035973963e-8
1221	8.139610399278127e-8
1222	8.188358710087255e-8
1223	8.206231184898598e-8
1224	8.155576178016271e-8
1225	8.192471182016936e-8
1226	8.136410971953e-8
1227	8.120875916660281e-8
1228	8.126191925758508e-8
1229	8.096431191622942e-8
1230	8.092750349348202e-8
1231	8.13329694290058e-8
1232	8.07712528666256e-8
1233	8.076409714091717e-8
1234	8.09097176163425e-8
1235	8.083480237585416e-8
1236	8.029063863933055e-8
1237	8.018692297449343e-8
1238	8.011127213886592e-8
1239	7.992349938998175e-8
1240	7.992687105516303e-8
1241	7.99382310382945e-8
1242	7.948980685978413e-8
1243	7.952933775931027e-8
1244	7.950623439569047e-8
1245	7.914898305234005e-8
1246	7.93411052514391e-8
1247	7.901639809252294e-8
1248	7.902282218959636e-8
1249	7.90922646309949e-8
1250	7.894924407885633e-8
1251	7.890467432767263e-8
1252	7.871740181453425e-8
1253	7.868011176397517e-8
1254	7.865350813444818e-8
1255	7.842595532462199e-8
1256	7.808690965853564e-8
1257	7.806970966738888e-8
1258	7.813235779166377e-8
1259	7.791070888872684e-8
1260	7.771832566998502e-8
1261	7.770036916636003e-8
1262	7.775203047798172e-8
1263	7.756422315606912e-8
1264	7.756967052353095e-8
1265	7.776482311918852e-8
1266	7.71587539604396e-8
1267	7.712082717140391e-8
1268	7.74588858467312e-8
1269	7.741004174306098e-8
1270	7.761494856636362e-8
1271	7.688128625167402e-8
1272	7.66487661176971e-8
1273	7.626792010520632e-8
1274	7.647299897247181e-8
1275	7.650685652651805e-8
1276	7.624474428617335e-8
1277	7.587262535734563e-8
1278	7.602616508913157e-8
1279	7.655970455513752e-8
1280	7.603638241756915e-8
1281	7.610802004670611e-8
1282	7.576856611858491e-8
1283	7.589493435158833e-8
1284	7.546562736225372e-8
1285	7.506234863203071e-8
1286	7.520505434234447e-8
1287	7.497478589686786e-8
1288	7.435591298224675e-8
1289	7.52245819522767e-8
1290	7.504983857647024e-8
1291	7.464126993482191e-8
1292	7.499710385888198e-8
1293	7.457366893596625e-8
1294	7.417428316461154e-8
1295	7.44094820814293e-8
1296	7.414598982835699e-8
1297	7.400192110967497e-8
1298	7.412057782846255e-8
1299	7.390526303391036e-8
1300	7.397932197705709e-8
1301	7.40060991983467e-8
1302	7.38347985944134e-8
1303	7.378174863769898e-8
1304	7.358189216988156e-8
1305	7.33552864586263e-8
1306	7.316356547028447e-8
1307	7.312350867901287e-8
1308	7.317177679868147e-8
1309	7.276817557997212e-8
1310	7.280590178559193e-8
1311	7.275844157202131e-8
1312	7.27745349191751e-8
1313	7.268164875126114e-8
1314	7.251664745272403e-8
1315	7.229487653526439e-8
1316	7.221796089986561e-8
1317	7.207411361979475e-8
1318	7.202307512404185e-8
1319	7.197439383923425e-8
1320	7.199857043882524e-8
1321	7.183354260501213e-8
1322	7.174041493747137e-8
1323	7.160015877785563e-8
1324	7.154110116017707e-8
1325	7.146151492879579e-8
1326	7.141314686540953e-8
1327	7.130197128642543e-8
1328	7.143973087748015e-8
1329	7.120659620528671e-8
1330	7.105941858072719e-8
1331	7.08735359733357e-8
1332	7.075568711637808e-8
1333	7.066144063945287e-8
1334	7.057698081238854e-8
1335	7.028986396821642e-8
1336	7.046082364622453e-8
1337	7.042327117484973e-8
1338	7.023725698679619e-8
1339	7.023130193856246e-8
1340	6.976891050012871e-8
1341	6.998304540881537e-8
1342	7.000370919105657e-8
1343	6.977949078536156e-8
1344	6.97180540426872e-8
1345	6.981455398914227e-8
1346	6.969136244671415e-8
1347	6.959426603640996e-8
1348	6.940209370167773e-8
1349	6.940246048063536e-8
1350	6.930917700753228e-8
1351	6.929304337276863e-8
1352	6.92817426774107e-8
1353	6.889608568171049e-8
1354	6.883106483698746e-8
1355	6.877215646249632e-8
1356	6.870747077425318e-8
1357	6.855829931545383e-8
1358	6.873324940123171e-8
1359	6.830661298471596e-8
1360	6.856202795298811e-8
1361	6.805872920468468e-8
1362	6.803426967681685e-8
1363	6.806467499420561e-8
1364	6.80357355258713e-8
1365	6.792527711888528e-8
1366	6.781030036510359e-8
1367	6.766072513122409e-8
1368	6.747736238092025e-8
1369	6.741528951491433e-8
1370	6.737309378146606e-8
1371	6.740385090426877e-8
1372	6.734328872204358e-8
1373	6.727967803489551e-8
1374	6.708850575950325e-8
1375	6.729233353380384e-8
1376	6.674553359779695e-8
1377	6.673273257329687e-8
1378	6.667389527025836e-8
1379	6.69886187477868e-8
1380	6.681629290911355e-8
1381	6.643192560201848e-8
1382	6.620788633658398e-8
1383	6.637357305980738e-8
1384	6.622809475348243e-8
1385	6.614477270202257e-8
1386	6.598263423387742e-8
1387	6.603388716668128e-8
1388	6.596274315318224e-8
1389	6.559319589467011e-8
1390	6.573369662027241e-8
1391	6.55991420828535e-8
1392	6.556939350174474e-8
1393	6.541701036416459e-8
1394	6.520060301522541e-8
1395	6.522660151820543e-8
1396	6.514057485285399e-8
1397	6.502483737724705e-8
1398	6.487877040983319e-8
1399	6.489462403940159e-8
1400	6.486942548088319e-8
1401	6.477815861394457e-8
1402	6.448514833615918e-8
1403	6.459204349983054e-8
1404	6.44940999094513e-8
1405	6.440017309909546e-8
1406	6.434497776678901e-8
1407	6.44489509263768e-8
1408	6.423249133364868e-8
1409	6.410483995655696e-8
1410	6.390884455899469e-8
1411	6.388495594015482e-8
1412	6.383603950026062e-8
1413	6.369437801053391e-8
1414	6.370724945596851e-8
1415	6.357602249079377e-8
1416	6.36064153051167e-8
1417	6.356570750812465e-8
1418	6.358429545098162e-8
1419	6.332101946701869e-8
1420	6.322993107883331e-8
1421	6.304858187461305e-8
1422	6.306910855688454e-8
1423	6.294966733498932e-8
1424	6.291485511655852e-8
1425	6.283092523972338e-8
1426	6.251403980379293e-8
1427	6.257524968616724e-8
1428	6.246579363949156e-8
1429	6.229295514316484e-8
1430	6.233072332983462e-8
1431	6.216758626960059e-8
1432	6.217800440566915e-8
1433	6.213948841292746e-8
1434	6.20946805076758e-8
1435	6.197808274886614e-8
1436	6.195722734074299e-8
1437	6.18475026492847e-8
1438	6.186481866696863e-8
1439	6.16224149227119e-8
1440	6.158619376090237e-8
1441	6.15888549841278e-8
1442	6.147980010161621e-8
1443	6.13873676487902e-8
1444	6.124616072798426e-8
1445	6.117646900981961e-8
1446	6.102378637149775e-8
1447	6.105993159779986e-8
1448	6.103601115448737e-8
1449	6.10064085882253e-8
1450	6.088269937664487e-8
1451	6.082363083112253e-8
1452	6.058391441377673e-8
1453	6.064226632389385e-8
1454	6.057211748027979e-8
1455	6.048832809911349e-8
1456	6.03661833987578e-8
1457	6.032905338987336e-8
1458	6.020731798379517e-8
1459	6.007046546504387e-8
1460	5.995587241279066e-8
1461	5.991554376887104e-8
1462	5.98458819057729e-8
1463	5.979550673699657e-8
1464	5.964534232067264e-8
1465	5.963999190834327e-8
1466	5.9514939689535606e-8
1467	5.949240963148969e-8
1468	5.960171489913684e-8
1469	5.9532139451905214e-8
1470	5.929311914314959e-8
1471	5.922104212002007e-8
1472	5.91430344779167e-8
1473	5.907431376079299e-8
1474	5.902294975821752e-8
1475	5.892728871860034e-8
1476	5.884101959667693e-8
1477	5.8785170447920255e-8
1478	5.874189035539935e-8
1479	5.859030582871972e-8
1480	5.857549325796415e-8
1481	5.845302200191533e-8
1482	5.838969305288087e-8
1483	5.828675005244859e-8
1484	5.82251114237709e-8
1485	5.8161884496841745e-8
1486	5.815545072177391e-8
1487	5.803251383807725e-8
1488	5.799060450616549e-8
1489	5.784261385611499e-8
1490	5.775425723353266e-8
1491	5.772343547166647e-8
1492	5.7640559042679914e-8
1493	5.756307901710713e-8
1494	5.7553614393075085e-8
1495	5.751185461961869e-8
1496	5.740016249194855e-8
1497	5.738931298074619e-8
1498	5.728125074027261e-8
1499	5.714087447944822e-8
1500	5.714824282458224e-8
1501	5.697613153840662e-8
1502	5.7006688233098314e-8
1503	5.690979514005892e-8
1504	5.685662290075707e-8
1505	5.6828480874835565e-8
1506	5.671293576286123e-8
1507	5.6621047137719523e-8
1508	5.6551277270537136e-8
1509	5.6458424622272746e-8
1510	5.6479453760998925e-8
1511	5.644033516840322e-8
1512	5.6251256304646e-8
1513	5.61796064832147e-8
1514	5.607938823035682e-8
1515	5.592642487918353e-8
1516	5.589054748612075e-8
1517	5.587493021463054e-8
1518	5.579459394008095e-8
1519	5.5752620722953474e-8
1520	5.568902141735269e-8
1521	5.557693915535841e-8
1522	5.553033430782812e-8
1523	5.549554571867248e-8
1524	5.542426312590455e-8
1525	5.5360207504586206e-8
1526	5.527300555995379e-8
1527	5.519629486032985e-8
1528	5.5138588983500175e-8
1529	5.5014252157929134e-8
1530	5.4956506709996193e-8
1531	5.4912920585323726e-8
1532	5.4832428406969164e-8
1533	5.475616432732649e-8
1534	5.474342065600734e-8
1535	5.461837486427085e-8
1536	5.4559734758600644e-8
1537	5.4479509828497445e-8
1538	5.44325678442828e-8
1539	5.4389233862115656e-8
1540	5.4331514183505026e-8
1541	5.425123458113641e-8
1542	5.416386036472655e-8
1543	5.412136114288813e-8
1544	5.4044080839198035e-8
1545	5.400224154912895e-8
1546	5.39202973902643e-8
1547	5.384590008223692e-8
1548	5.3761486924253186e-8
1549	5.368811617392481e-8
1550	5.3655762703719967e-8
1551	5.357470501866942e-8
1552	5.351439494279508e-8
1553	5.341712094538905e-8
1554	5.3338362963361005e-8
1555	5.322384068721166e-8
1556	5.323424591544519e-8
1557	5.317247997248852e-8
1558	5.310221144307632e-8
1559	5.302178161124779e-8
1560	5.2933198279664046e-8
1561	5.2867193514412524e-8
1562	5.283433594758858e-8
1563	5.276770855748063e-8
1564	5.27214421998484e-8
1565	5.2625542988589964e-8
1566	5.256261509754984e-8
1567	5.251228920195561e-8
1568	5.2444492074901933e-8
1569	5.23538688598758e-8
1570	5.231088057072947e-8
1571	5.226464165298085e-8
1572	5.21858503489676e-8
1573	5.2127334466055303e-8
1574	5.2058170549057626e-8
1575	5.199382978954347e-8
1576	5.192792946288163e-8
1577	5.1850541107143283e-8
1578	5.178665383888827e-8
1579	5.17262808894182e-8
1580	5.168010908431268e-8
1581	5.161191829627639e-8
1582	5.1568967874354607e-8
1583	5.148835877763333e-8
1584	5.135293811610685e-8
1585	5.129806979537591e-8
1586	5.1258824781411246e-8
1587	5.118705233311549e-8
1588	5.1128235719956285e-8
1589	5.111113064993742e-8
1590	5.0994323595367534e-8
1591	5.0970038664126424e-8
1592	5.091259675763238e-8
1593	5.083115675207178e-8
1594	5.0776690464920806e-8
1595	5.071736230892593e-8
1596	5.064638034443985e-8
1597	5.062293272216726e-8
1598	5.0553874181258066e-8
1599	5.047736591897674e-8
1600	5.041802570562604e-8
1601	5.034782691553894e-8
1602	5.0295687673192536e-8
1603	5.02412546642443e-8
1604	5.0159590710440496e-8
1605	5.011256254179241e-8
1606	5.0048417013827624e-8
1607	4.99881153627508e-8
1608	4.990965326610283e-8
1609	4.986100701478598e-8
1610	4.9798998583986396e-8
1611	4.97309254424179e-8
1612	4.966845901591318e-8
1613	4.960888508607927e-8
1614	4.954982143451583e-8
1615	4.949185296546167e-8
1616	4.943130194241587e-8
1617	4.9375861427443534e-8
1618	4.931220066839245e-8
1619	4.924248906074446e-8
1620	4.9188625462228805e-8
1621	4.9135999928597496e-8
1622	4.9072111413326896e-8
1623	4.9014023154123655e-8
1624	4.895338156522703e-8
1625	4.88901977460225e-8
1626	4.8844078851119764e-8
1627	4.8785816358202437e-8
1628	4.871714947539611e-8
1629	4.866100675808557e-8
1630	4.859743024327947e-8
1631	4.854317740555232e-8
1632	4.8479428712777846e-8
1633	4.842881435893455e-8
1634	4.836767501094275e-8
1635	4.830790316157053e-8
1636	4.825583228982501e-8
1637	4.8193022923310164e-8
1638	4.8138002794640463e-8
1639	4.806848083462228e-8
1640	4.801276695667281e-8
1641	4.795067593853191e-8
1642	4.7897906039348485e-8
1643	4.7842401792008295e-8
1644	4.7777724302845365e-8
1645	4.771784112856705e-8
1646	4.765974073675647e-8
1647	4.7601747134161165e-8
1648	4.7540664022293875e-8
1649	4.7494387423773114e-8
1650	4.7439311405577595e-8
1651	4.737233819201258e-8
1652	4.7315826489689284e-8
1653	4.726140466964435e-8
1654	4.7198977859498156e-8
1655	4.7142868689622884e-8
1656	4.708679645505373e-8
1657	4.702909261248155e-8
1658	4.6974076419197484e-8
1659	4.6919742841623924e-8
1660	4.686379131748846e-8
1661	4.681210472334381e-8
1662	4.674876055070176e-8
1663	4.6696415497022165e-8
1664	4.66386329998998e-8
1665	4.658048080043874e-8
1666	4.652082335968889e-8
1667	4.646450239700057e-8
1668	4.64130593707943e-8
1669	4.6360429859305813e-8
1670	4.6304144139203706e-8
1671	4.6248858879512585e-8
1672	4.6189551060733994e-8
1673	4.613032372748898e-8
1674	4.607847097882002e-8
1675	4.6020334483455336e-8
1676	4.596647222280995e-8
1677	4.590606825707921e-8
1678	4.585174796404702e-8
1679	4.5797624417984584e-8
1680	4.574079550007442e-8
1681	4.5686756413980635e-8
1682	4.563140357285301e-8
1683	4.557726249202195e-8
1684	4.552451744832735e-8
1685	4.546957481630003e-8
1686	4.5417211418228235e-8
1687	4.536311083217477e-8
1688	4.5308047033293956e-8
1689	4.525424337434809e-8
1690	4.520078834355353e-8
1691	4.5142124102579966e-8
1692	4.509005437012883e-8
1693	4.5036435779438226e-8
1694	4.498223499752807e-8
1695	4.4929808762788444e-8
1696	4.4875901684617294e-8
1697	4.482361090019548e-8
1698	4.4768613308509054e-8
1699	4.471605988888951e-8
1700	4.466299741690884e-8
1701	4.461004623650244e-8
1702	4.4556588429780945e-8
1703	4.450366029610057e-8
1704	4.445144117628463e-8
1705	4.439864787698681e-8
1706	4.434534987556893e-8
1707	4.42926062751242e-8
1708	4.423635173321743e-8
1709	4.4181366589115056e-8
1710	4.41284128066583e-8
1711	4.407599592219381e-8
1712	4.402389515104288e-8
1713	4.397169662670124e-8
1714	4.391957044651891e-8
1715	4.3867449093550216e-8
1716	4.3815363689998954e-8
1717	4.376338782182893e-8
1718	4.371146170415122e-8
1719	4.3659801464624215e-8
1720	4.3608079497191265e-8
1721	4.355649339408644e-8
1722	4.350477703454847e-8
1723	4.34535705114149e-8
1724	4.340191453334493e-8
1725	4.335109299862065e-8
1726	4.329948664293127e-8
1727	4.324853779243099e-8
1728	4.3197397995052514e-8
1729	4.3146499473056756e-8
1730	4.309548546532424e-8
1731	4.3043726313370146e-8
1732	4.2992339974241054e-8
1733	4.294293544447956e-8
1734	4.2892487372133706e-8
1735	4.2841347871810396e-8
1736	4.279068148254331e-8
1737	4.27386233230979e-8
1738	4.2686573351458074e-8
1739	4.2633980561710074e-8
1740	4.2583357851090403e-8
1741	4.253273388059997e-8
1742	4.248506550412349e-8
1743	4.243558751011353e-8
1744	4.2385442290398186e-8
1745	4.233566042054518e-8
1746	4.228692797161182e-8
1747	4.2236997317545285e-8
1748	4.2188040216171497e-8
1749	4.2137742448789945e-8
1750	4.2086221548515877e-8
1751	4.2038554226420265e-8
1752	4.198928372611594e-8
1753	4.193804511971504e-8
1754	4.189014899860345e-8
1755	4.184144003028125e-8
1756	4.1791391167995726e-8
1757	4.174196658616244e-8
1758	4.169438605055118e-8
1759	4.1642987877245015e-8
1760	4.159600553670104e-8
1761	4.1545905514351076e-8
1762	4.14974176082875e-8
1763	4.1449155317882375e-8
1764	4.1401673103326274e-8
1765	4.1353722572306134e-8
1766	4.130303014772333e-8
1767	4.1254090494729117e-8
1768	4.120775591529869e-8
1769	4.115889958473467e-8
1770	4.111070468820136e-8
1771	4.106230118271028e-8
1772	4.101387239067674e-8
1773	4.0966364324729795e-8
1774	4.091778940211778e-8
1775	4.08694157464222e-8
1776	4.0825342108734446e-8
1777	4.077609163874655e-8
1778	4.072818224662133e-8
1779	4.0681384736929506e-8
1780	4.063317165040093e-8
1781	4.058686551844575e-8
1782	4.0539265531994446e-8
1783	4.049048259695635e-8
1784	4.044142061851664e-8
1785	4.039502298479868e-8
1786	4.034740888862535e-8
1787	4.030076241174733e-8
1788	4.025379409893889e-8
1789	4.0206946088321164e-8
1790	4.015964837450828e-8
1791	4.0111543442663116e-8
1792	4.006601231764181e-8
1793	4.001780724278553e-8
1794	3.996863225669379e-8
1795	3.9928283860575184e-8
1796	3.9883211694462585e-8
1797	3.983515662123666e-8
1798	3.978887266933069e-8
1799	3.9742882597507876e-8
1800	3.9693808155789486e-8
1801	3.964545646150792e-8
1802	3.960042389196899e-8
1803	3.955867747830448e-8
1804	3.951368831910115e-8
1805	3.946592516455797e-8
1806	3.9417460302437735e-8
1807	3.9372077062790074e-8
1808	3.9329633693159335e-8
1809	3.927978050896712e-8
1810	3.923455020345807e-8
1811	3.919069939387268e-8
1812	3.914497899375722e-8
1813	3.909840987191372e-8
1814	3.905654437285034e-8
1815	3.900984304151132e-8
1816	3.8965250124913403e-8
1817	3.8918596226861075e-8
1818	3.8874347997228964e-8
1819	3.882841391119647e-8
1820	3.8782420038311126e-8
1821	3.87407643553578e-8
1822	3.8698560069983636e-8
1823	3.865270550180637e-8
1824	3.860627877930709e-8
1825	3.855974238711108e-8
1826	3.8517472139484765e-8
1827	3.847234791641664e-8
1828	3.84262732217054e-8
1829	3.838685836302824e-8
1830	3.8334498853747944e-8
1831	3.8299416313635586e-8
1832	3.825603106559314e-8
1833	3.821055073869803e-8
1834	3.816793835348876e-8
1835	3.812281904374626e-8
1836	3.807573337305685e-8
1837	3.8032249888510406e-8
1838	3.7990543764714794e-8
1839	3.794535995888919e-8
1840	3.78979125378609e-8
1841	3.7855919179233894e-8
1842	3.78109157171459e-8
1843	3.7764316192183935e-8
1844	3.772075991104862e-8
1845	3.7684405486687954e-8
1846	3.7640012432396974e-8
1847	3.7593955755241775e-8
1848	3.754619710854517e-8
1849	3.7507755759121964e-8
1850	3.7462055336718085e-8
1851	3.742524826738598e-8
1852	3.7382211080627665e-8
1853	3.733840410085914e-8
1854	3.729925121910251e-8
1855	3.725643583420867e-8
1856	3.721457910623677e-8
1857	3.7171250644977396e-8
1858	3.712683746710358e-8
1859	3.7086845562185515e-8
1860	3.7043223474866064e-8
1861	3.700026491876016e-8
1862	3.695814208899734e-8
1863	3.691658954321429e-8
1864	3.687762404811211e-8
1865	3.6834956043665896e-8
1866	3.679350277802293e-8
1867	3.6752325676310325e-8
1868	3.6708861075860125e-8
1869	3.6668021551802285e-8
1870	3.6625438658771225e-8
1871	3.6581181527144896e-8
1872	3.6538652338155016e-8
1873	3.6500668599729744e-8
1874	3.6457398988486154e-8
1875	3.641796532282976e-8
1876	3.63740719128695e-8
1877	3.6336992160496386e-8
1878	3.629541607161776e-8
1879	3.625272820700692e-8
1880	3.621036789810565e-8
1881	3.616519853300511e-8
1882	3.6134047811097974e-8
1883	3.6088655644183286e-8
1884	3.6044364581668436e-8
1885	3.6002424490062787e-8
1886	3.5962320492132446e-8
1887	3.591668718581238e-8
1888	3.588059414412612e-8
1889	3.5844931287134516e-8
1890	3.5801681699886165e-8
1891	3.5759941461642063e-8
1892	3.572290156883308e-8
1893	3.5677562458631935e-8
1894	3.563925132078023e-8
1895	3.559453720931984e-8
1896	3.556028623845777e-8
1897	3.551880376208052e-8
1898	3.5476903416559725e-8
1899	3.544027949456981e-8
1900	3.54022632239772e-8
1901	3.536241006068146e-8
1902	3.5322294766042924e-8
1903	3.52823804327845e-8
1904	3.5240459964473894e-8
1905	3.520127798624809e-8
1906	3.516404879279078e-8
1907	3.512108395972024e-8
1908	3.507998101937312e-8
1909	3.504324076608797e-8
1910	3.500458825874712e-8
1911	3.496385005672862e-8
1912	3.492688622906534e-8
1913	3.4887662351826436e-8
1914	3.4846738747105734e-8
1915	3.48097148006115e-8
1916	3.476937397540535e-8
1917	3.473035512397257e-8
1918	3.4691821938861486e-8
1919	3.46528723317482e-8
1920	3.4614053555127694e-8
1921	3.457721015421308e-8
1922	3.453803687396454e-8
1923	3.449701706641392e-8
1924	3.4460097586823294e-8
1925	3.441824305505094e-8
1926	3.437760826310726e-8
1927	3.43396598441717e-8
1928	3.429983341761093e-8
1929	3.426055031025191e-8
1930	3.422327603638748e-8
1931	3.418304739787423e-8
1932	3.414421333816979e-8
1933	3.410352168773641e-8
1934	3.4068955167121885e-8
1935	3.40322377250327e-8
1936	3.3996840598459355e-8
1937	3.395843234011861e-8
1938	3.391962969110294e-8
1939	3.3883323408680996e-8
1940	3.3839287304312864e-8
1941	3.380618371776112e-8
1942	3.376746470296809e-8
1943	3.3729312935969055e-8
1944	3.3690369223465464e-8
1945	3.365961541181967e-8
1946	3.3619850203144485e-8
1947	3.358175544756512e-8
1948	3.354759786301647e-8
1949	3.350702118698549e-8
1950	3.347107439858233e-8
1951	3.3434018893909245e-8
1952	3.339563007869548e-8
1953	3.3362672440735456e-8
1954	3.332423184900182e-8
1955	3.3287907705462084e-8
1956	3.3249783100234216e-8
1957	3.3211787228649776e-8
1958	3.317416525145685e-8
1959	3.313568027501695e-8
1960	3.309865120587235e-8
1961	3.306459252009874e-8
1962	3.302774248536356e-8
1963	3.29905243345527e-8
1964	3.295528323698911e-8
1965	3.291595147253201e-8
1966	3.2881240294489e-8
1967	3.2844897757103404e-8
1968	3.280839270611804e-8
1969	3.2769049250158336e-8
1970	3.273035109292515e-8
1971	3.270188172768996e-8
1972	3.266601918225141e-8
1973	3.2632020577698775e-8
1974	3.25939386365759e-8
1975	3.2556486673542177e-8
1976	3.251764737922353e-8
1977	3.248193400203447e-8
1978	3.244607467364604e-8
1979	3.240977731497041e-8
1980	3.237399453000983e-8
1981	3.233749910931459e-8
1982	3.230304309960216e-8
1983	3.22651332972006e-8
1984	3.2231413188543044e-8
1985	3.219399838067813e-8
1986	3.216095665550906e-8
1987	3.2122239881882736e-8
1988	3.209071307521555e-8
1989	3.205640137026748e-8
1990	3.2017908372259333e-8
1991	3.1983640605296376e-8
1992	3.1948574708254454e-8
1993	3.191228181931041e-8
1994	3.188031321288407e-8
1995	3.18448690781444e-8
1996	3.180932551081918e-8
1997	3.177494063992377e-8
1998	3.1740846570477315e-8
1999	3.170512520252859e-8
2000	3.166826901165882e-8
2001	3.1634528705987814e-8