1	1.164028679265416e-13
2	2.328030851445152e-13
3	3.4921933330280946e-13
4	4.656388902021043e-13
5	5.820699320945864e-13
6	6.985169019333531e-13
7	8.149756598502594e-13
8	9.314603932407691e-13
9	1.047963650389763e-12
10	1.1644970627922616e-12
11	1.2809968167340196e-12
12	1.3976425556542423e-12
13	1.5142272729618776e-12
14	1.6309017176069332e-12
15	1.7475876368563687e-12
16	1.8643839577620323e-12
17	1.9810934820075656e-12
18	2.0979146197479182e-12
19	2.214811383124221e-12
20	2.3318100285467695e-12
21	2.4489307631037928e-12
22	2.565864412619478e-12
23	2.683022049927609e-12
24	2.8001352098858943e-12
25	2.917398916046031e-12
26	3.034765320155904e-12
27	3.1521234541027452e-12
28	3.2695108022102116e-12
29	3.3869696760184e-12
30	3.50490576252232e-12
31	3.6224820166907184e-12
32	3.740366519301532e-12
33	3.8583464947167365e-12
34	3.976523492131242e-12
35	4.094483018208672e-12
36	4.2128625534424314e-12
37	4.330915484243783e-12
38	4.449525003623883e-12
39	4.567904051532076e-12
40	4.6864296102019085e-12
41	4.805195320601094e-12
42	4.923865699567882e-12
43	5.041817855090865e-12
44	5.1612070116956346e-12
45	5.2807013827978335e-12
46	5.400391666937355e-12
47	5.520358804437765e-12
48	5.639920586616669e-12
49	5.759437350844769e-12
50	5.8794499423747106e-12
51	5.999540021461092e-12
52	6.119537854114979e-12
53	6.239619162509011e-12
54	6.360225141424381e-12
55	6.481205206469448e-12
56	6.6018241606938505e-12
57	6.722501310211663e-12
58	6.84311296483776e-12
59	6.96558299738655e-12
60	7.0873903999497625e-12
61	7.208467048445076e-12
62	7.330663965693911e-12
63	7.452444804584072e-12
64	7.574900678073127e-12
65	7.697653837354288e-12
66	7.8190255825183e-12
67	7.940826629447187e-12
68	8.066087202572536e-12
69	8.188739270622242e-12
70	8.311316060998942e-12
71	8.435324082683886e-12
72	8.558770796209066e-12
73	8.681788221484424e-12
74	8.806737484286042e-12
75	8.931244866456947e-12
76	9.055119627336666e-12
77	9.179776554478249e-12
78	9.30481517045898e-12
79	9.427836124949121e-12
80	9.55504101255133e-12
81	9.68174199678563e-12
82	9.808351937176697e-12
83	9.934255202581014e-12
84	1.0059431493403114e-11
85	1.0186351143471142e-11
86	1.0313911638435104e-11
87	1.0441280329225017e-11
88	1.0569126713319174e-11
89	1.069548211730216e-11
90	1.082392555981224e-11
91	1.0953240152132626e-11
92	1.1081054900452877e-11
93	1.1209812851658346e-11
94	1.1338974676414038e-11
95	1.1468808903197293e-11
96	1.1598339162745273e-11
97	1.172921980726308e-11
98	1.1857181638307351e-11
99	1.1989976600485893e-11
100	1.2120438909403792e-11
101	1.2251474451568458e-11
102	1.2381788534531886e-11
103	1.2513792813781475e-11
104	1.2649793939171185e-11
105	1.2777939233076936e-11
106	1.2907951460739564e-11
107	1.3043320278708064e-11
108	1.3176463941301917e-11
109	1.3309259091217753e-11
110	1.3442810593307144e-11
111	1.357870380006975e-11
112	1.3712409198160089e-11
113	1.3843438878588398e-11
114	1.3983384864491515e-11
115	1.4118894895788451e-11
116	1.4255309675445326e-11
117	1.4391914933881148e-11
118	1.4527263291916212e-11
119	1.466708630768803e-11
120	1.4801873700165057e-11
121	1.49409981118942e-11
122	1.5079890224096478e-11
123	1.5220248783005463e-11
124	1.5357349123635575e-11
125	1.549438712469893e-11
126	1.5632721937813123e-11
127	1.5767327554355042e-11
128	1.5914536414324876e-11
129	1.6047355641365888e-11
130	1.6188601099631664e-11
131	1.6337513944051175e-11
132	1.647545556229225e-11
133	1.6623023877341507e-11
134	1.67638838146783e-11
135	1.6906815772181302e-11
136	1.7047769919746207e-11
137	1.7190635985510574e-11
138	1.7334065364724748e-11
139	1.7483924490516547e-11
140	1.7625021123132587e-11
141	1.7772704233649156e-11
142	1.7922656808922616e-11
143	1.8065745209757256e-11
144	1.8215766720676968e-11
145	1.836406411448965e-11
146	1.850837492501505e-11
147	1.8659803701487836e-11
148	1.88104579408342e-11
149	1.895778659573638e-11
150	1.9101902211938918e-11
151	1.9251166898256788e-11
152	1.9403735463968303e-11
153	1.9555471766922887e-11
154	1.970940101969945e-11
155	1.9853436925508074e-11
156	2.0010942900693005e-11
157	2.0162658543434903e-11
158	2.031326648624088e-11
159	2.0474484578568825e-11
160	2.0619568445081277e-11
161	2.077994206482511e-11
162	2.0934983634078785e-11
163	2.1091362220550934e-11
164	2.1246819282138085e-11
165	2.140373855911617e-11
166	2.155927334991665e-11
167	2.1719214770090137e-11
168	2.1880848669730057e-11
169	2.2039972204656144e-11
170	2.220027297996604e-11
171	2.2356717902385223e-11
172	2.251728419750093e-11
173	2.2682218246492488e-11
174	2.2842377480911494e-11
175	2.3003106238555975e-11
176	2.316432810372067e-11
177	2.3334675787027213e-11
178	2.34980597965542e-11
179	2.3657020739886024e-11
180	2.382301167124505e-11
181	2.3996416489488024e-11
182	2.4156730009168063e-11
183	2.4325578559835097e-11
184	2.4494829980343365e-11
185	2.4668394486292468e-11
186	2.482890658130686e-11
187	2.5000466858498722e-11
188	2.5184174528856267e-11
189	2.5332571123430097e-11
190	2.5506113123449917e-11
191	2.568019116389283e-11
192	2.584889267961807e-11
193	2.6032854109629028e-11
194	2.620214319292174e-11
195	2.6373451463732845e-11
196	2.6548394582337925e-11
197	2.672700766883841e-11
198	2.6900610001215757e-11
199	2.7072477735653664e-11
200	2.7295578738332224e-11
201	2.7471886801600653e-11
202	2.7614440847056444e-11
203	2.780323241879747e-11
204	2.796338220152035e-11
205	2.8135926741461714e-11
206	2.8326537688163594e-11
207	2.8519321483883392e-11
208	2.8690239648435318e-11
209	2.8870464943761948e-11
210	2.9068129182943344e-11
211	2.9226800731845966e-11
212	2.9416579098073134e-11
213	2.960803379454727e-11
214	2.979676536765872e-11
215	2.998029920567249e-11
216	3.018890972997686e-11
217	3.0341655592269055e-11
218	3.0542819607592805e-11
219	3.076660040800078e-11
220	3.093206779027768e-11
221	3.113425730290759e-11
222	3.1329416862241344e-11
223	3.150715100768326e-11
224	3.172778653872746e-11
225	3.192338628316095e-11
226	3.210949398122385e-11
227	3.231301789864497e-11
228	3.25097259707042e-11
229	3.2686813126240125e-11
230	3.290571374335295e-11
231	3.309962725587576e-11
232	3.330133597481578e-11
233	3.351476703168689e-11
234	3.3729434627329065e-11
235	3.3936493765453926e-11
236	3.4366913501969774e-11
237	3.457621721853409e-11
238	3.4554725964431034e-11
239	3.474906488613792e-11
240	3.494179819332586e-11
241	3.5130588524866206e-11
242	3.537632362722989e-11
243	3.5587262865381415e-11
244	3.5789955534549024e-11
245	3.6021996266433645e-11
246	3.618885395553463e-11
247	3.640860557871544e-11
248	3.6639211384315886e-11
249	3.686403550467466e-11
250	3.7077150829253474e-11
251	3.728640546322696e-11
252	3.7515857427092494e-11
253	3.7723312278253e-11
254	3.794084558274946e-11
255	3.815624393876139e-11
256	3.8400090735271545e-11
257	3.8616286860512934e-11
258	3.890487344451765e-11
259	3.90620857242402e-11
260	3.929186269672523e-11
261	3.95197547481207e-11
262	3.973434569828591e-11
263	3.9971106210159876e-11
264	4.021395931143381e-11
265	4.040724142587542e-11
266	4.065654814477657e-11
267	4.08852826515182e-11
268	4.1121986767171895e-11
269	4.135082183725728e-11
270	4.15905429786734e-11
271	4.1845374919270076e-11
272	4.208270572431287e-11
273	4.23207747207997e-11
274	4.257109396813592e-11
275	4.280060917042214e-11
276	4.305289375744445e-11
277	4.325820557351679e-11
278	4.348863201731816e-11
279	4.374830142878879e-11
280	4.401147898646857e-11
281	4.428982666345903e-11
282	4.449118187380568e-11
283	4.474090188227071e-11
284	4.4986661831516644e-11
285	4.52222848127666e-11
286	4.548522387763176e-11
287	4.5757724987011866e-11
288	4.601334237680733e-11
289	4.626050869382609e-11
290	4.653568471097378e-11
291	4.67993093522085e-11
292	4.701832486883258e-11
293	4.7290590844448774e-11
294	4.754655191268584e-11
295	4.78130802790481e-11
296	4.809576269221934e-11
297	4.8313985905137453e-11
298	4.859325138266069e-11
299	4.8868285652213786e-11
300	4.913345890220388e-11
301	4.94426028336726e-11
302	4.967490443151088e-11
303	4.9965231864621776e-11
304	5.024972349567395e-11
305	5.051477906469422e-11
306	5.081493533751188e-11
307	5.109406504450599e-11
308	5.132843624562641e-11
309	5.16108773450473e-11
310	5.193537475526188e-11
311	5.219711223351351e-11
312	5.2457531284912244e-11
313	5.2699219581173225e-11
314	5.3009185471171035e-11
315	5.329566239099469e-11
316	5.358725976300415e-11
317	5.3852278527268946e-11
318	5.414663424578062e-11
319	5.4447059916090294e-11
320	5.475256089148941e-11
321	5.5158448469524695e-11
322	5.534348091596098e-11
323	5.567239003980336e-11
324	5.6004421550925714e-11
325	5.6249826623598917e-11
326	5.657122701895188e-11
327	5.6864677807034373e-11
328	5.71883844745223e-11
329	5.747887273651255e-11
330	5.778439852944021e-11
331	5.819272424931531e-11
332	5.840869423259638e-11
333	5.871597237571117e-11
334	5.904055653166598e-11
335	5.937349440870693e-11
336	5.959550158795423e-11
337	5.993147867191499e-11
338	6.029235301106388e-11
339	6.05811592259866e-11
340	6.090772865488867e-11
341	6.121683238063286e-11
342	6.153038581782856e-11
343	6.194573610050229e-11
344	6.223629986367561e-11
345	6.250321985730751e-11
346	6.281955980732115e-11
347	6.319135758891964e-11
348	6.352557009958433e-11
349	6.38406797059194e-11
350	6.411561751004876e-11
351	6.44687947722623e-11
352	6.484250770234328e-11
353	6.521213519261823e-11
354	6.558319499018002e-11
355	6.594588386625543e-11
356	6.629731193824124e-11
357	6.66009481270336e-11
358	6.696728889815709e-11
359	6.728986558954319e-11
360	6.764447048024177e-11
361	6.799483675080015e-11
362	6.833360102938013e-11
363	6.869372833713138e-11
364	6.906361484928918e-11
365	6.940839684062042e-11
366	6.978925922409892e-11
367	7.016340829367812e-11
368	7.055180357519771e-11
369	7.093194413303957e-11
370	7.124363677795905e-11
371	7.161455797518526e-11
372	7.201662440497372e-11
373	7.23499815069189e-11
374	7.272707511042116e-11
375	7.310425898689137e-11
376	7.355655666585133e-11
377	7.39199550785704e-11
378	7.433795688596601e-11
379	7.466627967311187e-11
380	7.504968935393949e-11
381	7.541776493176885e-11
382	7.5761966553632e-11
383	7.612861914866325e-11
384	7.652988890291707e-11
385	7.708810002721998e-11
386	7.737992523392715e-11
387	7.77687736738828e-11
388	7.826984513306624e-11
389	7.862822799588108e-11
390	7.903395342985045e-11
391	7.941289821772683e-11
392	7.983726040868872e-11
393	8.017229394126229e-11
394	8.065802960728269e-11
395	8.101339504012898e-11
396	8.147917526030245e-11
397	8.186099187414123e-11
398	8.230422027807011e-11
399	8.266420072621776e-11
400	8.30851480420023e-11
401	8.346755147539061e-11
402	8.393731508433476e-11
403	8.439270891749013e-11
404	8.537709287571473e-11
405	8.584501308876293e-11
406	8.628136647434048e-11
407	8.617160475584536e-11
408	8.664747025452936e-11
409	8.701450764675392e-11
410	8.74620306129426e-11
411	8.792843453561285e-11
412	8.831698388829637e-11
413	8.87610782425182e-11
414	8.922801154829693e-11
415	8.966990311964873e-11
416	9.020119110502081e-11
417	9.066731023055844e-11
418	9.112195105381305e-11
419	9.160369301010287e-11
420	9.199875162864134e-11
421	9.2374058739853e-11
422	9.290876570704156e-11
423	9.337216933630777e-11
424	9.379810659086278e-11
425	9.429789137115233e-11
426	9.478291891192564e-11
427	9.529828526676333e-11
428	9.580130761004144e-11
429	9.624867029783398e-11
430	9.677252950914477e-11
431	9.727993884315444e-11
432	9.785586440853576e-11
433	9.831005964351989e-11
434	9.886340887006883e-11
435	9.933925523641311e-11
436	9.990200694830745e-11
437	1.003716131728323e-10
438	1.0077458581664812e-10
439	1.0130051056025782e-10
440	1.0188020786384538e-10
441	1.0246514249823969e-10
442	1.029944872071198e-10
443	1.0347344715884444e-10
444	1.0396131354109022e-10
445	1.0458247542633855e-10
446	1.0505240875195127e-10
447	1.0558962651356488e-10
448	1.0615407690605772e-10
449	1.0657808900443666e-10
450	1.071391040763519e-10
451	1.076838242167737e-10
452	1.0832546657777506e-10
453	1.0878821087165325e-10
454	1.093690391762402e-10
455	1.0990461101733547e-10
456	1.1040599810339423e-10
457	1.110027498775301e-10
458	1.1160024690025029e-10
459	1.1211198203205616e-10
460	1.126071004842254e-10
461	1.1311388226381233e-10
462	1.135485281844208e-10
463	1.1422885843183986e-10
464	1.1489340096400459e-10
465	1.1554427596327817e-10
466	1.1599038657832682e-10
467	1.166792596708981e-10
468	1.1725782493223335e-10
469	1.1794235735293622e-10
470	1.1842366572058446e-10
471	1.191404420198362e-10
472	1.1976501503610707e-10
473	1.2019350690888625e-10
474	1.208324155461693e-10
475	1.213804561070437e-10
476	1.2202820996045521e-10
477	1.2258914024570046e-10
478	1.2320321385907798e-10
479	1.238443897479299e-10
480	1.2449613843142736e-10
481	1.2520572449803062e-10
482	1.257259967827006e-10
483	1.2648597023772344e-10
484	1.2706102748362278e-10
485	1.2777896799235661e-10
486	1.2859279624913274e-10
487	1.2893868495911622e-10
488	1.2963740611896702e-10
489	1.3019591788808917e-10
490	1.3097181703445393e-10
491	1.3156421459187782e-10
492	1.3230966762305294e-10
493	1.3288761443011668e-10
494	1.3367461970829522e-10
495	1.3427210578481988e-10
496	1.3479212813161138e-10
497	1.3570421949554231e-10
498	1.3622927603803252e-10
499	1.3688826034414377e-10
500	1.3749396369581945e-10
501	1.3807275343644937e-10
502	1.3878523685503836e-10
503	1.3950038575744155e-10
504	1.4048294174237697e-10
505	1.4118565936961078e-10
506	1.4162727520402538e-10
507	1.4237364546175132e-10
508	1.4313556995021484e-10
509	1.4386579115134484e-10
510	1.4460852450770483e-10
511	1.4475572368069095e-10
512	1.4590851671576157e-10
513	1.466700956508289e-10
514	1.475752120410597e-10
515	1.4800444374929328e-10
516	1.49155942522012e-10
517	1.495714501615086e-10
518	1.5035444899418032e-10
519	1.5115838456069075e-10
520	1.5205262918844916e-10
521	1.525573917230752e-10
522	1.5347133216899425e-10
523	1.5414999021284734e-10
524	1.5481730571432126e-10
525	1.5691982793920346e-10
526	1.5633575746236987e-10
527	1.5732137083374931e-10
528	1.5818614022450767e-10
529	1.5897068417467266e-10
530	1.597332406349956e-10
531	1.6041489185744186e-10
532	1.611835620920955e-10
533	1.6195922593409054e-10
534	1.6284693424681812e-10
535	1.639477030535019e-10
536	1.6455625435645213e-10
537	1.652666186024804e-10
538	1.6618033460150334e-10
539	1.6708585708318117e-10
540	1.6788301501996929e-10
541	1.687290966908086e-10
542	1.6866707998179083e-10
543	1.7022150939944515e-10
544	1.7111667360732276e-10
545	1.719640819953256e-10
546	1.7264359110034709e-10
547	1.7357461735288093e-10
548	1.7438129893005418e-10
549	1.7545836468215043e-10
550	1.7647755741338765e-10
551	1.771449034335687e-10
552	1.789059472331131e-10
553	1.7867460206050642e-10
554	1.7918382902898914e-10
555	1.8094934209501136e-10
556	1.8155272487321658e-10
557	1.8241447580421055e-10
558	1.8313626705869725e-10
559	1.8405277466802578e-10
560	1.8464054833918414e-10
561	1.855870911287617e-10
562	1.8706203222082836e-10
563	1.8796789401837906e-10
564	1.885027408891127e-10
565	1.8954831978252855e-10
566	1.9010301681327212e-10
567	1.9133090080558846e-10
568	1.9191333350307953e-10
569	1.9308972891294805e-10
570	1.940139819184107e-10
571	1.948781395711545e-10
572	1.9608176048026028e-10
573	1.9734077353541428e-10
574	1.9844928300308492e-10
575	1.990826410165139e-10
576	2.0032593525278265e-10
577	2.0127599397284315e-10
578	2.0214311771302188e-10
579	2.0311699559048257e-10
580	2.0380005791093005e-10
581	2.0476166921729073e-10
582	2.0592675391775724e-10
583	2.0623866506107837e-10
584	2.075021483585092e-10
585	2.0867672767247853e-10
586	2.1005869203066515e-10
587	2.1082650387354087e-10
588	2.1172019954835562e-10
589	2.1283660800540526e-10
590	2.1404252751597498e-10
591	2.1505681338465715e-10
592	2.1608602878783536e-10
593	2.1728775445969114e-10
594	2.1823219518537998e-10
595	2.219424214716807e-10
596	2.2103395952517728e-10
597	2.2167373728035297e-10
598	2.2270421781461307e-10
599	2.2386633881722507e-10
600	2.2521219774731827e-10
601	2.2611667287408776e-10
602	2.2745789305937164e-10
603	2.286558289649314e-10
604	2.2888191094389253e-10
605	2.303607102688194e-10
606	2.321362727832911e-10
607	2.3298376306669044e-10
608	2.338146397992132e-10
609	2.349902901835946e-10
610	2.363013204123115e-10
611	2.3781275217405076e-10
612	2.3886167793885614e-10
613	2.3997969734713876e-10
614	2.413048987771346e-10
615	2.425850578526525e-10
616	2.437598586363748e-10
617	2.448224064574789e-10
618	2.463877698485877e-10
619	2.4754765773134975e-10
620	2.4884440579179354e-10
621	2.496704587113065e-10
622	2.5079124659493045e-10
623	2.521503853013427e-10
624	2.5348204740247205e-10
625	2.548037688839688e-10
626	2.564672777710304e-10
627	2.572746709991797e-10
628	2.589900491963652e-10
629	2.595743600036042e-10
630	2.6089505937629865e-10
631	2.622590517372168e-10
632	2.641399194852531e-10
633	2.652829047723264e-10
634	2.6631693575856284e-10
635	2.6756368153925626e-10
636	2.692643789472971e-10
637	2.7070764440957925e-10
638	2.720456323050861e-10
639	2.7330664611441635e-10
640	2.7387217787231357e-10
641	2.752810784384305e-10
642	2.7643254559868e-10
643	2.7849492289770957e-10
644	2.790992067364595e-10
645	2.805641701127178e-10
646	2.821441241561239e-10
647	2.8366926173568696e-10
648	2.847958215307564e-10
649	2.861781039976792e-10
650	2.877903787812517e-10
651	2.891528612499571e-10
652	2.9049893650261643e-10
653	2.9180992026056877e-10
654	2.932953041432e-10
655	2.947261801336701e-10
656	2.9623040317713393e-10
657	2.975021020617191e-10
658	2.989957029099127e-10
659	3.005334050417603e-10
660	3.019490236052505e-10
661	3.0335213554166825e-10
662	3.050384865541726e-10
663	3.064950419468875e-10
664	3.080176220781811e-10
665	3.095320429549042e-10
666	3.113218959856157e-10
667	3.126399456941704e-10
668	3.14464905902904e-10
669	3.161004836189106e-10
670	3.169494603748551e-10
671	3.189210478109716e-10
672	3.2008244923114973e-10
673	3.213375287221256e-10
674	3.2237728657300504e-10
675	3.241682904210292e-10
676	3.268913615895016e-10
677	3.2788952708126024e-10
678	3.2998021670238326e-10
679	3.315746048350697e-10
680	3.336240172306189e-10
681	3.3528520278937256e-10
682	3.358877028524628e-10
683	3.3786105481421245e-10
684	3.391314527354312e-10
685	3.4134842905157213e-10
686	3.423339391171985e-10
687	3.4379295844580514e-10
688	3.4561975365564817e-10
689	3.491521516587966e-10
690	3.500442111534641e-10
691	3.510162320431573e-10
692	3.5330109289426594e-10
693	3.5457463169256006e-10
694	3.563644888830206e-10
695	3.583145268785797e-10
696	3.6001911747658956e-10
697	3.6162221123780104e-10
698	3.632956046769923e-10
699	3.6516501490790865e-10
700	3.6694743798974817e-10
701	3.659721032292538e-10
702	3.707280146424589e-10
703	3.7256984720424905e-10
704	3.7403156922402467e-10
705	3.7623966572203287e-10
706	3.782077235403901e-10
707	3.800551429021829e-10
708	3.815192115821563e-10
709	3.990971439283664e-10
710	3.8525160143064313e-10
711	3.8719747753736447e-10
712	3.889860959450353e-10
713	3.9114618521795925e-10
714	3.9280262681128627e-10
715	3.940053866316641e-10
716	3.96547708267412e-10
717	3.9883293727096745e-10
718	4.0070647934117436e-10
719	4.0219391349626764e-10
720	4.0383724189068717e-10
721	4.0417635637762225e-10
722	4.084510220654468e-10
723	4.094565560542837e-10
724	4.115208939448821e-10
725	4.1370770204309476e-10
726	4.153700978329301e-10
727	4.181751128305421e-10
728	4.1973584464123066e-10
729	4.222520755667083e-10
730	4.2353062662722327e-10
731	4.2591832345849495e-10
732	4.28593869354808e-10
733	4.3130637269484235e-10
734	4.337745413526545e-10
735	4.348091934492819e-10
736	4.3653495950824946e-10
737	4.3871183265817055e-10
738	4.4136970939715377e-10
739	4.436473734264594e-10
740	4.454598062312499e-10
741	4.471566488834608e-10
742	4.4983236008121777e-10
743	4.5187303022088293e-10
744	4.5432176959658444e-10
745	4.562815879914459e-10
746	4.585681282963158e-10
747	4.6142354853571494e-10
748	4.6483979259854205e-10
749	4.6551361356198073e-10
750	4.665377922186087e-10
751	4.699676173796031e-10
752	4.723172602384133e-10
753	4.745741238841785e-10
754	4.770104147811058e-10
755	4.785575269364418e-10
756	4.806177084323917e-10
757	4.832112154449104e-10
758	4.860829220611098e-10
759	4.885875424447151e-10
760	4.904547698649775e-10
761	4.941289618800939e-10
762	4.952621399545472e-10
763	4.976028208226714e-10
764	4.994609310203026e-10
765	5.028803240981669e-10
766	5.045079307261155e-10
767	5.078316887630922e-10
768	5.091667138674958e-10
769	5.122204077186478e-10
770	5.151685582826945e-10
771	5.170785243444404e-10
772	5.210436787987642e-10
773	5.230245616664176e-10
774	5.252318093698333e-10
775	5.278240009863003e-10
776	5.298426128777238e-10
777	5.322705568048747e-10
778	5.259063206359865e-10
779	5.376543738049319e-10
780	5.308629928334534e-10
781	5.430207841554271e-10
782	5.460272737396995e-10
783	5.479482149460011e-10
784	5.410490457529716e-10
785	5.535253832276168e-10
786	5.564229472006636e-10
787	5.58897698202409e-10
788	5.617178672407831e-10
789	5.650714010006279e-10
790	5.672383981008684e-10
791	5.705997995653961e-10
792	5.724921731427778e-10
793	5.727001973935014e-10
794	5.759405470226045e-10
795	5.796891732048253e-10
796	5.839255658244363e-10
797	5.856441097515918e-10
798	5.892871085242709e-10
799	5.926333341300912e-10
800	5.955782183534613e-10
801	5.98126784694534e-10
802	6.005017338985521e-10
803	6.041838686094106e-10
804	6.062331080646206e-10
805	6.092772917597538e-10
806	6.101778252305819e-10
807	6.156776537929733e-10
808	6.185152891197838e-10
809	6.213702103748833e-10
810	6.240726082599143e-10
811	6.271884879144184e-10
812	6.303783389859981e-10
813	6.333523805082674e-10
814	6.360877783048529e-10
815	6.40257119149394e-10
816	6.437221340505439e-10
817	6.451549642086409e-10
818	6.487615529596891e-10
819	6.519762512073508e-10
820	6.518583815197861e-10
821	6.578548512406769e-10
822	6.610744906516136e-10
823	6.641535263172962e-10
824	6.676140142528695e-10
825	6.708424645906055e-10
826	6.736879730476768e-10
827	6.797489574391494e-10
828	6.831401543693683e-10
829	6.838373811614832e-10
830	6.90907945834651e-10
831	6.918533752427991e-10
832	6.935572691245938e-10
833	6.965780033629254e-10
834	6.986063331876126e-10
835	7.028209733948178e-10
836	7.061953987093972e-10
837	7.101862123297712e-10
838	7.142579569462496e-10
839	7.170673936655296e-10
840	7.202029274965099e-10
841	7.23434658615087e-10
842	7.251742197701719e-10
843	7.304853088633344e-10
844	7.32527246865959e-10
845	7.358582535202802e-10
846	7.40717057191567e-10
847	7.448593569085492e-10
848	7.474639081079506e-10
849	7.528538424574125e-10
850	7.559717351140741e-10
851	7.602416701182295e-10
852	7.62932130694936e-10
853	7.664630867142404e-10
854	7.704015866951844e-10
855	7.737766429410003e-10
856	7.776409754276801e-10
857	7.811545380252459e-10
858	7.79752268304883e-10
859	7.887132857557891e-10
860	7.921321656916221e-10
861	7.957135802890536e-10
862	8.002649889864676e-10
863	8.039980360800687e-10
864	8.079837075550335e-10
865	8.125236520360434e-10
866	8.164253290886165e-10
867	8.192751536764225e-10
868	8.242158027834428e-10
869	8.280370525283019e-10
870	8.315144743100222e-10
871	8.345077415519044e-10
872	8.401485841908926e-10
873	8.42901125827715e-10
874	8.466795118886542e-10
875	8.509389625740038e-10
876	8.555960654729197e-10
877	8.594083315808647e-10
878	8.620454178990417e-10
879	8.673667489354397e-10
880	8.714589727147567e-10
881	8.756763586354222e-10
882	8.805079770684489e-10
883	8.838303544802996e-10
884	9.12799228242283e-10
885	8.922311359355884e-10
886	8.961934637004648e-10
887	9.004971107472933e-10
888	9.042833836582561e-10
889	9.092595490782801e-10
890	9.138774634972462e-10
891	9.180671715822381e-10
892	9.21399170166281e-10
893	9.268956669452255e-10
894	9.328235847782685e-10
895	9.358409621458729e-10
896	9.405258391457953e-10
897	9.446826863310053e-10
898	9.485777718725264e-10
899	9.530567470304636e-10
900	9.588181437915482e-10
901	9.631427349255142e-10
902	9.674057362962545e-10
903	9.723961926226285e-10
904	9.756361635305192e-10
905	9.805173570537014e-10
906	9.856229767523073e-10
907	9.89525725128451e-10
908	9.950819512560513e-10
909	9.998359104247594e-10
910	1.0035905953099705e-9
911	1.0114975765851017e-9
912	1.0148883297522534e-9
913	1.0184278323939145e-9
914	1.0229395416949104e-9
915	1.029069022779296e-9
916	1.0338626641250544e-9
917	1.0382649742803552e-9
918	1.0419877756433976e-9
919	1.0476392184680972e-9
920	1.054061409338921e-9
921	1.0569041066511939e-9
922	1.061921331907761e-9
923	1.0678733668467915e-9
924	1.0682792173158138e-9
925	1.071906272275708e-9
926	1.0823005073163888e-9
927	1.0893263268063518e-9
928	1.0938972298236763e-9
929	1.0989374331960957e-9
930	1.1026380930214102e-9
931	1.1070150441566918e-9
932	1.1125323306290654e-9
933	1.1175348481506546e-9
934	1.1240166924452728e-9
935	1.1297104912033994e-9
936	1.135524552906361e-9
937	1.1413644990324816e-9
938	1.1480228373534e-9
939	1.152481649939264e-9
940	1.1573040810466164e-9
941	1.1613169552761988e-9
942	1.1666616253795887e-9
943	1.1724433098527271e-9
944	1.180286529668358e-9
945	1.1837556623102066e-9
946	1.190179953423819e-9
947	1.194306698525586e-9
948	1.1985306085216814e-9
949	1.2058215485718896e-9
950	1.213701281325897e-9
951	1.2216697791873546e-9
952	1.2232071099969437e-9
953	1.2280279083302008e-9
954	1.2347362305340644e-9
955	1.2399548924657937e-9
956	1.2474029766401242e-9
957	1.2518116406487626e-9
958	1.2575035042529166e-9
959	1.264369559888945e-9
960	1.269179532818805e-9
961	1.2749393066229427e-9
962	1.2810569068268971e-9
963	1.2877592808269875e-9
964	1.294216150844572e-9
965	1.3003915065026545e-9
966	1.3078596722673697e-9
967	1.3133256640383174e-9
968	1.317808259201148e-9
969	1.3243314250701486e-9
970	1.3296938993461817e-9
971	1.3364429926756117e-9
972	1.341769658076988e-9
973	1.347978807159332e-9
974	1.355089255718967e-9
975	1.3622684808322495e-9
976	1.3676806999936925e-9
977	1.3739993861989837e-9
978	1.381364078553707e-9
979	1.3862084945865765e-9
980	1.3930290125331205e-9
981	1.3959089373772665e-9
982	1.4040494303829903e-9
983	1.4121818231254128e-9
984	1.4189785937278182e-9
985	1.4257112141013375e-9
986	1.4322452620531974e-9
987	1.4393463731711844e-9
988	1.4448564676936657e-9
989	1.4526086663936547e-9
990	1.4603374116981213e-9
991	1.4655498692509507e-9
992	1.4725042460785573e-9
993	1.478712973207058e-9
994	1.476460436534311e-9
995	1.4929219675824167e-9
996	1.5000210105760537e-9
997	1.5094399493043844e-9
998	1.5139030933341093e-9
999	1.5211249031550074e-9
1000	1.5270313644944756e-9
1001	1.533776432865644e-9
1002	1.5428597507914424e-9
1003	1.547740653115743e-9
1004	1.5563878277390198e-9
1005	1.5615602915589695e-9
1006	1.5715537020356979e-9
1007	1.5794947664656453e-9
1008	1.5855982103640863e-9
1009	1.5921584230362066e-9
1010	1.6004152019515462e-9
1011	1.6074031087060162e-9
1012	1.616722119872552e-9
1013	1.6227713676007187e-9
1014	1.6296066703360371e-9
1015	1.638428557215731e-9
1016	1.6438805751975211e-9
1017	1.6518568139042945e-9
1018	1.6597404495325836e-9
1019	1.6670692959547527e-9
1020	1.675659729003414e-9
1021	1.6804842043237372e-9
1022	1.6871886942973325e-9
1023	1.695290398566424e-9
1024	1.7058837736838864e-9
1025	1.7131370603145001e-9
1026	1.7217451106944503e-9
1027	1.7308447728793855e-9
1028	1.7377526315953744e-9
1029	1.744779763285949e-9
1030	1.7550882856874072e-9
1031	1.762711355052585e-9
1032	1.7695037682421564e-9
1033	1.7773049992324093e-9
1034	1.7849189504160997e-9
1035	1.794258618421041e-9
1036	1.8005100952705883e-9
1037	1.8096268666325072e-9
1038	1.8186716331366144e-9
1039	1.8278005224557256e-9
1040	1.8492664827715011e-9
1041	1.845530904940364e-9
1042	1.8524935178998915e-9
1043	1.8610494375086673e-9
1044	1.8698587600143035e-9
1045	1.8786324978653253e-9
1046	1.8846997016653477e-9
1047	1.8942314204210776e-9
1048	1.901931688775229e-9
1049	1.9138101147449734e-9
1050	1.9201272471729663e-9
1051	1.9156226045765505e-9
1052	1.9369581147993085e-9
1053	1.9466940616498398e-9
1054	1.9546342584730617e-9
1055	1.9640962635980948e-9
1056	1.9727478662645835e-9
1057	1.981641953683858e-9
1058	1.99169660603663e-9
1059	1.999315151090653e-9
1060	2.0085870315374775e-9
1061	2.0169541324415656e-9
1062	2.0288712629955954e-9
1063	2.0343482579131323e-9
1064	2.044067078080112e-9
1065	2.0539629074168652e-9
1066	2.063770680100715e-9
1067	2.0724131485001644e-9
1068	2.1157616695857123e-9
1069	2.096238378978065e-9
1070	2.100070000656113e-9
1071	2.1114809064292002e-9
1072	2.1215912212250226e-9
1073	2.13172067176742e-9
1074	2.1432820638240086e-9
1075	2.1523191307704703e-9
1076	2.1569463004350293e-9
1077	2.1674470339550717e-9
1078	2.1772630064092114e-9
1079	2.187479649680993e-9
1080	2.197156200914272e-9
1081	2.207352410523528e-9
1082	2.2159426863833065e-9
1083	2.2268121722821653e-9
1084	2.2382315483900333e-9
1085	2.2453510393145642e-9
1086	2.2563689832415543e-9
1087	2.259950692010408e-9
1088	2.2768009872223336e-9
1089	2.2842702854082355e-9
1090	2.294141060185976e-9
1091	2.3055334433774467e-9
1092	2.318582350493711e-9
1093	2.327601505057575e-9
1094	2.33691419333305e-9
1095	2.35219144107806e-9
1096	2.3600671178804887e-9
1097	2.3696136772200498e-9
1098	2.3791664154413906e-9
1099	2.391374086987029e-9
1100	2.3996516834056657e-9
1101	2.403083384409336e-9
1102	2.4221866772142476e-9
1103	2.4299441345620876e-9
1104	2.441609733210253e-9
1105	2.451190997290856e-9
1106	2.462807089701258e-9
1107	2.4742222350285777e-9
1108	2.4853765448171023e-9
1109	2.4965808539955007e-9
1110	2.5066538800675332e-9
1111	2.516226774135288e-9
1112	2.532308031031647e-9
1113	2.549613844251104e-9
1114	2.596609929023631e-9
1115	2.5646626076627577e-9
1116	2.5768807847129224e-9
1117	2.5861012721707664e-9
1118	2.5991897436345713e-9
1119	2.609514007842498e-9
1120	2.621844061489007e-9
1121	2.6322644883854705e-9
1122	2.6435083928683445e-9
1123	2.6539331329879268e-9
1124	2.67026734072048e-9
1125	2.678923415877997e-9
1126	2.689509827959251e-9
1127	2.7031298703793392e-9
1128	2.7147981226232032e-9
1129	2.726043335626936e-9
1130	2.737884600829053e-9
1131	2.7504164931831916e-9
1132	2.7649412672703373e-9
1133	2.7737035787623028e-9
1134	2.785286219767175e-9
1135	2.797219305072924e-9
1136	2.810791622795046e-9
1137	2.8235292323567146e-9
1138	2.835037264918463e-9
1139	2.8471134634873565e-9
1140	2.8600558350700116e-9
1141	2.872017593275274e-9
1142	2.8829425236694597e-9
1143	2.8935326516838213e-9
1144	2.908987606842041e-9
1145	2.9222189778349224e-9
1146	2.937331981340335e-9
1147	2.9458348527519123e-9
1148	2.959319592010395e-9
1149	2.967137158507595e-9
1150	2.9919303366625635e-9
1151	2.9841366072149023e-9
1152	2.999257031459764e-9
1153	3.012220587236897e-9
1154	3.025561984817149e-9
1155	3.0388275889794326e-9
1156	3.054261245912483e-9
1157	3.0796824934475e-9
1158	3.0936783675094154e-9
1159	3.1049964435936173e-9
1160	3.1167228888353643e-9
1161	3.131931506455783e-9
1162	3.1419435194349244e-9
1163	3.1563017954062067e-9
1164	3.1697178214343824e-9
1165	3.1834809132026952e-9
1166	3.197331924164378e-9
1167	3.211645141847686e-9
1168	3.224261664018086e-9
1169	3.2369926077180484e-9
1170	3.250620472441247e-9
1171	3.2731345892393965e-9
1172	3.279692621714572e-9
1173	3.29989687715459e-9
1174	3.3072381432335225e-9
1175	3.321336202944602e-9
1176	3.337553063917483e-9
1177	3.351606948140027e-9
1178	3.3649279941237462e-9
1179	3.380662370610739e-9
1180	3.3934563559941375e-9
1181	3.408396626197194e-9
1182	3.4230536968978717e-9
1183	3.436932611978099e-9
1184	3.4510352823058315e-9
1185	3.4646300156543946e-9
1186	3.4811367532900985e-9
1187	3.498520004374344e-9
1188	3.5084638613068535e-9
1189	3.5252483956900767e-9
1190	3.539290940659839e-9
1191	3.551754596605634e-9
1192	3.568565162417973e-9
1193	3.5787191308500036e-9
1194	3.597775064529259e-9
1195	3.6167163970514564e-9
1196	3.6222978688047662e-9
1197	3.6442489041017977e-9
1198	3.6608132495474847e-9
1199	3.6715858981279683e-9
1200	3.6900316303501467e-9
1201	3.704298536297808e-9
1202	3.7209608772688437e-9
1203	3.732766598009144e-9
1204	3.746172951627631e-9
1205	3.765756893626483e-9
1206	3.782304870363711e-9
1207	3.798168474522392e-9
1208	3.8142190907247045e-9
1209	3.829774002631084e-9
1210	3.84683583784923e-9
1211	3.860556150762835e-9
1212	3.877757257725479e-9
1213	3.892765255441746e-9
1214	3.907201793682939e-9
1215	3.924692769045743e-9
1216	3.9434773459100635e-9
1217	3.958284982684402e-9
1218	3.976851030341575e-9
1219	3.990547821218005e-9
1220	4.008233268150021e-9
1221	4.022570942990005e-9
1222	4.038815935192769e-9
1223	4.0553690642240315e-9
1224	4.071532827834001e-9
1225	4.089441168749785e-9
1226	4.106570968166794e-9
1227	4.135065262451922e-9
1228	4.1397317697016545e-9
1229	4.155165593788518e-9
1230	4.172163172648524e-9
1231	4.188996552392436e-9
1232	4.206011845340925e-9
1233	4.2240772665865075e-9
1234	4.246420486706981e-9
1235	4.2629592135723515e-9
1236	4.279899494536069e-9
1237	4.291379441998033e-9
1238	4.310547075477296e-9
1239	4.329582645637728e-9
1240	4.344193238856131e-9
1241	4.361687963318989e-9
1242	4.381621271237506e-9
1243	4.397637998754917e-9
1244	4.410279167822974e-9
1245	4.4342876484703835e-9
1246	4.449929601709404e-9
1247	4.473740184107069e-9
1248	4.4893336728480505e-9
1249	4.489684095657102e-9
1250	4.526658261332294e-9
1251	4.543724393047117e-9
1252	4.563078163636989e-9
1253	4.57455156848632e-9
1254	4.597528676984283e-9
1255	4.619331080698488e-9
1256	4.6340919135788404e-9
1257	4.652953206300951e-9
1258	4.678526950556093e-9
1259	4.693479187257149e-9
1260	4.710677357904355e-9
1261	4.722556587251723e-9
1262	4.748702769513064e-9
1263	4.76607242510457e-9
1264	4.787946041346413e-9
1265	4.8024663298905465e-9
1266	4.819048518465501e-9
1267	4.842557759455562e-9
1268	4.85768893603862e-9
1269	4.87877270087063e-9
1270	4.9001997519624405e-9
1271	4.9267650765847226e-9
1272	4.952197559803372e-9
1273	4.9585842997309626e-9
1274	4.977356438643283e-9
1275	4.992987534454203e-9
1276	5.015709253201909e-9
1277	5.030698399105503e-9
1278	5.061499290887966e-9
1279	5.073072289604111e-9
1280	5.0947072263844654e-9
1281	5.115132917703981e-9
1282	5.139414520838141e-9
1283	5.155526314234633e-9
1284	5.1789589053966725e-9
1285	5.195874571796453e-9
1286	5.214601141733056e-9
1287	5.23305928851191e-9
1288	5.262136718973314e-9
1289	5.280444795840109e-9
1290	5.292222897019192e-9
1291	5.320782768989704e-9
1292	5.3408788482830575e-9
1293	5.357303858181133e-9
1294	5.381248603007322e-9
1295	5.398497703845876e-9
1296	5.415837028578799e-9
1297	5.436900923414549e-9
1298	5.4612461420822e-9
1299	5.481014998580211e-9
1300	5.509623141881487e-9
1301	5.527471573961299e-9
1302	5.546494731258923e-9
1303	5.5721578015902796e-9
1304	5.588577973580928e-9
1305	5.60894663310703e-9
1306	5.632543815460949e-9
1307	5.652565650651766e-9
1308	5.675729258358093e-9
1309	5.700998800530775e-9
1310	5.715542448700835e-9
1311	5.742535590329568e-9
1312	5.761040486416908e-9
1313	5.784559351135479e-9
1314	5.8046923905770894e-9
1315	5.786564793802319e-9
1316	5.851762881822084e-9
1317	5.874058730224372e-9
1318	5.890123013550804e-9
1319	5.915799746020118e-9
1320	5.943668754721215e-9
1321	5.964217168139783e-9
1322	5.978769060538191e-9
1323	6.004060480567116e-9
1324	6.0284831515320845e-9
1325	6.046027887797381e-9
1326	6.069056647288324e-9
1327	6.0976191868167755e-9
1328	6.118258581402317e-9
1329	6.141367634541174e-9
1330	6.1622005057241124e-9
1331	6.1949852860293484e-9
1332	6.210741740533637e-9
1333	6.248783311766559e-9
1334	6.252892997376367e-9
1335	6.27977453545724e-9
1336	6.301567445525754e-9
1337	6.323234415869121e-9
1338	6.359533191780699e-9
1339	6.328800628217354e-9
1340	6.3753397652940814e-9
1341	6.42250472583273e-9
1342	6.444609892766612e-9
1343	6.471881382800589e-9
1344	6.4900486145549546e-9
1345	6.530701586471269e-9
1346	6.5392362177582326e-9
1347	6.5656534756659026e-9
1348	6.582269622270652e-9
1349	6.60620641902364e-9
1350	6.6555925240621366e-9
1351	6.658057799431317e-9
1352	6.6816399169026674e-9
1353	6.7090170053530765e-9
1354	6.727541721900423e-9
1355	6.755722755601541e-9
1356	6.789685548554327e-9
1357	6.8037239133412005e-9
1358	6.8324830920212984e-9
1359	6.854741821445584e-9
1360	7.254235247337448e-9
1361	6.900629509651971e-9
1362	6.9300705698942504e-9
1363	6.956934936663294e-9
1364	7.383648891852668e-9
1365	6.9953540147817625e-9
1366	7.029599871227536e-9
1367	7.127525667098456e-9
1368	7.075730275662303e-9
1369	7.106975753059394e-9
1370	7.137094076405471e-9
1371	7.177862629702594e-9
1372	7.214866023912277e-9
1373	7.204816368097253e-9
1374	7.233913184066499e-9
1375	7.257319459056659e-9
1376	7.286768020596329e-9
1377	7.31265811231282e-9
1378	7.328467990000377e-9
1379	7.358640971551329e-9
1380	7.383981376078593e-9
1381	7.354042803311031e-9
1382	7.434507353666711e-9
1383	7.474175887057687e-9
1384	7.49348501328367e-9
1385	7.529264648953841e-9
1386	7.555068638612127e-9
1387	7.57090409210164e-9
1388	7.589180251089823e-9
1389	7.637963545843414e-9
1390	7.637067708326603e-9
1391	7.61085420660589e-9
1392	7.67194233618958e-9
1393	7.893403360166713e-9
1394	7.748841056078069e-9
1395	7.786149311858215e-9
1396	7.80622818387015e-9
1397	8.106419306750688e-9
1398	8.17587214340696e-9
1399	7.89686568939126e-9
1400	7.918187266593494e-9
1401	7.951079913626717e-9
1402	7.980088752140555e-9
1403	7.99982887070381e-9
1404	8.031257288307827e-9
1405	8.076173837127494e-9
1406	8.086763327844793e-9
1407	8.09662156598612e-9
1408	8.150236310617275e-9
1409	8.175552173932087e-9
1410	8.193475730187502e-9
1411	8.228686481609067e-9
1412	8.244606933530675e-9
1413	8.282308574110906e-9
1414	8.309749871483644e-9
1415	8.330733920969488e-9
1416	8.361836422689566e-9
1417	8.393217109978264e-9
1418	8.426530336890989e-9
1419	8.468685354309147e-9
1420	8.479896573753962e-9
1421	8.516383339362268e-9
1422	8.523220690161508e-9
1423	8.540602808991527e-9
1424	8.600254157919943e-9
1425	8.628585787050219e-9
1426	8.651416039658932e-9
1427	8.697067324646907e-9
1428	8.715160120273871e-9
1429	8.758024616598136e-9
1430	8.774574851035071e-9
1431	8.807457841561691e-9
1432	8.834267686314734e-9
1433	8.857022708432716e-9
1434	8.891392705691814e-9
1435	8.914007400470777e-9
1436	8.951115628896894e-9
1437	8.980021642750407e-9
1438	8.995695566966558e-9
1439	9.066896383833342e-9
1440	9.077491008017094e-9
1441	9.099223212478009e-9
1442	9.146944411080057e-9
1443	9.161176797930947e-9
1444	9.20802050582118e-9
1445	9.230887160022191e-9
1446	9.260092952161448e-9
1447	9.279776416728792e-9
1448	9.323575821615702e-9
1449	9.363633441600803e-9
1450	9.37068172393264e-9
1451	9.39546279628504e-9
1452	9.465427968643742e-9
1453	9.462037681195003e-9
1454	9.503097218472833e-9
1455	9.535568004641295e-9
1456	9.546666818613146e-9
1457	9.590959197079219e-9
1458	9.6300764062813e-9
1459	9.632366707408022e-9
1460	9.689063844331943e-9
1461	9.71195245429056e-9
1462	9.722361400394918e-9
1463	9.769624081774445e-9
1464	9.8418077575985e-9
1465	9.847291709403754e-9
1466	9.876255953537716e-9
1467	9.914774543356835e-9
1468	9.956238239497753e-9
1469	9.9697940043882e-9
1470	9.995119268021245e-9
1471	1.0088224509058173e-8
1472	1.0083287561567725e-8
1473	1.0207464764442807e-8
1474	1.0196228954050929e-8
1475	1.0164009296426107e-8
1476	1.0199388276239989e-8
1477	1.0226095960415744e-8
1478	1.025737828533181e-8
1479	1.0250981309466398e-8
1480	1.0321166384606455e-8
1481	1.035855456698597e-8
1482	1.0378981501727779e-8
1483	1.042013131970167e-8
1484	1.0456009989375974e-8
1485	1.0486008716038936e-8
1486	1.0533990887051626e-8
1487	1.0570974291984247e-8
1488	1.0496556998916505e-8
1489	1.0562170803557962e-8
1490	1.0660266697640388e-8
1491	1.0693773124857095e-8
1492	1.0743730772203431e-8
1493	1.075920851046804e-8
1494	1.0800840413679311e-8
1495	1.0832956643254417e-8
1496	1.0874171487062199e-8
1497	1.0892405258266095e-8
1498	1.0928951002730284e-8
1499	1.0958810207376672e-8
1500	1.101030223739576e-8
1501	1.1056172988707878e-8
1502	1.1096357795058243e-8
1503	1.1112565737480654e-8
1504	1.1139382610866514e-8
1505	1.1165568583335347e-8
1506	1.1210878276763125e-8
1507	1.1236170529148578e-8
1508	1.1284239874564275e-8
1509	1.1293608042790095e-8
1510	1.132596672143596e-8
1511	1.1388718332987087e-8
1512	1.1417795411425245e-8
1513	1.1458111078282778e-8
1514	1.146065845671528e-8
1515	1.1535665096872426e-8
1516	1.1524006051425522e-8
1517	1.1604622229490887e-8
1518	1.1623063374254291e-8
1519	1.1645531961942772e-8
1520	1.1704738430668015e-8
1521	1.174606692479077e-8
1522	1.1795331852328831e-8
1523	1.178254740678874e-8
1524	1.1847557590986378e-8
1525	1.1701408103088305e-8
1526	1.1935501738551945e-8
1527	1.195217166849182e-8
1528	1.200569628764605e-8
1529	1.2051336822298276e-8
1530	1.2092563876213614e-8
1531	1.2126512106452808e-8
1532	1.2144550713234191e-8
1533	1.2172985580059774e-8
1534	1.220475225906106e-8
1535	1.2306599027111786e-8
1536	1.2176665435840324e-8
1537	1.2332584939264919e-8
1538	1.2382879733777873e-8
1539	1.240612105022602e-8
1540	1.2455914000751518e-8
1541	1.2487101023660685e-8
1542	1.2535882247955319e-8
1543	1.2553993826096042e-8
1544	1.2590506088404557e-8
1545	1.2651438586604886e-8
1546	1.2680199234475287e-8
1547	1.2721053750988865e-8
1548	1.2762899216898247e-8
1549	1.2801555708199592e-8
1550	1.2849936147391967e-8
1551	1.2884223232218023e-8
1552	1.294668626103596e-8
1553	1.297412186629457e-8
1554	1.3015809044315406e-8
1555	1.3044046045708856e-8
1556	1.305918352252951e-8
1557	1.3123575741111538e-8
1558	1.3163941547297032e-8
1559	1.3183703723951067e-8
1560	1.3241437670448018e-8
1561	1.3194251577862885e-8
1562	1.3273047192174239e-8
1563	1.3388920564159994e-8
1564	1.3387152183242848e-8
1565	1.3417576731098855e-8
1566	1.3470456036567818e-8
1567	1.3551438768920082e-8
1568	1.3554682250620276e-8
1569	1.359626447262268e-8
1570	1.370142068385757e-8
1571	1.3685670675597912e-8
1572	1.371412551482759e-8
1573	1.3761735379268756e-8
1574	1.3798551507589692e-8
1575	1.3842239005936598e-8
1576	1.3887933794565452e-8
1577	1.3909824526513781e-8
1578	1.3967578702395476e-8
1579	1.4032447121483088e-8
1580	1.4057033639652721e-8
1581	1.410136056534411e-8
1582	1.4146975153381033e-8
1583	1.4182243046520474e-8
1584	1.4212538541022456e-8
1585	1.428524699878346e-8
1586	1.4313392393267241e-8
1587	1.4322403778107708e-8
1588	1.4398793652750453e-8
1589	1.4423593292047585e-8
1590	1.4673544693835537e-8
1591	1.4513337730057106e-8
1592	1.4555384436095884e-8
1593	1.4611235512222513e-8
1594	1.464593740148272e-8
1595	1.4708870938640708e-8
1596	1.4701406124064915e-8
1597	1.4709358947257157e-8
1598	1.4807986755267318e-8
1599	1.488775743847512e-8
1600	1.4824313404902675e-8
1601	1.483891111679087e-8
1602	1.4907389518420713e-8
1603	1.493847082098451e-8
1604	1.4990127765773114e-8
1605	1.5019749935019832e-8
1606	1.5220952603131804e-8
1607	1.5263962316061098e-8
1608	1.529987305733091e-8
1609	1.532407750259094e-8
1610	1.5368780865298815e-8
1611	1.5454059972625983e-8
1612	1.5473329528512922e-8
1613	1.5518985735378864e-8
1614	1.5558440835076234e-8
1615	1.5568632536429063e-8
1616	1.566823806952488e-8
1617	1.5731045969776685e-8
1618	1.5761928096587914e-8
1619	1.5818356246448882e-8
1620	1.585428431128907e-8
1621	1.5921884004170378e-8
1622	1.600978529853901e-8
1623	1.604625045556196e-8
1624	1.609180702968279e-8
1625	1.6090716748920718e-8
1626	1.6108223009966563e-8
1627	1.6181924508773875e-8
1628	1.6171897071400117e-8
1629	1.5961127675494797e-8
1630	1.6287031187039157e-8
1631	1.6232674882643823e-8
1632	1.6520611030062643e-8
1633	1.6793452338772335e-8
1634	1.6550555565956777e-8
1635	1.663753623024072e-8
1636	1.6671764914716256e-8
1637	1.671554057648078e-8
1638	1.673730046542416e-8
1639	1.6779929940545546e-8
1640	1.6861843353223918e-8
1641	1.6904016525427235e-8
1642	1.694656235531658e-8
1643	1.698637762438641e-8
1644	1.7018378333313535e-8
1645	1.711905521660622e-8
1646	1.711951639515384e-8
1647	1.7216371915648518e-8
1648	1.7380393745911167e-8
1649	1.7403871341192303e-8
1650	1.7395993435274254e-8
1651	1.7435543696133847e-8
1652	1.7568421143000097e-8
1653	1.754436514479672e-8
1654	1.7662116256448635e-8
1655	1.7694537821181282e-8
1656	1.772550773758256e-8
1657	1.783898948610341e-8
1658	1.785446860729387e-8
1659	1.7859091530902633e-8
1660	1.7948761197741334e-8
1661	1.7939285624968302e-8
1662	1.8049391114859892e-8
1663	1.8151867382745542e-8
1664	1.8177041671869863e-8
1665	1.8175156310474718e-8
1666	1.831462315635469e-8
1667	1.829001388881702e-8
1668	1.8372159619866435e-8
1669	1.8560487473660416e-8
1670	1.8538206333694545e-8
1671	1.8600903791029406e-8
1672	1.8689027205705175e-8
1673	1.8736123120628665e-8
1674	1.874629607041964e-8
1675	1.8850438761018324e-8
1676	1.886842789527653e-8
1677	1.901203935481148e-8
1678	1.9033050716505834e-8
1679	1.9142856669763237e-8
1680	1.9145753117107545e-8
1681	1.9196827702305458e-8
1682	1.927576698306305e-8
1683	1.946077795313071e-8
1684	1.93858894431598e-8
1685	1.947459529954488e-8
1686	1.9533123847448053e-8
1687	1.9557631659931122e-8
1688	1.9637556230555325e-8
1689	1.9740072757534278e-8
1690	1.9799657399799215e-8
1691	1.9881493320254845e-8
1692	1.9779911345123452e-8
1693	2.0010157118294185e-8
1694	2.0096075803070992e-8
1695	2.0170106399299972e-8
1696	2.0224791751176022e-8
1697	2.0279731561159527e-8
1698	2.053380733499507e-8
1699	2.062039021731141e-8
1700	2.048673617540645e-8
1701	2.0602942532951268e-8
1702	2.0659375786596958e-8
1703	2.0823986751985617e-8
1704	2.0831212683178187e-8
1705	2.0860369956129055e-8
1706	2.0924245782197113e-8
1707	2.0992085097385003e-8
1708	2.110712830958247e-8
1709	2.106377274893046e-8
1710	2.1195957390851756e-8
1711	2.1161898546966846e-8
1712	2.127387136730441e-8
1713	2.138272847682097e-8
1714	2.150171379910715e-8
1715	2.1575108947153387e-8
1716	2.168186909019124e-8
1717	2.1790065081289576e-8
1718	2.1546242952977543e-8
1719	2.21330703695699e-8
1720	2.1979846587453185e-8
1721	2.212860956199478e-8
1722	2.2194095132371176e-8
1723	2.2260689722969567e-8
1724	2.2393706397469417e-8
1725	2.2367306214032334e-8
1726	2.2437477437251193e-8
1727	2.2584400954486734e-8
1728	2.2635999884210767e-8
1729	2.2806375897243885e-8
1730	2.2900898008315668e-8
1731	2.2956293940130396e-8
1732	2.273138103077269e-8
1733	2.3008227947530848e-8
1734	2.3257310464452723e-8
1735	2.3278173532916457e-8
1736	2.3303468566944887e-8
1737	2.3416918018119293e-8
1738	2.357929896775519e-8
1739	2.3715499033000223e-8
1740	2.379352890251859e-8
1741	2.3558647277477438e-8
1742	2.3897125373448937e-8
1743	2.441418625305527e-8
1744	2.417819120324062e-8
1745	2.4258440496622814e-8
1746	2.442314351615e-8
1747	2.4468831366777424e-8
1748	2.4536383074031303e-8
1749	2.4651731462944737e-8
1750	2.4759767442016934e-8
1751	2.4906046676359107e-8
1752	2.4948852900604704e-8
1753	2.511651104069393e-8
1754	2.524268867612949e-8
1755	2.5308120810984607e-8
1756	2.5432940933934724e-8
1757	2.5504374588662125e-8
1758	2.564136318046475e-8
1759	2.5750556747275042e-8
1760	2.5799949256854724e-8
1761	2.5928601572898386e-8
1762	2.603882689578579e-8
1763	2.62360034664458e-8
1764	2.6314286645443624e-8
1765	2.6468185994341475e-8
1766	2.6558856967352466e-8
1767	2.65978489266059e-8
1768	2.679596375672926e-8
1769	2.6901101529195824e-8
1770	2.70531884151016e-8
1771	2.6993040679703556e-8
1772	2.726742596082592e-8
1773	2.7417615112242944e-8
1774	2.754562332068104e-8
1775	2.769991899813272e-8
1776	2.7828782905879573e-8
1777	2.8051219276187313e-8
1778	2.811560042847571e-8
1779	2.8234333049262397e-8
1780	2.8391381439475972e-8
1781	2.850906980576093e-8
1782	2.8636666650107594e-8
1783	2.882230398351544e-8
1784	2.8946710561243645e-8
1785	2.9095015906000418e-8
1786	2.920288390921458e-8
1787	2.9359322523412878e-8
1788	2.9565690091268206e-8
1789	2.964998351280925e-8
1790	2.9809319902000043e-8
1791	2.995603365403791e-8
1792	3.014309885831315e-8
1793	3.029166875638682e-8
1794	3.044178572996927e-8
1795	3.0595768941916285e-8
1796	3.0722503390640525e-8
1797	3.088430130431477e-8
1798	3.1021883569008984e-8
1799	3.1197499963374605e-8
1800	3.13489107515937e-8
1801	3.1496211869422533e-8
1802	3.1649926530186124e-8
1803	3.18218614161858e-8
1804	3.1944632316290594e-8
1805	3.2126832502073174e-8
1806	3.226298681555489e-8
1807	3.241728252141582e-8
1808	3.256912125409717e-8
1809	3.270974779664602e-8
1810	3.2847941140103526e-8
1811	3.297432273092027e-8
1812	3.3106656605671415e-8
1813	3.32529571772702e-8
1814	3.3360184604490755e-8
1815	3.3468135148832343e-8
1816	3.357838231858611e-8
1817	3.3654440155404466e-8
1818	3.3752328371704324e-8
1819	3.380446528898509e-8
1820	3.3855538028772955e-8
1821	3.3875331422434283e-8
1822	3.387699541516102e-8
1823	3.386485900745111e-8
1824	3.381148619520714e-8
1825	3.371574971660729e-8
1826	3.359441416503239e-8
1827	3.34172036476355e-8
1828	3.317673194603976e-8
1829	3.2874815716223974e-8
1830	3.24956243322051e-8
1831	3.2025732366395046e-8
1832	3.1449635105108106e-8
1833	3.0748072589516715e-8
1834	2.9899303353141855e-8
1835	2.8877403821518734e-8
1836	2.7652241125396818e-8
1837	2.618933338025889e-8
1838	2.445112770866855e-8
1839	2.2398985653352507e-8
1840	1.999883402363639e-8
1841	1.7232323217242565e-8
1842	1.4117530269509559e-8
1843	1.0742887516007352e-8
1844	7.312301315220259e-9
1845	4.176818499083691e-9
1846	1.782862746001644e-9
1847	4.47468305023807e-10
1848	3.540219092933928e-11
1849	7.082546646000257e-14
1850	0.
1851	0.
1852	0.
1853	0.
1854	0.
1855	0.
1856	1.1686225854308177e-6
1857	1.7121126666785455e-6
1858	1.5377222053797762e-6
1859	1.3521710467032556e-6
1860	1.1985208855972881e-6
1861	1.075488660212501e-6
1862	9.75867242204793e-7
1863	8.93679134476521e-7
1864	8.253031949620131e-7
1865	7.673374694112674e-7
1866	7.177511463237374e-7
1867	6.747088963449057e-7
1868	6.370659549310281e-7
1869	6.038174674134749e-7
1870	5.739765695097417e-7
1871	5.468338244235921e-7
1872	5.236825535375622e-7
1873	5.011436046728418e-7
1874	4.817093902663289e-7
1875	4.642541419826208e-7
1876	4.4723016516138575e-7
1877	4.3292219322418607e-7
1878	4.1824564132497287e-7
1879	4.0439213317135253e-7
1880	3.930803727269671e-7
1881	3.8107253605381936e-7
1882	3.7154197460587395e-7
1883	3.631405822607444e-7
1884	3.51800581197425e-7
1885	3.437255841140095e-7
1886	3.3541395659219463e-7
1887	3.277342983421917e-7
1888	3.197710121434628e-7
1889	3.132230565655595e-7
1890	3.0436431858304544e-7
1891	2.9826706509851547e-7
1892	2.9398423773404707e-7
1893	2.890657592985656e-7
1894	2.825249315633564e-7
1895	2.7884354204952603e-7
1896	2.707253954478948e-7
1897	2.669625215317627e-7
1898	2.6297818857933923e-7
1899	2.585604233325798e-7
1900	2.5444062851985514e-7
1901	2.5067435918447477e-7
1902	2.455435054971652e-7
1903	2.4203931115572754e-7
1904	2.3921588063277224e-7
1905	2.328222438781632e-7
1906	2.3059229294880944e-7
1907	2.2815749805847648e-7
1908	2.2477653294390662e-7
1909	2.242854401596197e-7
1910	2.1707475480193285e-7
1911	2.2409244126771033e-7
1912	2.1375848801715072e-7
1913	2.0961179497410055e-7
1914	1.9470401886251545e-7
1915	2.0511640545768325e-7
1916	2.031826269637621e-7
1917	2.0236363540253539e-7
1918	1.9819475186999022e-7
1919	1.9566218542932638e-7
1920	1.9481893535581236e-7
1921	1.9059053274211072e-7
1922	1.8920218840690973e-7
1923	1.8702165528021172e-7
1924	1.8932073335677977e-7
1925	1.829626201199316e-7
1926	1.8102367149931527e-7
1927	1.7960700025513257e-7
1928	1.76501099356064e-7
1929	1.749435852891448e-7
1930	1.7735122532512564e-7
1931	1.7160113288950318e-7
1932	1.703274758840969e-7
1933	1.6383398758474876e-7
1934	1.658150404044576e-7
1935	1.5603198834859438e-7
1936	1.572515744357947e-7
1937	1.6115694809919588e-7
1938	1.5540646398648347e-7
1939	1.559408793632421e-7
1940	1.5735604817488156e-7
1941	1.5717833435341942e-7
1942	1.5309944253484342e-7
1943	1.5447755121303445e-7
1944	1.5674544062434616e-7
1945	1.5318378837141958e-7
1946	1.5387785052882298e-7
1947	1.5094510543601253e-7
1948	1.5192052704667157e-7
1949	1.502372677325766e-7
1950	1.5497015394754308e-7
1951	1.4479014894939227e-7
1952	1.4280398528975257e-7
1953	1.4231697387003137e-7
1954	1.400088622876633e-7
1955	1.4043319791846157e-7
1956	1.3976385536796417e-7
1957	1.316813585977454e-7
1958	1.4417342596224257e-7
1959	1.3478516721452853e-7
1960	1.3783690704309714e-7
1961	1.358700422372855e-7
1962	1.36078440712436e-7
1963	1.431691497028014e-7
1964	1.311425054580152e-7
1965	1.2971160935303394e-7
1966	1.2794673565658057e-7
1967	1.2804794819989756e-7
1968	1.249755520452139e-7
1969	1.2690022229968655e-7
1970	1.2748993535572918e-7
1971	1.3028403129848974e-7
1972	1.2428939559938782e-7
1973	1.2509156439187447e-7
1974	1.22943881300948e-7
1975	1.1518960909533671e-7
1976	1.1590897577289598e-7
1977	1.1718995636333733e-7
1978	1.1576501709856676e-7
1979	1.1713249844905192e-7
1980	1.1508353656814814e-7
1981	1.1247244335592057e-7
1982	1.165040129129986e-7
1983	1.1814340868964972e-7
1984	1.1790632984614348e-7
1985	1.130029248810634e-7
1986	1.1360314652642926e-7
1987	1.0979068270989601e-7
1988	1.1340740872498792e-7
1989	1.1257358396644352e-7
1990	1.0863312243926583e-7
1991	1.1156961613080917e-7
1992	1.1139697118150867e-7
1993	1.100371178563723e-7
1994	1.0968808033031955e-7
1995	1.114183920345789e-7
1996	1.0968933172026621e-7
1997	1.0742297623633753e-7
1998	1.0446725884645678e-7
1999	1.0707110009943632e-7
2000	1.0308930213272562e-7
2001	1.0465788887121714e-7