1	1.241878454054068e-13
2	2.4837806219706685e-13
3	3.725750196000103e-13
4	4.967816889409573e-13
5	6.210013148375984e-13
6	7.452105936570595e-13
7	8.694810215222738e-13
8	9.937341489320115e-13
9	1.1180380151252362e-12
10	1.24235928565326e-12
11	1.3667180229483004e-12
12	1.4911258746221044e-12
13	1.6155234764580308e-12
14	1.7399790606800909e-12
15	1.864478092342766e-12
16	1.989025483300478e-12
17	2.1137026079832962e-12
18	2.238345159047892e-12
19	2.363010062257632e-12
20	2.4876724821547806e-12
21	2.61281735075436e-12
22	2.737531992049162e-12
23	2.8624050325710845e-12
24	2.9874740373860586e-12
25	3.1127731470749355e-12
26	3.237718872384252e-12
27	3.363051693938473e-12
28	3.488258864586641e-12
29	3.6139013856774022e-12
30	3.739220162742111e-12
31	3.865052635479016e-12
32	3.990488801489775e-12
33	4.116154837262405e-12
34	4.241791676558648e-12
35	4.3679693025626564e-12
36	4.493974575323208e-12
37	4.620286958864914e-12
38	4.746806188454904e-12
39	4.873318153885318e-12
40	4.99963942981801e-12
41	5.126571439561812e-12
42	5.253293045137701e-12
43	5.380030996610725e-12
44	5.507196504195807e-12
45	5.634111259832325e-12
46	5.761754615918952e-12
47	5.889375951921046e-12
48	6.015683272943575e-12
49	6.144611986259789e-12
50	6.272488912744904e-12
51	6.400995755568875e-12
52	6.529160044584733e-12
53	6.657590795923614e-12
54	6.7866840467682314e-12
55	6.91540931745657e-12
56	7.044284215462938e-12
57	7.172742660417476e-12
58	7.300461665002179e-12
59	7.431681141189586e-12
60	7.561485418129504e-12
61	7.690790126547742e-12
62	7.82070144775983e-12
63	7.950637156908149e-12
64	8.080911472452456e-12
65	8.2110130802587e-12
66	8.343180052290794e-12
67	8.473388889438497e-12
68	8.60360050249976e-12
69	8.734750347063904e-12
70	8.866153367435449e-12
71	8.997145230111439e-12
72	9.131624699308719e-12
73	9.263360545559362e-12
74	9.39543663887555e-12
75	9.527653877598669e-12
76	9.661274927582423e-12
77	9.793714044996688e-12
78	9.928021764930473e-12
79	1.0061407583105138e-11
80	1.0195804062780187e-11
81	1.0329568951448647e-11
82	1.0463960011441013e-11
83	1.0598924010651568e-11
84	1.0731487815377881e-11
85	1.086929956609743e-11
86	1.100408765244975e-11
87	1.1139776724886653e-11
88	1.1276544110087497e-11
89	1.1413132905770465e-11
90	1.1548960405272561e-11
91	1.1685140678800823e-11
92	1.182234205698133e-11
93	1.1960324263038326e-11
94	1.2100205861167465e-11
95	1.223828600231104e-11
96	1.2376551118842838e-11
97	1.2510530091156893e-11
98	1.265147714518687e-11
99	1.2790545468892833e-11
100	1.2928964697718197e-11
101	1.3069539655442077e-11
102	1.320980501179837e-11
103	1.3350362716577285e-11
104	1.3488808923668346e-11
105	1.3630027978090608e-11
106	1.3774555554511161e-11
107	1.3918807609885163e-11
108	1.4059537887227615e-11
109	1.4200666490470088e-11
110	1.434481974632481e-11
111	1.448651871716177e-11
112	1.463282775914087e-11
113	1.477637864949084e-11
114	1.4920638587723818e-11
115	1.5064706120452257e-11
116	1.520949279671527e-11
117	1.5352997620136968e-11
118	1.5491647798358907e-11
119	1.5640139668742764e-11
120	1.578598303687862e-11
121	1.59334508916475e-11
122	1.6087499374993506e-11
123	1.6236038094599323e-11
124	1.6382996253004842e-11
125	1.6529205228939424e-11
126	1.668024959462929e-11
127	1.682306089843977e-11
128	1.6973783726120997e-11
129	1.7122502314696235e-11
130	1.7278311619863907e-11
131	1.7429555550503648e-11
132	1.757999373504586e-11
133	1.773138483531049e-11
134	1.7884180536349405e-11
135	1.8037191539810323e-11
136	1.8193733014446713e-11
137	1.8343279210243505e-11
138	1.8499991823875644e-11
139	1.865126078948891e-11
140	1.8807110569783645e-11
141	1.8961213258080698e-11
142	1.9118861631017938e-11
143	1.9272692888446082e-11
144	1.943687346501385e-11
145	1.959033085280919e-11
146	1.9746387865472065e-11
147	1.99033285946187e-11
148	2.005868338706868e-11
149	2.0213378098141256e-11
150	2.0383441456495626e-11
151	2.0546877480875242e-11
152	2.0701593215675673e-11
153	2.086367377633015e-11
154	2.102594212837878e-11
155	2.1184133145611223e-11
156	2.1347681118013973e-11
157	2.150981700882793e-11
158	2.1673453255977055e-11
159	2.1842156610430382e-11
160	2.2004636704088547e-11
161	2.216952718643009e-11
162	2.23342547818709e-11
163	2.2500212826708172e-11
164	2.266940834517686e-11
165	2.2834074317482084e-11
166	2.300263619440607e-11
167	2.3171904570698287e-11
168	2.334874202289815e-11
169	2.3515555645098785e-11
170	2.3678128752460798e-11
171	2.3853363365464993e-11
172	2.403016594135246e-11
173	2.42000272968609e-11
174	2.4370107997417248e-11
175	2.4550757723021367e-11
176	2.472638694214243e-11
177	2.4894459866390892e-11
178	2.5071506381349162e-11
179	2.523991193086027e-11
180	2.5433751178952228e-11
181	2.5595452452997112e-11
182	2.577171558503519e-11
183	2.595820804419756e-11
184	2.613137938434548e-11
185	2.6310876966686997e-11
186	2.6490651643321228e-11
187	2.6667329373123822e-11
188	2.6848745978528194e-11
189	2.70346808532138e-11
190	2.720710212318877e-11
191	2.7446908631607988e-11
192	2.7613945959569633e-11
193	2.7775792268500856e-11
194	2.7953340771189174e-11
195	2.812676596696441e-11
196	2.8322646445845802e-11
197	2.8506421585208087e-11
198	2.870416536328318e-11
199	2.8864208841351328e-11
200	2.9064405911888526e-11
201	2.9252764511773616e-11
202	2.941863765408274e-11
203	2.9628253917613915e-11
204	2.98168888002234e-11
205	3.0023517296346383e-11
206	3.023239334135946e-11
207	3.0332839889593514e-11
208	3.057261577600275e-11
209	3.078166697652896e-11
210	3.100745555127552e-11
211	3.1197482035947344e-11
212	3.1393724366666546e-11
213	3.1582820750904474e-11
214	3.180829135894048e-11
215	3.19777766770296e-11
216	3.220573279769922e-11
217	3.240456052477731e-11
218	3.260711337728027e-11
219	3.280553555322385e-11
220	3.342195625170263e-11
221	3.321225825888809e-11
222	3.342541367682673e-11
223	3.363483120019728e-11
224	3.385442075158987e-11
225	3.406156809742476e-11
226	3.426499367275571e-11
227	3.447430292058443e-11
228	3.468632567520371e-11
229	3.491228943197623e-11
230	3.510685281192716e-11
231	3.532663701967166e-11
232	3.552436703025912e-11
233	3.575829691602832e-11
234	3.597703160548954e-11
235	3.620374426223353e-11
236	3.642079529977309e-11
237	3.661410155587535e-11
238	3.682988164345486e-11
239	3.705848146530372e-11
240	3.728047492547103e-11
241	3.750873644473972e-11
242	3.7732918794621084e-11
243	3.794768780687438e-11
244	3.8168658170836245e-11
245	3.839037364835951e-11
246	3.863408606067284e-11
247	3.886369278937393e-11
248	3.913462015954563e-11
249	3.93363863542704e-11
250	3.956399146459144e-11
251	3.9791004335172625e-11
252	4.0005827869715313e-11
253	4.024806855915388e-11
254	4.048948875383338e-11
255	4.0732241363386976e-11
256	4.0934080308657926e-11
257	4.1193901538188016e-11
258	4.142908779075441e-11
259	4.165097225131583e-11
260	4.191459473487485e-11
261	4.214774485843564e-11
262	4.2406843639946154e-11
263	4.265155213355717e-11
264	4.290629684569212e-11
265	4.3152646795964086e-11
266	4.3398810696002807e-11
267	4.364020618922426e-11
268	4.3881630617039855e-11
269	4.410802074047202e-11
270	4.4370341428609574e-11
271	4.465483717716125e-11
272	4.487522908424854e-11
273	4.5136066472696e-11
274	4.538845579060111e-11
275	4.5635431077992665e-11
276	4.589885118898445e-11
277	4.615860576837315e-11
278	4.642084010420619e-11
279	4.6683895335110854e-11
280	4.6945469611619386e-11
281	4.7207279079983865e-11
282	4.7487922685029177e-11
283	4.77341495446424e-11
284	4.7981529002340465e-11
285	4.826959329068088e-11
286	4.8500626653544836e-11
287	4.876720845352726e-11
288	4.905011466229251e-11
289	4.932305750989219e-11
290	4.9602945691932766e-11
291	4.9937230323917066e-11
292	5.0183940204030555e-11
293	5.04375789384459e-11
294	5.0713544889028076e-11
295	5.101568583523372e-11
296	5.1294735791415e-11
297	5.1613606576758284e-11
298	5.1872577421412e-11
299	5.2147926425214954e-11
300	5.2444552489195253e-11
301	5.275397941589457e-11
302	5.299777292989626e-11
303	5.324749947296819e-11
304	5.3548410195000435e-11
305	5.3867462099380115e-11
306	5.415737152427036e-11
307	5.448111194363562e-11
308	5.4726381410164873e-11
309	5.5025502961275654e-11
310	5.533733452278404e-11
311	5.571311983022124e-11
312	5.608723303544256e-11
313	5.6285401062106596e-11
314	5.659261357983674e-11
315	5.689508909769295e-11
316	5.720795788667728e-11
317	5.7509003592154157e-11
318	5.781653832350982e-11
319	5.814080127659077e-11
320	5.848354210734976e-11
321	5.874510909060351e-11
322	5.90831158843436e-11
323	5.938937801526401e-11
324	5.96804428302129e-11
325	6.002153746274649e-11
326	6.034985744034125e-11
327	6.064916261221525e-11
328	6.090599255594569e-11
329	6.130863632451676e-11
330	6.161645024172294e-11
331	6.194752593413303e-11
332	6.226931568505734e-11
333	6.269031108333095e-11
334	6.29767621297075e-11
335	6.327973866694625e-11
336	6.354451529517995e-11
337	6.39168547642285e-11
338	6.428738067655142e-11
339	6.464946333380274e-11
340	6.499859910907544e-11
341	6.521024805297332e-11
342	6.556860928333997e-11
343	6.598844746578488e-11
344	6.638742963172815e-11
345	6.674681333242524e-11
346	6.709802912400438e-11
347	6.741476390106884e-11
348	6.778664915812283e-11
349	6.814415176471918e-11
350	6.850242461778604e-11
351	6.877118765665412e-11
352	6.916030729931032e-11
353	6.956073996087087e-11
354	6.990840334189617e-11
355	7.026964950481262e-11
356	7.064534350355072e-11
357	7.100873246075176e-11
358	7.141636152351767e-11
359	7.184200659843425e-11
360	7.221040301793026e-11
361	7.256565882265141e-11
362	7.28862804671393e-11
363	7.413148301712856e-11
364	7.367644802360244e-11
365	7.403858965215918e-11
366	7.453205192216876e-11
367	7.486677428471629e-11
368	7.52793545208128e-11
369	7.566302305625236e-11
370	7.604319634309252e-11
371	7.642515986733838e-11
372	7.669822483962018e-11
373	7.708865270083208e-11
374	7.752510139464566e-11
375	7.801729934793687e-11
376	7.834507122560338e-11
377	7.892010695047639e-11
378	7.920557437252016e-11
379	7.972705373783496e-11
380	8.016008331173876e-11
381	8.04738742099087e-11
382	8.093445056364843e-11
383	8.127552896023019e-11
384	8.168720313843598e-11
385	8.210730203181058e-11
386	8.24969716780934e-11
387	8.294365770989006e-11
388	8.342270903329458e-11
389	8.382284786430366e-11
390	8.422191515219738e-11
391	8.465854942471836e-11
392	8.503031454328225e-11
393	8.548838836878118e-11
394	8.596080083203129e-11
395	8.642878547821611e-11
396	8.688911576191132e-11
397	8.73075658889348e-11
398	8.77992711947872e-11
399	8.813869164380706e-11
400	8.870803854364135e-11
401	8.911364492827634e-11
402	8.965136051155538e-11
403	8.996877369402137e-11
404	9.04403573001469e-11
405	9.096852964454488e-11
406	9.143427383546098e-11
407	9.192618452439907e-11
408	9.237998014829038e-11
409	9.287546277155635e-11
410	9.333551527613036e-11
411	9.375135385917686e-11
412	9.419697294094022e-11
413	9.462255435847121e-11
414	9.513914323074287e-11
415	9.558901426893357e-11
416	9.609264938867061e-11
417	9.660941124992508e-11
418	9.833217332866087e-11
419	9.885463542191025e-11
420	9.937237251091658e-11
421	9.863933147520861e-11
422	1.0040319362356358e-10
423	1.0090454775159492e-10
424	1.0018283346042598e-10
425	1.0070981280490017e-10
426	1.012438335512876e-10
427	1.0176118269102696e-10
428	1.0229926720028494e-10
429	1.0269162818878254e-10
430	1.0327393031247333e-10
431	1.037848442163686e-10
432	1.0446686744970202e-10
433	1.062654543148636e-10
434	1.0546244931201003e-10
435	1.060109768992762e-10
436	1.0662795396655031e-10
437	1.0713183453422415e-10
438	1.0777706834088787e-10
439	1.0826017136759366e-10
440	1.0855029061947346e-10
441	1.0919217105407668e-10
442	1.0979035636908444e-10
443	1.1032982756073938e-10
444	1.109170002194128e-10
445	1.115321862232986e-10
446	1.1196678153159546e-10
447	1.1252276777318241e-10
448	1.1320383453700427e-10
449	1.1374111161633114e-10
450	1.1426566269088208e-10
451	1.1488425011129531e-10
452	1.1684613121612967e-10
453	1.173384689321435e-10
454	1.1798325957273543e-10
455	1.171429709509886e-10
456	1.1769734881434648e-10
457	1.1832881731358198e-10
458	1.1890797948504807e-10
459	1.196098375627248e-10
460	1.2015357901806795e-10
461	1.207848550257804e-10
462	1.2138407495798063e-10
463	1.220893602026707e-10
464	1.2265806072237402e-10
465	1.233216169571411e-10
466	1.2353439708937545e-10
467	1.2446582874465128e-10
468	1.2509414269450576e-10
469	1.2567612447631837e-10
470	1.262166487746943e-10
471	1.2704081083856298e-10
472	1.277493036098535e-10
473	1.2825134519169023e-10
474	1.2893898160986568e-10
475	1.2961640422240788e-10
476	1.3044403176957283e-10
477	1.3078971919328755e-10
478	1.3147177743497985e-10
479	1.3219180664536712e-10
480	1.345372290164199e-10
481	1.3356714280667302e-10
482	1.3423879652461133e-10
483	1.3482974329552444e-10
484	1.356042438721902e-10
485	1.3632115912162422e-10
486	1.3695414136404357e-10
487	1.3763755939617254e-10
488	1.3811367465817535e-10
489	1.3891727636172595e-10
490	1.395630849018353e-10
491	1.4026003137846298e-10
492	1.4083613042171974e-10
493	1.4155379810463463e-10
494	1.4254485878017885e-10
495	1.4332215786350503e-10
496	1.4382029403311693e-10
497	1.444884747238717e-10
498	1.470988067418753e-10
499	1.4598568591151508e-10
500	1.4673522023956878e-10
501	1.473440001810917e-10
502	1.4763030548225904e-10
503	1.4876357902849362e-10
504	1.496698121451744e-10
505	1.5251666086301536e-10
506	1.5118187492678445e-10
507	1.5198617352992446e-10
508	1.52718904675252e-10
509	1.5535968807028315e-10
510	1.5425616713841087e-10
511	1.5503078493596998e-10
512	1.559954060858259e-10
513	1.5654569815052984e-10
514	1.5720195951502543e-10
515	1.5796222043020946e-10
516	1.6094153819345548e-10
517	1.5946133221166624e-10
518	1.6045691765145235e-10
519	1.6132496633666037e-10
520	1.6204590426738777e-10
521	1.6297933237880105e-10
522	1.63686206407408e-10
523	1.6430234379436399e-10
524	1.6521937218476053e-10
525	1.6622773426853767e-10
526	1.670102488434336e-10
527	1.6783704769373973e-10
528	1.6868845900612218e-10
529	1.6953163035749596e-10
530	1.7039120452035246e-10
531	1.711524665880794e-10
532	1.7210292956872496e-10
533	1.7277025502591615e-10
534	1.7363258010159912e-10
535	1.7457751954725737e-10
536	1.7469118104528273e-10
537	1.7633877342697806e-10
538	1.7714676116912865e-10
539	1.779819990683203e-10
540	1.7877345778774004e-10
541	1.7988432139461474e-10
542	1.8085980962729091e-10
543	1.8367287231442115e-10
544	1.825312324061392e-10
545	1.8336700885673328e-10
546	1.8463512322884583e-10
547	1.85193302421014e-10
548	1.863412266687511e-10
549	1.8695478337876294e-10
550	1.8752108038552814e-10
551	1.8858575603153745e-10
552	1.8962886563371259e-10
553	1.9085658179478464e-10
554	1.9183875989368673e-10
555	1.92636359498774e-10
556	1.9341950030277745e-10
557	1.9415406672630367e-10
558	1.94770437719332e-10
559	1.988285816972002e-10
560	1.9997627095656057e-10
561	1.9795932729842483e-10
562	1.9907194597561328e-10
563	2.0017576723564863e-10
564	2.0107823073760563e-10
565	2.0214150897843873e-10
566	2.0303588224504253e-10
567	2.0416540179894277e-10
568	2.053356131638274e-10
569	2.0620492864155156e-10
570	2.0681549890122045e-10
571	2.0783274620873054e-10
572	2.0905614075964927e-10
573	2.104450213252879e-10
574	2.1038895237508236e-10
575	2.120032314746906e-10
576	2.1289843043317365e-10
577	2.1715503320323716e-10
578	2.1510382968460838e-10
579	2.1599364019517275e-10
580	2.173390831844559e-10
581	2.1828679834842936e-10
582	2.1931815433012575e-10
583	2.2054953917401117e-10
584	2.216357170927596e-10
585	2.2336430004852685e-10
586	2.2766584271325917e-10
587	2.2882172766117207e-10
588	2.261581774249513e-10
589	2.2728496908484023e-10
590	2.2840256074270077e-10
591	2.2966266726112247e-10
592	2.3090156684748452e-10
593	2.3207822823595691e-10
594	2.329082092097901e-10
595	2.3398258072862713e-10
596	2.351171279022475e-10
597	2.36555738352076e-10
598	2.376252554793758e-10
599	2.3880693653818145e-10
600	2.40017112455899e-10
601	2.409294206747379e-10
602	2.425013402280792e-10
603	2.4338551727474943e-10
604	2.4507153214066283e-10
605	2.461481811687348e-10
606	2.4760299118760713e-10
607	2.4864088626919077e-10
608	2.497614181587636e-10
609	2.507398376157949e-10
610	2.5277722922049683e-10
611	2.543769535950388e-10
612	2.54857568707224e-10
613	2.561270560820737e-10
614	2.5722971727516666e-10
615	2.5839458866732926e-10
616	2.597963377473392e-10
617	2.617813792118302e-10
618	2.628907388853254e-10
619	2.642773263269124e-10
620	2.648013947670819e-10
621	2.664066531525934e-10
622	2.680515561943091e-10
623	2.687575925392142e-10
624	2.7122932751488595e-10
625	2.7202314494718515e-10
626	2.734933930262144e-10
627	2.7476252786752444e-10
628	2.762348115359872e-10
629	2.77688761616461e-10
630	2.782448901832866e-10
631	2.79657492770047e-10
632	2.808733480133372e-10
633	2.829235531050619e-10
634	2.837538262533088e-10
635	2.848600713055033e-10
636	2.864811117221053e-10
637	2.8818020486416274e-10
638	2.8929936805381924e-10
639	2.9083556790235254e-10
640	2.9246866004473553e-10
641	2.936755579302456e-10
642	2.9492137647361676e-10
643	2.9640738242505127e-10
644	2.980485149345136e-10
645	2.9938695971341954e-10
646	3.00740798188835e-10
647	3.019921284667342e-10
648	3.0343638056165697e-10
649	3.0513083737880974e-10
650	3.0647505860816913e-10
651	3.081536885282429e-10
652	3.0953410965541297e-10
653	3.1110830683530194e-10
654	3.1291748549723787e-10
655	3.142712514491426e-10
656	3.1601482970478047e-10
657	3.177407680548698e-10
658	3.1901730614213386e-10
659	3.2094362213423385e-10
660	3.2225978132967193e-10
661	3.2376568395020453e-10
662	3.2540821871086005e-10
663	3.2670098529959806e-10
664	3.284034879212838e-10
665	3.2870136125374723e-10
666	3.315860138829926e-10
667	3.331294429988386e-10
668	3.3504811998874946e-10
669	3.367971154995997e-10
670	3.3881787863980994e-10
671	3.406181211715115e-10
672	3.4187366145002243e-10
673	3.4360237924060527e-10
674	3.4492812174281063e-10
675	3.456537730904099e-10
676	3.4806227716428466e-10
677	3.4920744767446224e-10
678	3.5089550432918913e-10
679	3.528575275583401e-10
680	3.549876648486384e-10
681	3.5635253465058706e-10
682	3.593317831471056e-10
683	3.601381223266317e-10
684	3.619462000583681e-10
685	3.639274165731855e-10
686	3.6560705071904436e-10
687	3.6738998068481944e-10
688	3.689130024795181e-10
689	3.710554825840824e-10
690	3.732332988532777e-10
691	3.7426195078664345e-10
692	3.76244885827213e-10
693	3.7801961813786214e-10
694	3.801023382184923e-10
695	3.821762993083944e-10
696	3.844464473557014e-10
697	3.8595650356162424e-10
698	3.8821856532573266e-10
699	3.8954356510570473e-10
700	3.91382526853264e-10
701	3.9377613383526317e-10
702	3.951310923583108e-10
703	3.970732272552682e-10
704	3.9932733617974435e-10
705	4.0106515558247884e-10
706	4.0275828829102014e-10
707	4.04340365591857e-10
708	4.0672118905868666e-10
709	4.0873794464349697e-10
710	4.1024271369672604e-10
711	4.1245993105586135e-10
712	4.1186536948355976e-10
713	4.1672556895029476e-10
714	4.181210167763963e-10
715	4.201351945745174e-10
716	4.2191822109887533e-10
717	4.243109903250207e-10
718	4.267126969084578e-10
719	4.2893307394349497e-10
720	4.307914835944991e-10
721	4.329434002862049e-10
722	4.3561174580115206e-10
723	4.3766036116173145e-10
724	4.403429283826212e-10
725	4.4220355687922267e-10
726	4.4375963049742044e-10
727	4.460282791102331e-10
728	4.476775883915359e-10
729	4.505504392347727e-10
730	4.5235843954898443e-10
731	4.5484544139169187e-10
732	4.5629936374907066e-10
733	4.591398722255561e-10
734	4.612295662182139e-10
735	4.6371422578933337e-10
736	4.6552103682399696e-10
737	4.6787799553137e-10
738	4.711697295700983e-10
739	4.729042629858667e-10
740	4.751916208193466e-10
741	4.76412634457185e-10
742	4.800087601711247e-10
743	4.818503202969531e-10
744	4.84451014530341e-10
745	4.862038418374175e-10
746	4.890390730421219e-10
747	4.909352340254339e-10
748	4.936046508907859e-10
749	4.958197493419143e-10
750	4.983837629316122e-10
751	5.015181534509299e-10
752	5.040946698757912e-10
753	5.056522228798411e-10
754	5.07363318330223e-10
755	5.106672642157908e-10
756	5.127877295286376e-10
757	5.162390071731444e-10
758	5.179568202972789e-10
759	5.198276233358418e-10
760	5.230053317796927e-10
761	5.250420376438409e-10
762	5.277829342334863e-10
763	5.311686820013188e-10
764	5.341004229541092e-10
765	5.367048840568243e-10
766	5.382479693996369e-10
767	5.406464057895077e-10
768	5.427801305401249e-10
769	5.365134681692724e-10
770	5.492684477750635e-10
771	5.516116666816755e-10
772	5.549236967324257e-10
773	5.566963213774058e-10
774	5.594139722595726e-10
775	5.621239438994267e-10
776	5.650480549239528e-10
777	5.675692102657824e-10
778	5.699645406878828e-10
779	5.737526076548947e-10
780	5.76350885021375e-10
781	5.786779982212161e-10
782	5.816483533765609e-10
783	5.842876465848611e-10
784	5.826793706668556e-10
785	5.888472701772018e-10
786	5.914839543071801e-10
787	5.941388811394833e-10
788	5.983552218188185e-10
789	6.01526712960738e-10
790	6.047095040526878e-10
791	6.077078643080564e-10
792	6.101670539351616e-10
793	6.127599435078091e-10
794	6.161196854539664e-10
795	6.193196326606227e-10
796	6.221200238840047e-10
797	6.170966187435433e-10
798	6.278483938278111e-10
799	6.311556139440948e-10
800	6.34164214798272e-10
801	6.371394496211566e-10
802	6.403004330243205e-10
803	6.438651296232891e-10
804	6.471843625776421e-10
805	6.487810004177922e-10
806	6.530555638290417e-10
807	6.548129049156033e-10
808	6.590989262409158e-10
809	6.627878749042782e-10
810	6.655544696146007e-10
811	6.661608513609808e-10
812	6.70800154431255e-10
813	6.747654718832979e-10
814	6.784888505956521e-10
815	6.813778186217893e-10
816	6.851800125957992e-10
817	6.880452158230532e-10
818	6.94026172123041e-10
819	6.970653342241762e-10
820	6.974589162040772e-10
821	7.015171777278437e-10
822	7.05736722341519e-10
823	7.07682112749141e-10
824	7.113002562161645e-10
825	7.133496535562618e-10
826	7.162697733951711e-10
827	7.207433596228505e-10
828	7.250099518175313e-10
829	7.283449043423643e-10
830	7.321595696694487e-10
831	7.346947404168628e-10
832	7.394834467847974e-10
833	7.404852951671701e-10
834	7.456890740442464e-10
835	7.467324936404504e-10
836	7.523106863826876e-10
837	7.580128237495335e-10
838	7.604209867422526e-10
839	7.637333507606942e-10
840	7.686993059468928e-10
841	7.720222668807796e-10
842	7.758981159167744e-10
843	7.81839464378305e-10
844	7.820751422898952e-10
845	7.860807872008216e-10
846	7.901418600202287e-10
847	7.928790336093964e-10
848	7.974972299678868e-10
849	8.01059820527327e-10
850	8.048007995037965e-10
851	8.083287266573609e-10
852	8.120511286157498e-10
853	8.158744947986306e-10
854	8.214982934379948e-10
855	8.247011825386588e-10
856	8.297578905798841e-10
857	8.320665210787402e-10
858	8.362587029721583e-10
859	8.410962145163028e-10
860	8.448270655670763e-10
861	8.479554602595684e-10
862	8.526191435268702e-10
863	8.569121639602405e-10
864	8.596040993829307e-10
865	8.654707046192547e-10
866	8.687784777696501e-10
867	8.736641041770189e-10
868	8.769750363983161e-10
869	8.79842741919831e-10
870	8.849328105016827e-10
871	8.892659539446119e-10
872	8.934005076918253e-10
873	8.979911608574601e-10
874	9.024632756383428e-10
875	9.062242111687518e-10
876	9.108571625360824e-10
877	9.151482163520616e-10
878	9.191737311594389e-10
879	9.23797162805249e-10
880	9.252890183433525e-10
881	9.321150821020277e-10
882	9.35069743108491e-10
883	9.400698304058197e-10
884	9.467377697049862e-10
885	9.510880565488601e-10
886	9.548862631808193e-10
887	9.601469114033828e-10
888	9.640128338948205e-10
889	9.687422789086133e-10
890	9.732188550999003e-10
891	9.782193517157574e-10
892	9.827359705547393e-10
893	9.87972027060245e-10
894	9.922166642876325e-10
895	9.957051577579789e-10
896	1.0005392764239475e-9
897	1.006518421077164e-9
898	1.0109309740374836e-9
899	1.015046962314522e-9
900	1.0196038037472705e-9
901	1.0250623304705589e-9
902	1.0326320683085766e-9
903	1.0348177549760922e-9
904	1.040363067060565e-9
905	1.0462742598333027e-9
906	1.0498665327065778e-9
907	1.055173565897539e-9
908	1.0583211246605779e-9
909	1.06345188553994e-9
910	1.0694937998386032e-9
911	1.0751438064162475e-9
912	1.0788714069893948e-9
913	1.0843904871044552e-9
914	1.0904180313403508e-9
915	1.090116929942144e-9
916	1.0939668634770886e-9
917	1.1050344438045155e-9
918	1.1114291918701671e-9
919	1.1161065648979942e-9
920	1.121670980055516e-9
921	1.1247866540934308e-9
922	1.1304742228683732e-9
923	1.1364935751310576e-9
924	1.1380680898528606e-9
925	1.1474714741851353e-9
926	1.154013958665766e-9
927	1.1575616995213685e-9
928	1.1662771484285088e-9
929	1.1696937402856114e-9
930	1.1752457448700888e-9
931	1.1804903638200548e-9
932	1.187141478965192e-9
933	1.1905452774708093e-9
934	1.1994245750652902e-9
935	1.2022928542461634e-9
936	1.2085586933694906e-9
937	1.2133153064519896e-9
938	1.2188200566464752e-9
939	1.2196070936515596e-9
940	1.2285120099792648e-9
941	1.2362000642098669e-9
942	1.24168052458235e-9
943	1.2478923250302012e-9
944	1.254254991269298e-9
945	1.2597003758234831e-9
946	1.2659600963910446e-9
947	1.27010216755028e-9
948	1.2781712040496229e-9
949	1.2838737659332547e-9
950	1.289000363958105e-9
951	1.2942721665969856e-9
952	1.3010754982078074e-9
953	1.3078229396917708e-9
954	1.3142544006891093e-9
955	1.3208025470725993e-9
956	1.3273765389632918e-9
957	1.3338164200879345e-9
958	1.3355219470521218e-9
959	1.345150667325475e-9
960	1.3510532936974074e-9
961	1.3571879488195563e-9
962	1.362886742130341e-9
963	1.369662935976278e-9
964	1.3770034844528008e-9
965	1.3829447717654275e-9
966	1.3895951873471376e-9
967	1.3957081293067793e-9
968	1.4021983947810297e-9
969	1.4086632519831758e-9
970	1.4142128183649484e-9
971	1.4223233739295753e-9
972	1.426490856986217e-9
973	1.4322671105406965e-9
974	1.4417652502295617e-9
975	1.4480571945038904e-9
976	1.4530688169839483e-9
977	1.4621430218246377e-9
978	1.468235584109855e-9
979	1.47636855359098e-9
980	1.4831909806528092e-9
981	1.4900919988204419e-9
982	1.4961297059339493e-9
983	1.5026233185311066e-9
984	1.5105437351480385e-9
985	1.5157623545238814e-9
986	1.5231038653722855e-9
987	1.5311694988452437e-9
988	1.53998688285794e-9
989	1.542225243106098e-9
990	1.5515184454782397e-9
991	1.5575245722956298e-9
992	1.5663886906629368e-9
993	1.5696498547796003e-9
994	1.580182661082983e-9
995	1.5893089094413217e-9
996	1.5945682377714175e-9
997	1.6037344907042162e-9
998	1.6110687015375485e-9
999	1.6179086633349942e-9
1000	1.60566991840558e-9
1001	1.6321889309247837e-9
1002	1.6402239385619408e-9
1003	1.6486966279960772e-9
1004	1.6555240322626618e-9
1005	1.6623433544210712e-9
1006	1.672000559612491e-9
1007	1.677469570645997e-9
1008	1.6859261567669262e-9
1009	1.6939753007018941e-9
1010	1.701237828329301e-9
1011	1.7097353525778665e-9
1012	1.7137060435035181e-9
1013	1.7220234316815664e-9
1014	1.73251720874088e-9
1015	1.741067081740492e-9
1016	1.74870200424326e-9
1017	1.7566913435993497e-9
1018	1.7676527453326994e-9
1019	1.7719336046425268e-9
1020	1.7817429007638347e-9
1021	1.7916793257536676e-9
1022	1.7974746719783928e-9
1023	1.8053741571406116e-9
1024	1.8133970156363676e-9
1025	1.8213317747724518e-9
1026	1.8307406017944598e-9
1027	1.8373316964762733e-9
1028	1.8473900302494954e-9
1029	1.8597273178139105e-9
1030	1.8625716444219181e-9
1031	1.8714790227901737e-9
1032	1.8815570407871925e-9
1033	1.8894437013612866e-9
1034	1.8995582229930785e-9
1035	1.9076398324318164e-9
1036	1.915873967929675e-9
1037	1.9247237420195247e-9
1038	1.9320954644123787e-9
1039	1.9419469775940952e-9
1040	1.951136959443326e-9
1041	1.960022232986872e-9
1042	2.0761895462801344e-9
1043	1.9777189919316503e-9
1044	1.98523880654046e-9
1045	1.9943992322542443e-9
1046	2.0041157381051653e-9
1047	2.0154359757465315e-9
1048	2.021591104232561e-9
1049	2.0306975718548236e-9
1050	2.0416291343845235e-9
1051	2.0507216243779116e-9
1052	2.0582200414614326e-9
1053	2.0592246421977588e-9
1054	2.076761044841229e-9
1055	2.087537723688352e-9
1056	2.098440110076484e-9
1057	2.1047791591045983e-9
1058	2.1147084452156295e-9
1059	2.1283030952655345e-9
1060	2.1544235949321047e-9
1061	2.1429784300159334e-9
1062	2.1535060917134745e-9
1063	2.163188130659265e-9
1064	2.1736237819063797e-9
1065	2.1873487965401363e-9
1066	2.19086623046963e-9
1067	2.201174913030867e-9
1068	2.211752523636218e-9
1069	2.2205981764424547e-9
1070	2.2316618869967815e-9
1071	2.2415401179013243e-9
1072	2.252119659529138e-9
1073	2.2613992984923643e-9
1074	2.2726656762108216e-9
1075	2.2814497282310164e-9
1076	2.289825909283513e-9
1077	2.3022228420109362e-9
1078	2.310475529848496e-9
1079	2.3229601781166615e-9
1080	2.3301372094909995e-9
1081	2.3469895074560685e-9
1082	2.354140095318863e-9
1083	2.367457335135721e-9
1084	2.372116906889363e-9
1085	2.384060106445772e-9
1086	2.3952188251258377e-9
1087	2.4099439558724965e-9
1088	2.4161523529096927e-9
1089	2.426930164218939e-9
1090	2.4418248489135082e-9
1091	2.4471193994009826e-9
1092	2.459946809260181e-9
1093	2.4716069507785074e-9
1094	2.4792477433536e-9
1095	2.490109182881074e-9
1096	2.500379338745931e-9
1097	2.512236639041468e-9
1098	2.522065723205913e-9
1099	2.533996247348485e-9
1100	2.5464751084553664e-9
1101	2.5595250309382864e-9
1102	2.5695696342520447e-9
1103	2.5824432505933576e-9
1104	2.587313467652925e-9
1105	2.6027333989800516e-9
1106	2.6166220553732207e-9
1107	2.628736796994159e-9
1108	2.637267875763517e-9
1109	2.6518987144700143e-9
1110	2.662836076362244e-9
1111	2.674500564132141e-9
1112	2.6840959866058306e-9
1113	2.6960819609725693e-9
1114	2.70997881378559e-9
1115	2.7222130826477914e-9
1116	2.7350443864448563e-9
1117	2.7435013278476e-9
1118	2.7592030995308396e-9
1119	2.7693234025083304e-9
1120	2.7793730682279793e-9
1121	2.7926763139760783e-9
1122	2.8010766300137685e-9
1123	2.819904284724892e-9
1124	2.8303530426404955e-9
1125	2.8425529807955942e-9
1126	2.8592361089584415e-9
1127	2.8624480694183444e-9
1128	2.8788759313118536e-9
1129	2.8928538600844967e-9
1130	2.904837788156192e-9
1131	2.9169604486038655e-9
1132	2.93325508166151e-9
1133	2.942581697115844e-9
1134	2.953100149843572e-9
1135	2.9681570834655576e-9
1136	2.9806802554416277e-9
1137	2.993651157345619e-9
1138	3.0070326864170894e-9
1139	3.0199921722260208e-9
1140	3.0320889379685055e-9
1141	3.050756484547337e-9
1142	3.045033562730158e-9
1143	3.059604553720896e-9
1144	3.07395834382678e-9
1145	3.0866596430397248e-9
1146	3.1006896110471024e-9
1147	3.1144537960823023e-9
1148	3.128215913631688e-9
1149	3.1466534868004515e-9
1150	3.1666838373556407e-9
1151	3.1793238300555775e-9
1152	3.192498908282589e-9
1153	3.2041389635747706e-9
1154	3.2208113160065067e-9
1155	3.2353769726940983e-9
1156	3.245890525215702e-9
1157	3.261696996469107e-9
1158	3.2752130126448106e-9
1159	3.285401642106723e-9
1160	3.3031901608241845e-9
1161	3.3193435321826377e-9
1162	3.333313573927914e-9
1163	3.3517706014575407e-9
1164	3.3599236306063763e-9
1165	3.3745343649132133e-9
1166	3.3878742006457202e-9
1167	3.4039764778186194e-9
1168	3.416592616550342e-9
1169	3.43134843798289e-9
1170	3.450755138025919e-9
1171	3.461921101774215e-9
1172	3.476165311504794e-9
1173	3.477794086778486e-9
1174	3.5050123330941893e-9
1175	3.518688738153375e-9
1176	3.53500477361043e-9
1177	3.549478029701705e-9
1178	3.5645956513622305e-9
1179	3.5762754823829437e-9
1180	3.5932643873669025e-9
1181	3.6300531502219545e-9
1182	3.6252885731863858e-9
1183	3.635947101771621e-9
1184	3.652394347534611e-9
1185	3.669481892660947e-9
1186	3.685344370825567e-9
1187	3.7008223877755576e-9
1188	3.717026234049381e-9
1189	3.733290605340062e-9
1190	3.748324547591891e-9
1191	3.764539639450377e-9
1192	3.779144706071437e-9
1193	3.793794097248566e-9
1194	3.810398109151266e-9
1195	3.826818523643708e-9
1196	3.8436094632138215e-9
1197	3.859054443337893e-9
1198	3.875546387139977e-9
1199	3.888902249745331e-9
1200	3.907152183699833e-9
1201	3.91875839020601e-9
1202	3.9404841080673615e-9
1203	3.95610451171792e-9
1204	3.953905523529782e-9
1205	3.987851041423499e-9
1206	4.002019383231592e-9
1207	4.014389192235543e-9
1208	4.036620468496256e-9
1209	4.051972754045497e-9
1210	4.059072173344852e-9
1211	4.086629226646598e-9
1212	4.100293953382571e-9
1213	4.125132485354114e-9
1214	4.138492471710607e-9
1215	4.152232044805858e-9
1216	4.1709005833632955e-9
1217	4.201619656290753e-9
1218	4.217633040331838e-9
1219	4.2197792817854125e-9
1220	4.240034119120297e-9
1221	4.260336144491905e-9
1222	4.275821955495993e-9
1223	4.289881596577736e-9
1224	4.3108089685201835e-9
1225	4.329255060113263e-9
1226	4.343750276766276e-9
1227	4.363618564334708e-9
1228	4.380206219204465e-9
1229	4.3992359378778106e-9
1230	4.408148938820129e-9
1231	4.4289648561874085e-9
1232	4.447748845122991e-9
1233	4.467682116988724e-9
1234	4.484677108780871e-9
1235	4.500097941643487e-9
1236	4.52079716473569e-9
1237	4.538460945018304e-9
1238	4.556836236693699e-9
1239	4.57516235582515e-9
1240	4.583741948076945e-9
1241	4.616710748251594e-9
1242	4.627739302274905e-9
1243	4.649722857838986e-9
1244	4.671311479297679e-9
1245	4.68969096267578e-9
1246	4.706113958535638e-9
1247	4.726720376888041e-9
1248	4.7447610183925615e-9
1249	4.764203226333881e-9
1250	4.7848976886255684e-9
1251	4.804818554253053e-9
1252	4.820589881347665e-9
1253	4.839326957618186e-9
1254	4.861981718875098e-9
1255	4.8797971835638836e-9
1256	4.897249517044973e-9
1257	4.916917749333464e-9
1258	4.934895238166309e-9
1259	4.954133794353873e-9
1260	4.972756833465623e-9
1261	4.995914566312519e-9
1262	5.017633141976126e-9
1263	5.033830318920634e-9
1264	5.053825439977611e-9
1265	5.075657800552217e-9
1266	5.098847223880463e-9
1267	5.107713807438088e-9
1268	5.12997979395479e-9
1269	5.146223042005926e-9
1270	5.166767851046478e-9
1271	5.1895487388068944e-9
1272	5.214724772637865e-9
1273	5.235041244252051e-9
1274	5.254615234025489e-9
1275	5.281745777427682e-9
1276	5.295205090441356e-9
1277	5.315441179309772e-9
1278	5.3535636552246665e-9
1279	5.36785442508987e-9
1280	5.379964598380542e-9
1281	5.4072261274642295e-9
1282	5.42479149556758e-9
1283	5.441985147392679e-9
1284	5.460395683772277e-9
1285	5.483388356280958e-9
1286	5.5058611480322475e-9
1287	5.5217832319314325e-9
1288	5.544099436552494e-9
1289	5.565415283585974e-9
1290	5.5918077752208614e-9
1291	5.612118331999487e-9
1292	5.629064231456553e-9
1293	5.659884302293701e-9
1294	5.6771273459633795e-9
1295	5.696463307566038e-9
1296	5.716732076156239e-9
1297	5.741334119176903e-9
1298	5.761996612251388e-9
1299	5.782519375223076e-9
1300	5.809272701660833e-9
1301	5.825858997195274e-9
1302	5.854255585990058e-9
1303	5.872271785505763e-9
1304	5.894705371082752e-9
1305	5.917280146626111e-9
1306	5.939992601792673e-9
1307	5.96240789316041e-9
1308	5.981447928268211e-9
1309	6.01577224799143e-9
1310	6.032029260496769e-9
1311	6.051427875482233e-9
1312	6.0689013016641075e-9
1313	6.095140248131893e-9
1314	6.121860124435999e-9
1315	6.145702921995373e-9
1316	6.150723943541714e-9
1317	6.1936848036182505e-9
1318	6.213471264368156e-9
1319	6.232888087730169e-9
1320	6.254615960584574e-9
1321	6.288178958661415e-9
1322	6.3147347814371e-9
1323	6.3260919672025685e-9
1324	6.343764132453191e-9
1325	6.377745736447544e-9
1326	6.401641762096201e-9
1327	6.420915277327213e-9
1328	6.4447279418018734e-9
1329	6.472355687253926e-9
1330	6.47528407127014e-9
1331	6.506706871891374e-9
1332	6.522372440897942e-9
1333	6.567043246919843e-9
1334	6.588729467942625e-9
1335	6.619784351142425e-9
1336	6.665104538107434e-9
1337	6.660950888408396e-9
1338	6.682056672566098e-9
1339	6.71052525374383e-9
1340	6.734530967020247e-9
1341	6.755630470191252e-9
1342	6.784150706259794e-9
1343	6.8000209606110826e-9
1344	6.876559289287485e-9
1345	6.8402828425490345e-9
1346	6.8884470044194924e-9
1347	6.9116431063189176e-9
1348	6.9365216699559805e-9
1349	6.96472336158766e-9
1350	6.985547336120704e-9
1351	7.013934720030571e-9
1352	7.032908901475057e-9
1353	7.068848498777475e-9
1354	7.081080643750208e-9
1355	7.071567747474579e-9
1356	7.120883652394846e-9
1357	7.620369307129968e-9
1358	7.196571389477977e-9
1359	7.216896797674322e-9
1360	7.23925867785994e-9
1361	7.261866335414689e-9
1362	7.419651096399866e-9
1363	7.280431856221624e-9
1364	7.339752683161563e-9
1365	7.370386773870427e-9
1366	7.396655471760393e-9
1367	7.422377391571727e-9
1368	7.450472828470735e-9
1369	7.466426535052294e-9
1370	7.490324669542516e-9
1371	7.52399078559494e-9
1372	7.550731967534286e-9
1373	7.578939030462711e-9
1374	7.616203029047692e-9
1375	7.635730962819396e-9
1376	7.661475097849184e-9
1377	7.685554903337645e-9
1378	7.710864356605303e-9
1379	7.74226410786911e-9
1380	7.764956643879359e-9
1381	7.791157190165268e-9
1382	7.806543437809895e-9
1383	7.836683282607478e-9
1384	7.86342123879041e-9
1385	7.897859738831571e-9
1386	7.949539216025002e-9
1387	7.961216946571654e-9
1388	7.980289181283836e-9
1389	8.339791220412531e-9
1390	8.038670772662001e-9
1391	8.071327489425993e-9
1392	8.09583734298313e-9
1393	8.116161327338048e-9
1394	8.164700306265499e-9
1395	8.182360090278448e-9
1396	8.217748377556387e-9
1397	8.248619410205345e-9
1398	8.252009935829737e-9
1399	8.298723891585694e-9
1400	8.320918461444117e-9
1401	8.362856199870535e-9
1402	8.377461548172019e-9
1403	8.41276423476363e-9
1404	8.414570753224447e-9
1405	8.492683385834734e-9
1406	8.497315520990616e-9
1407	8.514918042889183e-9
1408	8.554592104221705e-9
1409	8.55984406117644e-9
1410	8.570547548736199e-9
1411	8.63861259917569e-9
1412	8.668853097694106e-9
1413	8.690874214785712e-9
1414	8.729097036196649e-9
1415	8.772668823892515e-9
1416	8.839658906251287e-9
1417	8.82005707115164e-9
1418	8.839494110288277e-9
1419	8.88505192941924e-9
1420	8.913954130425756e-9
1421	8.937084244712076e-9
1422	8.983537878725222e-9
1423	8.982572824699095e-9
1424	9.022030678802947e-9
1425	9.050797043915432e-9
1426	9.077813933164006e-9
1427	9.111184689180098e-9
1428	9.148166965998548e-9
1429	9.181737523228846e-9
1430	9.22330124419182e-9
1431	9.230723022399225e-9
1432	9.257008436640623e-9
1433	9.333392397001827e-9
1434	9.317191978071511e-9
1435	9.354533796568668e-9
1436	9.404871995602517e-9
1437	9.41850822122453e-9
1438	9.553632869491525e-9
1439	9.491119118830074e-9
1440	9.524710519921103e-9
1441	9.56555333844983e-9
1442	9.60483066518758e-9
1443	9.606639941760325e-9
1444	9.647948149069067e-9
1445	9.690338273867429e-9
1446	9.727554689884842e-9
1447	9.787918918148384e-9
1448	9.81694341946568e-9
1449	9.793267804663297e-9
1450	9.786048928559062e-9
1451	9.884593131376006e-9
1452	9.893311090791577e-9
1453	9.943063300034929e-9
1454	9.964177148105644e-9
1455	9.986133050207041e-9
1456	1.002546188412765e-8
1457	1.0066270050875506e-8
1458	1.0036874816529402e-8
1459	1.0109827977047504e-8
1460	1.0109975664256574e-8
1461	1.0183637019879147e-8
1462	1.0210218440961016e-8
1463	1.033093307039622e-8
1464	1.0264331401350455e-8
1465	1.031424456877331e-8
1466	1.0337538206026408e-8
1467	1.0359954039167912e-8
1468	1.04476479554899e-8
1469	1.0415652919010193e-8
1470	1.0489118926350128e-8
1471	1.0522302495873841e-8
1472	1.056287090696913e-8
1473	1.0596445043397631e-8
1474	1.0660004226728342e-8
1475	1.0644727410449248e-8
1476	1.0699136524753243e-8
1477	1.0744420330501074e-8
1478	1.0749419189107001e-8
1479	1.0792979676199216e-8
1480	1.0722599486216844e-8
1481	1.0853677382617625e-8
1482	1.0907872330065664e-8
1483	1.0919602099975712e-8
1484	1.0959043212822717e-8
1485	1.0995426970800517e-8
1486	1.0981236514989977e-8
1487	1.1079475234332843e-8
1488	1.1080622935092245e-8
1489	1.1141125221981521e-8
1490	1.1148731036487014e-8
1491	1.12032920406902e-8
1492	1.1236857144651071e-8
1493	1.127360287760274e-8
1494	1.1313856936505464e-8
1495	1.133491984575536e-8
1496	1.138264116093199e-8
1497	1.1424760696925017e-8
1498	1.1476630940419543e-8
1499	1.1499754266599047e-8
1500	1.1513661799132191e-8
1501	1.1556162599434557e-8
1502	1.158700903599362e-8
1503	1.1608084096052053e-8
1504	1.1660949622025424e-8
1505	1.1696973128315155e-8
1506	1.1730980822427341e-8
1507	1.1767594335377418e-8
1508	1.1806812375907355e-8
1509	1.1838456451980527e-8
1510	1.1879041787501592e-8
1511	1.190410607991418e-8
1512	1.1983656536073952e-8
1513	1.1941328811938888e-8
1514	1.2029422014717158e-8
1515	1.1859850703977963e-8
1516	1.1935628438465921e-8
1517	1.2100005987844446e-8
1518	1.2190415187978715e-8
1519	1.2254327678606537e-8
1520	1.2264689946078068e-8
1521	1.2288856612477423e-8
1522	1.2323915055750044e-8
1523	1.2348325893612841e-8
1524	1.2412985929194417e-8
1525	1.2478024776610951e-8
1526	1.2482693345608808e-8
1527	1.252552177011276e-8
1528	1.2592269170175183e-8
1529	1.261321035747339e-8
1530	1.2647960344106123e-8
1531	1.2675169296649801e-8
1532	1.2695499214621757e-8
1533	1.2723015831795406e-8
1534	1.2780279628580636e-8
1535	1.279673820083946e-8
1536	1.2843328873819633e-8
1537	1.2938864764182485e-8
1538	1.2987204792782386e-8
1539	1.2978492473031631e-8
1540	1.311821704459665e-8
1541	1.308611404671477e-8
1542	1.3110285732274213e-8
1543	1.3122900490790435e-8
1544	1.3199705364536368e-8
1545	1.3201569930985299e-8
1546	1.3257544265586556e-8
1547	1.329919560797375e-8
1548	1.3339113284917836e-8
1549	1.3371158225146994e-8
1550	1.3425370165254902e-8
1551	1.3468176280933016e-8
1552	1.3447177510342798e-8
1553	1.3581237797860927e-8
1554	1.3578720699424928e-8
1555	1.3667472674939095e-8
1556	1.3657894248502916e-8
1557	1.3720687645600911e-8
1558	1.3740623010540059e-8
1559	1.3718375581753242e-8
1560	1.3807653117983326e-8
1561	1.3882795680015136e-8
1562	1.3917022568410517e-8
1563	1.3915448593843154e-8
1564	1.399568986953533e-8
1565	1.4041804024631807e-8
1566	1.4039503802741493e-8
1567	1.4112078858395961e-8
1568	1.4168108799588774e-8
1569	1.4222649474198367e-8
1570	1.425423718038615e-8
1571	1.429151788718939e-8
1572	1.4331112233638624e-8
1573	1.4333792783686519e-8
1574	1.4548282724886531e-8
1575	1.4451488685841672e-8
1576	1.4510743770681046e-8
1577	1.4544341136520081e-8
1578	1.4609232621769357e-8
1579	1.4647357869371646e-8
1580	1.4891639855890428e-8
1581	1.4748080626780632e-8
1582	1.4769519610685833e-8
1583	1.4825961844710332e-8
1584	1.4867813983550491e-8
1585	1.4790273867888152e-8
1586	1.4860394157701584e-8
1587	1.5006049510066917e-8
1588	1.505386270961466e-8
1589	1.5095917213377478e-8
1590	1.5146194181098398e-8
1591	1.5205632223410865e-8
1592	1.546047173875669e-8
1593	1.509493462769868e-8
1594	1.5307450735002822e-8
1595	1.5366548162175836e-8
1596	1.5410064466593235e-8
1597	1.5465231237327194e-8
1598	1.5539851222582244e-8
1599	1.554851291804814e-8
1600	1.5568335180498445e-8
1601	1.5527234971640972e-8
1602	1.567877836800268e-8
1603	1.571581696516276e-8
1604	1.5797081536851072e-8
1605	1.5832058540971648e-8
1606	1.586738031535593e-8
1607	1.589086893511959e-8
1608	1.5961177320508496e-8
1609	1.598362461628815e-8
1610	1.606549385589187e-8
1611	1.6122726457474498e-8
1612	1.6221413738990245e-8
1613	1.625083336156855e-8
1614	1.6286240158852855e-8
1615	1.6323150854826237e-8
1616	1.6356616033505257e-8
1617	1.643124836737493e-8
1618	1.6471865454268577e-8
1619	1.652179380876758e-8
1620	1.652878221902503e-8
1621	1.663708366613573e-8
1622	1.689286235854856e-8
1623	1.6723487652107386e-8
1624	1.680420668843162e-8
1625	1.6863159301446388e-8
1626	1.689420901592284e-8
1627	1.69561369967333e-8
1628	1.698866352439459e-8
1629	1.7087574683684927e-8
1630	1.6485097379677744e-8
1631	1.682576225831358e-8
1632	1.718179219193789e-8
1633	1.7424993840643305e-8
1634	1.720220687264062e-8
1635	1.738565110548191e-8
1636	1.7380019211144112e-8
1637	1.7488739040015433e-8
1638	1.758800486297217e-8
1639	1.7595551235920053e-8
1640	1.7640486628827318e-8
1641	1.7767805265911708e-8
1642	1.77012212151667e-8
1643	1.7797363732063862e-8
1644	1.7867713124948728e-8
1645	1.7906214798623026e-8
1646	1.7982915096881616e-8
1647	1.800694390994351e-8
1648	1.808532812723168e-8
1649	1.8113601428152273e-8
1650	1.8243346445350724e-8
1651	1.8255093093280685e-8
1652	1.8273690193319407e-8
1653	1.8434721178765122e-8
1654	1.84559498072898e-8
1655	1.8505921042449174e-8
1656	1.8569514050132913e-8
1657	1.8578809065391717e-8
1658	1.87229681258113e-8
1659	1.8728760127255005e-8
1660	1.8724854250803296e-8
1661	1.8835704165383126e-8
1662	1.893426872236487e-8
1663	1.8992896641615308e-8
1664	1.901744270250261e-8
1665	1.908011470022979e-8
1666	1.9108020320984493e-8
1667	1.9248106918925284e-8
1668	1.9271818362738148e-8
1669	1.9375301869351147e-8
1670	1.9483051625304222e-8
1671	1.9469251989783265e-8
1672	1.9581089385797918e-8
1673	1.963179493937547e-8
1674	1.968250569692031e-8
1675	1.9805843905261987e-8
1676	1.9825818842367013e-8
1677	1.974581228533589e-8
1678	1.992794626392237e-8
1679	2.0177147714438287e-8
1680	2.0043804525282087e-8
1681	2.0136453058114935e-8
1682	1.9946411557690345e-8
1683	2.0160717087200778e-8
1684	2.0389472294283098e-8
1685	2.041427298853715e-8
1686	2.0468150451559127e-8
1687	2.065455549034724e-8
1688	2.0651916370854303e-8
1689	2.068372194369498e-8
1690	2.0821301901743707e-8
1691	2.093913590955705e-8
1692	2.1022751815017788e-8
1693	2.0996377279824662e-8
1694	2.1179338953122318e-8
1695	2.126037093514886e-8
1696	2.1351415375589732e-8
1697	2.1284020420862028e-8
1698	2.1351720006379397e-8
1699	2.1409090545349748e-8
1700	2.151204122761825e-8
1701	2.1791715565547394e-8
1702	2.1660573727176727e-8
1703	2.1755251041791874e-8
1704	2.1827892721226364e-8
1705	2.1812282974034894e-8
1706	2.1968045164968543e-8
1707	2.206673816929172e-8
1708	2.2158210003588256e-8
1709	2.2154944192492894e-8
1710	2.2198693023371095e-8
1711	2.235904843206516e-8
1712	2.2447750500942806e-8
1713	2.2547595707357923e-8
1714	2.2672054347101195e-8
1715	2.266684455588837e-8
1716	2.27088754401365e-8
1717	2.2854419670783104e-8
1718	2.2961756710950976e-8
1719	2.3245508600959176e-8
1720	2.3203078768757605e-8
1721	2.3249042592096043e-8
1722	2.3289107670259383e-8
1723	2.3432005944816716e-8
1724	2.3475578604592063e-8
1725	2.3603644643936787e-8
1726	2.369321983156441e-8
1727	2.3776216178246397e-8
1728	2.3890163293614406e-8
1729	2.4024259764084692e-8
1730	2.4086569645468316e-8
1731	2.385226871107184e-8
1732	2.4256661979391164e-8
1733	2.4348457798496938e-8
1734	2.4475422218528917e-8
1735	2.4567955300453655e-8
1736	2.462964423378071e-8
1737	2.491103002032558e-8
1738	2.4851922938281922e-8
1739	2.497770487472798e-8
1740	2.5083497329418528e-8
1741	2.5194654827422984e-8
1742	2.5280749418039452e-8
1743	2.537541870910184e-8
1744	2.549782448012806e-8
1745	2.5609314852875716e-8
1746	2.5728865486130636e-8
1747	2.5826030204354824e-8
1748	2.60218403712593e-8
1749	2.5841981437359455e-8
1750	2.5879861615186503e-8
1751	2.6306093661700557e-8
1752	2.641384565305181e-8
1753	2.65598025228004e-8
1754	2.6653887002296596e-8
1755	2.6699028119868895e-8
1756	2.685057648510205e-8
1757	2.6963944381059577e-8
1758	2.7119985568228644e-8
1759	2.723486104667589e-8
1760	2.7419181599996232e-8
1761	2.734360928145186e-8
1762	2.767495392039016e-8
1763	2.7738086584076695e-8
1764	2.792834897524516e-8
1765	2.7993281679434586e-8
1766	2.816328672381961e-8
1767	2.829481251483844e-8
1768	2.8460792988666275e-8
1769	2.8568088221604234e-8
1770	2.871666886324872e-8
1771	2.88715355337422e-8
1772	2.8987745861858578e-8
1773	2.9125812176180003e-8
1774	2.9251599621390035e-8
1775	2.9429464618679688e-8
1776	2.9590277417201242e-8
1777	2.9743935952226413e-8
1778	2.987730676097388e-8
1779	3.0020852231361213e-8
1780	3.0225080093032295e-8
1781	3.0314231152841894e-8
1782	3.046244973020753e-8
1783	3.0620153915152956e-8
1784	3.076451155425539e-8
1785	3.091998802078346e-8
1786	3.1090070884110694e-8
1787	3.1239697996553506e-8
1788	3.1382530705035205e-8
1789	3.163398114273755e-8
1790	3.1731665654241656e-8
1791	3.187337210014855e-8
1792	3.203186628088079e-8
1793	3.22084860833068e-8
1794	3.231941766791487e-8
1795	3.247540324058866e-8
1796	3.2652568296284464e-8
1797	3.2788890888338504e-8
1798	3.2935050828101343e-8
1799	3.307592537765404e-8
1800	3.321486985866272e-8
1801	3.335361415003666e-8
1802	3.3476226502750444e-8
1803	3.3614603011646256e-8
1804	3.37292174203181e-8
1805	3.384460273694832e-8
1806	3.394101784617284e-8
1807	3.403081296066411e-8
1808	3.4117604728495644e-8
1809	3.418073641308109e-8
1810	3.422174799803517e-8
1811	3.4252457419187213e-8
1812	3.4245015169099535e-8
1813	3.422795637138901e-8
1814	3.417160169915464e-8
1815	3.408097139096677e-8
1816	3.394776842834349e-8
1817	3.3765480784022e-8
1818	3.352561221974112e-8
1819	3.321948655306774e-8
1820	3.283686821496855e-8
1821	3.235526834957164e-8
1822	3.177018600867944e-8
1823	3.105983209610152e-8
1824	3.0200173101289885e-8
1825	2.9165567240194624e-8
1826	2.792614335814932e-8
1827	2.644678745688525e-8
1828	2.46897698411576e-8
1829	2.2616234289216363e-8
1830	2.0191915074813066e-8
1831	1.7398428679494723e-8
1832	1.4254081362548828e-8
1833	1.0848022505498243e-8
1834	7.385668876506397e-9
1835	4.2206829074777616e-9
1836	1.8031145395551912e-9
1837	4.532851969988163e-10
1838	3.599174478144454e-11
1839	7.281848578604813e-14
1840	0.
1841	0.
1842	0.
1843	0.
1844	0.
1845	0.
1846	1.0792885823260739e-6
1847	1.7253949580584725e-6
1848	1.5528229590913825e-6
1849	1.365647553577912e-6
1850	1.2105543253638137e-6
1851	1.0860019324554478e-6
1852	9.850387256157274e-7
1853	9.020391412738484e-7
1854	8.326978213798051e-7
1855	7.740966269023876e-7
1856	7.239096447489121e-7
1857	6.804299006135293e-7
1858	6.424977722005355e-7
1859	6.088149907774392e-7
1860	5.787101884420652e-7
1861	5.516616663025252e-7
1862	5.267724286886405e-7
1863	5.0474863216855e-7
1864	4.85491656681516e-7
1865	4.6860101428377756e-7
1866	4.510006784981174e-7
1867	4.365489832493279e-7
1868	4.211117647573127e-7
1869	4.0789449893633996e-7
1870	3.95705553377274e-7
1871	3.84432887851529e-7
1872	3.7338659323165347e-7
1873	3.654249218056034e-7
1874	3.5543104511025196e-7
1875	3.4603925753761186e-7
1876	3.3755814542116866e-7
1877	3.2997743411134947e-7
1878	3.216729419092965e-7
1879	3.158638773348351e-7
1880	3.0810030530453043e-7
1881	3.0206743855658395e-7
1882	2.9560073646386213e-7
1883	2.8992522811182445e-7
1884	2.852806402846964e-7
1885	2.758125436641051e-7
1886	2.7339866913726443e-7
1887	2.6932835773617276e-7
1888	2.647190173475305e-7
1889	2.63601113483729e-7
1890	2.5644570625334807e-7
1891	2.486584982519724e-7
1892	2.4669835292750156e-7
1893	2.42446658890746e-7
1894	2.397399668444436e-7
1895	2.3636791769051164e-7
1896	2.2794172658853967e-7
1897	2.3077923592323561e-7
1898	2.2415519061729759e-7
1899	2.2410459180637934e-7
1900	2.1980772720147949e-7
1901	2.1771116744530336e-7
1902	2.1847953128514046e-7
1903	2.325021558268997e-7
1904	2.085686932499108e-7
1905	2.140914932881852e-7
1906	2.0276002673796998e-7
1907	2.0208825966382466e-7
1908	2.0012983067341202e-7
1909	2.0162721993525737e-7
1910	1.9433545419992143e-7
1911	1.956099817556468e-7
1912	1.9409847095333485e-7
1913	1.8442228716977882e-7
1914	1.8710764250622745e-7
1915	1.835188266815874e-7
1916	1.830711690269145e-7
1917	1.8155736037272507e-7
1918	1.7766548378799938e-7
1919	1.771978076961623e-7
1920	1.6850619837166187e-7
1921	1.7089876003918743e-7
1922	1.7482058410140268e-7
1923	1.6930893837514863e-7
1924	1.7050126224311232e-7
1925	1.62805878197385e-7
1926	1.6308809105091284e-7
1927	1.6307958355393165e-7
1928	1.5154391981435767e-7
1929	1.510751479495447e-7
1930	1.572549623626971e-7
1931	1.5290256529168166e-7
1932	1.5325006090133073e-7
1933	1.5503852362367224e-7
1934	1.548186596800492e-7
1935	1.5095789911494155e-7
1936	1.5063043113625027e-7
1937	1.5254793900352955e-7
1938	1.4526986717600103e-7
1939	1.512293821013743e-7
1940	1.498693320457964e-7
1941	1.4286108605015734e-7
1942	1.4561493882301042e-7
1943	1.438418843173206e-7
1944	1.4086916574461267e-7
1945	1.3835867534326197e-7
1946	1.3876730030988107e-7
1947	1.4113887012595042e-7
1948	1.3805531687808998e-7
1949	1.381871246981707e-7
1950	1.328505653980315e-7
1951	1.3435723452405083e-7
1952	1.317603901124214e-7
1953	1.3221292422890524e-7
1954	1.3156543327605792e-7
1955	1.2804431051698102e-7
1956	1.221386056756146e-7
1957	1.2688866596417948e-7
1958	1.2942397614205518e-7
1959	1.2740028296766466e-7
1960	1.269768259781234e-7
1961	1.2515192363209735e-7
1962	1.239609721004637e-7
1963	1.2580228739207293e-7
1964	1.2335089698329535e-7
1965	1.2052149383927374e-7
1966	1.2386163611943406e-7
1967	1.2320704102347035e-7
1968	1.1671823080593306e-7
1969	1.1438971441363517e-7
1970	1.1947796356497585e-7
1971	1.1620893455393932e-7
1972	1.1194178763556078e-7
1973	1.1006453817396244e-7
1974	1.111062565682927e-7
1975	1.1344507731267005e-7
1976	1.170851363070397e-7
1977	1.1709246038364686e-7
1978	1.1158368807592289e-7
1979	1.0865442241499401e-7
1980	1.1134556211085272e-7
1981	1.1363569226403644e-7
1982	1.1285267707270193e-7
1983	1.1019304205254895e-7
1984	1.0865296693551737e-7
1985	1.1291250938474897e-7
1986	1.1301826270027576e-7
1987	1.0951596886849254e-7
1988	1.1412630983344554e-7
1989	1.0753391912634928e-7
1990	1.0818761639808402e-7
1991	1.0187916010358074e-7
1992	1.0113350040678355e-7
1993	1.0141039250545444e-7
1994	1.0415571329012602e-7
1995	1.0527264575740822e-7
1996	1.0483685824911385e-7
1997	1.0378190695527256e-7
1998	1.0489269753308196e-7
1999	1.1081153825314556e-7
2000	1.0040752037222269e-7
2001	1.0404069570367456e-7