1	6.679468325739607e-11
2	1.3358876677992544e-10
3	2.0037930531056617e-10
4	2.67177884838087e-10
5	3.340084677053224e-10
6	4.0080729314771356e-10
7	4.676617536975388e-10
8	5.344579088347363e-10
9	6.013512762124416e-10
10	6.678026942967034e-10
11	7.351190889880655e-10
12	8.020323564863304e-10
13	8.687059451746359e-10
14	9.35495302982062e-10
15	1.002418942117615e-9
16	1.0696062736351922e-9
17	1.1362145104656408e-9
18	1.2033878313509284e-9
19	1.2716302120743055e-9
20	1.337112025782167e-9
21	1.4037360615072014e-9
22	1.4711045635521376e-9
23	1.538345886453772e-9
24	1.602248733797487e-9
25	1.6720160983097083e-9
26	1.7393417724262106e-9
27	1.8073693458624899e-9
28	1.8748807292027615e-9
29	1.941348095096544e-9
30	2.0110713614225253e-9
31	2.0767088282023904e-9
32	2.1442121557190877e-9
33	2.211807853296535e-9
34	2.2777590805257252e-9
35	2.3462388909903285e-9
36	2.4136217266180297e-9
37	2.481618127428083e-9
38	2.5491436094375928e-9
39	2.6173128471034158e-9
40	2.6844805525092205e-9
41	2.7504299963328196e-9
42	2.822634405978824e-9
43	2.8903151170409034e-9
44	2.9574217162985596e-9
45	3.024448796565322e-9
46	3.0918762919650255e-9
47	3.1600163984223628e-9
48	3.2181517837688948e-9
49	3.2979783281547313e-9
50	3.3628743222206567e-9
51	3.432419366629086e-9
52	3.503071974180102e-9
53	3.5721473413015357e-9
54	3.6449978835552527e-9
55	3.7153150160836705e-9
56	3.77571474285735e-9
57	3.844979308338977e-9
58	3.909198503680799e-9
59	4.00371938807358e-9
60	4.0774110083231296e-9
61	4.118413614657647e-9
62	4.187444022872597e-9
63	4.257076726009667e-9
64	4.326435304311115e-9
65	4.3939111123661245e-9
66	4.4686155423194204e-9
67	4.539962688386064e-9
68	4.600736883629847e-9
69	4.672315624069855e-9
70	4.746060572789327e-9
71	4.812895605687764e-9
72	4.885097428286216e-9
73	4.955159985235334e-9
74	5.028085070787708e-9
75	5.09105897923214e-9
76	5.164654838047481e-9
77	5.233655108409679e-9
78	5.2986394256965155e-9
79	5.3734302318598806e-9
80	5.44381837273896e-9
81	5.513398159430322e-9
82	5.589914379332999e-9
83	5.6562211968565595e-9
84	5.724826941971579e-9
85	5.79695553824346e-9
86	5.8716597882688306e-9
87	5.941279057568186e-9
88	6.011844231349037e-9
89	6.0857523537088755e-9
90	6.155107419920535e-9
91	6.228087585567146e-9
92	6.233789004831953e-9
93	6.36917283669802e-9
94	6.435949076779672e-9
95	6.519483032799155e-9
96	6.587433504098409e-9
97	6.661003171125589e-9
98	6.7361235452555075e-9
99	6.802523846445204e-9
100	6.876285474493622e-9
101	6.951120707785473e-9
102	7.021670457254759e-9
103	7.100939184983532e-9
104	7.176501658188754e-9
105	7.256032133166714e-9
106	7.318391437432526e-9
107	7.391653775948076e-9
108	7.482597273764364e-9
109	7.544526371882096e-9
110	7.612838585902404e-9
111	7.680367213415782e-9
112	7.752867127975146e-9
113	7.837416387508816e-9
114	7.868779530966934e-9
115	7.9511245624014e-9
116	8.074609700883762e-9
117	8.138932868381194e-9
118	8.180857379089233e-9
119	8.265630328838776e-9
120	8.357841624162351e-9
121	8.451675079425446e-9
122	8.501484710620652e-9
123	8.582798516541644e-9
124	8.659045263374983e-9
125	8.735697619429562e-9
126	8.809292305149324e-9
127	8.871098500433795e-9
128	8.966290169129782e-9
129	9.056892796162923e-9
130	9.095686260239518e-9
131	9.191684711721063e-9
132	9.281460283985294e-9
133	9.362301009615898e-9
134	9.426562602931108e-9
135	9.504211531723612e-9
136	9.607520168009776e-9
137	9.657493336989017e-9
138	9.74148455272385e-9
139	9.82578132511327e-9
140	9.90199927855752e-9
141	9.991310461716456e-9
142	1.00406534542302e-8
143	1.0120484044705174e-8
144	1.0211977042071984e-8
145	1.0299733078587264e-8
146	1.0339860336650555e-8
147	1.0424030701213358e-8
148	1.0501359814677754e-8
149	1.0580939145236959e-8
150	1.0658612289255199e-8
151	1.0781380996485566e-8
152	1.0842349249238584e-8
153	1.0920688738559796e-8
154	1.1005142384285053e-8
155	1.108692926664464e-8
156	1.1174636479921358e-8
157	1.1240425393517078e-8
158	1.1350931046729507e-8
159	1.1404070243477177e-8
160	1.1497909722024967e-8
161	1.1550575577085534e-8
162	1.1655265150573188e-8
163	1.1749893792671292e-8
164	1.1817460281866125e-8
165	1.1887582597542074e-8
166	1.2000828653228938e-8
167	1.2063288643904235e-8
168	1.2164406382122014e-8
169	1.2239554474550114e-8
170	1.2306016637919241e-8
171	1.2400588695021868e-8
172	1.2496329769485282e-8
173	1.2572495209717919e-8
174	1.2655519117006286e-8
175	1.273728094218511e-8
176	1.2800212739217158e-8
177	1.2910493308377753e-8
178	1.3010378819287725e-8
179	1.3059059609736547e-8
180	1.3403769545501705e-8
181	1.3226143064653068e-8
182	1.3303316228874827e-8
183	1.3414159308568451e-8
184	1.3498691394695636e-8
185	1.358350999137256e-8
186	1.3673446335772614e-8
187	1.375311687538254e-8
188	1.3837247853229329e-8
189	1.3969509781456865e-8
190	1.379262667974153e-8
191	1.4062982587334901e-8
192	1.4117323560901808e-8
193	1.4277283402069016e-8
194	1.4346230140295093e-8
195	1.4467131864227332e-8
196	1.4560857795524078e-8
197	1.4657146768330069e-8
198	1.4903551077703396e-8
199	1.503039353846097e-8
200	1.5111599585724988e-8
201	1.521821108596526e-8
202	1.5312386140295763e-8
203	1.5390239523621657e-8
204	1.5480356949285082e-8
205	1.557529381402374e-8
206	1.5654805540093166e-8
207	1.5765294523411993e-8
208	1.5831231940870035e-8
209	1.5917972142252865e-8
210	1.596835476669861e-8
211	1.6072236195041978e-8
212	1.6199693774895612e-8
213	1.630313442982762e-8
214	1.6388066056288634e-8
215	1.6488093242274043e-8
216	1.634373101939968e-8
217	1.6476051010746907e-8
218	1.654765764071654e-8
219	1.6656475023519054e-8
220	1.674984079919453e-8
221	1.6816524660382658e-8
222	1.6944622891161573e-8
223	1.702919622323898e-8
224	1.7131574433777868e-8
225	1.7127539664122576e-8
226	1.731258794841759e-8
227	1.7416948539318156e-8
228	1.7488678449195556e-8
229	1.760401707570873e-8
230	1.7719079966408636e-8
231	1.7795146382921713e-8
232	1.790208192246343e-8
233	1.7990297943454638e-8
234	1.80947655337985e-8
235	1.8213134882052703e-8
236	1.831035172143914e-8
237	1.841846345151135e-8
238	1.8500134424874512e-8
239	1.859028714225176e-8
240	1.8722387085790602e-8
241	1.8783345228612053e-8
242	1.8877236946993598e-8
243	1.896944345351283e-8
244	1.9069910100934143e-8
245	1.9183245225918374e-8
246	1.9279781529890856e-8
247	1.9372756270642147e-8
248	1.943689562906688e-8
249	1.9584223015343896e-8
250	1.9699988239940648e-8
251	1.978102985147806e-8
252	1.9937359362202945e-8
253	2.0302164246015053e-8
254	2.0373219298020675e-8
255	2.0486598889506883e-8
256	2.0572852135201587e-8
257	2.0663691077343554e-8
258	2.0772015518691693e-8
259	2.0896229801065615e-8
260	2.0997444986647193e-8
261	2.109130460544201e-8
262	2.1212847142459927e-8
263	2.1326014848614195e-8
264	2.1444362033319662e-8
265	2.154470437835289e-8
266	2.1295706221928406e-8
267	2.141711771684685e-8
268	2.151741397709811e-8
269	2.165869233062134e-8
270	2.1748339499461788e-8
271	2.1868141670273066e-8
272	2.196468452378934e-8
273	2.211044707601053e-8
274	2.2196033114883455e-8
275	2.2256189437021962e-8
276	2.2354496884767824e-8
277	2.248159132377462e-8
278	2.261397671615864e-8
279	2.272792902004989e-8
280	2.2840557700232003e-8
281	2.292692978267185e-8
282	2.3060737411933393e-8
283	2.3185235161554284e-8
284	2.3299000749331835e-8
285	2.3437075132998947e-8
286	2.3544138652352542e-8
287	2.3611125478427054e-8
288	2.3728384914302113e-8
289	2.3894494295626682e-8
290	2.393467771831225e-8
291	2.4046932602574827e-8
292	2.4177115143633933e-8
293	2.425669249026748e-8
294	2.4383480387054307e-8
295	2.4497463002582497e-8
296	2.4602576731038302e-8
297	2.4771818340383886e-8
298	2.4867079081028904e-8
299	2.4978983769309465e-8
300	2.5077834955841666e-8
301	2.516524040127184e-8
302	2.5380374805467647e-8
303	2.5431886693952272e-8
304	2.553261651293304e-8
305	2.5658346639037927e-8
306	2.5790798192396487e-8
307	2.589238907110929e-8
308	2.5994187587512496e-8
309	2.6116162397295602e-8
310	2.6196342408814647e-8
311	2.634273042476002e-8
312	2.642614139240658e-8
313	2.6586161878721987e-8
314	2.6687251236068314e-8
315	2.6733196624093414e-8
316	2.6928514769683096e-8
317	2.7034209569361253e-8
318	2.7180034715886333e-8
319	2.7275592573257815e-8
320	2.7447666210962057e-8
321	2.7483314538084326e-8
322	2.7623130033033064e-8
323	2.77506214542453e-8
324	2.7889304634314354e-8
325	2.8014984031168574e-8
326	2.8115058402852346e-8
327	2.825377168003535e-8
328	2.8408037464600437e-8
329	2.8486319445799247e-8
330	2.8628268684056724e-8
331	2.8750808088436376e-8
332	2.8848394418983747e-8
333	2.8984307720561927e-8
334	2.911066991347469e-8
335	2.9222750669544998e-8
336	2.9348537232822237e-8
337	2.9491963733113427e-8
338	2.9591292615192463e-8
339	2.9721633172795418e-8
340	2.985137066368475e-8
341	2.9955534530552584e-8
342	3.009475689008847e-8
343	3.022939262290929e-8
344	3.033182303998539e-8
345	3.0471752379703036e-8
346	3.060606939099519e-8
347	3.072874708612975e-8
348	3.083438813963742e-8
349	3.098706512052274e-8
350	3.1101285018869925e-8
351	3.121579496685903e-8
352	3.1336871666746716e-8
353	3.147834990600493e-8
354	3.159128680466638e-8
355	3.17273066703628e-8
356	3.188206603656631e-8
357	3.1984539814818226e-8
358	3.209367112281816e-8
359	3.223238021412252e-8
360	3.230168527556259e-8
361	3.251346985316618e-8
362	3.2649081539523406e-8
363	3.2898027081259087e-8
364	3.303668204845355e-8
365	3.299951522657812e-8
366	3.313418668643952e-8
367	3.330970341784113e-8
368	3.3559543078590556e-8
369	3.354220619688082e-8
370	3.367271596900573e-8
371	3.372479541154666e-8
372	3.393526005011838e-8
373	3.4080097988239175e-8
374	3.419138383068971e-8
375	3.430965010609109e-8
376	3.445837534911723e-8
377	3.446852811508125e-8
378	3.473339072564989e-8
379	3.476798420443879e-8
380	3.5031921475375904e-8
381	3.5122254481178635e-8
382	3.5251294182087384e-8
383	3.539642465278436e-8
384	3.5541590004131373e-8
385	3.561366327176713e-8
386	3.582685440162539e-8
387	3.595601303054104e-8
388	3.609009057784677e-8
389	3.6147716524836036e-8
390	3.629611180756875e-8
391	3.644111139805378e-8
392	3.652471393424051e-8
393	3.669937246775724e-8
394	3.676489472358701e-8
395	3.7074976533195665e-8
396	3.7162592166490787e-8
397	3.731168376828212e-8
398	3.739122487099038e-8
399	3.755084063486349e-8
400	3.7694245582335186e-8
401	3.785280976970979e-8
402	3.799398920913662e-8
403	3.8146152607630154e-8
404	3.829873461475377e-8
405	3.837262326495975e-8
406	3.8517718674230395e-8
407	3.871177787989478e-8
408	3.88940196530914e-8
409	3.902524843196364e-8
410	3.9116307986514544e-8
411	3.9340056141754224e-8
412	3.934380425844239e-8
413	3.947197730694894e-8
414	3.969940410030713e-8
415	3.9815563824940714e-8
416	3.990306832025135e-8
417	4.0106261462237846e-8
418	4.026863566319413e-8
419	4.039930433968486e-8
420	4.050306186267605e-8
421	4.065349311572053e-8
422	4.081212884477668e-8
423	4.0966327834452066e-8
424	4.1090513724894873e-8
425	4.1232858764217163e-8
426	4.139039869594854e-8
427	4.155380372365768e-8
428	4.16835626906915e-8
429	4.1757680538124425e-8
430	4.1932808395239557e-8
431	4.207969415035626e-8
432	4.223635159566149e-8
433	4.24013931360225e-8
434	4.2564434776850314e-8
435	4.2677547552622246e-8
436	4.284965550163754e-8
437	4.2959252612999685e-8
438	4.3118072046951035e-8
439	4.326529000502408e-8
440	4.342364489705779e-8
441	4.3622364878892333e-8
442	4.3732589895613863e-8
443	4.391576990601822e-8
444	4.465224705639988e-8
445	4.421533132702634e-8
446	4.4386771246366e-8
447	4.4417701239896236e-8
448	4.448129146380506e-8
449	4.472524757834366e-8
450	4.4732725561905315e-8
451	4.4915974540650266e-8
452	4.509210405284085e-8
453	4.5351893189895526e-8
454	4.543248284585599e-8
455	4.562854573798648e-8
456	4.5711187793054954e-8
457	4.585369181277375e-8
458	4.5914498150427556e-8
459	4.6156991284360145e-8
460	4.626334763064816e-8
461	4.636450135977695e-8
462	4.65980414070981e-8
463	4.685170426522548e-8
464	4.68687247054106e-8
465	4.7073413762238884e-8
466	4.687464320876822e-8
467	4.7308031725133176e-8
468	4.745018495244208e-8
469	4.760178559894747e-8
470	4.774767350185755e-8
471	4.776786612942554e-8
472	4.803052575002243e-8
473	4.831537555828044e-8
474	4.812487559950995e-8
475	4.862792633509299e-8
476	4.85999430788395e-8
477	4.865337259259002e-8
478	4.899005703174166e-8
479	4.92580990633319e-8
480	4.9335496831769245e-8
481	4.9482676399100726e-8
482	4.918800930675671e-8
483	4.9869892930693936e-8
484	4.9931522941556126e-8
485	5.001669118683874e-8
486	5.015069030107432e-8
487	5.034611217162336e-8
488	5.0725239962861427e-8
489	5.063342515445807e-8
490	5.1509155360110513e-8
491	5.1001016936904645e-8
492	5.104929891854682e-8
493	5.146796759286802e-8
494	5.1345889171740956e-8
495	5.1552691887396386e-8
496	5.17648066955899e-8
497	5.1864690361549226e-8
498	5.201759587642164e-8
499	5.2478605482766514e-8
500	5.232754789944478e-8
501	5.244066279666585e-8
502	5.267732084654549e-8
503	5.270599773683733e-8
504	5.2956876400756324e-8
505	5.289967662037111e-8
506	5.40142984722684e-8
507	5.337015212445522e-8
508	5.342211859541117e-8
509	5.356395052524125e-8
510	5.375201930038557e-8
511	5.394003633355634e-8
512	5.40889363413351e-8
513	5.426374124171589e-8
514	5.4484009323666654e-8
515	5.480469009572114e-8
516	5.47632889098697e-8
517	5.478986314802897e-8
518	5.4920538244650754e-8
519	5.5261455701094534e-8
520	5.548752330285305e-8
521	5.550238420381455e-8
522	5.560531674181014e-8
523	5.5767399791279396e-8
524	5.586055658017999e-8
525	5.6101775189497535e-8
526	5.619228161321009e-8
527	5.627454344950754e-8
528	5.668736111123234e-8
529	5.673168287166021e-8
530	5.656157759760441e-8
531	5.6875625513630445e-8
532	5.715200237226883e-8
533	5.757265220335552e-8
534	5.7596218949809726e-8
535	5.794976997106855e-8
536	5.7786511106693e-8
537	5.800254688844638e-8
538	5.875524395481337e-8
539	5.810457944916141e-8
540	5.8169515406808595e-8
541	5.8675193026197054e-8
542	5.89642065154267e-8
543	5.8933245889863636e-8
544	5.908769722709368e-8
545	5.91915523380854e-8
546	5.9434474476222735e-8
547	5.9568226710169536e-8
548	5.94985183703268e-8
549	5.980926337202433e-8
550	5.949439675891088e-8
551	6.017223581534928e-8
552	6.025700195225437e-8
553	6.035377216873293e-8
554	6.055662307816777e-8
555	6.070757513223576e-8
556	6.09310108364796e-8
557	6.11565645074622e-8
558	6.131112518056539e-8
559	6.131234543335964e-8
560	6.150600664801177e-8
561	6.162518377345649e-8
562	6.204374509304379e-8
563	6.219324137621292e-8
564	6.196752864972978e-8
565	6.286291393211713e-8
566	6.237152606907988e-8
567	6.257784075505968e-8
568	6.263022551293954e-8
569	6.306473243621649e-8
570	6.293747120934254e-8
571	6.324554767477708e-8
572	6.349964121477861e-8
573	6.36411588655383e-8
574	6.350977551552349e-8
575	6.382848051033715e-8
576	6.400584182850605e-8
577	6.411866321160785e-8
578	6.42698132980542e-8
579	6.442199401413086e-8
580	6.070134557690246e-8
581	5.710372840008897e-8
582	6.12265847689645e-8
583	6.486323076532119e-8
584	6.505987795054408e-8
585	6.208381416185431e-8
586	6.237569035275725e-8
587	6.146904749157785e-8
588	6.443555418604379e-8
589	6.496396853296666e-8
590	6.599293162899415e-8
591	6.623712993749029e-8
592	6.599877757966065e-8
593	6.594062396560588e-8
594	6.456391452488521e-8
595	6.523124100356856e-8
596	6.75243148463213e-8
597	6.724665855281347e-8
598	6.737674543579658e-8
599	6.745194869442888e-8
600	6.765069464122313e-8
601	6.769323635449434e-8
602	6.79125883136445e-8
603	6.808908296893777e-8
604	6.829973822696036e-8
605	6.818752243448375e-8
606	6.844359131481928e-8
607	6.870141069204023e-8
608	6.886055012377219e-8
609	6.903234252460153e-8
610	6.919825762711425e-8
611	6.931430100145968e-8
612	6.935885871555495e-8
613	6.956829677486053e-8
614	6.960888165584443e-8
615	6.888078540696404e-8
616	7.003088702103526e-8
617	7.005377618758145e-8
618	7.036953987461918e-8
619	7.039555302969086e-8
620	7.002334590859235e-8
621	7.031708513932086e-8
622	6.964805388609167e-8
623	7.1152930177636e-8
624	7.076822555320318e-8
625	7.125044379738619e-8
626	7.160506621070066e-8
627	7.151999333692008e-8
628	7.175278333191259e-8
629	7.193107214393964e-8
630	7.226434417225393e-8
631	7.199572086437912e-8
632	7.278037775474786e-8
633	7.244956575633341e-8
634	7.270160426328363e-8
635	7.29346854808919e-8
636	7.310922761991027e-8
637	7.313749361647671e-8
638	7.323842287793233e-8
639	7.400336246038347e-8
640	7.453674921712349e-8
641	7.389258218090043e-8
642	7.445295841817513e-8
643	7.418276905928685e-8
644	7.420307317659722e-8
645	7.467685371548597e-8
646	7.448122177215739e-8
647	7.516398641946281e-8
648	7.485133763486153e-8
649	7.278200370727442e-8
650	7.459414503758249e-8
651	7.51375404977441e-8
652	7.523065038521834e-8
653	7.556801804471638e-8
654	7.584560726933728e-8
655	7.648653675968384e-8
656	7.609369065531365e-8
657	7.630283080506527e-8
658	7.589677601954162e-8
659	7.641493720316528e-8
660	7.648898627025627e-8
661	7.586370188023308e-8
662	7.699795251492431e-8
663	7.703891013241798e-8
664	7.629201486746299e-8
665	7.577088833815328e-8
666	7.66865143095912e-8
667	7.76766201446964e-8
668	7.796742603157008e-8
669	7.84940400227193e-8
670	7.788229592977112e-8
671	7.847225444572718e-8
672	7.865667501454817e-8
673	7.859965887446543e-8
674	7.879828564980007e-8
675	7.891394792126524e-8
676	7.886480301635708e-8
677	7.886261700226504e-8
678	7.916042234828916e-8
679	7.482742097261629e-8
680	7.896768763004113e-8
681	8.00565852920607e-8
682	7.993170832687366e-8
683	7.9915464640209e-8
684	8.034559977034358e-8
685	8.055050504926599e-8
686	7.975871362685712e-8
687	8.105945396834241e-8
688	8.085198443073004e-8
689	8.096586249622566e-8
690	8.132427288649611e-8
691	8.098171805263146e-8
692	8.060508731973604e-8
693	8.156633605240989e-8
694	8.181631762236841e-8
695	8.163501620790905e-8
696	8.177105404258685e-8
697	8.238699447667089e-8
698	8.314670689244969e-8
699	8.201383168226016e-8
700	8.27165749920501e-8
701	8.286243665900308e-8
702	8.317860412298663e-8
703	8.277625173632897e-8
704	8.30076176009485e-8
705	8.39218053945859e-8
706	8.323441949723746e-8
707	8.394387066310241e-8
708	8.410046082300882e-8
709	8.379509120492006e-8
710	8.686184322447781e-8
711	8.445659173363572e-8
712	8.392641880299605e-8
713	8.475065444162993e-8
714	8.511618665550532e-8
715	8.514750664373964e-8
716	8.498024890846083e-8
717	8.572098374699855e-8
718	8.471115282555136e-8
719	8.527716632049647e-8
720	8.582017933809518e-8
721	8.564416327017088e-8
722	8.603153962235888e-8
723	8.623656851747885e-8
724	8.673407154365802e-8
725	8.758609184989921e-8
726	8.658072357092316e-8
727	8.670579345563239e-8
728	8.687333888007207e-8
729	8.943832164216975e-8
730	8.747824682606323e-8
731	8.751069271920066e-8
732	8.759606304116223e-8
733	8.829459234483238e-8
734	8.811296059705037e-8
735	8.780078503628781e-8
736	8.881887066804914e-8
737	8.982898214730205e-8
738	8.846839260708326e-8
739	8.956210642901918e-8
740	8.915223425223038e-8
741	8.915274275318922e-8
742	9.008809577861449e-8
743	9.033840172576419e-8
744	8.962761839477382e-8
745	9.021167507801524e-8
746	8.96520539224965e-8
747	9.000920612872243e-8
748	9.06715965031098e-8
749	9.086058268012034e-8
750	9.05265036655091e-8
751	9.145934653689457e-8
752	9.112701115477591e-8
753	9.273945656722981e-8
754	8.983498138703358e-8
755	9.169185074839451e-8
756	9.232992172114071e-8
757	9.212927330337045e-8
758	9.184404072597784e-8
759	9.255374969848903e-8
760	9.175560406257187e-8
761	9.248990853375494e-8
762	9.222306699392962e-8
763	9.304115775866729e-8
764	9.338119513009419e-8
765	9.33505002320743e-8
766	9.286454932417676e-8
767	9.365513994687954e-8
768	9.418476331241691e-8
769	9.396448388419714e-8
770	9.410036870079877e-8
771	9.444942507195257e-8
772	9.564893456631515e-8
773	9.394368749686655e-8
774	9.51543471228027e-8
775	9.513998692564342e-8
776	9.523147236997488e-8
777	9.511400970919181e-8
778	9.608019784061218e-8
779	9.567504125914617e-8
780	9.347653221070685e-8
781	9.604850668731241e-8
782	9.653981607368918e-8
783	9.639453014534377e-8
784	9.685138385952016e-8
785	9.685136163047788e-8
786	9.679266422463243e-8
787	9.70701516090303e-8
788	9.68256638389793e-8
789	9.740026170770171e-8
790	9.716786261279061e-8
791	9.785300800709472e-8
792	9.803447491306752e-8
793	9.801214426769959e-8
794	9.82123698914426e-8
795	9.874177814826043e-8
796	9.878434143825155e-8
797	9.889788832369383e-8
798	9.90602358388205e-8
799	9.929041850831737e-8
800	9.959808102021512e-8
801	9.971368562686783e-8
802	9.902202213475799e-8
803	1.000002562246528e-7
804	1.0022862312191378e-7
805	1.0030405136073285e-7
806	1.0080300058253944e-7
807	9.96628737391245e-8
808	1.0254498387757097e-7
809	9.950434568893791e-8
810	1.0170357883306332e-7
811	1.0173785433274876e-7
812	1.013563085665168e-7
813	1.0212026166442185e-7
814	1.0281496097175951e-7
815	1.028420606433978e-7
816	1.003862122849962e-7
817	1.0050352165893462e-7
818	1.0304693866424096e-7
819	1.0329371266528882e-7
820	1.0397462844061138e-7
821	1.0350644268788139e-7
822	1.0353746752328792e-7
823	1.0452071160119231e-7
824	1.0402956674681501e-7
825	1.0474445505383584e-7
826	1.0551440297314762e-7
827	1.0429686707259981e-7
828	1.045028514132777e-7
829	1.0515317583534399e-7
830	1.054764630948692e-7
831	1.0576830665251933e-7
832	1.0558004238317738e-7
833	1.0636451645547377e-7
834	1.0639140637902249e-7
835	1.0677088590280467e-7
836	1.0713040635663124e-7
837	1.073346571844875e-7
838	1.0773240410006425e-7
839	1.0814438127784948e-7
840	1.0848149641323892e-7
841	1.0848434020129003e-7
842	1.0861378371026691e-7
843	1.0921566859680224e-7
844	1.090801030751812e-7
845	1.095933252919781e-7
846	1.0958778307971031e-7
847	1.0994601586746501e-7
848	1.1004527725387339e-7
849	1.1055150367647329e-7
850	1.1126230734565936e-7
851	1.1081551768760271e-7
852	1.1075930024907224e-7
853	1.1091162028933117e-7
854	1.112886978813341e-7
855	1.1169413828003655e-7
856	1.1201339835950732e-7
857	1.1212932863582775e-7
858	1.1239480297787408e-7
859	1.1269673847781452e-7
860	1.130537018563668e-7
861	1.127566649652652e-7
862	1.1331282943580634e-7
863	1.1354752506984772e-7
864	1.1328721123795334e-7
865	1.13906014220733e-7
866	1.1458856677789013e-7
867	1.1466310957614633e-7
868	1.1501641932188103e-7
869	1.1444840683448432e-7
870	1.1542866975918021e-7
871	1.1543021614343171e-7
872	1.1563397933368636e-7
873	1.1597330520171835e-7
874	1.1528937463074859e-7
875	1.1647579602528336e-7
876	1.1687450629821516e-7
877	1.1704978351441636e-7
878	1.17287269559173e-7
879	1.1765325382589331e-7
880	1.1766714415234131e-7
881	1.1777741479630808e-7
882	1.1796332701530809e-7
883	1.1813608616666764e-7
884	1.1871341320152719e-7
885	1.1859415115572178e-7
886	1.1879676764374848e-7
887	1.1895919886018617e-7
888	1.1920677944258607e-7
889	1.192563952230565e-7
890	1.194258564719684e-7
891	1.1969566786481913e-7
892	1.1984594812078687e-7
893	1.1971580928395372e-7
894	1.1988426297970905e-7
895	1.1992551538201906e-7
896	1.1999065053920678e-7
897	1.2002686195433296e-7
898	1.2002922279021285e-7
899	1.2000174789476053e-7
900	1.1990488096301841e-7
901	1.1982165445674347e-7
902	1.1976818585807963e-7
903	1.1956745693057693e-7
904	1.1928204652003803e-7
905	1.1902529662260699e-7
906	1.1873769425446757e-7
907	1.1833218484570485e-7
908	1.1786504394489621e-7
909	1.1724450090143936e-7
910	1.1672634654955624e-7
911	1.1607876123975087e-7
912	1.1532120233774616e-7
913	1.1441140333477855e-7
914	1.1339200869692153e-7
915	1.1221164256110518e-7
916	1.1086919635003764e-7
917	1.0936559427302462e-7
918	1.0766547930605992e-7
919	1.0573752127869454e-7
920	1.0355203552017543e-7
921	1.0107936292469298e-7
922	9.828313665397904e-8
923	9.51172333859674e-8
924	9.153537463675981e-8
925	8.748275748031907e-8
926	8.290044906556045e-8
927	7.77241013695645e-8
928	7.188802852949783e-8
929	6.533157383228136e-8
930	5.801010694041102e-8
931	4.991620701408759e-8
932	4.111641629441743e-8
933	3.1810762041557074e-8
934	2.2417600629676952e-8
935	1.3658983641222461e-8
936	6.544202744904703e-9
937	2.032354118825073e-9
938	2.517918467165825e-10
939	1.872807996373613e-12
940	0.
941	0.
942	0.
943	0.
944	0.
945	0.
946	0.
947	0.
948	0.
949	0.
950	0.
951	0.
952	3.4721274268908944e-6
953	3.5777929523840423e-6
954	3.2220643925603987e-6
955	2.87396951093366e-6
956	2.5825155746884017e-6
957	2.3424305200697997e-6
958	2.1414151319130256e-6
959	1.973370820936151e-6
960	1.8295575381154158e-6
961	1.708303579050613e-6
962	1.5966891232367893e-6
963	1.5064950379784592e-6
964	1.4187461613270584e-6
965	1.34700845953907e-6
966	1.2867492344643746e-6
967	1.2245553215182987e-6
968	1.1704862142029883e-6
969	1.1235310741644044e-6
970	1.08149818881249e-6
971	1.0383624338411586e-6
972	1.002303982850621e-6
973	9.590292952667242e-7
974	9.270100346117102e-7
975	9.07168329877974e-7
976	8.795654452457572e-7
977	8.764852324432959e-7
978	8.319601395720251e-7
979	8.022555965099284e-7
980	7.826779028100483e-7
981	7.71564309650897e-7
982	7.397730909498559e-7
983	7.376979190454279e-7
984	7.091583312000906e-7
985	6.875601668140512e-7
986	6.575293583484365e-7
987	6.590706690336762e-7
988	6.490541630325437e-7
989	6.305884340224662e-7
990	6.258759409253083e-7
991	6.080334086434276e-7
992	6.094360523386001e-7
993	5.775443647973134e-7
994	5.767296660220071e-7
995	5.433180895426287e-7
996	5.692766535807493e-7
997	5.553490589209822e-7
998	5.382492284017605e-7
999	5.12178523967873e-7
1000	5.290675272340793e-7
1001	5.200017411628225e-7
1002	4.87818171551398e-7
1003	4.995003792428252e-7
1004	5.079816218214346e-7
1005	4.856811382195624e-7
1006	4.7372726339685587e-7
1007	4.760206100077427e-7
1008	4.651230304811367e-7
1009	4.5145254046195307e-7
1010	4.700728933288383e-7
1011	4.763091521633618e-7
1012	4.4819995356788296e-7
1013	4.3397464487223104e-7
1014	4.278626369578868e-7
1015	4.2594916548161024e-7
1016	4.146235584280905e-7
1017	4.1180766646317025e-7
1018	4.1859103648506103e-7
1019	4.03863051533336e-7
1020	3.742902000267614e-7
1021	3.9266358264387336e-7
1022	3.895957218615243e-7
1023	3.908437727630183e-7
1024	3.85568318358688e-7
1025	3.788232567564528e-7
1026	3.71944978096857e-7
1027	3.527955912774174e-7
1028	3.593521373738561e-7
1029	4.0837474250390736e-7
1030	3.6145901529500044e-7
1031	3.458205881207541e-7
1032	4.0458352511120925e-7
1033	3.4268816054401925e-7
1034	3.4259440924453773e-7
1035	3.3983913911014086e-7
1036	3.27953596830679e-7
1037	3.3529903915213045e-7
1038	3.226707925180759e-7
1039	3.300709629625261e-7
1040	2.9847415846959093e-7
1041	2.8264904622630204e-7
1042	2.971264609434151e-7
1043	3.459843514610154e-7
1044	2.965479097604181e-7
1045	2.987319560402162e-7
1046	2.9349956854335517e-7
1047	3.017046849526304e-7
1048	3.441032554656788e-7
1049	3.0805928236494977e-7
1050	3.043169224119822e-7
1051	2.9936269630666e-7
1052	2.918569349303461e-7
1053	2.7914461042411214e-7
1054	2.8553168418874616e-7
1055	2.8702981327377233e-7
1056	2.8965557048329184e-7
1057	2.756201631028185e-7
1058	2.827795582824199e-7
1059	2.8681787439919693e-7
1060	2.7549710976289546e-7
1061	2.8461093884808514e-7
1062	2.5695376279264064e-7
1063	2.527812304182306e-7
1064	2.569166031751274e-7
1065	2.649905960646664e-7
1066	2.551432772051771e-7
1067	2.614006391119851e-7
1068	2.5684172270373616e-7
1069	2.546019443924543e-7
1070	2.708678395446204e-7
1071	2.514901493044218e-7
1072	2.2703271215738283e-7
1073	2.405569620875509e-7
1074	2.748773625495328e-7
1075	2.43816805472212e-7
1076	2.522484271456798e-7
1077	2.3686934967918696e-7
1078	2.3002842166039534e-7
1079	2.34803416634891e-7
1080	2.471110092112412e-7
1081	2.408783985152468e-7
1082	2.239029130448747e-7
1083	2.3462849407297381e-7
1084	2.3316396273688566e-7
1085	2.3628260590069132e-7
1086	2.376501449050547e-7
1087	2.5238741071721607e-7
1088	2.4218737549525723e-7
1089	2.3614563610048646e-7
1090	2.7786459815263113e-7
1091	2.1852504396045514e-7
1092	2.204146544843986e-7
1093	2.299546521686465e-7
1094	2.189038768920992e-7
1095	2.340394977549402e-7
1096	2.1966349440880244e-7
1097	2.28885920257368e-7
1098	2.2590160361379755e-7
1099	2.235679617706514e-7
1100	2.2027848684221272e-7
1101	2.2142435690428857e-7
1102	2.2055500121905946e-7
1103	1.960456260849371e-7
1104	2.1757664360330416e-7
1105	2.2451488964781447e-7
1106	2.47015926241197e-7
1107	2.018879225416681e-7
1108	1.9873017096929563e-7
1109	2.061909039489353e-7
1110	1.8381603364770534e-7
1111	1.9872013452689005e-7
1112	2.0257307667601015e-7
1113	1.908555528803928e-7
1114	2.3654879223471005e-7
1115	2.0417207877550745e-7
1116	2.0492203737829965e-7
1117	1.8599275789241484e-7
1118	1.9393157710037427e-7
1119	1.9896933101105595e-7
1120	1.9639898969076585e-7
1121	1.8459970686753558e-7
1122	1.8507579415652502e-7
1123	1.7244420207924914e-7
1124	1.863316261528538e-7
1125	2.0212137294348995e-7
1126	1.9136115784590444e-7
1127	1.7988900339216187e-7
1128	1.8883658932023987e-7
1129	1.7269811112624429e-7
1130	1.9024217781008254e-7
1131	1.7043396741054384e-7
1132	1.6690246149379646e-7
1133	1.6714809503512567e-7
1134	1.7636299520324893e-7
1135	1.7880710344212713e-7
1136	1.7348218787902528e-7
1137	1.5670405819204068e-7
1138	1.733601984364179e-7
1139	1.6526336761008286e-7
1140	1.689804853199756e-7
1141	1.7568453392617026e-7
1142	1.7231427989002159e-7
1143	1.8134107427687052e-7
1144	1.7813912620375024e-7
1145	1.6638142396470627e-7
1146	1.5874171997327992e-7
1147	1.5929382433878241e-7
1148	1.6231915066056441e-7
1149	1.659333408597311e-7
1150	1.6661158591147374e-7
1151	1.6736754827164894e-7
1152	1.6394565366825078e-7
1153	1.697242461064931e-7
1154	1.6204123605825752e-7
1155	1.634838921078728e-7
1156	1.6195950985846286e-7
1157	1.6251461567539922e-7
1158	1.629561982071082e-7
1159	1.6569786893003456e-7
1160	1.6561673331033083e-7
1161	1.6547018537919028e-7
1162	1.6817233445237745e-7
1163	1.623611967756323e-7
1164	1.5840270015698248e-7
1165	1.6413669714917608e-7
1166	1.6598442164551947e-7
1167	1.6833592236299852e-7
1168	1.5952277668133769e-7
1169	1.6536847895538709e-7
1170	1.711307652542e-7
1171	1.6286959204026853e-7
1172	1.7026907246060622e-7
1173	1.5166529328682622e-7
1174	1.6315602000664868e-7
1175	1.5741216540501065e-7
1176	1.505185142649071e-7
1177	1.5131853889248577e-7
1178	1.4886010679910566e-7
1179	1.5191615405848852e-7
1180	1.483562358236025e-7
1181	1.4755000229610456e-7
1182	1.3849203566739072e-7
1183	1.4951688602815989e-7
1184	1.409530105051159e-7
1185	1.4328053319523326e-7
1186	1.418321628915043e-7
1187	1.427285698966799e-7
1188	1.4153726746752084e-7
1189	1.3233300982348086e-7
1190	1.4633326784104557e-7
1191	1.4935459956933937e-7
1192	1.4586506704526679e-7
1193	1.4364290091901637e-7
1194	1.4165280321147986e-7
1195	1.4426387805356034e-7
1196	1.3457262727386764e-7
1197	1.3692402206559086e-7
1198	1.2710263964817826e-7
1199	1.3513673236997063e-7
1200	1.406593171735427e-7
1201	1.468605348254378e-7
1202	1.4090705875093143e-7
1203	1.397135336212659e-7
1204	1.4260383871650143e-7
1205	1.4348510548355054e-7
1206	1.4690878640009135e-7
1207	1.4692508614969062e-7
1208	1.3925223378703965e-7
1209	1.3220826903811782e-7
1210	1.3300523727864142e-7
1211	1.2915576250579255e-7
1212	1.1482323563514977e-7
1213	1.3199009829506193e-7
1214	1.303112929369455e-7
1215	1.3263736916635683e-7
1216	1.3055479875115234e-7
1217	1.3027527833960647e-7
1218	1.3393897495764434e-7
1219	1.316038233811848e-7
1220	1.3956539202876462e-7
1221	1.3225218924968473e-7
1222	1.3389611197784083e-7
1223	1.326139896683719e-7
1224	1.323818102380093e-7
1225	1.34047261538729e-7
1226	1.361505676118733e-7
1227	1.3573174092874833e-7
1228	1.2602223202151232e-7
1229	1.310337185076292e-7
1230	1.3025767284381743e-7
1231	1.336484359649367e-7
1232	1.318743000893495e-7
1233	1.2264869804598557e-7
1234	1.2512613900436207e-7
1235	1.243653157820282e-7
1236	1.2688341267242107e-7
1237	1.2545645901224765e-7
1238	1.2593412592785768e-7
1239	1.348212243140746e-7
1240	1.2807799003749138e-7
1241	1.059505699417003e-7
1242	1.2435160261996582e-7
1243	1.2163088894821485e-7
1244	1.215869536181458e-7
1245	1.190187317887364e-7
1246	1.2081506162235698e-7
1247	1.2156135640619352e-7
1248	1.1068807680760277e-7
1249	1.1571381899969261e-7
1250	1.1126741473391935e-7
1251	1.0492973611169279e-7
1252	1.0916184238384704e-7
1253	1.1586883585727708e-7
1254	1.0773974054815363e-7
1255	1.1552003581746292e-7
1256	1.1218381745198343e-7
1257	1.0936913176438264e-7
1258	1.1058237695429023e-7
1259	1.1741339961853973e-7
1260	1.0663474915484982e-7
1261	1.3530640393979924e-7
1262	1.1255386543861566e-7
1263	1.1376161018668278e-7
1264	1.1066118867551433e-7
1265	1.1271342317731199e-7
1266	1.189268269853938e-7
1267	1.211956574580261e-7
1268	1.1363468807955213e-7
1269	1.1856174759253956e-7
1270	1.1004088193939548e-7
1271	1.132518560904932e-7
1272	1.0298486204696809e-7
1273	9.976821987168528e-8
1274	1.0435574066807432e-7
1275	1.0562374233584222e-7
1276	1.0625420702860564e-7
1277	9.575019188697639e-8
1278	9.752293913716531e-8
1279	9.915594964338007e-8
1280	9.963377599758936e-8
1281	1.0002839965078538e-7
1282	1.0526608863597959e-7
1283	1.0147981720572239e-7
1284	1.1085428687573596e-7
1285	1.0788769184659341e-7
1286	1.0518406616943557e-7
1287	1.0540407390866542e-7
1288	1.0675800466028944e-7
1289	1.0515775114254871e-7
1290	1.0572502658519384e-7
1291	1.0069453194493759e-7
1292	1.0626194066929312e-7
1293	1.0381701730034488e-7
1294	1.0496805173629831e-7
1295	1.0356017870459433e-7
1296	1.0623406793607631e-7
1297	1.0642672836039023e-7
1298	1.0297701941809254e-7
1299	1.0390180044005805e-7
1300	1.0688671177637537e-7
1301	1.0453439300733624e-7
1302	1.0425284498872483e-7
1303	1.0143548039395533e-7
1304	1.0552948000912338e-7
1305	1.0362528311860755e-7
1306	1.0573523740025634e-7
1307	1.0354366639378993e-7
1308	1.04943350880078e-7
1309	1.0300805335072809e-7
1310	9.540379699352072e-8
1311	1.009597955837922e-7
1312	1.0445492902082904e-7
1313	1.0832090836625434e-7
1314	1.0345687496973833e-7
1315	1.0192576173042934e-7
1316	1.0578978471735725e-7
1317	1.0714155627354861e-7
1318	9.848722455522756e-8
1319	9.860404304455593e-8
1320	1.0083021296641618e-7
1321	1.0540422995215224e-7
1322	9.791291933273604e-8
1323	9.680769755107933e-8
1324	9.70496581697552e-8
1325	9.845325210839994e-8
1326	9.925185640938785e-8
1327	1.0033203316105682e-7
1328	1.0158970740430873e-7
1329	9.978435594884699e-8
1330	1.001516487215879e-7
1331	1.0125627280915967e-7
1332	9.736347362722482e-8
1333	9.858340535185983e-8
1334	1.0198338266281244e-7
1335	9.673353532857557e-8
1336	9.650353264593357e-8
1337	9.781902639883534e-8
1338	9.950526905349909e-8
1339	9.054216723305913e-8
1340	7.724534179834473e-8
1341	7.965050626127452e-8
1342	9.064963669525094e-8
1343	9.353716745607845e-8
1344	9.427294358841513e-8
1345	9.670740586147526e-8
1346	9.35991646910463e-8
1347	9.582572593619714e-8
1348	9.768176480391035e-8
1349	9.822967279844286e-8
1350	9.847020780084582e-8
1351	9.942159139619226e-8
1352	9.61649923664569e-8
1353	9.530743933376994e-8
1354	9.456681313750172e-8
1355	9.747933035745987e-8
1356	9.246454339951889e-8
1357	9.344343286509954e-8
1358	9.920781714871178e-8
1359	9.502705441835455e-8
1360	9.346908914124358e-8
1361	9.6133555514104e-8
1362	9.216233487292266e-8
1363	9.268764437212042e-8
1364	9.21506609978179e-8
1365	8.657328889665738e-8
1366	8.683517611037042e-8
1367	8.861120371214914e-8
1368	8.644015428936095e-8
1369	8.974939380311782e-8
1370	9.126404542595158e-8
1371	9.032644238747422e-8
1372	8.973334745261322e-8
1373	8.851998301025072e-8
1374	8.707177507358106e-8
1375	8.690240888554178e-8
1376	8.683131738495746e-8
1377	8.663740488364622e-8
1378	9.230902408698007e-8
1379	9.039204763004134e-8
1380	9.241774560672482e-8
1381	8.757105580263976e-8
1382	8.784203746060191e-8
1383	8.631880472820873e-8
1384	8.623624155391813e-8
1385	8.696555781957148e-8
1386	8.873396482785302e-8
1387	9.15475070916981e-8
1388	9.290479939568383e-8
1389	8.915762725288352e-8
1390	8.922998476187001e-8
1391	8.935181852418864e-8
1392	8.279039221749008e-8
1393	8.405947660648723e-8
1394	8.502433765224177e-8
1395	8.412729750139602e-8
1396	8.73722197992268e-8
1397	9.171281762040167e-8
1398	8.548236186737263e-8
1399	8.599199398462859e-8
1400	8.174325465398042e-8
1401	8.250974467192315e-8
1402	8.604149637850801e-8
1403	8.68379352676642e-8
1404	8.588267646333878e-8
1405	8.580938062586171e-8
1406	8.496625008850314e-8
1407	8.733115940161069e-8
1408	8.664373918970765e-8
1409	8.409291252288721e-8
1410	8.252487990072952e-8
1411	8.413685966296919e-8
1412	8.426430505199129e-8
1413	8.336853811750756e-8
1414	8.446050360819904e-8
1415	8.257963577675931e-8
1416	8.302063259128153e-8
1417	8.44741268003499e-8
1418	8.102162760216477e-8
1419	8.145139171748214e-8
1420	8.385061857651732e-8
1421	8.047463110121708e-8
1422	8.105199567183993e-8
1423	8.059336417700172e-8
1424	8.031826850902304e-8
1425	8.504000582874118e-8
1426	8.235352918218491e-8
1427	7.810920540921675e-8
1428	8.051168997216823e-8
1429	8.111987000339314e-8
1430	8.144570944419139e-8
1431	8.115751529650176e-8
1432	7.974236269864403e-8
1433	7.980434972425238e-8
1434	8.168100301613913e-8
1435	8.189827430014291e-8
1436	8.010395160465043e-8
1437	7.963336261733835e-8
1438	7.416953150886987e-8
1439	7.727048741824876e-8
1440	8.118633214806007e-8
1441	7.935840136405374e-8
1442	8.141767236680333e-8
1443	7.961189100067826e-8
1444	7.721854243711186e-8
1445	7.759451586706679e-8
1446	7.60097339552586e-8
1447	7.566514559950765e-8
1448	7.594298492472537e-8
1449	8.011824922269028e-8
1450	8.00121083468397e-8
1451	7.796613830952713e-8
1452	7.840011541360351e-8
1453	7.751387042114532e-8
1454	7.628511177551068e-8
1455	7.911811877007628e-8
1456	7.532111063132278e-8
1457	7.564601621614515e-8
1458	7.762956498264775e-8
1459	7.644933321555721e-8
1460	7.915746985303893e-8
1461	7.941996740045274e-8
1462	7.995537617962599e-8
1463	7.76002259686235e-8
1464	7.940907826457516e-8
1465	7.637774263696332e-8
1466	7.528796916369677e-8
1467	7.702325971508029e-8
1468	7.872074285456455e-8
1469	7.624633073965871e-8
1470	7.456992869870311e-8
1471	7.582973722143692e-8
1472	7.545743965610405e-8
1473	7.580758202386168e-8
1474	7.516277918883095e-8
1475	7.356328886473871e-8
1476	7.230791716414464e-8
1477	7.516799714126645e-8
1478	7.538875017808851e-8
1479	7.592609333446497e-8
1480	7.385356106106876e-8
1481	7.643072786800284e-8
1482	7.365014426803176e-8
1483	7.558693071907959e-8
1484	7.596276528880724e-8
1485	7.581536007962954e-8
1486	7.441430384763517e-8
1487	7.52614574465256e-8
1488	7.360311956624495e-8
1489	7.448686829442387e-8
1490	7.475290049814937e-8
1491	7.356357847628994e-8
1492	7.322912098735658e-8
1493	7.635069917433758e-8
1494	7.139187690985106e-8
1495	7.127390676580722e-8
1496	7.662927924805713e-8
1497	7.091797212633076e-8
1498	7.221826325392072e-8
1499	7.091108047229914e-8
1500	7.241750001667315e-8
1501	7.206316896849039e-8
1502	7.114946271471571e-8
1503	7.050105701320081e-8
1504	7.009581390166347e-8
1505	7.06784348101753e-8
1506	6.98908444257285e-8
1507	6.8491602303768e-8
1508	6.945784928054607e-8
1509	6.994334986432079e-8
1510	7.073892976557546e-8
1511	6.981813435867529e-8
1512	7.02338449045091e-8
1513	7.025247583670126e-8
1514	6.85220232753605e-8
1515	6.789711257362702e-8
1516	6.900073862341804e-8
1517	7.085236117029681e-8
1518	6.876817352798796e-8
1519	7.093314208773406e-8
1520	7.027861768845696e-8
1521	6.925880168511059e-8
1522	7.044960830102045e-8
1523	6.835112130964577e-8
1524	7.015735924398378e-8
1525	6.874319247923123e-8
1526	6.856270418815774e-8
1527	6.826058835309011e-8
1528	6.881758517706095e-8
1529	6.856216752456762e-8
1530	6.891247430772899e-8
1531	7.00200239020999e-8
1532	6.891091051139567e-8
1533	6.77313160111559e-8
1534	6.58971598875941e-8
1535	6.782802194316408e-8
1536	6.788331244982974e-8
1537	6.756149563260202e-8
1538	6.776026122322517e-8
1539	6.74565176387062e-8
1540	6.685122243945658e-8
1541	6.606434049567234e-8
1542	6.742445510906521e-8
1543	6.733333060925128e-8
1544	6.726587152024889e-8
1545	6.701358453171258e-8
1546	6.73627739701304e-8
1547	6.684269894979389e-8
1548	6.86312707874066e-8
1549	6.844650441554375e-8
1550	6.717705114080432e-8
1551	6.636104766405127e-8
1552	6.779039932114146e-8
1553	6.834492231432154e-8
1554	6.691373516406354e-8
1555	6.683944284570904e-8
1556	6.78155579120036e-8
1557	6.719289970762534e-8
1558	6.71483292816929e-8
1559	6.744898463101271e-8
1560	6.640919806487282e-8
1561	6.738643141923559e-8
1562	6.61229741682785e-8
1563	6.339843000860511e-8
1564	6.625173733354112e-8
1565	6.42932555738796e-8
1566	6.430391326631292e-8
1567	6.626087310649649e-8
1568	6.706198737893366e-8
1569	6.739741531705887e-8
1570	6.380278268025613e-8
1571	6.456304440432907e-8
1572	6.414184486792816e-8
1573	6.435795832647684e-8
1574	6.435879653945886e-8
1575	6.41415284026142e-8
1576	6.430739978316828e-8
1577	6.414525130801663e-8
1578	6.492716579003231e-8
1579	6.452474084546668e-8
1580	6.229024268508811e-8
1581	6.55698125665753e-8
1582	6.281259465142268e-8
1583	6.331292680369852e-8
1584	6.295142954633147e-8
1585	6.336175737907983e-8
1586	6.380758806592673e-8
1587	6.350539810580978e-8
1588	6.339262625131716e-8
1589	6.201402414530739e-8
1590	6.410264181825439e-8
1591	6.347155597638717e-8
1592	6.313742969451475e-8
1593	6.282673984630493e-8
1594	6.225388422415054e-8
1595	6.111972746125602e-8
1596	6.124352862571423e-8
1597	6.17347845281218e-8
1598	6.264063591014537e-8
1599	6.25000611638008e-8
1600	6.271883822466036e-8
1601	6.126341337568814e-8
1602	6.156460374424003e-8
1603	6.153493532772485e-8
1604	6.144361990852174e-8
1605	6.154286016590835e-8
1606	6.170935149467435e-8
1607	6.131710267552112e-8
1608	6.178988486077875e-8
1609	6.231125658787628e-8
1610	6.05238165510151e-8
1611	6.152593981665862e-8
1612	6.12180991189656e-8
1613	6.101636662969083e-8
1614	6.030435372646522e-8
1615	6.071176951386616e-8
1616	6.098559310610638e-8
1617	6.001495509206639e-8
1618	6.05359623970453e-8
1619	6.049299778636031e-8
1620	6.07285201657427e-8
1621	6.02313947972412e-8
1622	5.8845359849078036e-8
1623	6.059279564666406e-8
1624	6.029358885350242e-8
1625	5.993300246573148e-8
1626	6.019345138330938e-8
1627	6.037186699206285e-8
1628	6.029065348149105e-8
1629	5.987368084623629e-8
1630	6.105949985776764e-8
1631	6.112364968206531e-8
1632	5.939706864015363e-8
1633	5.902329373252818e-8
1634	5.8542772894120525e-8
1635	5.918656523625212e-8
1636	5.9153962580044486e-8
1637	5.930061484121951e-8
1638	5.9278556356883245e-8
1639	5.8745212422464415e-8
1640	5.8430900062086665e-8
1641	5.8480919026700884e-8
1642	5.8206904506744074e-8
1643	5.831984564510416e-8
1644	5.833341970087988e-8
1645	5.7769789652036244e-8
1646	5.7989921988233296e-8
1647	5.756732640872684e-8
1648	5.815281653750077e-8
1649	5.969315766560824e-8
1650	5.7713906042386064e-8
1651	5.791133195260782e-8
1652	5.8111144251449006e-8
1653	5.8162454831650446e-8
1654	5.872735674748986e-8
1655	5.832273397981952e-8
1656	5.783806793062387e-8
1657	5.750602104549202e-8
1658	5.799532106255728e-8
1659	5.707211924548647e-8
1660	5.747028864500864e-8
1661	5.817548114656719e-8
1662	5.971351531233856e-8
1663	5.956185542521806e-8
1664	5.7138327858455604e-8
1665	5.679634072854846e-8
1666	5.590442284794566e-8
1667	5.6222661634503005e-8
1668	5.682021407409827e-8
1669	5.646436921001347e-8
1670	5.6317942854306085e-8
1671	5.700519808028177e-8
1672	5.744321025644178e-8
1673	5.6636919247981604e-8
1674	5.6101456317081087e-8
1675	5.630825199740147e-8
1676	5.694000570311554e-8
1677	5.6395777352931685e-8
1678	5.653871820330519e-8
1679	5.586969946522793e-8
1680	5.567299449147625e-8
1681	5.553748054306427e-8
1682	5.551792852550729e-8
1683	5.5455148396109985e-8
1684	5.5533136727840736e-8
1685	5.534103417822988e-8
1686	5.5251168317426064e-8
1687	5.540068628731737e-8
1688	5.525954410159526e-8
1689	5.526222944052149e-8
1690	5.511393146031506e-8
1691	5.531336078117938e-8
1692	5.49958698943453e-8
1693	5.476884620077411e-8
1694	5.4774792831565496e-8
1695	5.4871816851889805e-8
1696	5.462040625435862e-8
1697	5.467949460236791e-8
1698	5.476927027684869e-8
1699	5.420862434977447e-8
1700	5.426093273208215e-8
1701	5.49172277881169e-8
1702	5.4799823013472616e-8
1703	5.413537245433386e-8
1704	5.4258421606065084e-8
1705	5.406221975871707e-8
1706	5.3805029381399756e-8
1707	5.429389197089301e-8
1708	5.4217608469085235e-8
1709	5.3878483449682446e-8
1710	5.466587961577395e-8
1711	5.431321567424641e-8
1712	5.4271739964924314e-8
1713	5.3890608492711035e-8
1714	5.283589582109171e-8
1715	5.316866905091863e-8
1716	5.373666702956969e-8
1717	5.315337007879198e-8
1718	5.323442237082084e-8
1719	5.293118260520545e-8
1720	5.285400835208444e-8
1721	5.276277818019906e-8
1722	5.302069347718316e-8
1723	5.26860849395132e-8
1724	5.278770831283722e-8
1725	5.2656355272401537e-8
1726	5.214966043345465e-8
1727	5.246484930189198e-8
1728	5.256090698592142e-8
1729	5.2182549470800443e-8
1730	5.239777327986012e-8
1731	5.2354053779672745e-8
1732	5.1995521129465916e-8
1733	5.222990628917633e-8
1734	5.2265391745319624e-8
1735	5.2782852091768174e-8
1736	5.279413204460561e-8
1737	5.25804927363344e-8
1738	5.175301001558471e-8
1739	5.2990572740298475e-8
1740	5.1769492946532356e-8
1741	5.150647129828101e-8
1742	5.138018537011004e-8
1743	5.1621969891729556e-8
1744	5.1478729537570006e-8
1745	5.166900296265432e-8
1746	5.164954208530263e-8
1747	5.2437374545340314e-8
1748	5.1253018060560985e-8
1749	5.119220417748863e-8
1750	5.117320376457924e-8
1751	5.0872858671799826e-8
1752	5.1017110786435854e-8
1753	5.131926072709502e-8
1754	5.10428592541157e-8
1755	5.07158660786375e-8
1756	5.0773308581282236e-8
1757	5.048992843756039e-8
1758	5.057385747464403e-8
1759	5.038794857876782e-8
1760	5.049769598092539e-8
1761	5.068483782855243e-8
1762	5.022063652990349e-8
1763	4.9116650752645945e-8
1764	4.939821469968635e-8
1765	5.0708763359104245e-8
1766	5.0550488931758076e-8
1767	5.033509429534563e-8
1768	5.0004605666434875e-8
1769	5.0241080984482346e-8
1770	4.978582394298134e-8
1771	5.0281727559158525e-8
1772	5.0234036542410806e-8
1773	4.965105261565746e-8
1774	4.941024485352137e-8
1775	4.945985567236454e-8
1776	4.924983980061434e-8
1777	4.856672313697463e-8
1778	4.934064100336103e-8
1779	4.9251270314089064e-8
1780	4.92603095968849e-8
1781	4.912206970414475e-8
1782	4.9228231247545015e-8
1783	4.9076153188996246e-8
1784	4.910178693092017e-8
1785	4.910780166475456e-8
1786	4.906765963762456e-8
1787	4.9015758451256415e-8
1788	4.873475748175722e-8
1789	4.877942533845405e-8
1790	4.8815894233021786e-8
1791	4.828175450446152e-8
1792	4.8517825422485375e-8
1793	4.848081661542538e-8
1794	4.7230180511206206e-8
1795	4.822321349102236e-8
1796	4.749808444134265e-8
1797	4.8040761202710846e-8
1798	4.816339465515503e-8
1799	4.81625539924905e-8
1800	4.816003875265223e-8
1801	4.8028733680155304e-8
1802	4.757516679958069e-8
1803	4.771016066695218e-8
1804	4.75707388839022e-8
1805	4.785438507314046e-8
1806	4.7686494700054784e-8
1807	4.759297011026212e-8
1808	4.754267881071414e-8
1809	4.753586454397476e-8
1810	4.7510173276018675e-8
1811	4.7343094176506704e-8
1812	4.721840858588889e-8
1813	4.704290947885639e-8
1814	4.724269689717193e-8
1815	4.740424230309381e-8
1816	4.7126807938352486e-8
1817	4.736196144728253e-8
1818	4.6976967543200334e-8
1819	4.700209712176594e-8
1820	4.699332472024057e-8
1821	4.698473434977634e-8
1822	4.6668115417191935e-8
1823	4.67897110935752e-8
1824	4.665364008488285e-8
1825	4.6662938580903784e-8
1826	4.647963985571698e-8
1827	4.6501366917615844e-8
1828	4.6459036884704245e-8
1829	4.636153807557384e-8
1830	4.634648516229513e-8
1831	4.6306460103704466e-8
1832	4.6357417483020995e-8
1833	4.634193193560808e-8
1834	4.6253938179611065e-8
1835	4.61223098502442e-8
1836	4.6095641438753504e-8
1837	4.617132310044952e-8
1838	4.623951904287735e-8
1839	4.625622056146481e-8
1840	4.609234198458439e-8
1841	4.612225382119227e-8
1842	4.617630059202451e-8
1843	4.592969854431546e-8
1844	4.574557833515911e-8
1845	4.5683030086613926e-8
1846	4.61364180426936e-8
1847	4.541567464617988e-8
1848	4.550745811458536e-8
1849	4.538409450262183e-8
1850	4.541505401802122e-8
1851	4.5261306787718144e-8
1852	4.5249787425899045e-8
1853	4.516420780880661e-8
1854	4.491546066125548e-8
1855	4.5175049822076423e-8
1856	4.498915144634374e-8
1857	4.534478977098284e-8
1858	4.500281931259576e-8
1859	4.483898307239656e-8
1860	4.50262097322482e-8
1861	4.476982561040586e-8
1862	4.481858965402043e-8
1863	4.475961427549471e-8
1864	4.4773737122826884e-8
1865	4.473055100332718e-8
1866	4.469386536097571e-8
1867	4.454990042487178e-8
1868	4.4582405880315415e-8
1869	4.455772384800967e-8
1870	4.428900689003039e-8
1871	4.4496681966569736e-8
1872	4.449389285232429e-8
1873	4.42705674864137e-8
1874	4.417388785535883e-8
1875	4.421435110497951e-8
1876	4.407812591391218e-8
1877	4.4105976056605065e-8
1878	4.4100098781593805e-8
1879	4.40406370666275e-8
1880	4.4078075969185336e-8
1881	4.378563173736855e-8
1882	4.373902479185695e-8
1883	4.369209944659082e-8
1884	4.375821657765208e-8
1885	4.364217363749774e-8
1886	4.361930335955576e-8
1887	4.360034047511041e-8
1888	4.344376902637258e-8
1889	4.347256765445248e-8
1890	4.3387619652120944e-8
1891	4.3345758975423e-8
1892	4.332119063020239e-8
1893	4.335400795180399e-8
1894	4.327371046541952e-8
1895	4.318739990388712e-8
1896	4.3155304580842424e-8
1897	4.2957950094754575e-8
1898	4.306805049839965e-8
1899	4.322590221834349e-8
1900	4.2924449083238155e-8
1901	4.295350885910273e-8
1902	4.3018305834739994e-8
1903	4.289649780247208e-8
1904	4.279638747810619e-8
1905	4.267975284077365e-8
1906	4.2631431866485914e-8
1907	4.2743856004822684e-8
1908	4.256305616769795e-8
1909	4.243806597059287e-8
1910	4.2388139998851477e-8
1911	4.254831010314484e-8
1912	4.230843827328385e-8
1913	4.200095819148654e-8
1914	4.210778815292192e-8
1915	4.204769161618566e-8
1916	4.196834234129136e-8
1917	4.1953060426578826e-8
1918	4.205419110718381e-8
1919	4.203623063376486e-8
1920	4.206319804711774e-8
1921	4.188882733853396e-8
1922	4.181124988474094e-8
1923	4.174411857511682e-8
1924	4.1791852821216714e-8
1925	4.1569845874542746e-8
1926	4.160826530854376e-8
1927	4.157697660320183e-8
1928	4.158017144002254e-8
1929	4.1525479663946915e-8
1930	4.1508459052677476e-8
1931	4.152370716823808e-8
1932	4.145648240711974e-8
1933	4.1514900284429885e-8
1934	4.135161118428967e-8
1935	4.128789712333042e-8
1936	4.130177258878178e-8
1937	4.1130015773204516e-8
1938	4.117757492276701e-8
1939	4.1202064045418795e-8
1940	4.11121557133994e-8
1941	4.1064001609456134e-8
1942	4.096502427535666e-8
1943	4.0932269353229364e-8
1944	4.087288189111728e-8
1945	4.0808571007768725e-8
1946	4.0663910576176524e-8
1947	4.0708727899887796e-8
1948	4.06685711520964e-8
1949	4.06757983061354e-8
1950	4.06637637616429e-8
1951	4.055036217429743e-8
1952	4.0506550221010817e-8
1953	4.031042996636206e-8
1954	4.0358436198964264e-8
1955	4.040235221432829e-8
1956	4.0326344502968856e-8
1957	4.0277536648239274e-8
1958	4.0269333985668224e-8
1959	4.028626905112429e-8
1960	4.050575087801753e-8
1961	4.0040266251216054e-8
1962	4.003926253582416e-8
1963	4.005253410508457e-8
1964	3.99793014490879e-8
1965	4.0372796867213436e-8
1966	4.035497687220673e-8
1967	4.033959362147665e-8
1968	3.9827653655938446e-8
1969	3.987768358320597e-8
1970	3.975588265954568e-8
1971	3.9666913268608874e-8
1972	3.962682819377496e-8
1973	3.95919626484296e-8
1974	3.961485113654209e-8
1975	3.962735192804531e-8
1976	3.953885275420527e-8
1977	3.930193484079348e-8
1978	3.931608220589371e-8
1979	3.9319305668820786e-8
1980	3.929540371249281e-8
1981	3.92397895662416e-8
1982	3.922866475312259e-8
1983	3.9212133654968074e-8
1984	3.911935700850147e-8
1985	3.903319555713798e-8
1986	3.903713342512067e-8
1987	3.900098075370214e-8
1988	3.891760490004687e-8
1989	3.8873020977137274e-8
1990	3.8825541785032686e-8
1991	3.881702257606216e-8
1992	3.8765075791508036e-8
1993	3.8756653963893404e-8
1994	3.8652657027281014e-8
1995	3.8624297870578314e-8
1996	3.8604847600575736e-8
1997	3.854728916419648e-8
1998	3.850794522752829e-8
1999	3.852084948159846e-8
2000	3.843281141708874e-8
2001	3.835928749899929e-8