1	7.041148548523057e-9
2	1.4081044155026094e-8
3	2.111789523647621e-8
4	2.815137654770341e-8
5	3.517898691163183e-8
6	4.2198529686992496e-8
7	4.9212043942746944e-8
8	5.620892588225613e-8
9	6.319995472127614e-8
10	7.018537525961442e-8
11	7.715219365544954e-8
12	8.41226242298073e-8
13	9.103673523030871e-8
14	9.795599246785374e-8
15	1.0486088331241008e-7
16	1.1172601391450579e-7
17	1.1857647784171525e-7
18	1.254076508750592e-7
19	1.3222732854082417e-7
20	1.390555188719527e-7
21	1.457859819035907e-7
22	1.5253813230283962e-7
23	1.5920554822932788e-7
24	1.6589071966928097e-7
25	1.7249894563104116e-7
26	1.7912620336600027e-7
27	1.8568755097519263e-7
28	1.9226989257747355e-7
29	1.9873581433592194e-7
30	2.051866253237042e-7
31	2.116762318904674e-7
32	2.1803992345520524e-7
33	2.2447542109995023e-7
34	2.3072319591144415e-7
35	2.369444842146717e-7
36	2.431787070991465e-7
37	2.494020112303317e-7
38	2.554790183955014e-7
39	2.6165769754243475e-7
40	2.679496509067885e-7
41	2.7379211938923184e-7
42	2.7966328239878385e-7
43	2.854517121290853e-7
44	2.9140389278808635e-7
45	2.971730042514737e-7
46	3.030483708235606e-7
47	3.0887920392497773e-7
48	3.1456844938280757e-7
49	3.2010154237710235e-7
50	3.256939431245812e-7
51	3.311350318613444e-7
52	3.364730680757498e-7
53	3.4203624458671457e-7
54	3.4745522138465533e-7
55	3.5251745145131647e-7
56	3.57710909904587e-7
57	3.6306529552767983e-7
58	3.681001693992763e-7
59	3.7322088405265997e-7
60	3.7813004314707775e-7
61	3.831080376878116e-7
62	3.880707330138374e-7
63	3.929001635972769e-7
64	3.9778789122084525e-7
65	4.022988149814352e-7
66	4.070256942686067e-7
67	4.114489624762677e-7
68	4.160670827355509e-7
69	4.2130886469077073e-7
70	4.251489924331109e-7
71	4.2948330225770683e-7
72	4.3392040033137446e-7
73	4.3810919533107483e-7
74	4.422914498801821e-7
75	4.465403008288709e-7
76	4.5057312405720267e-7
77	4.5456112071448696e-7
78	4.5871488310343346e-7
79	4.625717610443724e-7
80	4.664219708384583e-7
81	4.7061465739278343e-7
82	4.739320820989127e-7
83	4.777470008847473e-7
84	4.812575238016695e-7
85	4.848754892080523e-7
86	4.882792232087651e-7
87	4.919165144851776e-7
88	4.949520758379315e-7
89	4.985674649421851e-7
90	5.01949781016942e-7
91	5.052495900111279e-7
92	5.084340555187016e-7
93	5.115276947727453e-7
94	5.144962553620323e-7
95	5.174952112901344e-7
96	5.206204445509116e-7
97	5.234879727376031e-7
98	5.263583924339716e-7
99	5.291190074160792e-7
100	5.319714875161147e-7
101	5.346597036397008e-7
102	5.372524969979586e-7
103	5.399088904371859e-7
104	5.425668748107448e-7
105	5.448211348429273e-7
106	5.474661298412839e-7
107	5.500627374842636e-7
108	5.52326686300488e-7
109	5.545967426010736e-7
110	5.567658546252857e-7
111	5.589438928626341e-7
112	5.6098916442611e-7
113	5.634241811392494e-7
114	5.651315529234507e-7
115	5.673440865462411e-7
116	5.694257850972855e-7
117	5.716305155577158e-7
118	5.732306300395319e-7
119	5.751078392909807e-7
120	5.770960947507049e-7
121	5.789185312748397e-7
122	5.804576328703397e-7
123	5.821404413012284e-7
124	5.838756644534136e-7
125	5.853961913993219e-7
126	5.868714954572792e-7
127	5.884370464629685e-7
128	5.898417911023756e-7
129	5.913820364096684e-7
130	5.932623297104102e-7
131	5.941536010364563e-7
132	5.955213485629281e-7
133	5.967588938144488e-7
134	5.979855447277525e-7
135	5.991633773288384e-7
136	6.002937787818542e-7
137	6.015903177632358e-7
138	6.026741953000574e-7
139	6.037044703221062e-7
140	6.045636080357681e-7
141	6.05771560370735e-7
142	6.067885051850307e-7
143	6.078044603157675e-7
144	6.086721308080302e-7
145	6.094560993296993e-7
146	6.103173327195805e-7
147	6.111001325841003e-7
148	6.119459069936891e-7
149	6.126535125129344e-7
150	6.134601378341861e-7
151	6.141395719383244e-7
152	6.148099819775721e-7
153	6.155834227014595e-7
154	6.160971699071628e-7
155	6.167010821931879e-7
156	6.172972351747043e-7
157	6.174904513629123e-7
158	6.182606440031997e-7
159	6.187083940796739e-7
160	6.19201164064353e-7
161	6.196588252362266e-7
162	6.199064495513832e-7
163	6.203848866078306e-7
164	6.207467563473175e-7
165	6.21208215128292e-7
166	6.214183406812371e-7
167	6.216135664750223e-7
168	6.219074284638311e-7
169	6.221697961745271e-7
170	6.226258949640312e-7
171	6.226561892769393e-7
172	6.228028869144619e-7
173	6.226235543358284e-7
174	6.230010128299799e-7
175	6.232153542908165e-7
176	6.232480902923433e-7
177	6.232950459559438e-7
178	6.234609963751138e-7
179	6.237533139529712e-7
180	6.230468921202555e-7
181	6.233968929949007e-7
182	6.232694010592188e-7
183	6.236354772032798e-7
184	6.235313198237294e-7
185	6.237767772901457e-7
186	6.230886720930946e-7
187	6.230266797239428e-7
188	6.226433664086821e-7
189	6.226224040649323e-7
190	6.226384279377406e-7
191	6.224447634986711e-7
192	6.223206057550237e-7
193	6.219092957836588e-7
194	6.216025622830086e-7
195	6.216090451916213e-7
196	6.211126466833221e-7
197	6.210476844609242e-7
198	6.209403412582296e-7
199	6.203219277019054e-7
200	6.207737012829035e-7
201	6.205017382203586e-7
202	6.195202476962972e-7
203	6.190609453958968e-7
204	6.187653624702005e-7
205	6.187194057666425e-7
206	6.165874916011396e-7
207	6.161568136680453e-7
208	6.157062190167798e-7
209	6.167428429046127e-7
210	6.162907323804908e-7
211	6.157756430421396e-7
212	6.153111989347122e-7
213	6.148602908216265e-7
214	6.143779119935109e-7
215	6.136008638196842e-7
216	6.1298100370529e-7
217	6.127846482838044e-7
218	6.122422378460851e-7
219	6.115541321871684e-7
220	6.110443111653898e-7
221	6.104828247171412e-7
222	6.098605686605559e-7
223	6.093570075428736e-7
224	6.086514768014329e-7
225	6.081760706774749e-7
226	6.074048912335514e-7
227	6.065990933058519e-7
228	6.061377660454646e-7
229	6.054664330553036e-7
230	6.049391090698721e-7
231	6.040644136424398e-7
232	6.03386982011907e-7
233	6.026630475570887e-7
234	6.019267981146039e-7
235	6.011648613261619e-7
236	6.004017009664365e-7
237	5.996021786106794e-7
238	5.989265285599222e-7
239	5.979663662442754e-7
240	5.969852928815602e-7
241	5.93721160029571e-7
242	5.954336257731911e-7
243	5.945357011211863e-7
244	5.936978678370596e-7
245	5.927725297373669e-7
246	5.918180990436293e-7
247	5.910513894230668e-7
248	5.901369480593873e-7
249	5.884631616009841e-7
250	5.88063517607568e-7
251	5.870962623951808e-7
252	5.857853000973052e-7
253	5.850930178923188e-7
254	5.840545034240874e-7
255	5.830264268802737e-7
256	5.819597931977177e-7
257	5.808740498420357e-7
258	5.797615248868474e-7
259	5.786422151752635e-7
260	5.77487659325917e-7
261	5.763469151662834e-7
262	5.75156565868899e-7
263	5.739739388906653e-7
264	5.727009850958163e-7
265	5.714455035669339e-7
266	5.701603756064054e-7
267	5.688870338739829e-7
268	5.675426448223883e-7
269	5.66195157352152e-7
270	5.648129408950522e-7
271	5.63394663705006e-7
272	5.619499343155224e-7
273	5.604918252041774e-7
274	5.59000047181541e-7
275	5.574688223225503e-7
276	5.559410450486377e-7
277	5.543067635720426e-7
278	5.526495445601652e-7
279	5.509889197577319e-7
280	5.492725611966858e-7
281	5.475373382263092e-7
282	5.457021113513926e-7
283	5.438432309900405e-7
284	5.419594200114117e-7
285	5.400026689958287e-7
286	5.38011850203234e-7
287	5.359776088710592e-7
288	5.338720970372574e-7
289	5.317177153186552e-7
290	5.294911366491241e-7
291	5.271967532691875e-7
292	5.248536788439228e-7
293	5.224313035153448e-7
294	5.199173739550872e-7
295	5.173744349931127e-7
296	5.146640397036719e-7
297	5.119564550582849e-7
298	5.091012337717463e-7
299	5.061852101117924e-7
300	5.031583288166101e-7
301	4.999922736363573e-7
302	4.967718255020784e-7
303	4.934147532142835e-7
304	4.899382033667071e-7
305	4.86336409395595e-7
306	4.825679293601815e-7
307	4.786949042679068e-7
308	4.7466134409774807e-7
309	4.7045535436376484e-7
310	4.660807379732458e-7
311	4.615309933180964e-7
312	4.5677370715742434e-7
313	4.5181386279412817e-7
314	4.466724833004204e-7
315	4.4128265514712463e-7
316	4.356265357977932e-7
317	4.297434318896855e-7
318	4.2355357679580943e-7
319	4.1707062621889985e-7
320	4.103067486759584e-7
321	4.03164680047495e-7
322	3.9570425673381414e-7
323	3.8782659835293427e-7
324	3.795479758178453e-7
325	3.7082870240648375e-7
326	3.616356974190988e-7
327	3.5194260157591546e-7
328	3.4170268826460013e-7
329	3.3087781104451927e-7
330	3.1942598860953433e-7
331	3.073013531998831e-7
332	2.944543936357613e-7
333	2.8083355207755897e-7
334	2.66383652607589e-7
335	2.510495425664801e-7
336	2.3477566681051195e-7
337	2.1750969729395488e-7
338	1.9920727719734903e-7
339	1.7983963259846093e-7
340	1.5940631117189243e-7
341	1.3795598411166254e-7
342	1.1562125399646853e-7
343	9.267596243687365e-8
344	6.962954852418204e-8
345	4.737347073698561e-8
346	2.7371066041094212e-8
347	1.1744863079999057e-8
348	2.6741958537611977e-9
349	9.187087191106701e-11
350	0.
351	0.
352	0.
353	0.
354	0.
355	0.
356	0.
357	0.
358	0.
359	0.
360	0.
361	0.
362	0.
363	0.
364	0.
365	0.
366	0.
367	0.
368	0.
369	0.
370	0.
371	0.
372	0.
373	0.
374	0.
375	0.
376	0.
377	0.
378	0.
379	0.
380	0.00005174337959704261
381	0.00002448263086006281
382	0.000017581427467014276
383	0.000014012185593094201
384	0.00001176007320468762
385	0.00001016728406780779
386	8.976797078984376e-6
387	8.046496150842908e-6
388	7.291192042556487e-6
389	6.670764141110545e-6
390	6.150495138698588e-6
391	5.708229523375138e-6
392	5.321910844099077e-6
393	4.9833586736674754e-6
394	4.690818199274078e-6
395	4.4270480435327465e-6
396	4.192196836755178e-6
397	3.980980481767554e-6
398	3.7914352792024836e-6
399	3.6140869367348467e-6
400	3.4605637984773197e-6
401	3.3090331243526464e-6
402	3.181591536950008e-6
403	3.055170655584344e-6
404	2.9404079012758583e-6
405	2.838470227499346e-6
406	2.7335821613848074e-6
407	2.645375902371993e-6
408	2.560266555344858e-6
409	2.474514604466199e-6
410	2.402969921800197e-6
411	2.330149637860323e-6
412	2.262216261236862e-6
413	2.1995088162771387e-6
414	2.138930258286828e-6
415	2.0819567273230605e-6
416	2.0280087831914863e-6
417	1.9769800494408593e-6
418	1.9276090073848657e-6
419	1.8816211532240738e-6
420	1.837153523079096e-6
421	1.7946573971577968e-6
422	1.754736777605818e-6
423	1.71528793021968e-6
424	1.6788215372374668e-6
425	1.6435796667510202e-6
426	1.6082274366827457e-6
427	1.5764297554140844e-6
428	1.5459404631944716e-6
429	1.5149327897754196e-6
430	1.485820498752616e-6
431	1.458500683165666e-6
432	1.4306977288542445e-6
433	1.4044380985129538e-6
434	1.380126808004527e-6
435	1.355192930066503e-6
436	1.3319860649949289e-6
437	1.3096207089264718e-6
438	1.2872859215036382e-6
439	1.2667921340853904e-6
440	1.2457834265650574e-6
441	1.2249932997271728e-6
442	1.2075265414286522e-6
443	1.1886741049677417e-6
444	1.1697759938347716e-6
445	1.1508661730857243e-6
446	1.1346726462315005e-6
447	1.1200833829944749e-6
448	1.103693832878791e-6
449	1.0874801857184512e-6
450	1.070822269643226e-6
451	1.054903212968584e-6
452	1.0421659450956567e-6
453	1.0284978592352487e-6
454	1.0152937838900955e-6
455	1.0019411476761796e-6
456	9.914427989269107e-7
457	9.757019316180106e-7
458	9.614793259070021e-7
459	9.491237046382406e-7
460	9.389313582226082e-7
461	9.283531657907903e-7
462	9.169400892534308e-7
463	9.067073842464255e-7
464	8.955738155657008e-7
465	8.852730680392882e-7
466	8.75877866855569e-7
467	8.624137241572161e-7
468	8.524679813811806e-7
469	8.447173625446877e-7
470	8.360896772961486e-7
471	8.274197392085833e-7
472	8.172554075235978e-7
473	8.092445626607618e-7
474	8.00866483092441e-7
475	7.917445237352707e-7
476	7.827235084616349e-7
477	7.7411676239182e-7
478	7.648126357064066e-7
479	7.561508217167065e-7
480	7.520854631585638e-7
481	7.441201865921535e-7
482	7.40234204158309e-7
483	7.295082635572257e-7
484	7.25658058121117e-7
485	7.158104342347447e-7
486	7.040920234325481e-7
487	7.014203268811544e-7
488	6.98439482843204e-7
489	6.88536427976481e-7
490	6.82679168516821e-7
491	6.732261681490884e-7
492	6.706470623780486e-7
493	6.652365049504023e-7
494	6.587382969029714e-7
495	6.536151782015542e-7
496	6.489436172045806e-7
497	6.401835156925211e-7
498	6.35194522691702e-7
499	6.307145846199536e-7
500	6.266441906555333e-7
501	6.203643393586662e-7
502	6.14013794080595e-7
503	6.08903283595169e-7
504	6.044981166068144e-7
505	5.987105433169672e-7
506	5.947708502295198e-7
507	5.898394531800672e-7
508	5.847052222449752e-7
509	5.795808356044612e-7
510	5.698581902846885e-7
511	5.742233906476045e-7
512	5.668285866204528e-7
513	5.623408392423625e-7
514	5.555029190944119e-7
515	5.580682731085326e-7
516	5.494435061545919e-7
517	5.458438277151351e-7
518	5.408501938513369e-7
519	5.420508962415297e-7
520	5.322380782848772e-7
521	5.279033935207933e-7
522	5.241450476170731e-7
523	5.268955375505906e-7
524	5.181169300674173e-7
525	5.137339585913025e-7
526	5.136614503641594e-7
527	5.099372675266145e-7
528	5.040776523422335e-7
529	4.99607286482277e-7
530	4.968879628875088e-7
531	4.932328110583017e-7
532	4.896384620001102e-7
533	4.868143887009973e-7
534	4.842398178765425e-7
535	4.805971095799833e-7
536	4.777119426864667e-7
537	4.7358825461525505e-7
538	4.7181961289596834e-7
539	4.6659047884795027e-7
540	4.634103923956053e-7
541	4.62464875859599e-7
542	4.5799591213600987e-7
543	4.5679767526239085e-7
544	4.5231206344058294e-7
545	4.4992965891646507e-7
546	4.47950069755428e-7
547	4.447255188184446e-7
548	4.4210156897465576e-7
549	4.395605002289578e-7
550	4.3676320535511066e-7
551	4.341114806370702e-7
552	4.312983486620359e-7
553	4.2585217125394117e-7
554	4.232964310068105e-7
555	4.2372191923041e-7
556	4.2081485623838774e-7
557	4.192461149485226e-7
558	4.170983559416758e-7
559	4.1344207969044996e-7
560	4.105773218956328e-7
561	4.090202077399749e-7
562	4.0435992097671817e-7
563	4.0421737953225933e-7
564	3.99247049994692e-7
565	3.9916231300214935e-7
566	3.96934399729098e-7
567	3.944800747874128e-7
568	3.9033069569704454e-7
569	3.8934283235606445e-7
570	3.888091048256086e-7
571	3.870828445503364e-7
572	3.827322287289893e-7
573	3.8047935486695507e-7
574	3.805811356565979e-7
575	3.767864782529634e-7
576	3.757357689963763e-7
577	3.757721543857519e-7
578	3.7175121251032605e-7
579	3.69584825503821e-7
580	3.6959156773694395e-7
581	3.6728947741016666e-7
582	3.652540472699404e-7
583	3.6316864149314336e-7
584	3.5938117561291797e-7
585	3.588671742682377e-7
586	3.579961709626765e-7
587	3.5490096425429833e-7
588	3.553784953130839e-7
589	3.495987516474524e-7
590	3.4873250661664185e-7
591	3.490599160181062e-7
592	3.466847535321348e-7
593	3.4593803366416647e-7
594	3.435985178921631e-7
595	3.4071077866688243e-7
596	3.3992373115329663e-7
597	3.390821415498791e-7
598	3.3605939386622987e-7
599	3.3227895407401027e-7
600	3.3435984185185054e-7
601	3.282248083430769e-7
602	3.3038501818172585e-7
603	3.370367841410592e-7
604	3.270674851510931e-7
605	3.2557211339203137e-7
606	3.2163594897710553e-7
607	3.4305750651346344e-7
608	3.2073807418687564e-7
609	3.172987015614509e-7
610	3.1659390417072153e-7
611	3.1380273378304906e-7
612	3.11950252842874e-7
613	3.1397541400078144e-7
614	3.119574688501236e-7
615	3.101302857645235e-7
616	3.100608186624024e-7
617	3.0630411086069005e-7
618	3.072931017514473e-7
619	3.075638120529109e-7
620	3.034649725938926e-7
621	3.0198048890956423e-7
622	3.015844669186401e-7
623	3.0031444898873437e-7
624	2.976019949580857e-7
625	2.977028123124157e-7
626	2.961066778546249e-7
627	2.9547557784122473e-7
628	2.9309981388635196e-7
629	2.9325169508275386e-7
630	2.9008112219331797e-7
631	2.903870635992012e-7
632	2.891497644630712e-7
633	2.881232643913388e-7
634	2.8656152032061065e-7
635	2.837638392579067e-7
636	2.827813857682008e-7
637	2.8490270832654655e-7
638	2.8113114727162706e-7
639	2.819679751738559e-7
640	2.8081065811543306e-7
641	2.7805498966507563e-7
642	2.764256206381091e-7
643	2.7492097725532927e-7
644	2.7776378132883187e-7
645	2.74002388736966e-7
646	2.729743127429728e-7
647	2.7027489307208876e-7
648	2.697292200221497e-7
649	2.689800105856094e-7
650	2.6956569093286394e-7
651	2.6767771059570745e-7
652	2.6762597221031147e-7
653	2.6782723948910936e-7
654	2.6628165927876395e-7
655	2.6354353353379306e-7
656	2.6195758539900427e-7
657	2.6220743949179055e-7
658	2.607173060286031e-7
659	2.5895959707190416e-7
660	2.5727626978651006e-7
661	2.5917675847299e-7
662	2.574714191826836e-7
663	2.563069125532227e-7
664	2.559378590295458e-7
665	2.554791385939165e-7
666	2.5336680595896925e-7
667	2.488922148558917e-7
668	2.4939594153452696e-7
669	2.486589506304181e-7
670	2.49521540283077e-7
671	2.4815853281279814e-7
672	2.4880327333857275e-7
673	2.459607101610546e-7
674	2.463744644079903e-7
675	2.449325661559818e-7
676	2.4393220587017086e-7
677	2.4362313194614246e-7
678	2.5204687466918787e-7
679	2.410236652306484e-7
680	2.39665985477748e-7
681	2.403795951430228e-7
682	2.3888416677227753e-7
683	2.3808086848752556e-7
684	2.39821837580237e-7
685	2.3729920314255547e-7
686	2.3556295263209314e-7
687	2.3508836033476664e-7
688	2.3481460123660824e-7
689	2.3176102066865263e-7
690	2.3300415397522036e-7
691	2.3345081710893745e-7
692	2.3119146104056348e-7
693	2.301982976968405e-7
694	2.2876223272522097e-7
695	2.2879266661261357e-7
696	2.275454672013179e-7
697	2.2698863388303324e-7
698	2.2720440539747502e-7
699	2.2517863939193117e-7
700	2.2548777190614026e-7
701	2.242622174668905e-7
702	2.2456273506839147e-7
703	2.229482040218363e-7
704	2.221399624398577e-7
705	2.2189182311456926e-7
706	2.186250860493068e-7
707	2.2003478769539956e-7
708	2.1912216010245297e-7
709	2.189560852936959e-7
710	2.1839026473043467e-7
711	2.204212635440652e-7
712	2.166883022901734e-7
713	2.159020704581422e-7
714	2.1490017225586868e-7
715	2.1428768243442303e-7
716	2.1336228018621777e-7
717	2.1294975019019318e-7
718	2.130955039494624e-7
719	2.1260603238689254e-7
720	2.11265864463718e-7
721	2.109195589447317e-7
722	2.0975281236990878e-7
723	2.0852092688756923e-7
724	2.081070451789644e-7
725	2.085813791543923e-7
726	2.0722414625943722e-7
727	2.058668693122091e-7
728	2.0752512072517356e-7
729	2.0606163082651026e-7
730	2.0624041200956992e-7
731	2.0450830773059638e-7
732	2.042786051487273e-7
733	2.0256503361143727e-7
734	2.0270290399040649e-7
735	2.0223665326885477e-7
736	2.0138090610266052e-7
737	2.001955793632319e-7
738	2.0021718505368993e-7
739	2.0068712261030042e-7
740	1.988744972243114e-7
741	1.983148363604301e-7
742	1.979528683083301e-7
743	1.9714560718847562e-7
744	1.965498925158871e-7
745	1.965623775369569e-7
746	1.9545546987888597e-7
747	1.9511451967012174e-7
748	1.9460935025363432e-7
749	1.938383860228266e-7
750	1.9429036842521172e-7
751	1.923576866420564e-7
752	1.9221057747688532e-7
753	1.9156428781985303e-7
754	1.909909189253139e-7
755	1.9178124965884676e-7
756	1.9036821091332958e-7
757	1.9012801424586287e-7
758	1.897046422995406e-7
759	1.8846537716322942e-7
760	1.8847223045498058e-7
761	1.8788396492559877e-7
762	1.873746953312771e-7
763	1.8694428011270606e-7
764	1.8642286611619295e-7
765	1.8628198233061765e-7
766	1.8528942454867956e-7
767	1.8423112316246844e-7
768	1.839778201558563e-7
769	1.8399442593480354e-7
770	1.8264900997369877e-7
771	1.8313816261570607e-7
772	1.8253080317961996e-7
773	1.819012725336884e-7
774	1.8157893253767328e-7
775	1.8210193344175237e-7
776	1.8059755587385534e-7
777	1.8455795201538242e-7
778	1.7957304820847813e-7
779	1.7935007037289325e-7
780	1.797143813821887e-7
781	1.7796150637498455e-7
782	1.7630832433322928e-7
783	1.7760309434525661e-7
784	1.779253702759067e-7
785	1.7661206727723386e-7
786	1.761166052196364e-7
787	1.7609098023675388e-7
788	1.7508955918876122e-7
789	1.7505934839321858e-7
790	1.7533603308071355e-7
791	1.7280557938742088e-7
792	1.7316488571188943e-7
793	1.7362302884356447e-7
794	1.732249894082027e-7
795	1.7371992879195087e-7
796	1.7272348813011548e-7
797	1.7207079689565188e-7
798	1.7125770104303693e-7
799	1.7101525672688373e-7
800	1.7132593790796026e-7
801	1.7006203462121168e-7
802	1.6905393548168443e-7
803	1.690421277038186e-7
804	1.6895696670407258e-7
805	1.6826250650240606e-7
806	1.6741719812424065e-7
807	1.668219871859824e-7
808	1.664457378893355e-7
809	1.6633783502016163e-7
810	1.6670305687584014e-7
811	1.6503202724263546e-7
812	1.673370561440279e-7
813	1.661457456582399e-7
814	1.6439494868996827e-7
815	1.6481140450630623e-7
816	1.6347270754927884e-7
817	1.6480166033734758e-7
818	1.6211662151711425e-7
819	1.608578713008051e-7
820	1.6194845535254816e-7
821	1.623760425873431e-7
822	1.614010938170033e-7
823	1.6136697672046779e-7
824	1.6154505196457934e-7
825	1.6010728728329483e-7
826	1.5980918575511387e-7
827	1.600438410269232e-7
828	1.579348855542638e-7
829	1.6191941417854002e-7
830	1.5984656580150098e-7
831	1.5989852027347936e-7
832	1.5833803804611576e-7
833	1.573620516440685e-7
834	1.578546034651797e-7
835	1.5829468395468045e-7
836	1.5731712405594902e-7
837	1.5636702301872694e-7
838	1.5444043108623923e-7
839	1.5508735677352178e-7
840	1.5563930494225943e-7
841	1.5316469105995956e-7
842	1.521659716824695e-7
843	1.5460533968341094e-7
844	1.5270405808383746e-7
845	1.5383829922178732e-7
846	1.5391656982851317e-7
847	1.5696596912459582e-7
848	1.5319320786968022e-7
849	1.519942669711231e-7
850	1.517084459754998e-7
851	1.5264756949850256e-7
852	1.5246066554906738e-7
853	1.5432108930718087e-7
854	1.5507406627512051e-7
855	1.541487950449305e-7
856	1.494713132911207e-7
857	1.501044583184291e-7
858	1.5234639592576043e-7
859	1.47523385902033e-7
860	1.4876585908672155e-7
861	1.4953012993570134e-7
862	1.4912376413756585e-7
863	1.4912569258405042e-7
864	1.4867323200306265e-7
865	1.4607920392924e-7
866	1.4658754827186625e-7
867	1.475228056698125e-7
868	1.445236100220526e-7
869	1.4494380272004013e-7
870	1.4390426720011633e-7
871	1.4553972228000454e-7
872	1.4551553893594518e-7
873	1.4512575385039946e-7
874	1.4454522884639784e-7
875	1.439569379084824e-7
876	1.435922252849827e-7
877	1.4357846573331015e-7
878	1.4293819568718083e-7
879	1.4163630802375498e-7
880	1.427176885263827e-7
881	1.436634030067733e-7
882	1.4196349218051818e-7
883	1.4130656508729984e-7
884	1.4050072684779814e-7
885	1.4016820774317257e-7
886	1.4114243332453865e-7
887	1.380992088365734e-7
888	1.4674338096188747e-7
889	1.4127402399034412e-7
890	1.5067590933498846e-7
891	1.3981001211175993e-7
892	1.3848648179161284e-7
893	1.3862115172385678e-7
894	1.4111236718053619e-7
895	1.3854177914334536e-7
896	1.3990135752165948e-7
897	1.3848873564460336e-7
898	1.3615657730780404e-7
899	1.381377299493286e-7
900	1.3748223649778048e-7
901	1.3594995955962737e-7
902	1.3706788864037537e-7
903	1.3818029180755693e-7
904	1.3595671728963994e-7
905	1.3549454151451062e-7
906	1.3558967542475745e-7
907	1.3652161914032057e-7
908	1.3380607483677668e-7
909	1.342711676467044e-7
910	1.362449089301384e-7
911	1.3514173661174578e-7
912	1.3679909383159672e-7
913	1.3392798597820866e-7
914	1.3521244318525164e-7
915	1.346948235158773e-7
916	1.3517967611230308e-7
917	1.3402470992073322e-7
918	1.359620113050664e-7
919	1.3389059609904013e-7
920	1.331838239832614e-7
921	1.303823810212009e-7
922	1.3063803091063034e-7
923	1.315406706280967e-7
924	1.3187496082663043e-7
925	1.29878585979012e-7
926	1.3144592324789145e-7
927	1.3005735618625305e-7
928	1.320758250190299e-7
929	1.313354221406557e-7
930	1.3004393190360272e-7
931	1.303126974388963e-7
932	1.2768828266158386e-7
933	1.3022037115429725e-7
934	1.292808657033879e-7
935	1.29813083639235e-7
936	1.2914343308499842e-7
937	1.2888319262144916e-7
938	1.290957033337042e-7
939	1.2796523143268398e-7
940	1.2882358626190062e-7
941	1.2843043832984121e-7
942	1.258073537407152e-7
943	1.2575280141798007e-7
944	1.2906305432594673e-7
945	1.2898861372453588e-7
946	1.2657094682170954e-7
947	1.2769669338113675e-7
948	1.2760141217689538e-7
949	1.301909515075645e-7
950	1.27109142282899e-7
951	1.2577083509928661e-7
952	1.2457902376905192e-7
953	1.2144535420463834e-7
954	1.2181856154297412e-7
955	1.2262556220263328e-7
956	1.2367508161456227e-7
957	1.245708440372655e-7
958	1.232922185677633e-7
959	1.245327646759463e-7
960	1.239686817111573e-7
961	1.2469475013950634e-7
962	1.2472235058698967e-7
963	1.2461213627744577e-7
964	1.23574649440667e-7
965	1.2415639331147793e-7
966	1.2368986159227338e-7
967	1.21834738516618e-7
968	1.2455446050482086e-7
969	1.2211713258736445e-7
970	1.214553535294565e-7
971	1.2045382586122679e-7
972	1.211913361158848e-7
973	1.2072196069699483e-7
974	1.2036570897447486e-7
975	1.1970501486947924e-7
976	1.1955538255513308e-7
977	1.1621438567073522e-7
978	1.2068048583745994e-7
979	1.2111516871956345e-7
980	1.2196441608577124e-7
981	1.230630602837666e-7
982	1.1911338580524046e-7
983	1.17807069162718e-7
984	1.1795291527969035e-7
985	1.1782332758876349e-7
986	1.1660112303659158e-7
987	1.1802599624456841e-7
988	1.1811270572577164e-7
989	1.1817382063718425e-7
990	1.1736504045382459e-7
991	1.199470247567856e-7
992	1.1793046017808032e-7
993	1.1898807551926172e-7
994	1.1639058530267293e-7
995	1.1430963599685215e-7
996	1.1783237455607406e-7
997	1.159043265140108e-7
998	1.1422055312775293e-7
999	1.177659843964225e-7
1000	1.180928322473898e-7
1001	1.1490734235673552e-7
1002	1.1203532265540657e-7
1003	1.1256047286534457e-7
1004	1.130817565371105e-7
1005	1.1354109460732155e-7
1006	1.1454122575837614e-7
1007	1.1307090610183799e-7
1008	1.1119059451441752e-7
1009	1.1309586814339973e-7
1010	1.1397530044134259e-7
1011	1.1226020791353116e-7
1012	1.1080412574032254e-7
1013	1.0987294260003011e-7
1014	1.1361443540567972e-7
1015	1.1216039073071463e-7
1016	1.1260489181147524e-7
1017	1.1265147388741658e-7
1018	1.1324618243657819e-7
1019	1.1263195750101492e-7
1020	1.1155301215307498e-7
1021	1.1058953374180146e-7
1022	1.1077017127748927e-7
1023	1.1086681678272052e-7
1024	1.0930498257450872e-7
1025	1.0979095976636942e-7
1026	1.112308409645144e-7
1027	1.0914197307042988e-7
1028	1.1175888975350518e-7
1029	1.1163608232927847e-7
1030	1.1032179790491723e-7
1031	1.1053699168121262e-7
1032	1.1065993401102076e-7
1033	1.1201414692800527e-7
1034	1.1028009599853644e-7
1035	1.1502067792642161e-7
1036	1.095225002885366e-7
1037	1.0897752045465275e-7
1038	1.0871774573925157e-7
1039	1.0820866900288169e-7
1040	1.1358384237031741e-7
1041	1.0781509094629713e-7
1042	1.0802559827161718e-7
1043	1.0898096700186439e-7
1044	1.078120947351299e-7
1045	1.0877063978082684e-7
1046	1.0951983491031002e-7
1047	1.1162753040252665e-7
1048	1.0673858587945156e-7
1049	1.0572268043495985e-7
1050	1.0739651401512045e-7
1051	1.060517469824693e-7
1052	1.062948229694899e-7
1053	1.0460940250446877e-7
1054	1.0649887451021941e-7
1055	1.0685758411220176e-7
1056	1.0789936771623888e-7
1057	1.0724254394413134e-7
1058	1.0608055329665122e-7
1059	1.0452016359148233e-7
1060	1.05958669137147e-7
1061	1.021931105429907e-7
1062	1.0536605940023638e-7
1063	1.0555700171005468e-7
1064	1.0405516550326765e-7
1065	1.0673102455973445e-7
1066	1.0535655135410829e-7
1067	1.0353315026249308e-7
1068	1.0304626582406831e-7
1069	1.0211990821179821e-7
1070	1.0215509074907802e-7
1071	1.0603755627996758e-7
1072	1.0899629996662174e-7
1073	9.967249040892485e-8
1074	1.0344333894085305e-7
1075	1.0363024578695163e-7
1076	1.0188323325024817e-7
1077	1.0097416656056995e-7
1078	1.0266007611303447e-7
1079	1.0170896589631645e-7
1080	1.0296977879217159e-7
1081	1.0167630426959871e-7
1082	1.0061544074896556e-7
1083	1.0130029221028873e-7
1084	1.0194040698991973e-7
1085	1.0153313978986624e-7
1086	1.0114021873362651e-7
1087	1.0063891733254123e-7
1088	1.0252850926529412e-7
1089	1.0182756871334128e-7
1090	1.0311818097682619e-7
1091	1.0077570996284213e-7
1092	1.0007822825987695e-7
1093	1.0038557941602724e-7
1094	9.963763786197215e-8
1095	9.915113095757336e-8
1096	9.877318933740961e-8
1097	9.889805956527953e-8
1098	9.885740233180747e-8
1099	9.88902923331479e-8
1100	9.94653499069589e-8
1101	9.872820489879585e-8
1102	9.974469316822572e-8
1103	9.800568980100939e-8
1104	9.972200808912241e-8
1105	9.921420533173224e-8
1106	9.83130861820436e-8
1107	9.692780127746294e-8
1108	9.711654458753458e-8
1109	9.804108538232746e-8
1110	9.724998123309084e-8
1111	9.869020834867933e-8
1112	9.785913880229321e-8
1113	9.823619431922407e-8
1114	9.936389822029321e-8
1115	9.69914209000683e-8
1116	9.723843522930933e-8
1117	9.64165355861479e-8
1118	9.783002984643372e-8
1119	9.568017041247216e-8
1120	9.662011064748669e-8
1121	9.680093106975144e-8
1122	9.576910202490833e-8
1123	9.570121153587203e-8
1124	9.698073022035417e-8
1125	9.537202700947333e-8
1126	9.515560490060218e-8
1127	9.547253270008677e-8
1128	9.470724123617097e-8
1129	9.552458004668844e-8
1130	9.492811165556509e-8
1131	9.497731843205006e-8
1132	9.512634197951399e-8
1133	9.587429245112853e-8
1134	9.537120962816657e-8
1135	9.540502194198115e-8
1136	9.348250286525383e-8
1137	9.311965912072142e-8
1138	9.340965004256837e-8
1139	9.276184272155297e-8
1140	9.272521861855754e-8
1141	9.374670088276876e-8
1142	9.380984790783716e-8
1143	9.289677399820648e-8
1144	9.281450420204674e-8
1145	9.351796443297986e-8
1146	9.290915973258028e-8
1147	9.31086049100634e-8
1148	9.357929277742228e-8
1149	9.388323233387626e-8
1150	9.414899964696424e-8
1151	9.159993442630747e-8
1152	9.147761722803347e-8
1153	9.257987756334208e-8
1154	9.301512648108072e-8
1155	9.299660605773049e-8
1156	9.127177778246467e-8
1157	9.095588891069076e-8
1158	9.074575102540856e-8
1159	9.109570251857055e-8
1160	9.213237238158294e-8
1161	9.187800137564491e-8
1162	9.140879444388301e-8
1163	9.065280861380678e-8
1164	9.02029026859673e-8
1165	9.340400950544323e-8
1166	9.123772909134125e-8
1167	9.021164364311007e-8
1168	9.00309058584259e-8
1169	8.91421277322521e-8
1170	8.942392968049059e-8
1171	8.953214876970177e-8
1172	8.959939789091102e-8
1173	8.949345434784582e-8
1174	8.934996303272721e-8
1175	8.904365519212616e-8
1176	8.917209912483701e-8
1177	8.970467416556526e-8
1178	8.995237006924211e-8
1179	8.905245639153691e-8
1180	8.858666916691753e-8
1181	8.56387594999399e-8
1182	8.624517226705257e-8
1183	8.78746429706333e-8
1184	8.76714570440755e-8
1185	8.795090080883192e-8
1186	8.81181866318425e-8
1187	8.778059480111773e-8
1188	8.68081629402261e-8
1189	8.720622898166828e-8
1190	8.73890440870559e-8
1191	8.736419491765525e-8
1192	8.701282523780901e-8
1193	8.62110051630052e-8
1194	8.587736392737273e-8
1195	8.658714285603547e-8
1196	8.662266083328709e-8
1197	8.630130652469628e-8
1198	8.664775712572902e-8
1199	8.557619221043551e-8
1200	8.614428160354727e-8
1201	8.62228985602528e-8
1202	8.542065319911812e-8
1203	8.623954954667994e-8
1204	8.558895252268086e-8
1205	8.514117019710821e-8
1206	8.562686253936617e-8
1207	8.483264872080377e-8
1208	8.498798911275531e-8
1209	8.501338133329395e-8
1210	8.470421945218166e-8
1211	8.573202582370979e-8
1212	8.456682761505266e-8
1213	8.493087576126453e-8
1214	8.363485909958018e-8
1215	8.447197965291507e-8
1216	8.428016538060849e-8
1217	8.400314171802007e-8
1218	8.481583832323387e-8
1219	8.425678170985994e-8
1220	8.410111407155402e-8
1221	8.412703650357718e-8
1222	8.341594343974245e-8
1223	8.32297298232301e-8
1224	8.333065395535703e-8
1225	8.291114555643555e-8
1226	8.369431030886214e-8
1227	8.265164332898736e-8
1228	8.32512581976209e-8
1229	8.305528728708745e-8
1230	8.33475312365733e-8
1231	8.339196763706781e-8
1232	8.313846341703734e-8
1233	8.280536924275233e-8
1234	8.301222000577044e-8
1235	8.339082936076524e-8
1236	8.337909774375458e-8
1237	8.221220478780298e-8
1238	8.142843199716875e-8
1239	8.157700326385684e-8
1240	8.13022313136302e-8
1241	8.36417304469282e-8
1242	8.313298663719146e-8
1243	8.074637857443431e-8
1244	8.331756493927135e-8
1245	8.135212530966535e-8
1246	8.072446308238752e-8
1247	8.086379191273544e-8
1248	8.050989246251218e-8
1249	8.057408371535899e-8
1250	8.069289817294238e-8
1251	8.11635671874648e-8
1252	8.043062550155448e-8
1253	7.991633184532884e-8
1254	7.981316437263388e-8
1255	7.986343172386802e-8
1256	8.035552643077353e-8
1257	8.016874667160758e-8
1258	8.151045533783696e-8
1259	7.970688331709618e-8
1260	7.976995792566153e-8
1261	7.969285594385927e-8
1262	7.964817061019587e-8
1263	7.850641304143728e-8
1264	7.827046430387814e-8
1265	7.832495727069113e-8
1266	7.841249511479906e-8
1267	7.825625413080521e-8
1268	7.847747980658576e-8
1269	7.828959198587916e-8
1270	7.848953224081502e-8
1271	7.840050296628253e-8
1272	7.828765570204882e-8
1273	7.742860332078126e-8
1274	7.645258843325361e-8
1275	7.730634539889203e-8
1276	7.71835625159649e-8
1277	7.67259513923054e-8
1278	7.757600798963238e-8
1279	7.778862512860354e-8
1280	7.690304304833446e-8
1281	7.697954480967986e-8
1282	7.713357346670318e-8
1283	7.689374462703396e-8
1284	7.700292013387872e-8
1285	7.693189415925469e-8
1286	7.69549340910608e-8
1287	7.738928536219002e-8
1288	7.663517284315278e-8
1289	7.725127239501195e-8
1290	7.75548118150558e-8
1291	7.578238729414287e-8
1292	7.589132658508578e-8
1293	7.601152062709553e-8
1294	7.590831945047516e-8
1295	7.544964800620989e-8
1296	7.557512826286884e-8
1297	7.477145609866612e-8
1298	7.507360820634524e-8
1299	7.453396962971611e-8
1300	7.505870658402452e-8
1301	7.4644363445285e-8
1302	7.511110476760293e-8
1303	7.443871860638447e-8
1304	7.540780102275451e-8
1305	7.508290937444548e-8
1306	7.455956901239308e-8
1307	7.435805028809709e-8
1308	7.417012147511544e-8
1309	7.391024442631458e-8
1310	7.406682074344118e-8
1311	7.46830295089053e-8
1312	7.416029630660343e-8
1313	7.381318354708101e-8
1314	7.364142992197873e-8
1315	7.364418337236759e-8
1316	7.372214722440045e-8
1317	7.248300484346276e-8
1318	7.280974795367058e-8
1319	7.334003185820444e-8
1320	7.36225763393312e-8
1321	7.345883971629317e-8
1322	7.350336219493333e-8
1323	7.304884031296922e-8
1324	7.290274620441827e-8
1325	7.286397897298662e-8
1326	7.296025740980098e-8
1327	7.282078899786335e-8
1328	7.243763527170297e-8
1329	7.211373512824023e-8
1330	7.237364720604258e-8
1331	7.25252115991202e-8
1332	7.239836056588775e-8
1333	7.248738718162233e-8
1334	7.167026210744269e-8
1335	7.156341105603221e-8
1336	7.171816990362316e-8
1337	7.167981783751205e-8
1338	7.154409538920964e-8
1339	7.16918646265904e-8
1340	7.140295595197067e-8
1341	7.129154036318408e-8
1342	7.121077639563933e-8
1343	7.108044339981624e-8
1344	7.118010795713067e-8
1345	7.10987167856117e-8
1346	7.087814857042866e-8
1347	7.074522092946076e-8
1348	7.056153446522836e-8
1349	7.05191073822082e-8
1350	7.047596377610916e-8
1351	7.044537164133775e-8
1352	7.037592564594727e-8
1353	7.022570082151746e-8
1354	7.023340769552251e-8
1355	6.992715560181477e-8
1356	6.965736230643881e-8
1357	6.997870388660806e-8
1358	7.087944644478116e-8
1359	6.964244378437244e-8
1360	6.970365001732622e-8
1361	6.957250255727059e-8
1362	6.931100870066913e-8
1363	6.940505747657914e-8
1364	6.938272308309627e-8
1365	6.948717136043023e-8
1366	6.901485686599965e-8
1367	6.922619762221567e-8
1368	6.92504914859163e-8
1369	6.889674101822434e-8
1370	6.882833481110176e-8
1371	6.919155428546773e-8
1372	6.884172077272678e-8
1373	6.868036396053044e-8
1374	6.853075759778244e-8
1375	6.832191759287064e-8
1376	6.846086621324225e-8
1377	6.826230577018791e-8
1378	6.784197173129437e-8
1379	6.810188599864415e-8
1380	6.809329065317619e-8
1381	6.790905923314263e-8
1382	6.79409342740984e-8
1383	6.753986001916987e-8
1384	6.744194855438514e-8
1385	6.714205645283501e-8
1386	6.710669067011837e-8
1387	6.703819367847964e-8
1388	6.715506752227155e-8
1389	6.710167416736709e-8
1390	6.702266705666563e-8
1391	6.682709132470314e-8
1392	6.658890541231174e-8
1393	6.677978562487156e-8
1394	6.692293182095514e-8
1395	6.660058043123306e-8
1396	6.670940551011113e-8
1397	6.649739926663555e-8
1398	6.641624049740544e-8
1399	6.59238269636709e-8
1400	6.597420467058306e-8
1401	6.59497032665988e-8
1402	6.584638188551831e-8
1403	6.5854335672023e-8
1404	6.575681737634037e-8
1405	6.572334695357602e-8
1406	6.578627417079568e-8
1407	6.583168823004376e-8
1408	6.556162760184796e-8
1409	6.544207701137646e-8
1410	6.541559298888936e-8
1411	6.536300842638736e-8
1412	6.510883032919551e-8
1413	6.51798502663222e-8
1414	6.509919839345372e-8
1415	6.498379379839747e-8
1416	6.49518457500116e-8
1417	6.472391758681056e-8
1418	6.468343718755641e-8
1419	6.46245988825469e-8
1420	6.455827184900586e-8
1421	6.439733881511409e-8
1422	6.449764780806827e-8
1423	6.459760465711851e-8
1424	6.384407153747053e-8
1425	6.372915978850561e-8
1426	6.475680880353535e-8
1427	6.3721457759885e-8
1428	6.37023948807856e-8
1429	6.415880298715272e-8
1430	6.358342472893692e-8
1431	6.357469939967089e-8
1432	6.318782048596385e-8
1433	6.391837116100859e-8
1434	6.332234818148326e-8
1435	6.315294690054656e-8
1436	6.302694177667497e-8
1437	6.309916121964829e-8
1438	6.298841389761914e-8
1439	6.275682324574002e-8
1440	6.287859491814871e-8
1441	6.280617428508063e-8
1442	6.259962249111597e-8
1443	6.26024193390029e-8
1444	6.250133211046078e-8
1445	6.246405216023832e-8
1446	6.231375096177892e-8
1447	6.207715448878162e-8
1448	6.213479316356389e-8
1449	6.206750673173092e-8
1450	6.2107212010716e-8
1451	6.193540540633328e-8
1452	6.151428844418891e-8
1453	6.162543643775932e-8
1454	6.168499528535052e-8
1455	6.160822435897559e-8
1456	6.133499982129571e-8
1457	6.121335046710955e-8
1458	6.139082209792588e-8
1459	6.116906557544006e-8
1460	6.120063023904304e-8
1461	6.110038226188381e-8
1462	6.096362639433572e-8
1463	6.099733684145616e-8
1464	6.092367622185703e-8
1465	6.08426666337379e-8
1466	6.054280947689176e-8
1467	6.060537125968261e-8
1468	6.076425671575444e-8
1469	6.056233040715445e-8
1470	6.048677040792174e-8
1471	6.055400369489535e-8
1472	6.041668487529613e-8
1473	6.035336001069032e-8
1474	6.031933432776425e-8
1475	6.010307259671149e-8
1476	6.004677823745053e-8
1477	6.000980066234736e-8
1478	5.98878124843525e-8
1479	5.989685517655158e-8
1480	5.97439819006642e-8
1481	5.966156455963675e-8
1482	5.956102701407728e-8
1483	5.9474957043209855e-8
1484	5.942121311088095e-8
1485	5.938389786925511e-8
1486	5.932907147425371e-8
1487	5.920404697687793e-8
1488	5.902612672761967e-8
1489	5.907216626267547e-8
1490	5.901922148671244e-8
1491	5.897133468725747e-8
1492	5.8929074061146794e-8
1493	5.881692829704417e-8
1494	5.87506632271366e-8
1495	5.8611668341098205e-8
1496	5.860475214244936e-8
1497	5.850185489566007e-8
1498	5.8408625569319815e-8
1499	5.833983282862364e-8
1500	5.834874135042056e-8
1501	5.8106188802688494e-8
1502	5.8137512509055986e-8
1503	5.8074409946924683e-8
1504	5.789625990847318e-8
1505	5.7862238123448165e-8
1506	5.783186001479631e-8
1507	5.772168125072828e-8
1508	5.761042578167856e-8
1509	5.76241028388605e-8
1510	5.75656978306034e-8
1511	5.747739278649692e-8
1512	5.740527140668106e-8
1513	5.731789096830902e-8
1514	5.7233989869097925e-8
1515	5.7182810406241636e-8
1516	5.7119860770763936e-8
1517	5.710171250828913e-8
1518	5.703446014189217e-8
1519	5.6967712698737574e-8
1520	5.6836076165679556e-8
1521	5.6822616364424096e-8
1522	5.674899236913027e-8
1523	5.662567034528045e-8
1524	5.658327962826102e-8
1525	5.649440404092508e-8
1526	5.6403697949598386e-8
1527	5.635950684848368e-8
1528	5.629532501938342e-8
1529	5.625207360732681e-8
1530	5.6208553699690246e-8
1531	5.612233115842469e-8
1532	5.604806095149679e-8
1533	5.597854692364952e-8
1534	5.569685411951512e-8
1535	5.568759630073129e-8
1536	5.5749705163907646e-8
1537	5.55776675432388e-8
1538	5.562084791938997e-8
1539	5.5495289724322045e-8
1540	5.543786534062481e-8
1541	5.541852155374793e-8
1542	5.5367782506686526e-8
1543	5.524177953555935e-8
1544	5.5166637928049915e-8
1545	5.507920886674971e-8
1546	5.502163271057868e-8
1547	5.503357805188126e-8
1548	5.489977523369928e-8
1549	5.4836113156755486e-8
1550	5.4762293084364616e-8
1551	5.4674731013619464e-8
1552	5.460603847274535e-8
1553	5.453120904339649e-8
1554	5.442717666100334e-8
1555	5.4405908251992005e-8
1556	5.4361389384322116e-8
1557	5.427588438565946e-8
1558	5.4194299035133e-8
1559	5.420797207465682e-8
1560	5.413758698892902e-8
1561	5.401441117697595e-8
1562	5.381788522416612e-8
1563	5.37904225595177e-8
1564	5.382774004157054e-8
1565	5.375902399471696e-8
1566	5.3747709346700474e-8
1567	5.3635558494062787e-8
1568	5.357047890916877e-8
1569	5.354052208571911e-8
1570	5.3389058148425134e-8
1571	5.332728594999669e-8
1572	5.3299801944517645e-8
1573	5.320428196336098e-8
1574	5.3138194371415727e-8
1575	5.308393281570534e-8
1576	5.3023154008875556e-8
1577	5.297985108653186e-8
1578	5.291976175123502e-8
1579	5.2881059916603956e-8
1580	5.278601213673679e-8
1581	5.269379010070899e-8
1582	5.2626456395690486e-8
1583	5.256697542208636e-8
1584	5.25476106922445e-8
1585	5.244393708618034e-8
1586	5.241956498876009e-8
1587	5.232786331377657e-8
1588	5.225739518293291e-8
1589	5.219449148953268e-8
1590	5.209133271877444e-8
1591	5.204385310965395e-8
1592	5.2000117518984005e-8
1593	5.1938248036894364e-8
1594	5.1886712028271426e-8
1595	5.1834740453769086e-8
1596	5.1755539845012574e-8
1597	5.16808944087747e-8
1598	5.165462111867527e-8
1599	5.162543502631043e-8
1600	5.155727522639925e-8
1601	5.14580691697529e-8
1602	5.1394989489849415e-8
1603	5.127296737333031e-8
1604	5.1187549488210256e-8
1605	5.1171972507657703e-8
1606	5.111994906705834e-8
1607	5.095914032336763e-8
1608	5.096921420361715e-8
1609	5.08738018024382e-8
1610	5.088290024802618e-8
1611	5.084054774880245e-8
1612	5.0763144928518055e-8
1613	5.066324123718211e-8
1614	5.060014614438633e-8
1615	5.0548315213933e-8
1616	5.051203773666046e-8
1617	5.044264870761677e-8
1618	5.038697582872438e-8
1619	5.032447792731202e-8
1620	5.02455510108491e-8
1621	5.0192769758787454e-8
1622	5.014427480910079e-8
1623	5.0094094155970134e-8
1624	4.999400291077696e-8
1625	4.996053894888578e-8
1626	4.985312576072385e-8
1627	4.9857424553006064e-8
1628	4.9773700763984606e-8
1629	4.97219668711915e-8
1630	4.965751798528109e-8
1631	4.958880750752734e-8
1632	4.952898967866282e-8
1633	4.9456200261795875e-8
1634	4.9394763903518974e-8
1635	4.934806107594354e-8
1636	4.929542568408094e-8
1637	4.9225582355921126e-8
1638	4.9182635851824974e-8
1639	4.912967466244792e-8
1640	4.906696269006347e-8
1641	4.9012688432976406e-8
1642	4.893985053939483e-8
1643	4.899297765035485e-8
1644	4.882610130469775e-8
1645	4.8780780969658034e-8
1646	4.873009236619873e-8
1647	4.866094073746622e-8
1648	4.862809779739458e-8
1649	4.8530273092378574e-8
1650	4.846863459798956e-8
1651	4.8420557389958075e-8
1652	4.831395617729289e-8
1653	4.83041677456229e-8
1654	4.821107578381444e-8
1655	4.816639321373156e-8
1656	4.813866979056241e-8
1657	4.808538668026932e-8
1658	4.8019299279622286e-8
1659	4.798116734744965e-8
1660	4.790085782825089e-8
1661	4.785568809557558e-8
1662	4.7777069933412954e-8
1663	4.7725644310407094e-8
1664	4.767392492172094e-8
1665	4.7628612641721853e-8
1666	4.75666214533291e-8
1667	4.7498106431101985e-8
1668	4.743337897183464e-8
1669	4.740125335701567e-8
1670	4.732734471409196e-8
1671	4.7271524531372383e-8
1672	4.721860848652147e-8
1673	4.7178746415823006e-8
1674	4.710073253795479e-8
1675	4.704604704607087e-8
1676	4.699803584845054e-8
1677	4.692767379249199e-8
1678	4.687260683226213e-8
1679	4.683508886359911e-8
1680	4.676496155633275e-8
1681	4.6715890020754264e-8
1682	4.665485230979873e-8
1683	4.660207341591817e-8
1684	4.653954953321529e-8
1685	4.648990348188154e-8
1686	4.6455917038264084e-8
1687	4.6388839699057996e-8
1688	4.6321535865811373e-8
1689	4.627702133309903e-8
1690	4.622167775380718e-8
1691	4.617164610848505e-8
1692	4.612165805533948e-8
1693	4.605842577753979e-8
1694	4.600235794960578e-8
1695	4.59516156960227e-8
1696	4.58820595364222e-8
1697	4.583132502445465e-8
1698	4.577519491285987e-8
1699	4.571635665385984e-8
1700	4.566639767499683e-8
1701	4.561527772002822e-8
1702	4.556509064065213e-8
1703	4.551536415256444e-8
1704	4.545039701877849e-8
1705	4.5411444249368695e-8
1706	4.533485999039199e-8
1707	4.52896927691919e-8
1708	4.524016417848957e-8
1709	4.5183056746140245e-8
1710	4.513433823531159e-8
1711	4.5071133340408314e-8
1712	4.501857593768013e-8
1713	4.496595487393954e-8
1714	4.494260978515899e-8
1715	4.4867750939212606e-8
1716	4.48186392253608e-8
1717	4.4761990573869974e-8
1718	4.469884991222209e-8
1719	4.464967690056904e-8
1720	4.460017937242711e-8
1721	4.454482164838209e-8
1722	4.449726133805022e-8
1723	4.444316751416047e-8
1724	4.4390558423245603e-8
1725	4.433703684847427e-8
1726	4.42880937990431e-8
1727	4.4239585661331774e-8
1728	4.418208610913177e-8
1729	4.4116599219369687e-8
1730	4.407648201432397e-8
1731	4.402028955810808e-8
1732	4.397442797348411e-8
1733	4.3924960851301714e-8
1734	4.387303977816567e-8
1735	4.381927650091831e-8
1736	4.376520079062169e-8
1737	4.372266135839206e-8
1738	4.367349706774723e-8
1739	4.3614581576907734e-8
1740	4.356354532405563e-8
1741	4.351811517385904e-8
1742	4.346835289589432e-8
1743	4.341244284339922e-8
1744	4.335816302934586e-8
1745	4.33070404740996e-8
1746	4.3259064348281926e-8
1747	4.3209571165118015e-8
1748	4.3155041825299374e-8
1749	4.310591160820744e-8
1750	4.3057868483829784e-8
1751	4.300755872718633e-8
1752	4.2960207407104785e-8
1753	4.290533665705614e-8
1754	4.285665400127734e-8
1755	4.2815577010974296e-8
1756	4.2756951604830213e-8
1757	4.270720977530153e-8
1758	4.265435576688621e-8
1759	4.2604084693363114e-8
1760	4.25544636406278e-8
1761	4.250805032851168e-8
1762	4.24586384574963e-8
1763	4.240349973525536e-8
1764	4.2357797247945337e-8
1765	4.230761545444381e-8
1766	4.226105786371018e-8
1767	4.221352664915279e-8
1768	4.2162455716701424e-8
1769	4.2116033011710864e-8
1770	4.20655805674124e-8
1771	4.201849034880789e-8
1772	4.197311616994575e-8
1773	4.1918586004894176e-8
1774	4.187159034380452e-8
1775	4.1820936073881285e-8
1776	4.177207707818345e-8
1777	4.1724357425411394e-8
1778	4.167540715469296e-8
1779	4.162697923939897e-8
1780	4.158026241347945e-8
1781	4.1531475143242224e-8
1782	4.148375116165058e-8
1783	4.143744692212763e-8
1784	4.138730665222025e-8
1785	4.1337353598761745e-8
1786	4.1290480146667535e-8
1787	4.1244828642473214e-8
1788	4.119500097537958e-8
1789	4.11482654951062e-8
1790	4.110151850215453e-8
1791	4.105290112706315e-8
1792	4.1006059367227904e-8
1793	4.09532152913014e-8
1794	4.091243911646916e-8
1795	4.086365332930028e-8
1796	4.081671415840575e-8
1797	4.077050959024735e-8
1798	4.072347970971218e-8
1799	4.067658748297614e-8
1800	4.062997733101787e-8
1801	4.058351353396528e-8
1802	4.0537467129016096e-8
1803	4.0490475861498705e-8
1804	4.044399491436611e-8
1805	4.039556454763841e-8
1806	4.034995703523266e-8
1807	4.0303404862009744e-8
1808	4.0257345039257504e-8
1809	4.021081003949864e-8
1810	4.016483907302722e-8
1811	4.0119111296724756e-8
1812	4.007303183159397e-8
1813	4.0027139178736703e-8
1814	3.998133205976959e-8
1815	3.993602166609425e-8
1816	3.989047194945095e-8
1817	3.9844861216329167e-8
1818	3.979937940279907e-8
1819	3.975394211454867e-8
1820	3.970860607844251e-8
1821	3.966333170405938e-8
1822	3.961812338459031e-8
1823	3.957299348779932e-8
1824	3.9527908463374885e-8
1825	3.948116750447343e-8
1826	3.943617495441625e-8
1827	3.93889947380678e-8
1828	3.934462252896756e-8
1829	3.9299500584350687e-8
1830	3.925473220189898e-8
1831	3.920943594028457e-8
1832	3.91654279177822e-8
1833	3.912080853122121e-8
1834	3.9075950068456246e-8
1835	3.902995702260649e-8
1836	3.8987125368533455e-8
1837	3.8943206533354054e-8
1838	3.889811376087527e-8
1839	3.8854944928514805e-8
1840	3.881085376544448e-8
1841	3.8766040612927246e-8
1842	3.8721961288713084e-8
1843	3.8678940507777266e-8
1844	3.8634500193188086e-8
1845	3.859225117708796e-8
1846	3.8548142168571674e-8
1847	3.8504538011143014e-8
1848	3.846063533459156e-8
1849	3.8417160730549e-8
1850	3.83730652206235e-8
1851	3.83294016020331e-8
1852	3.828613786201722e-8
1853	3.8244204962453985e-8
1854	3.820107377782195e-8
1855	3.81587355969367e-8
1856	3.8114770562795676e-8
1857	3.8072310540339024e-8
1858	3.802930995120537e-8
1859	3.798072345017885e-8
1860	3.79377634601189e-8
1861	3.789512247303049e-8
1862	3.7851406159793404e-8
1863	3.7808826166349696e-8
1864	3.776736525158427e-8
1865	3.77242716504584e-8
1866	3.768100669404795e-8
1867	3.763882043278362e-8
1868	3.759574066217278e-8
1869	3.7554086999503915e-8
1870	3.7512683648166725e-8
1871	3.747165561989542e-8
1872	3.742707193336075e-8
1873	3.7385582868425976e-8
1874	3.734348859032772e-8
1875	3.730567766735942e-8
1876	3.726331935146932e-8
1877	3.722149533246478e-8
1878	3.717887531698034e-8
1879	3.713652261199186e-8
1880	3.709300827659884e-8
1881	3.705167922343405e-8
1882	3.7010928126001144e-8
1883	3.6969786162731325e-8
1884	3.6926875845967876e-8
1885	3.688603199633557e-8
1886	3.6843488985838875e-8
1887	3.680275560923224e-8
1888	3.6762197492529305e-8
1889	3.672061827822736e-8
1890	3.6678535467850265e-8
1891	3.663871466016599e-8
1892	3.659866965925558e-8
1893	3.6557764084530354e-8
1894	3.6517356803098086e-8
1895	3.647408523118589e-8
1896	3.643325292811575e-8
1897	3.639300305393459e-8
1898	3.6354096750640856e-8
1899	3.6310328059949e-8
1900	3.6271595865400396e-8
1901	3.6228734557896015e-8
1902	3.6185874332425925e-8
1903	3.6146829784225045e-8
1904	3.6105620275038464e-8
1905	3.606641993425198e-8
1906	3.6025320114294645e-8
1907	3.598478564834415e-8
1908	3.594449659258916e-8
1909	3.59042378988181e-8
1910	3.5865687446749364e-8
1911	3.58241293411123e-8
1912	3.578533554288166e-8
1913	3.574489568691755e-8
1914	3.570701787426782e-8
1915	3.566592135631092e-8
1916	3.562162839693248e-8
1917	3.55837500772487e-8
1918	3.554397558363659e-8
1919	3.550708881794672e-8
1920	3.546978304741194e-8
1921	3.5429958969612465e-8
1922	3.539250797988225e-8
1923	3.5351688057063694e-8
1924	3.531209218856003e-8
1925	3.527556647465877e-8
1926	3.5235253686337836e-8
1927	3.5200399806236104e-8
1928	3.5159836192322986e-8
1929	3.512097395905729e-8
1930	3.508147257055533e-8
1931	3.5041853715592796e-8
1932	3.500197243801658e-8
1933	3.496301716410802e-8
1934	3.492375029411918e-8
1935	3.488543419048507e-8
1936	3.484543647475955e-8
1937	3.4804040403367014e-8
1938	3.476331481124721e-8
1939	3.473318706789461e-8
1940	3.469390138321745e-8
1941	3.465534066888318e-8
1942	3.461849909966422e-8
1943	3.457696542355492e-8
1944	3.45365239532029e-8
1945	3.4496556876199917e-8
1946	3.445939554287529e-8
1947	3.442138183454625e-8
1948	3.438496049217516e-8
1949	3.4345694092310594e-8
1950	3.430752821973708e-8
1951	3.426878979045632e-8
1952	3.4230787397410977e-8
1953	3.419443708664486e-8
1954	3.415647838983017e-8
1955	3.411685157359668e-8
1956	3.408101407495968e-8
1957	3.4043061514809955e-8
1958	3.400693975163312e-8
1959	3.396884790097503e-8
1960	3.3932996753924686e-8
1961	3.3895386357171404e-8
1962	3.384673857432536e-8
1963	3.382160983518128e-8
1964	3.378342580214225e-8
1965	3.37476662435167e-8
1966	3.3710082527623416e-8
1967	3.36710361082566e-8
1968	3.3636579993925626e-8
1969	3.360010091636717e-8
1970	3.3561799840152894e-8
1971	3.352507112290386e-8
1972	3.34887337370183e-8
1973	3.3447322128278996e-8
1974	3.341510151750457e-8
1975	3.337899557334481e-8
1976	3.3343993139438853e-8
1977	3.3307698890523754e-8
1978	3.327262442718629e-8
1979	3.323521771404783e-8
1980	3.319857993702023e-8
1981	3.316188152903948e-8
1982	3.312424339126375e-8
1983	3.309106858971344e-8
1984	3.305612111268297e-8
1985	3.302147243523039e-8
1986	3.2987072349598005e-8
1987	3.294893197616345e-8
1988	3.291221893261081e-8
1989	3.287606522258529e-8
1990	3.2838195042240877e-8
1991	3.280263950932484e-8
1992	3.276464076072956e-8
1993	3.2729068807830856e-8
1994	3.269637419763193e-8
1995	3.266028066774654e-8
1996	3.262482819565023e-8
1997	3.25890402768902e-8
1998	3.25522164870852e-8
1999	3.251660851762682e-8
2000	3.248110212740497e-8
2001	3.244593492739435e-8