1	1.311988718578055e-8
2	2.6234871635223023e-8
3	3.934008643822467e-8
4	5.243081505723825e-8
5	6.550162999471139e-8
6	7.8548865344285e-8
7	9.156575948705997e-8
8	1.045497056808051e-7
9	1.1749519334288785e-7
10	1.303964092083851e-7
11	1.4325070275938295e-7
12	1.5605062740277078e-7
13	1.6879124963278252e-7
14	1.814755677275152e-7
15	1.9409205561142385e-7
16	2.066417513257774e-7
17	2.1911061236115275e-7
18	2.3150290426332407e-7
19	2.438149211000707e-7
20	2.5603323004504983e-7
21	2.6816814526949877e-7
22	2.802082704859861e-7
23	2.921479321288838e-7
24	3.0398987987526603e-7
25	3.1572038193557285e-7
26	3.273461729891674e-7
27	3.3885857422990737e-7
28	3.502589359149846e-7
29	3.6153317617067107e-7
30	3.7269324223195456e-7
31	3.8373402156555674e-7
32	3.9464334197783663e-7
33	4.0541570967893443e-7
34	4.1606646945131106e-7
35	4.2658456593475897e-7
36	4.3696263826454687e-7
37	4.4720076882129645e-7
38	4.5730785662414085e-7
39	4.6724236656464143e-7
40	4.770559021625449e-7
41	4.867152239202642e-7
42	4.962404076567279e-7
43	5.056120749521902e-7
44	5.148387965749443e-7
45	5.238961674295085e-7
46	5.328157422050842e-7
47	5.415821172206133e-7
48	5.501914199200282e-7
49	5.586441189382574e-7
50	5.669386049888725e-7
51	5.750895425265536e-7
52	5.830807303028043e-7
53	5.909100608898889e-7
54	5.985711799021418e-7
55	6.060828676536948e-7
56	6.134600067568741e-7
57	6.206592240673513e-7
58	6.276928950126284e-7
59	6.345787380430034e-7
60	6.413110012376446e-7
61	6.478870788916195e-7
62	6.54307446110772e-7
63	6.60556296541044e-7
64	6.666664625601159e-7
65	6.726303398655034e-7
66	6.7839905521606e-7
67	6.840515576963746e-7
68	6.895461154868367e-7
69	6.948785143237441e-7
70	7.000576937320851e-7
71	7.051016334071058e-7
72	7.099842614946397e-7
73	7.147288656084326e-7
74	7.193174314148506e-7
75	7.237610859708838e-7
76	7.280647163948076e-7
77	7.322171046141049e-7
78	7.362210425633734e-7
79	7.401048183828984e-7
80	7.438291631784114e-7
81	7.474560391078596e-7
82	7.508674734322062e-7
83	7.541955500417659e-7
84	7.573750660097726e-7
85	7.604196892414111e-7
86	7.633550246940594e-7
87	7.661465822673952e-7
88	7.687742189425131e-7
89	7.71263686033242e-7
90	7.73641629438506e-7
91	7.759127115475941e-7
92	7.780489835037806e-7
93	7.800621781509314e-7
94	7.819523364673509e-7
95	7.837093620253283e-7
96	7.853437984357785e-7
97	7.8688006864176e-7
98	7.882492725788948e-7
99	7.896040451098134e-7
100	7.907347608215597e-7
101	7.918019787615628e-7
102	7.927414965676587e-7
103	7.93569194406422e-7
104	7.942956779366612e-7
105	7.949017140582863e-7
106	7.953891601339854e-7
107	7.957804376654578e-7
108	7.96055695334337e-7
109	7.962459043657798e-7
110	7.962797581642284e-7
111	7.962484584992786e-7
112	7.960817942476531e-7
113	7.958426319234086e-7
114	7.954875955081821e-7
115	7.950219086263279e-7
116	7.943721477680058e-7
117	7.937990023931273e-7
118	7.930196409516462e-7
119	7.92158172098645e-7
120	7.912039579723401e-7
121	7.901096660649143e-7
122	7.889432142960415e-7
123	7.876971716525876e-7
124	7.863273738626718e-7
125	7.848279331758385e-7
126	7.833010478380417e-7
127	7.816311975603668e-7
128	7.798725010502689e-7
129	7.780222371657508e-7
130	7.760524209922998e-7
131	7.73951973118083e-7
132	7.71792046690807e-7
133	7.693695213262204e-7
134	7.671404733073102e-7
135	7.646701522816136e-7
136	7.621081002883429e-7
137	7.594222020871683e-7
138	7.566311619224849e-7
139	7.537354802699805e-7
140	7.507442284083498e-7
141	7.476623208243636e-7
142	7.444001346255516e-7
143	7.410794836369776e-7
144	7.376523676543846e-7
145	7.340967218909376e-7
146	7.304296261483297e-7
147	7.266361306942077e-7
148	7.227424788656583e-7
149	7.187236485350802e-7
150	7.145622145497829e-7
151	7.102734106192526e-7
152	7.058447707877427e-7
153	7.013023894731104e-7
154	6.966191846839674e-7
155	6.917920671883625e-7
156	6.868269127851404e-7
157	6.817103906674948e-7
158	6.764383701343838e-7
159	6.70933962939229e-7
160	6.654271500152905e-7
161	6.596788490183802e-7
162	6.537556770466658e-7
163	6.476545069388188e-7
164	6.413783533457804e-7
165	6.349061558993299e-7
166	6.282429198544095e-7
167	6.213723022506917e-7
168	6.142974483801929e-7
169	6.069963127220113e-7
170	5.994908405095846e-7
171	5.917343617131158e-7
172	5.837149736691053e-7
173	5.754532780395961e-7
174	5.669265990260664e-7
175	5.581206581629298e-7
176	5.490265380250871e-7
177	5.3962642081847e-7
178	5.299085081058524e-7
179	5.198566526373299e-7
180	5.094534562837926e-7
181	4.986820984321325e-7
182	4.875241039557403e-7
183	4.7596721066233184e-7
184	4.6399047303848085e-7
185	4.5155882148076877e-7
186	4.386522226788488e-7
187	4.2524915149661766e-7
188	4.1131945647335647e-7
189	3.968315595672264e-7
190	3.8176242751846105e-7
191	3.660710886507275e-7
192	3.497287842091698e-7
193	3.3269403594354327e-7
194	3.1493032149040754e-7
195	2.963984206667092e-7
196	2.770592199836912e-7
197	2.56875587866996e-7
198	2.3581411289950556e-7
199	2.1384987330152905e-7
200	1.9097419947337197e-7
201	1.6720532860339932e-7
202	1.426108179861811e-7
203	1.1734357313357627e-7
204	9.170821102534714e-8
205	6.62820852279411e-8
206	4.2133226604890094e-8
207	2.1168110902754153e-8
208	6.3822508680850735e-9
209	4.0976969070554896e-10
210	0.
211	0.
212	0.
213	0.
214	0.
215	0.
216	0.
217	0.
218	0.
219	0.
220	0.
221	0.
222	0.
223	0.
224	0.
225	0.
226	0.
227	0.
228	0.
229	0.
230	0.
231	0.
232	0.
233	0.
234	0.
235	0.
236	0.
237	0.
238	0.
239	0.
240	0.
241	0.
242	0.
243	0.
244	0.
245	0.
246	0.
247	0.
248	0.
249	0.
250	0.
251	0.
252	0.
253	0.
254	0.
255	0.
256	0.
257	0.000011447565627426223
258	0.000015164502683167001
259	0.000015871763143822167
260	0.000015582803983443938
261	0.000014895178428621234
262	0.000014063551939937193
263	0.000013213561732872965
264	0.000012395020966282918
265	0.000011632545116467332
266	0.000010922626316225557
267	0.000010273559876495364
268	9.680646953566101e-6
269	9.137476965001358e-6
270	8.637645530497878e-6
271	8.188602240324518e-6
272	7.765156069622794e-6
273	7.38940124784943e-6
274	7.0370353934556034e-6
275	6.717960659896057e-6
276	6.413873438733524e-6
277	6.140662549929247e-6
278	5.885349114965351e-6
279	5.646200033948436e-6
280	5.427623228572092e-6
281	5.220948658962595e-6
282	5.023943815354609e-6
283	4.849011839140651e-6
284	4.675527800864214e-6
285	4.518283214294795e-6
286	4.371292279259321e-6
287	4.221588795876321e-6
288	4.094833214821196e-6
289	3.97079572997261e-6
290	3.846100105123057e-6
291	3.732250788205612e-6
292	3.6318012686157257e-6
293	3.5303628566527787e-6
294	3.4260901794399906e-6
295	3.3366409755600277e-6
296	3.2550781166498443e-6
297	3.169453069021513e-6
298	3.0839310184313823e-6
299	3.0117645203973344e-6
300	2.9417204784753554e-6
301	2.869404680015784e-6
302	2.8008364244956065e-6
303	2.7398797291032544e-6
304	2.676858800479113e-6
305	2.6179470082827335e-6
306	2.5613707475519826e-6
307	2.5068575922621266e-6
308	2.4543616114489774e-6
309	2.4040723881628685e-6
310	2.355321651462312e-6
311	2.3077019172998747e-6
312	2.263640521331302e-6
313	2.2194189973079173e-6
314	2.1765684678158e-6
315	2.136909646331204e-6
316	2.0979072702702604e-6
317	2.058401537921293e-6
318	2.0213874082228716e-6
319	1.9873349235348977e-6
320	1.952043354491533e-6
321	1.9175770834955478e-6
322	1.885793012841698e-6
323	1.8540758161259323e-6
324	1.8242335772513661e-6
325	1.7935549908141533e-6
326	1.7644341260502237e-6
327	1.7371009750194499e-6
328	1.7100536511328699e-6
329	1.68396130636264e-6
330	1.6564985463321536e-6
331	1.6328012489132857e-6
332	1.6081612047899099e-6
333	1.5840175662594875e-6
334	1.5611394479935574e-6
335	1.5387020189115395e-6
336	1.5167966771647718e-6
337	1.4948758225075288e-6
338	1.4750491107042976e-6
339	1.4546578254105529e-6
340	1.4333614725938373e-6
341	1.4146609840464101e-6
342	1.3970576580032417e-6
343	1.3784808352043586e-6
344	1.3602132857395368e-6
345	1.3412955633552927e-6
346	1.3224684145120626e-6
347	1.3076265464969256e-6
348	1.2923011703213578e-6
349	1.2766089007422822e-6
350	1.2608272487330708e-6
351	1.2449746443498484e-6
352	1.229170879342509e-6
353	1.212261782886647e-6
354	1.1978255024486043e-6
355	1.185965585634394e-6
356	1.1727492393751003e-6
357	1.1598803093611852e-6
358	1.1466792704197975e-6
359	1.1334620903650697e-6
360	1.1206426448682425e-6
361	1.1071103681429104e-6
362	1.0937472953275266e-6
363	1.0796723191201377e-6
364	1.069766745895318e-6
365	1.0594178824097914e-6
366	1.0488293282194441e-6
367	1.0382246150117233e-6
368	1.0274647099978108e-6
369	1.0165344371402289e-6
370	1.0059163107994982e-6
371	9.95444063606417e-7
372	9.846144993475773e-7
373	9.737849672966378e-7
374	9.644877815737218e-7
375	9.550183653975466e-7
376	9.451792981863858e-7
377	9.365419268557673e-7
378	9.278618614753777e-7
379	9.194102502757982e-7
380	9.10525366518628e-7
381	9.020397865091751e-7
382	8.93389529726789e-7
383	8.848463818995555e-7
384	8.761754835375968e-7
385	8.674914319418189e-7
386	8.585456132226442e-7
387	8.494390608284994e-7
388	8.42780843026965e-7
389	8.361400587735371e-7
390	8.291983681672512e-7
391	8.225433411744701e-7
392	8.151369944919745e-7
393	8.082252253972477e-7
394	8.011191045499023e-7
395	7.940703995160893e-7
396	7.871403582705914e-7
397	7.799843715371363e-7
398	7.730196046687946e-7
399	7.663561524714856e-7
400	7.606738897515576e-7
401	7.53583612623077e-7
402	7.478821636441387e-7
403	7.418601773041604e-7
404	7.35866325493749e-7
405	7.30209047921456e-7
406	7.244124554796212e-7
407	7.181915237295326e-7
408	7.122393384540242e-7
409	7.066783794979055e-7
410	7.010086825793111e-7
411	6.955510911980549e-7
412	6.903135081898679e-7
413	6.850610580478454e-7
414	6.798906884131218e-7
415	6.74335768500136e-7
416	6.691543579852432e-7
417	6.642623578139358e-7
418	6.592134025713794e-7
419	6.543849462038453e-7
420	6.496906244870583e-7
421	6.448903681031712e-7
422	6.399499748694038e-7
423	6.349206377077975e-7
424	6.306815829745085e-7
425	6.260090584531969e-7
426	6.217209102907527e-7
427	6.174477933695522e-7
428	6.18108380965328e-7
429	6.088818707369724e-7
430	6.046524785971283e-7
431	6.004674924597418e-7
432	5.961936904954452e-7
433	5.918968362383637e-7
434	5.876323159536988e-7
435	5.83339015398993e-7
436	5.794874209906294e-7
437	5.752106479072494e-7
438	5.715330540159156e-7
439	5.675582449411554e-7
440	5.642224174121566e-7
441	5.606780395187598e-7
442	5.571566356388181e-7
443	5.536062333859807e-7
444	5.500910872992982e-7
445	5.464892571186062e-7
446	5.430388378202196e-7
447	5.395977717463395e-7
448	5.36214707812895e-7
449	5.32712626558633e-7
450	5.292728022093945e-7
451	5.256919768247031e-7
452	5.225675036239244e-7
453	5.193227561312735e-7
454	5.159628655913332e-7
455	5.126945817785625e-7
456	5.094630968633489e-7
457	5.061085487031723e-7
458	5.028576633276106e-7
459	4.994247168840014e-7
460	4.964475037819089e-7
461	4.937311783244418e-7
462	4.909408754082437e-7
463	4.880462397510419e-7
464	4.852840473549474e-7
465	4.825611379148164e-7
466	4.798687760714443e-7
467	4.771376265929018e-7
468	4.744730895937276e-7
469	4.7170834849957296e-7
470	4.690562759475237e-7
471	4.6637322334051334e-7
472	4.6385132664222875e-7
473	4.61167258742048e-7
474	4.585565371980664e-7
475	4.557772459326061e-7
476	4.532666018243343e-7
477	4.507072615426583e-7
478	4.482276333263219e-7
479	4.457933229203339e-7
480	4.43300879174142e-7
481	4.4099458768769424e-7
482	4.38454452280528e-7
483	4.3605619127455525e-7
484	4.335711586583983e-7
485	4.312622212762416e-7
486	4.287919705640766e-7
487	4.26511544885137e-7
488	4.242189470174298e-7
489	4.21835086530974e-7
490	4.194338525594441e-7
491	4.1704365075015465e-7
492	4.1453874864542276e-7
493	4.120680001433474e-7
494	4.1016632915086144e-7
495	4.082112391238153e-7
496	4.0615807804750875e-7
497	4.0466567785165407e-7
498	4.024869395307017e-7
499	4.003182826706656e-7
500	3.9807215415315605e-7
501	3.959447339266377e-7
502	3.94412896603885e-7
503	3.925247145847311e-7
504	3.9062094546150614e-7
505	3.888145077713742e-7
506	3.868664985745756e-7
507	3.851246664863328e-7
508	3.8325585506015766e-7
509	3.8137874945334506e-7
510	3.797298676508095e-7
511	3.777629793863464e-7
512	3.759544316340966e-7
513	3.741321218212706e-7
514	3.7243467318719155e-7
515	3.7061369092072127e-7
516	3.688846127123467e-7
517	3.671433026472377e-7
518	3.654331673628986e-7
519	3.6364975415019785e-7
520	3.6199600409029143e-7
521	3.6022906615491035e-7
522	3.586284624820315e-7
523	3.5686147721719893e-7
524	3.5523649899625125e-7
525	3.535465025766992e-7
526	3.519350246066076e-7
527	3.5037125566690724e-7
528	3.4857449082837274e-7
529	3.470564763705221e-7
530	3.453329752501537e-7
531	3.437490018509701e-7
532	3.4211588845416976e-7
533	3.4074243283062846e-7
534	3.395075137705833e-7
535	3.380308951992991e-7
536	3.358325413035863e-7
537	3.344158837425879e-7
538	3.329691992366362e-7
539	3.314051302059958e-7
540	3.2985768477328394e-7
541	3.2822321986113e-7
542	3.2694089010052093e-7
543	3.2572841666422446e-7
544	3.246442883807246e-7
545	3.2327603023031733e-7
546	3.220018543530384e-7
547	3.207239280764527e-7
548	3.194618515957782e-7
549	3.181772243557139e-7
550	3.168497800217597e-7
551	3.1560307514453233e-7
552	3.143513441200449e-7
553	3.1301333155805303e-7
554	3.11823685086273e-7
555	3.1052861788531955e-7
556	3.093054760393394e-7
557	3.08053058444578e-7
558	3.0681997447580964e-7
559	3.0557670218828845e-7
560	3.043734480104476e-7
561	3.0313419541548275e-7
562	3.019515269199589e-7
563	3.0073891465762215e-7
564	2.995515535827189e-7
565	2.983604382518943e-7
566	2.97185827947307e-7
567	2.9600182977347165e-7
568	2.948410261106093e-7
569	2.9367397284986973e-7
570	2.9252355203998154e-7
571	2.913440141516855e-7
572	2.9021011298848574e-7
573	2.8937531619071155e-7
574	2.88240776554415e-7
575	2.871622292774269e-7
576	2.860516220859728e-7
577	2.849648266919448e-7
578	2.8391414593748316e-7
579	2.8281850485023655e-7
580	2.817762448896698e-7
581	2.8045192949623823e-7
582	2.794560807249121e-7
583	2.7843680976204215e-7
584	2.7742851193882693e-7
585	2.7641501322895814e-7
586	2.754217755383426e-7
587	2.744071448400644e-7
588	2.734217193169482e-7
589	2.724532229160838e-7
590	2.7144504680125875e-7
591	2.704754287644625e-7
592	2.695155456597133e-7
593	2.685231061886263e-7
594	2.675790774302126e-7
595	2.66586319337274e-7
596	2.6564802458101667e-7
597	2.647021636567274e-7
598	2.637418686807653e-7
599	2.628101904130259e-7
600	2.61859559629996e-7
601	2.609256589344146e-7
602	2.599998361800649e-7
603	2.5906322509305545e-7
604	2.581436363398788e-7
605	2.571860065055982e-7
606	2.5625324729172747e-7
607	2.553024591096506e-7
608	2.542807612554574e-7
609	2.532614375000026e-7
610	2.5257982625037246e-7
611	2.51839850762564e-7
612	2.510768698482142e-7
613	2.5029486901970107e-7
614	2.4948289987128886e-7
615	2.4869373727986476e-7
616	2.478992356722511e-7
617	2.470739416905857e-7
618	2.4627899839612546e-7
619	2.4548173891457954e-7
620	2.446738947273759e-7
621	2.4388006745519997e-7
622	2.430698192283457e-7
623	2.422782364837871e-7
624	2.41466681961267e-7
625	2.408790432020055e-7
626	2.4012318489538695e-7
627	2.393694430805326e-7
628	2.3862818944110745e-7
629	2.3788496830636534e-7
630	2.3715801995698407e-7
631	2.3624774611184865e-7
632	2.3554313669579664e-7
633	2.348377511861798e-7
634	2.3411495312538178e-7
635	2.3340841726362992e-7
636	2.3270900290555954e-7
637	2.3201236377742772e-7
638	2.3128417262372535e-7
639	2.30510346094414e-7
640	2.2991097515816105e-7
641	2.2920461790638548e-7
642	2.2851120436466963e-7
643	2.2783433884437944e-7
644	2.2716777221743723e-7
645	2.2648591749049017e-7
646	2.2582480368914235e-7
647	2.2518158382042222e-7
648	2.2446875110347888e-7
649	2.2378948302767196e-7
650	2.2311630486026944e-7
651	2.2247092572416756e-7
652	2.2180475535744034e-7
653	2.2117997284971625e-7
654	2.2052295531706904e-7
655	2.1987931474055803e-7
656	2.1924747611827157e-7
657	2.185769060129524e-7
658	2.1795671713331889e-7
659	2.1734100688938516e-7
660	2.1671521273746158e-7
661	2.160729053963089e-7
662	2.154560960888555e-7
663	2.1485763305306674e-7
664	2.14233458874403e-7
665	2.1360572636927177e-7
666	2.1301293456733695e-7
667	2.1240622799120773e-7
668	2.118064318637e-7
669	2.1118537121508074e-7
670	2.1059635491352035e-7
671	2.1001327088102956e-7
672	2.0942721168598447e-7
673	2.0882207109785796e-7
674	2.082372356782535e-7
675	2.0765516080409683e-7
676	2.0706519255915415e-7
677	2.064952855353709e-7
678	2.0592480651818807e-7
679	2.0534691805400697e-7
680	2.0476537757849599e-7
681	2.040069395093818e-7
682	2.0353113095709722e-7
683	2.0292396088346906e-7
684	2.024220238725011e-7
685	2.0183077437815966e-7
686	2.0134865959552114e-7
687	2.008514578030222e-7
688	2.0035485841767982e-7
689	1.998641947417906e-7
690	1.993687900637476e-7
691	1.9871009145552187e-7
692	1.9819247032102984e-7
693	1.976739225592605e-7
694	1.9715157228577523e-7
695	1.9662432184855348e-7
696	1.9606348999027522e-7
697	1.95518554488112e-7
698	1.94939603091678e-7
699	1.944028889422092e-7
700	1.9401064922161452e-7
701	1.9357693362795495e-7
702	1.9314380316312142e-7
703	1.926945915390959e-7
704	1.9224252465006957e-7
705	1.917695168273577e-7
706	1.9131319096735754e-7
707	1.908546263988408e-7
708	1.904027288839306e-7
709	1.8994066314105432e-7
710	1.8947537126630974e-7
711	1.890185964454973e-7
712	1.8856557727060172e-7
713	1.8810571708358668e-7
714	1.876546611501995e-7
715	1.871971080414201e-7
716	1.867516194215142e-7
717	1.863102697169699e-7
718	1.858528696190785e-7
719	1.8540652873015288e-7
720	1.8497242676775755e-7
721	1.8453618207785112e-7
722	1.840803926308654e-7
723	1.8364612584535315e-7
724	1.8321658994086883e-7
725	1.8278824898248726e-7
726	1.823436061447089e-7
727	1.8191296182804163e-7
728	1.81486267988426e-7
729	1.8106513631050868e-7
730	1.806473010071547e-7
731	1.8022880312274624e-7
732	1.7978668254905968e-7
733	1.7937275522846378e-7
734	1.7896008936647356e-7
735	1.7855169165732124e-7
736	1.7814193773260914e-7
737	1.7770742643206555e-7
738	1.7730373160246384e-7
739	1.7689937034835757e-7
740	1.7649709626956442e-7
741	1.7609530227295298e-7
742	1.756763336980744e-7
743	1.7527837043697036e-7
744	1.7487804327762168e-7
745	1.7448748356781547e-7
746	1.7409355663486213e-7
747	1.7368639482263036e-7
748	1.7337592100192208e-7
749	1.7299424435858653e-7
750	1.725976898686315e-7
751	1.7221740967630577e-7
752	1.7183885609990377e-7
753	1.7146036999972098e-7
754	1.7107627783063057e-7
755	1.707041770984948e-7
756	1.703318551340737e-7
757	1.6994608684505399e-7
758	1.6957873115772176e-7
759	1.692118262614445e-7
760	1.6884860430789438e-7
761	1.684746112104851e-7
762	1.6809988319295768e-7
763	1.6774102518372783e-7
764	1.6738134571801261e-7
765	1.6702418593760534e-7
766	1.6659038725898452e-7
767	1.6622571597095556e-7
768	1.6587510923045116e-7
769	1.6552955063994783e-7
770	1.6518583735406917e-7
771	1.6483903988027083e-7
772	1.6450284979258057e-7
773	1.6413513832678987e-7
774	1.6379245916790643e-7
775	1.6345662627573673e-7
776	1.6312052123239633e-7
777	1.6278386250729667e-7
778	1.6245014073400694e-7
779	1.6211034626517867e-7
780	1.6176111599043203e-7
781	1.6142805384681617e-7
782	1.6109828154002e-7
783	1.607703088704756e-7
784	1.6044315353965237e-7
785	1.6011488649635939e-7
786	1.5976967956032464e-7
787	1.5944476269486366e-7
788	1.5912534243825338e-7
789	1.5880088796558308e-7
790	1.5847858899605753e-7
791	1.581448040619494e-7
792	1.578245447451248e-7
793	1.575076879909856e-7
794	1.5718108220232847e-7
795	1.568639449705149e-7
796	1.5654504400526262e-7
797	1.5622539532982707e-7
798	1.559142414524801e-7
799	1.555866444084789e-7
800	1.5527178920079627e-7
801	1.5495937453332687e-7
802	1.5463604996092974e-7
803	1.5430811475182123e-7
804	1.5398382365481616e-7
805	1.5364651508995878e-7
806	1.53297208571542e-7
807	1.530469450584379e-7
808	1.5277356550219636e-7
809	1.5250336072938633e-7
810	1.5222948127557315e-7
811	1.5195129751195548e-7
812	1.5167073923593204e-7
813	1.513908961566173e-7
814	1.5111024784037768e-7
815	1.508105934622094e-7
816	1.5053290782152174e-7
817	1.5025346088382935e-7
818	1.4996752833447782e-7
819	1.49686868436007e-7
820	1.4940781055709257e-7
821	1.491322873419665e-7
822	1.4883499517748139e-7
823	1.4855867120747235e-7
824	1.4828275122898477e-7
825	1.4801000885144984e-7
826	1.477341959000967e-7
827	1.4746258589647763e-7
828	1.471889573145661e-7
829	1.4690436624996075e-7
830	1.4662366543401132e-7
831	1.4637513632328559e-7
832	1.4611250421130106e-7
833	1.458517251101383e-7
834	1.455875107629197e-7
835	1.4532649948441306e-7
836	1.4504867519468454e-7
837	1.447952516625892e-7
838	1.4452644484305314e-7
839	1.4427220246311124e-7
840	1.4400995915425594e-7
841	1.4375095176668256e-7
842	1.4346836989897651e-7
843	1.4321768730075068e-7
844	1.4296568488120938e-7
845	1.4270940275949822e-7
846	1.4246153742825378e-7
847	1.4219184415697484e-7
848	1.4195527402273224e-7
849	1.4168890721370183e-7
850	1.414323623422675e-7
851	1.410907465090674e-7
852	1.4093060051466448e-7
853	1.4068664397785287e-7
854	1.404426933140548e-7
855	1.4019371312372034e-7
856	1.399463176904875e-7
857	1.3969618075634462e-7
858	1.3945910453845086e-7
859	1.3919468686802192e-7
860	1.389671304834936e-7
861	1.3876168523297793e-7
862	1.3848790491919622e-7
863	1.382375308161952e-7
864	1.3798160811741116e-7
865	1.3774582304981876e-7
866	1.3754330581749905e-7
867	1.3728719118551873e-7
868	1.3705058898303691e-7
869	1.3686409720994747e-7
870	1.3654429397251343e-7
871	1.362819555211618e-7
872	1.3609080023352882e-7
873	1.3583199797716004e-7
874	1.3561960836663316e-7
875	1.3519640609401902e-7
876	1.3511037008941528e-7
877	1.3494606446990118e-7
878	1.3470860161712526e-7
879	1.3455743959840904e-7
880	1.3428990739903987e-7
881	1.3382360467563531e-7
882	1.3373641405092388e-7
883	1.3370284061282944e-7
884	1.331951845171927e-7
885	1.3315157134175276e-7
886	1.3308186695058552e-7
887	1.3264498973663077e-7
888	1.324133878174579e-7
889	1.3230868694293788e-7
890	1.3170312357290616e-7
891	1.3135733785774633e-7
892	1.315260004219214e-7
893	1.3225154198987485e-7
894	1.3106410893557103e-7
895	1.309178502491953e-7
896	1.308335119819419e-7
897	1.3032359246461758e-7
898	1.2983823316314458e-7
899	1.2974349047475924e-7
900	1.297535471059278e-7
901	1.299913435055808e-7
902	1.2930995808713345e-7
903	1.29114723731444e-7
904	1.289755236912015e-7
905	1.2883943941518234e-7
906	1.2811051340130945e-7
907	1.2887333710089012e-7
908	1.2813992651959815e-7
909	1.279917640173513e-7
910	1.275545125351282e-7
911	1.2710749028913205e-7
912	1.2646973097367098e-7
913	1.2698902475720905e-7
914	1.2674625527284357e-7
915	1.2697250853899377e-7
916	1.2601973337561408e-7
917	1.2688781644956643e-7
918	1.2667544509227668e-7
919	1.2634750126136494e-7
920	1.2485993602805598e-7
921	1.2549955087074986e-7
922	1.2520047056663613e-7
923	1.247742837854205e-7
924	1.247323485219542e-7
925	1.2444012531275903e-7
926	1.244575466523554e-7
927	1.2441423890007686e-7
928	1.2408674945754812e-7
929	1.2328368815711134e-7
930	1.2329920945346239e-7
931	1.2351878302003984e-7
932	1.2363349225732188e-7
933	1.2312124344152107e-7
934	1.2301669221652697e-7
935	1.2241571629196644e-7
936	1.2238542470839072e-7
937	1.2235724402509417e-7
938	1.2161853824212176e-7
939	1.2171502479569916e-7
940	1.217640250364322e-7
941	1.2156489167253198e-7
942	1.2105121154818195e-7
943	1.211639719034071e-7
944	1.2156747904028942e-7
945	1.2061329917425675e-7
946	1.2088173697095072e-7
947	1.2074695529739995e-7
948	1.2039367021667424e-7
949	1.2025604272779126e-7
950	1.1999200295580562e-7
951	1.1914545738799624e-7
952	1.1944605500234364e-7
953	1.1968595702440644e-7
954	1.1953664414572082e-7
955	1.1950475743086168e-7
956	1.1874824705639432e-7
957	1.1902156577701719e-7
958	1.181257090609856e-7
959	1.198377600758015e-7
960	1.1816962504235441e-7
961	1.1768855855024535e-7
962	1.1772032713063591e-7
963	1.1696103312721412e-7
964	1.1695892361120162e-7
965	1.1711406075964721e-7
966	1.1725606454532644e-7
967	1.1651869651222094e-7
968	1.1647321609767063e-7
969	1.1599938874700019e-7
970	1.1609361930025464e-7
971	1.1702144674005291e-7
972	1.1698968269396495e-7
973	1.1649224737802733e-7
974	1.1596921865783966e-7
975	1.1579351575108551e-7
976	1.1486786831647916e-7
977	1.15010889128099e-7
978	1.1495104630032997e-7
979	1.1418546431521913e-7
980	1.1440136998789027e-7
981	1.147714645338808e-7
982	1.1428912617821459e-7
983	1.1319285224666643e-7
984	1.1318527119348387e-7
985	1.1309573522411319e-7
986	1.1354444292820662e-7
987	1.1348057425531259e-7
988	1.131499659740236e-7
989	1.1259825607344878e-7
990	1.1323306835645505e-7
991	1.125851623277917e-7
992	1.121480519833448e-7
993	1.1214530850975779e-7
994	1.1216172387746536e-7
995	1.1232772961980615e-7
996	1.1189314105313296e-7
997	1.1167720491919487e-7
998	1.1246978233991748e-7
999	1.1065219592983625e-7
1000	1.1102575242088868e-7
1001	1.1113685075324821e-7
1002	1.115591105632306e-7
1003	1.108765057093683e-7
1004	1.1040879796902888e-7
1005	1.0964366013611177e-7
1006	1.1057422274604266e-7
1007	1.1018784840052063e-7
1008	1.103591506909897e-7
1009	1.0995146202142293e-7
1010	1.1010395037891513e-7
1011	1.1013671299536983e-7
1012	1.1003619573600998e-7
1013	1.1067036180719374e-7
1014	1.078935456934451e-7
1015	1.0859466695786432e-7
1016	1.089267436747509e-7
1017	1.0851746978333838e-7
1018	1.0764709777293868e-7
1019	1.0775828608953096e-7
1020	1.0733210461498216e-7
1021	1.0774496369596428e-7
1022	1.0766552098361525e-7
1023	1.080695911099138e-7
1024	1.0756137528370809e-7
1025	1.0699663332240274e-7
1026	1.0683903423820017e-7
1027	1.0672091368505512e-7
1028	1.0657053182163713e-7
1029	1.0706732928033785e-7
1030	1.057140851972411e-7
1031	1.05833947362841e-7
1032	1.0651995650451261e-7
1033	1.0319186478590546e-7
1034	1.0546940086487841e-7
1035	1.0528002514759205e-7
1036	1.0526443648990643e-7
1037	1.0508349401343462e-7
1038	1.0466031372707877e-7
1039	1.0492898976744717e-7
1040	1.0468756644425727e-7
1041	1.0490020654849924e-7
1042	1.044025002130217e-7
1043	1.0506057769894606e-7
1044	1.0386945642080548e-7
1045	1.0438929173980695e-7
1046	1.0396513374870789e-7
1047	1.0364066086543517e-7
1048	1.0372293602791884e-7
1049	1.0348036293679127e-7
1050	1.0342990400222542e-7
1051	1.0399271221765485e-7
1052	1.0322063384601332e-7
1053	1.0215671596189717e-7
1054	1.025433012824133e-7
1055	1.0295138296841919e-7
1056	1.026749711018384e-7
1057	1.0233421750222352e-7
1058	1.0292048307461512e-7
1059	1.021467090922456e-7
1060	1.0157013228475684e-7
1061	1.0210716683920465e-7
1062	1.0115757453287264e-7
1063	1.0118819827005639e-7
1064	1.0248351275612024e-7
1065	1.014585123848252e-7
1066	1.0217289484171948e-7
1067	1.0163809662072418e-7
1068	1.0069696194795398e-7
1069	1.0062011747632416e-7
1070	1.010262084842316e-7
1071	1.0079693352009074e-7
1072	9.997312226224116e-8
1073	1.0051998455098937e-7
1074	1.0083912907446575e-7
1075	9.947876621352165e-8
1076	9.911862867477208e-8
1077	9.917229030617707e-8
1078	9.920312904996626e-8
1079	9.890879447945933e-8
1080	9.874226403368067e-8
1081	9.890539383818834e-8
1082	9.91419208120495e-8
1083	9.905924373913447e-8
1084	9.931464554126981e-8
1085	9.827655112247132e-8
1086	9.854853950566227e-8
1087	9.811031004173073e-8
1088	9.794242971114545e-8
1089	9.813494429799589e-8
1090	9.819987652212843e-8
1091	9.78542774130555e-8
1092	9.743117466353095e-8
1093	9.711593223425383e-8
1094	9.67900013067784e-8
1095	9.818993555542028e-8
1096	9.655508692159202e-8
1097	9.66480600315826e-8
1098	9.724096935309606e-8
1099	9.664962292215859e-8
1100	9.658580101289455e-8
1101	9.64149191946581e-8
1102	9.63042801935103e-8
1103	9.563172730330936e-8
1104	9.524145755950466e-8
1105	9.626979605930111e-8
1106	9.575601808953276e-8
1107	9.555544439610263e-8
1108	9.540249680532038e-8
1109	9.54132433141297e-8
1110	9.485498966603757e-8
1111	9.469600484425814e-8
1112	9.48024932078609e-8
1113	9.484739607031444e-8
1114	9.40145063096754e-8
1115	9.429251590743571e-8
1116	9.38419601038738e-8
1117	9.407851374748615e-8
1118	9.424764427556681e-8
1119	9.362510135491247e-8
1120	9.413245755639981e-8
1121	9.407973464187215e-8
1122	9.453755543719686e-8
1123	9.413225837189896e-8
1124	9.417415509831059e-8
1125	9.332478082406392e-8
1126	9.328229694960395e-8
1127	9.31355148870578e-8
1128	9.224655613404722e-8
1129	9.385760813024527e-8
1130	9.20515284714983e-8
1131	9.221289320960572e-8
1132	9.204031027034573e-8
1133	9.240668038289163e-8
1134	9.204723896124878e-8
1135	9.239533616930865e-8
1136	9.145844775233705e-8
1137	9.201012785968992e-8
1138	9.153270099882316e-8
1139	9.0625041438566e-8
1140	9.116454432344333e-8
1141	9.078897054348114e-8
1142	9.089238438372254e-8
1143	9.09871551431029e-8
1144	9.167415257271946e-8
1145	9.088990353602047e-8
1146	9.024654526461289e-8
1147	9.017830267364962e-8
1148	9.037785456178145e-8
1149	8.947399892968819e-8
1150	9.001952289420704e-8
1151	9.007703309735165e-8
1152	9.072072769804571e-8
1153	8.930800578606847e-8
1154	8.883532761522869e-8
1155	8.909771467625995e-8
1156	8.907522420910439e-8
1157	8.982822532028019e-8
1158	9.077051526745067e-8
1159	8.877406838647085e-8
1160	8.87715889112273e-8
1161	8.837199310712561e-8
1162	8.829740874612923e-8
1163	8.867643811733571e-8
1164	8.881940692329893e-8
1165	8.811477959235683e-8
1166	8.789850529158878e-8
1167	8.78975095766641e-8
1168	8.7782102620677e-8
1169	8.725087301571742e-8
1170	8.698363758355633e-8
1171	8.676954969127862e-8
1172	8.705043142067593e-8
1173	8.707081597133829e-8
1174	8.783485999597972e-8
1175	8.669522795458693e-8
1176	8.706549416132846e-8
1177	8.694254686318153e-8
1178	8.708558799922621e-8
1179	8.656961840299954e-8
1180	8.661351396838069e-8
1181	8.706154511552422e-8
1182	8.614449861932292e-8
1183	8.572041815272159e-8
1184	8.573977461768778e-8
1185	8.54197283401041e-8
1186	8.526208792439753e-8
1187	8.547937888026042e-8
1188	8.562573687983966e-8
1189	8.549473026432338e-8
1190	8.551701653455667e-8
1191	8.443568537723255e-8
1192	8.553726483085186e-8
1193	8.525489945917089e-8
1194	8.50679229303122e-8
1195	8.475648796235904e-8
1196	8.543628466378337e-8
1197	8.374502295929209e-8
1198	8.376183204733796e-8
1199	8.394330250301238e-8
1200	8.40097730517847e-8
1201	8.383768803068062e-8
1202	8.398550663409314e-8
1203	8.350567693234282e-8
1204	8.30056104508221e-8
1205	8.305574376612319e-8
1206	8.322304339517466e-8
1207	8.324199424923384e-8
1208	8.323381484937453e-8
1209	8.27436858064291e-8
1210	8.219545385151819e-8
1211	8.304836820459598e-8
1212	8.352422284182348e-8
1213	8.251579065198062e-8
1214	8.264174992200703e-8
1215	8.215307840105749e-8
1216	8.217742563396677e-8
1217	8.23196237547379e-8
1218	8.217144838531018e-8
1219	8.222713059524546e-8
1220	8.219319072925299e-8
1221	8.176438293478667e-8
1222	8.183963848210822e-8
1223	8.07133082767681e-8
1224	8.143975284201207e-8
1225	8.103802234193148e-8
1226	8.113456040477743e-8
1227	8.11416088144137e-8
1228	8.080190713968778e-8
1229	8.117644629570867e-8
1230	8.07942833735636e-8
1231	8.054177309354722e-8
1232	8.043046876227326e-8
1233	8.044717841238948e-8
1234	8.06457848364043e-8
1235	8.033328822322925e-8
1236	7.99514218291875e-8
1237	8.006644649179489e-8
1238	8.067281776276997e-8
1239	7.954190711379966e-8
1240	7.972631827194106e-8
1241	7.950342314481822e-8
1242	7.96841243577883e-8
1243	7.939178443638155e-8
1244	7.93955070021596e-8
1245	7.91756054455023e-8
1246	7.910251958057477e-8
1247	7.90820889624829e-8
1248	7.89238798866828e-8
1249	7.904822823344363e-8
1250	7.886282176504018e-8
1251	7.865492036765887e-8
1252	7.803582662892194e-8
1253	7.828211403939601e-8
1254	7.839490405361212e-8
1255	7.831770532811866e-8
1256	7.810255828894588e-8
1257	7.796726745410773e-8
1258	7.766635255038882e-8
1259	7.777153883660204e-8
1260	7.745285852907048e-8
1261	7.740979997580357e-8
1262	7.766145384761482e-8
1263	7.729249522884385e-8
1264	7.711482666280516e-8
1265	7.688185307776952e-8
1266	7.71791305453879e-8
1267	7.740830609388988e-8
1268	7.70836799684426e-8
1269	7.715660164066098e-8
1270	7.7082491969036e-8
1271	7.714375367991231e-8
1272	7.651729331072565e-8
1273	7.621547973057694e-8
1274	7.745764197199613e-8
1275	7.609495451510879e-8
1276	7.604988886197874e-8
1277	7.590792078509305e-8
1278	7.565872451061984e-8
1279	7.567215319420199e-8
1280	7.55800429225107e-8
1281	7.550260574684415e-8
1282	7.537552465971831e-8
1283	7.545039962622559e-8
1284	7.512820430845919e-8
1285	7.539149902244616e-8
1286	7.523654424985369e-8
1287	7.532750066937051e-8
1288	7.507844737020507e-8
1289	7.50219776181353e-8
1290	7.480318029545301e-8
1291	7.46817311428351e-8
1292	7.446785430403795e-8
1293	7.421721513939862e-8
1294	7.44728462360687e-8
1295	7.429759360978676e-8
1296	7.411859928890427e-8
1297	7.415090517947311e-8
1298	7.39719406650323e-8
1299	7.383425370187567e-8
1300	7.367430463786248e-8
1301	7.372704664429453e-8
1302	7.359124574751772e-8
1303	7.320059210729573e-8
1304	7.323484971064229e-8
1305	7.321369378138831e-8
1306	7.293875687147688e-8
1307	7.285884060271836e-8
1308	7.294814182880138e-8
1309	7.259900767910375e-8
1310	7.272072502322673e-8
1311	7.277788179460499e-8
1312	7.257586298823706e-8
1313	7.25211983681396e-8
1314	7.235392197511243e-8
1315	7.218991447733843e-8
1316	7.21858915898209e-8
1317	7.203408964651756e-8
1318	7.190246857238328e-8
1319	7.168774546776043e-8
1320	7.171203788793704e-8
1321	7.165159382338302e-8
1322	7.16647365377837e-8
1323	7.149426966578107e-8
1324	7.142438368643601e-8
1325	7.145564388672259e-8
1326	7.113172736695641e-8
1327	7.113235746181634e-8
1328	7.103066207517685e-8
1329	7.079507456527936e-8
1330	7.098428908082121e-8
1331	7.069952542335599e-8
1332	7.06292434242728e-8
1333	7.090714118537474e-8
1334	7.042450152659537e-8
1335	7.028259714263867e-8
1336	6.990790955058525e-8
1337	7.032776453789701e-8
1338	7.01484497047301e-8
1339	6.998647348126008e-8
1340	7.000585946323023e-8
1341	6.97631087910418e-8
1342	6.97755896192318e-8
1343	6.971258825448767e-8
1344	6.964045742920665e-8
1345	6.955365749399568e-8
1346	6.937557920187981e-8
1347	6.93764407655839e-8
1348	6.92445437732117e-8
1349	6.918305393747664e-8
1350	6.91942284434138e-8
1351	6.90708813473203e-8
1352	6.887108695365322e-8
1353	6.874531929809244e-8
1354	6.861710179434983e-8
1355	6.847035883393908e-8
1356	6.847330508802967e-8
1357	6.833089989642766e-8
1358	6.820672430263888e-8
1359	6.814882513273664e-8
1360	6.813673671321756e-8
1361	6.811722787196865e-8
1362	6.788838397671507e-8
1363	6.781564788051397e-8
1364	6.784331257540093e-8
1365	6.78003740177024e-8
1366	6.766817550066992e-8
1367	6.754521353067622e-8
1368	6.750439268714739e-8
1369	6.74493772390761e-8
1370	6.746868629309622e-8
1371	6.718219214383642e-8
1372	6.698096254370098e-8
1373	6.687821811744418e-8
1374	6.689067360132139e-8
1375	6.686006863533848e-8
1376	6.678094021377659e-8
1377	6.658080551083445e-8
1378	6.639174397785133e-8
1379	6.638871925874551e-8
1380	6.610746268526918e-8
1381	6.629397951551623e-8
1382	6.614327773594951e-8
1383	6.620364361224012e-8
1384	6.611652634955617e-8
1385	6.600886687532481e-8
1386	6.580175499644182e-8
1387	6.565280614780501e-8
1388	6.5595563893271e-8
1389	6.555845350216278e-8
1390	6.548262185908615e-8
1391	6.54113754288729e-8
1392	6.535877680538379e-8
1393	6.538634291796449e-8
1394	6.506988563006954e-8
1395	6.50959644046243e-8
1396	6.493454814752313e-8
1397	6.49275727022003e-8
1398	6.496582524593164e-8
1399	6.485239234043207e-8
1400	6.486419702638501e-8
1401	6.453442292823393e-8
1402	6.437083967352068e-8
1403	6.437371607658644e-8
1404	6.436782534465741e-8
1405	6.430818681134257e-8
1406	6.419139293247828e-8
1407	6.414295428053403e-8
1408	6.410684756691569e-8
1409	6.39522501381232e-8
1410	6.392707107934496e-8
1411	6.372803632552357e-8
1412	6.356384559061157e-8
1413	6.360347701229143e-8
1414	6.367852255697875e-8
1415	6.349021370022164e-8
1416	6.329061064307728e-8
1417	6.32426905894993e-8
1418	6.320655811869658e-8
1419	6.309288676274658e-8
1420	6.303901944154764e-8
1421	6.299950542462775e-8
1422	6.28830884296491e-8
1423	6.274254802551185e-8
1424	6.264430048657942e-8
1425	6.259601187845011e-8
1426	6.255527073380846e-8
1427	6.26733856830785e-8
1428	6.234731418394482e-8
1429	6.226508034154884e-8
1430	6.21597378656723e-8
1431	6.217590400805832e-8
1432	6.210258600636364e-8
1433	6.198220988556957e-8
1434	6.189865621239759e-8
1435	6.185285838242445e-8
1436	6.171533617347492e-8
1437	6.1764046585034e-8
1438	6.157394617339578e-8
1439	6.153070135002976e-8
1440	6.145387331317156e-8
1441	6.139447654175496e-8
1442	6.134106135079309e-8
1443	6.12034243573503e-8
1444	6.110794321472587e-8
1445	6.104869054636433e-8
1446	6.102476199212665e-8
1447	6.103502750107359e-8
1448	6.089482800570601e-8
1449	6.073285317657359e-8
1450	6.071979842022547e-8
1451	6.064575677668719e-8
1452	6.056177808919406e-8
1453	6.045389806462854e-8
1454	6.03896092716991e-8
1455	6.033427284052838e-8
1456	6.027313931263797e-8
1457	6.024925869831074e-8
1458	6.010018106988076e-8
1459	6.004337965116571e-8
1460	5.992170294188275e-8
1461	5.987712780970063e-8
1462	5.982114989591849e-8
1463	5.969099514098935e-8
1464	5.959947537223325e-8
1465	5.954291699821088e-8
1466	5.941000109658025e-8
1467	5.9309924805558034e-8
1468	5.928338968530546e-8
1469	5.914640412058398e-8
1470	5.9152824560794115e-8
1471	5.911240165813524e-8
1472	5.894115768075643e-8
1473	5.8915712245381994e-8
1474	5.88692995429275e-8
1475	5.880499021568018e-8
1476	5.873757955445841e-8
1477	5.866645515814566e-8
1478	5.8558755280114616e-8
1479	5.845822272947182e-8
1480	5.839356571182853e-8
1481	5.826298197691714e-8
1482	5.8292288453547215e-8
1483	5.817754970741397e-8
1484	5.812243908811332e-8
1485	5.803630176433219e-8
1486	5.793918385342718e-8
1487	5.788949461662966e-8
1488	5.779136831802825e-8
1489	5.774239148119278e-8
1490	5.770320337487991e-8
1491	5.757814960653177e-8
1492	5.7575353813847647e-8
1493	5.747993961728391e-8
1494	5.737843182766061e-8
1495	5.7334926146187755e-8
1496	5.72560829246535e-8
1497	5.715469115744843e-8
1498	5.705510287784845e-8
1499	5.703151712401494e-8
1500	5.6935276394257026e-8
1501	5.689090262152568e-8
1502	5.678908440592781e-8
1503	5.6725137348526166e-8
1504	5.664492949616472e-8
1505	5.658666625441027e-8
1506	5.650764041411795e-8
1507	5.647335511488613e-8
1508	5.640342955624238e-8
1509	5.6303812415695506e-8
1510	5.6232550745455506e-8
1511	5.6179724765682635e-8
1512	5.611031704137692e-8
1513	5.607439867328696e-8
1514	5.592971748062871e-8
1515	5.581568894137868e-8
1516	5.5765966512982006e-8
1517	5.5706593398389674e-8
1518	5.564282801496805e-8
1519	5.556518614502617e-8
1520	5.552521017792431e-8
1521	5.5427417458375156e-8
1522	5.537215692566006e-8
1523	5.530523015421234e-8
1524	5.5230599233524205e-8
1525	5.516285963595892e-8
1526	5.5111744963042085e-8
1527	5.506519004017036e-8
1528	5.498441544666686e-8
1529	5.491749986879332e-8
1530	5.481267112067786e-8
1531	5.474196131962744e-8
1532	5.4681840675419435e-8
1533	5.4617232535386755e-8
1534	5.4548008881813704e-8
1535	5.449443224901403e-8
1536	5.441554616784858e-8
1537	5.43570289268158e-8
1538	5.430870616810144e-8
1539	5.426435889133827e-8
1540	5.419235760455284e-8
1541	5.409846521554459e-8
1542	5.4041193183748776e-8
1543	5.397348308404979e-8
1544	5.3920678043741556e-8
1545	5.386737153139281e-8
1546	5.3772745740942033e-8
1547	5.365588896523958e-8
1548	5.360989381867845e-8
1549	5.356673730859833e-8
1550	5.349674075479205e-8
1551	5.339566103839647e-8
1552	5.332755228352972e-8
1553	5.3272160156143794e-8
1554	5.3209432155927935e-8
1555	5.31465946291086e-8
1556	5.307449286339043e-8
1557	5.3014801065358784e-8
1558	5.296237935688232e-8
1559	5.288788146680917e-8
1560	5.2839237890226724e-8
1561	5.2739032407934816e-8
1562	5.270282337394787e-8
1563	5.2621049063535376e-8
1564	5.259732332963133e-8
1565	5.251987495236332e-8
1566	5.2434877239902736e-8
1567	5.234248445141952e-8
1568	5.229047067481167e-8
1569	5.2223308502542116e-8
1570	5.217521300618145e-8
1571	5.2130363122672656e-8
1572	5.204524235345108e-8
1573	5.203175092192657e-8
1574	5.190956047509003e-8
1575	5.182576634326043e-8
1576	5.176446674147362e-8
1577	5.16785595773489e-8
1578	5.1666441443474726e-8
1579	5.157742915201137e-8
1580	5.150612498027529e-8
1581	5.145066824914522e-8
1582	5.138272065939838e-8
1583	5.132169348586976e-8
1584	5.125815677669729e-8
1585	5.120051608205053e-8
1586	5.114446291317438e-8
1587	5.106687922399743e-8
1588	5.100684636436152e-8
1589	5.094201798481573e-8
1590	5.0884732418958916e-8
1591	5.081771418098838e-8
1592	5.078129104480742e-8
1593	5.070443416896801e-8
1594	5.063741838530422e-8
1595	5.058601485131236e-8
1596	5.0521488370164776e-8
1597	5.046268829245902e-8
1598	5.040310536081209e-8
1599	5.034333348058354e-8
1600	5.0276579026446614e-8
1601	5.022532789175738e-8
1602	5.016192153331224e-8
1603	5.008422925950914e-8
1604	5.002465120358428e-8
1605	4.997504823750526e-8
1606	4.99050784408944e-8
1607	4.983728831203487e-8
1608	4.9767844924138266e-8
1609	4.971941090782159e-8
1610	4.9651906042429995e-8
1611	4.959384649391379e-8
1612	4.953169047735605e-8
1613	4.9473428873708635e-8
1614	4.941726348750745e-8
1615	4.935789275352808e-8
1616	4.9292476677676156e-8
1617	4.922155148992454e-8
1618	4.9177745557600585e-8
1619	4.9114076607147436e-8
1620	4.9052066279592476e-8
1621	4.8991048991611056e-8
1622	4.892974205688225e-8
1623	4.887317043528649e-8
1624	4.881782417633551e-8
1625	4.8757293622350796e-8
1626	4.869994438122199e-8
1627	4.8640914363460604e-8
1628	4.8584718978268206e-8
1629	4.852052553846922e-8
1630	4.845937317163035e-8
1631	4.8398310458421815e-8
1632	4.8343135301861325e-8
1633	4.828602305042983e-8
1634	4.822424724959073e-8
1635	4.816064770746885e-8
1636	4.810301999630218e-8
1637	4.804399058164799e-8
1638	4.797680093944639e-8
1639	4.791872222200712e-8
1640	4.7864106455686e-8
1641	4.7819102336756635e-8
1642	4.775293107007049e-8
1643	4.769739394169951e-8
1644	4.763702726645063e-8
1645	4.757812328497125e-8
1646	4.7520125037640465e-8
1647	4.746364575169663e-8
1648	4.74085509887695e-8
1649	4.7346098968037166e-8
1650	4.729435759163199e-8
1651	4.723824116066596e-8
1652	4.7176927843624546e-8
1653	4.712088190025689e-8
1654	4.706269286323075e-8
1655	4.700703581963615e-8
1656	4.6949362241987204e-8
1657	4.6896281629567004e-8
1658	4.684024887615284e-8
1659	4.67789315443318e-8
1660	4.6724158049839074e-8
1661	4.6668554458803955e-8
1662	4.6609946576779304e-8
1663	4.655563218220183e-8
1664	4.649747590821739e-8
1665	4.644093481501411e-8
1666	4.638812556089893e-8
1667	4.63321765871439e-8
1668	4.627891481184016e-8
1669	4.621619566409291e-8
1670	4.6154180134136556e-8
1671	4.610442402004078e-8
1672	4.605051076417921e-8
1673	4.5990424114044575e-8
1674	4.593621905241746e-8
1675	4.5881679724257084e-8
1676	4.582456934548932e-8
1677	4.5766051940756416e-8
1678	4.571458628992584e-8
1679	4.566013706584657e-8
1680	4.560474049962352e-8
1681	4.5551187365844295e-8
1682	4.549571658586778e-8
1683	4.544109650745125e-8
1684	4.538685005977759e-8
1685	4.533419404043733e-8
1686	4.5279803014294785e-8
1687	4.52238876489351e-8
1688	4.5170410517913854e-8
1689	4.5116558087759334e-8
1690	4.506255480501087e-8
1691	4.500976684728317e-8
1692	4.495472684995813e-8
1693	4.490139596199654e-8
1694	4.484797413792249e-8
1695	4.479453585719051e-8
1696	4.4740881413321594e-8
1697	4.468745452954365e-8
1698	4.46343414906527e-8
1699	4.458073692548473e-8
1700	4.452753000583792e-8
1701	4.4474654114099886e-8
1702	4.442141356734636e-8
1703	4.436868124700169e-8
1704	4.431580742502388e-8
1705	4.426305076056619e-8
1706	4.4203560799802306e-8
1707	4.4151389272086164e-8
1708	4.409892136412384e-8
1709	4.404649629396489e-8
1710	4.3994186051372757e-8
1711	4.394196179100329e-8
1712	4.3889764589127544e-8
1713	4.383739159035676e-8
1714	4.378544526091509e-8
1715	4.373290707237445e-8
1716	4.3680727095293637e-8
1717	4.362867189611519e-8
1718	4.35775248924059e-8
1719	4.3526821016025184e-8
1720	4.347516593938772e-8
1721	4.342330517308727e-8
1722	4.337124734276738e-8
1723	4.332042298450235e-8
1724	4.32685371559995e-8
1725	4.321714304820617e-8
1726	4.316859374226292e-8
1727	4.3115330524610854e-8
1728	4.3064161251475886e-8
1729	4.301330460183675e-8
1730	4.296108185272348e-8
1731	4.2910641645733107e-8
1732	4.286047383704977e-8
1733	4.280923421323526e-8
1734	4.2758316911068796e-8
1735	4.270490060988672e-8
1736	4.265142427849815e-8
1737	4.260260271505622e-8
1738	4.255292565201308e-8
1739	4.250299783901382e-8
1740	4.245209628169733e-8
1741	4.240609650538404e-8
1742	4.2357233613055446e-8
1743	4.230568175183994e-8
1744	4.2252145502857544e-8
1745	4.219963649807542e-8
1746	4.2155120939358964e-8
1747	4.21108782486493e-8
1748	4.2058887019532295e-8
1749	4.200776935244452e-8
1750	4.195625848555082e-8
1751	4.190899380349089e-8
1752	4.185942644435698e-8
1753	4.180939067798324e-8
1754	4.175764237267019e-8
1755	4.1708167456856785e-8
1756	4.165980587897377e-8
1757	4.1611653247174465e-8
1758	4.15620228153032e-8
1759	4.1513856239239715e-8
1760	4.1463570465504944e-8
1761	4.141585736397416e-8
1762	4.1369714094811045e-8
1763	4.131850710681642e-8
1764	4.127135888018702e-8
1765	4.1222217547394834e-8
1766	4.117352516079106e-8
1767	4.112332360526177e-8
1768	4.107603102727715e-8
1769	4.102977073770506e-8
1770	4.0981644957367566e-8
1771	4.0935701538145566e-8
1772	4.0884918592787464e-8
1773	4.083792137890935e-8
1774	4.07915674727819e-8
1775	4.0745766086278205e-8
1776	4.069763332738122e-8
1777	4.06478683987155e-8
1778	4.060107624104068e-8
1779	4.0554521873097386e-8
1780	4.050236599655129e-8
1781	4.045750528050523e-8
1782	4.0407749599908825e-8
1783	4.036081379461605e-8
1784	4.031164124733905e-8
1785	4.0263717388223484e-8
1786	4.02196871114441e-8
1787	4.017109297240494e-8
1788	4.013003436043702e-8
1789	4.0080970127829835e-8
1790	4.003123206376783e-8
1791	3.998551418108376e-8
1792	3.9939281161163475e-8
1793	3.9890770676826735e-8
1794	3.9844480793315914e-8
1795	3.980054756349505e-8
1796	3.9751004013420626e-8
1797	3.9705823730613634e-8
1798	3.9661863301907445e-8
1799	3.961533902455962e-8
1800	3.956857707576932e-8
1801	3.952469120595697e-8
1802	3.947670240772544e-8
1803	3.942959432323706e-8
1804	3.9382443288944386e-8
1805	3.9336437100665795e-8
1806	3.9293521413523103e-8
1807	3.924607968775451e-8
1808	3.91992525637469e-8
1809	3.915414867045562e-8
1810	3.910637662871007e-8
1811	3.906411593530498e-8
1812	3.901616155579778e-8
1813	3.8974393133185275e-8
1814	3.893023380444174e-8
1815	3.888753616072532e-8
1816	3.884161309701326e-8
1817	3.879526160786498e-8
1818	3.874945664267062e-8
1819	3.8706697739409493e-8
1820	3.865993357680479e-8
1821	3.861553749116964e-8
1822	3.8568571517473377e-8
1823	3.852753004427647e-8
1824	3.847797494919305e-8
1825	3.8432743961393696e-8
1826	3.8391646283689555e-8
1827	3.8350083162091586e-8
1828	3.830015721181379e-8
1829	3.825725808235181e-8
1830	3.821332687442217e-8
1831	3.816870603529567e-8
1832	3.8125535081628883e-8
1833	3.808976725036372e-8
1834	3.804244604474906e-8
1835	3.7999145689816695e-8
1836	3.795447200904229e-8
1837	3.7912136998295104e-8
1838	3.7861615344222396e-8
1839	3.781761282276262e-8
1840	3.777642398083945e-8
1841	3.773095087692942e-8
1842	3.7686483753780135e-8
1843	3.764436058003445e-8
1844	3.759804027152572e-8
1845	3.756079760162245e-8
1846	3.7517502727074704e-8
1847	3.747698387222275e-8
1848	3.7431359602034356e-8
1849	3.738861627939493e-8
1850	3.734736235731063e-8
1851	3.730806936202047e-8
1852	3.7263662945971154e-8
1853	3.7210910004004175e-8
1854	3.715168938226955e-8
1855	3.71344434824262e-8
1856	3.7090519963475645e-8
1857	3.705027995878327e-8
1858	3.700844217714553e-8
1859	3.6965567961464305e-8
1860	3.692036148280447e-8
1861	3.6880143335104676e-8
1862	3.683941372433774e-8
1863	3.679597377541339e-8
1864	3.675544042948528e-8
1865	3.671422163528042e-8
1866	3.666764360973138e-8
1867	3.662823023360123e-8
1868	3.658583367327259e-8
1869	3.654016107267934e-8
1870	3.650632222529234e-8
1871	3.646593179460194e-8
1872	3.642011668397072e-8
1873	3.6381852284691685e-8
1874	3.6335146105827967e-8
1875	3.6298587935802315e-8
1876	3.625583118852557e-8
1877	3.6214163722418874e-8
1878	3.616864623041215e-8
1879	3.612932230750691e-8
1880	3.6090000992398506e-8
1881	3.604694693408773e-8
1882	3.600598389274644e-8
1883	3.596354726653864e-8
1884	3.5923787055357136e-8
1885	3.58851115411261e-8
1886	3.584021637589497e-8
1887	3.5801434470556604e-8
1888	3.5762081580629626e-8
1889	3.57202010648866e-8
1890	3.568224600881107e-8
1891	3.564289707739941e-8
1892	3.5600119593161274e-8
1893	3.556033448081517e-8
1894	3.551464497422974e-8
1895	3.5483892528242066e-8
1896	3.5441453786484685e-8
1897	3.5403593878709495e-8
1898	3.5363389922627003e-8
1899	3.532260070454437e-8
1900	3.5280660679278013e-8
1901	3.524167623864414e-8
1902	3.520087450151197e-8
1903	3.5166290530303133e-8
1904	3.512319995614974e-8
1905	3.508365425419281e-8
1906	3.50420053132812e-8
1907	3.5002002386233675e-8
1908	3.496819214897734e-8
1909	3.4925405264454086e-8
1910	3.488468366417572e-8
1911	3.48466055784502e-8
1912	3.480761008243243e-8
1913	3.477022294600379e-8
1914	3.473038843672808e-8
1915	3.469194872072722e-8
1916	3.465284314699912e-8
1917	3.461464491778184e-8
1918	3.457717922679142e-8
1919	3.4538768818297515e-8
1920	3.449796962196999e-8
1921	3.4460166674919835e-8
1922	3.441760759388726e-8
1923	3.4375020291270856e-8
1924	3.433528912534423e-8
1925	3.4300154201593007e-8
1926	3.425896796345162e-8
1927	3.4220270298835604e-8
1928	3.418252643056001e-8
1929	3.414168224991995e-8
1930	3.410327071730324e-8
1931	3.4067701831235265e-8
1932	3.403165088196876e-8
1933	3.399433026727579e-8
1934	3.395646255591948e-8
1935	3.391798394166271e-8
1936	3.388226916028319e-8
1937	3.384479628921133e-8
1938	3.380595865789481e-8
1939	3.376747633764761e-8
1940	3.373122926494885e-8
1941	3.369131007807254e-8
1942	3.3652594184405915e-8
1943	3.361278081483014e-8
1944	3.35800869938008e-8
1945	3.3544273649074396e-8
1946	3.3504468322394746e-8
1947	3.34678814231881e-8
1948	3.342796507190787e-8
1949	3.339033978686237e-8
1950	3.3356150601399295e-8
1951	3.331866150399851e-8
1952	3.328553041021919e-8
1953	3.3246064018965874e-8
1954	3.3209197430295096e-8
1955	3.317584206981393e-8
1956	3.313495510823312e-8
1957	3.309865252476915e-8
1958	3.3058709701619e-8
1959	3.3024038345058085e-8
1960	3.298860360636886e-8
1961	3.2951104770853956e-8
1962	3.291396955688776e-8
1963	3.287724438435662e-8
1964	3.284267679821961e-8
1965	3.280817540712204e-8
1966	3.276879582827716e-8
1967	3.273393431063993e-8
1968	3.269902820659631e-8
1969	3.26649832608347e-8
1970	3.262603806457508e-8
1971	3.258781598269869e-8
1972	3.254854790768694e-8
1973	3.2509340829274094e-8
1974	3.247864475465072e-8
1975	3.2438652527671415e-8
1976	3.240265468462138e-8
1977	3.2369982284483664e-8
1978	3.233303553544965e-8
1979	3.229192122501774e-8
1980	3.226042916955111e-8
1981	3.22266210703815e-8
1982	3.219154750246077e-8
1983	3.21559882357524e-8
1984	3.211957951460503e-8
1985	3.208932449125248e-8
1986	3.2053887690000375e-8
1987	3.2017298819215866e-8
1988	3.198262980561435e-8
1989	3.194559864534433e-8
1990	3.190923165970732e-8
1991	3.187286979825538e-8
1992	3.1837802184855187e-8
1993	3.180300074836381e-8
1994	3.177025994621556e-8
1995	3.173678515113412e-8
1996	3.170179699192073e-8
1997	3.1667809329189844e-8
1998	3.163342035836315e-8
1999	3.159787688366363e-8
2000	3.156281367641271e-8
2001	3.1527708990315647e-8