1	1.6613357801384573e-12
2	3.3227580982048597e-12
3	4.984225318424294e-12
4	6.6456031491905885e-12
5	8.307337623712007e-12
6	9.969413365653775e-12
7	1.1631663393474946e-11
8	1.3295174168595644e-11
9	1.4957706501805105e-11
10	1.6619265579814217e-11
11	1.8281262336186844e-11
12	1.9946700223075513e-11
13	2.1612768375236367e-11
14	2.3274838881383165e-11
15	2.494128231841852e-11
16	2.660686561662851e-11
17	2.8275557274426276e-11
18	2.993940470260027e-11
19	3.160756191723964e-11
20	3.3274347633477984e-11
21	3.494589681520768e-11
22	3.661496069288586e-11
23	3.826391857001951e-11
24	3.995747219521968e-11
25	4.162501044904251e-11
26	4.330967128645399e-11
27	4.4988086319310856e-11
28	4.665996013001395e-11
29	4.832388500914889e-11
30	4.998427658727597e-11
31	5.16643563281087e-11
32	5.337276667963634e-11
33	5.5059027842306103e-11
34	5.6740047629982284e-11
35	5.842585196129412e-11
36	6.011628647068095e-11
37	6.179764227177253e-11
38	6.347639858827091e-11
39	6.517896727713914e-11
40	6.688289781299859e-11
41	6.860103715553262e-11
42	7.024892345372973e-11
43	7.196178275166493e-11
44	7.366309100126749e-11
45	7.53049933343709e-11
46	7.707220942812361e-11
47	7.875541591828721e-11
48	8.044763460922714e-11
49	8.216525296620179e-11
50	8.38801575356418e-11
51	8.557445983536515e-11
52	8.729936008566404e-11
53	8.90355671515344e-11
54	9.072958168178391e-11
55	9.242089053745994e-11
56	9.413236081083416e-11
57	9.585761112164954e-11
58	9.759963831109292e-11
59	9.936811958342293e-11
60	1.0110018954587975e-10
61	1.0284881265200546e-10
62	1.0458423864113127e-10
63	1.0622406181855285e-10
64	1.0796073583572123e-10
65	1.0974342690274063e-10
66	1.1144596121430393e-10
67	1.1323463770017618e-10
68	1.1500805547906028e-10
69	1.1678268558080598e-10
70	1.1850141643530056e-10
71	1.203655675763427e-10
72	1.2204070575947705e-10
73	1.239048133467473e-10
74	1.2561602616062482e-10
75	1.274068980638656e-10
76	1.2920110700605453e-10
77	1.3105352794039062e-10
78	1.3278020111142233e-10
79	1.3469887629217796e-10
80	1.362974351023896e-10
81	1.3815675620721663e-10
82	1.39913472291721e-10
83	1.41801671028954e-10
84	1.4372003336076653e-10
85	1.4534776643603377e-10
86	1.4714730193390267e-10
87	1.4890624739514065e-10
88	1.506889319066038e-10
89	1.5266350797863054e-10
90	1.5441088101323742e-10
91	1.562289357859641e-10
92	1.5807681088377873e-10
93	1.5949125226452772e-10
94	1.6155219636910022e-10
95	1.6354077017692096e-10
96	1.653480471020067e-10
97	1.6729594052766933e-10
98	1.6915366918096628e-10
99	1.7102939177179246e-10
100	1.7291559790005206e-10
101	1.7470595022159792e-10
102	1.7669530492904397e-10
103	1.7858600514962716e-10
104	1.8054552603315428e-10
105	1.8237577514203386e-10
106	1.842227505705719e-10
107	1.8569861235985222e-10
108	1.8770594288077596e-10
109	1.8983773135988967e-10
110	1.915015282964814e-10
111	1.9357413915287652e-10
112	1.955709834968e-10
113	1.97611058870892e-10
114	1.9930228324797423e-10
115	2.0127149294564324e-10
116	2.0315789406439563e-10
117	2.0512810764500946e-10
118	2.0717911439503488e-10
119	2.0939143312195484e-10
120	2.1133376779736043e-10
121	2.134150539366012e-10
122	2.1502185901104766e-10
123	2.1798899252006187e-10
124	2.1909336610443916e-10
125	2.2109338144095232e-10
126	2.2326245896005603e-10
127	2.25116253974402e-10
128	2.2701908674473507e-10
129	2.2910250194501087e-10
130	2.3097775351473715e-10
131	2.3310342315788905e-10
132	2.3511951539998636e-10
133	2.3684370379596856e-10
134	2.3914530598148745e-10
135	2.411693076444539e-10
136	2.434394824605308e-10
137	2.45526844074093e-10
138	2.472642318575995e-10
139	2.4936740319767406e-10
140	2.5147053226670286e-10
141	2.5361035116508123e-10
142	2.55408836241782e-10
143	2.5730962905375446e-10
144	2.593981098991249e-10
145	2.6158724218684074e-10
146	2.631841664381313e-10
147	2.6555256499962227e-10
148	2.679919458115792e-10
149	2.7021575841459085e-10
150	2.723889821542569e-10
151	2.743959106568416e-10
152	2.7666303893436715e-10
153	2.7836469757824255e-10
154	2.805160834909318e-10
155	2.826474902374926e-10
156	2.8494580083391426e-10
157	2.870824152995817e-10
158	2.8938895927021116e-10
159	2.9173415657694165e-10
160	2.939273319523466e-10
161	2.9539349634301345e-10
162	2.98270329368126e-10
163	3.0060728042885865e-10
164	3.027873036657349e-10
165	3.05112529132546e-10
166	3.06924356492521e-10
167	3.099615982845456e-10
168	3.1190282091703717e-10
169	3.14373034365767e-10
170	3.1635327919349836e-10
171	3.1783706159125814e-10
172	3.204937473230709e-10
173	3.2374315354988477e-10
174	3.2569129222830535e-10
175	3.264463118186784e-10
176	3.2937468931603793e-10
177	3.326172046795557e-10
178	3.332666311388515e-10
179	3.3627123503077607e-10
180	3.393636400684772e-10
181	3.4190035433727283e-10
182	3.4404133366081577e-10
183	3.460782094436419e-10
184	3.487748023823415e-10
185	3.5045097476908133e-10
186	3.533907532934132e-10
187	3.5598926896194523e-10
188	3.581768679465589e-10
189	3.607500630976313e-10
190	3.6287593261251235e-10
191	3.651206143779303e-10
192	3.680724286058489e-10
193	3.7020036359095505e-10
194	3.723753741557405e-10
195	3.757555476012623e-10
196	3.789791302617784e-10
197	3.8049783288301093e-10
198	3.828213343971997e-10
199	3.859696266875606e-10
200	3.880159714479139e-10
201	3.9029892969257913e-10
202	3.929623145683165e-10
203	3.957494342612748e-10
204	3.980479053897145e-10
205	4.008672253179111e-10
206	4.037161120517013e-10
207	4.0459205954210577e-10
208	4.0776994527823817e-10
209	4.1092879187165313e-10
210	4.125667098105851e-10
211	4.1604338510397885e-10
212	4.190874038004591e-10
213	4.200612640684183e-10
214	4.2293988601193584e-10
215	4.2413533567402367e-10
216	4.274514029994047e-10
217	4.3084345853695944e-10
218	4.348197472644401e-10
219	4.3698446429320897e-10
220	4.3937079368525776e-10
221	4.4288994114590375e-10
222	4.4513647995985115e-10
223	4.488587602268984e-10
224	4.5083323689746823e-10
225	4.5422635119913573e-10
226	4.5679479480111604e-10
227	4.592971690051807e-10
228	4.5859364028688743e-10
229	4.659645523119883e-10
230	4.68060901876641e-10
231	4.714689911969088e-10
232	4.75094056029128e-10
233	4.77338257750012e-10
234	4.807115380067988e-10
235	4.827225630588148e-10
236	4.853977500904498e-10
237	4.886987562939074e-10
238	4.923007889057008e-10
239	4.946326047151414e-10
240	4.961546128191286e-10
241	5.010991767261865e-10
242	5.027475989628068e-10
243	5.06677694765784e-10
244	5.080509574101182e-10
245	5.126786627417326e-10
246	5.147969043661491e-10
247	5.159245055383518e-10
248	5.216649823039236e-10
249	5.259813032279221e-10
250	5.273101891307712e-10
251	5.303382147606628e-10
252	5.326388401742954e-10
253	5.36438171536836e-10
254	5.398536743074322e-10
255	5.424237060479015e-10
256	5.447736948482344e-10
257	5.522445818097878e-10
258	5.513037020467588e-10
259	5.546346384213771e-10
260	5.571307827886998e-10
261	5.563027911868169e-10
262	5.651276694049186e-10
263	5.671483816493255e-10
264	5.708033698765211e-10
265	6.082169035453791e-10
266	5.765362701597793e-10
267	5.806907029970796e-10
268	5.836939768892507e-10
269	5.877794403833244e-10
270	5.905860124450913e-10
271	5.940033675757214e-10
272	5.966566151011146e-10
273	6.011900337547982e-10
274	6.06096546910939e-10
275	6.071311925572273e-10
276	6.107664228933671e-10
277	6.50534688590503e-10
278	6.546256054108086e-10
279	6.577242019359592e-10
280	6.240577481604607e-10
281	6.267318167069823e-10
282	6.325123353696115e-10
283	6.361705367848271e-10
284	6.398025875244691e-10
285	6.422705526265154e-10
286	6.463938911038661e-10
287	6.465993953239684e-10
288	6.499530567924036e-10
289	6.561122287716654e-10
290	6.581191312317429e-10
291	6.634243340391041e-10
292	6.670707803804696e-10
293	6.709091400311e-10
294	6.753422971269928e-10
295	6.79264481176917e-10
296	6.826159723025238e-10
297	6.861162024191898e-10
298	6.898192593915662e-10
299	6.941049463883645e-10
300	6.959748570074724e-10
301	7.003788424732467e-10
302	7.05280046384788e-10
303	7.081148538380265e-10
304	7.119493274454197e-10
305	7.168071009439852e-10
306	7.205378816232903e-10
307	7.244650947229471e-10
308	7.277212401136033e-10
309	7.308366340137926e-10
310	7.345571842774039e-10
311	7.401565313658808e-10
312	7.454235861237251e-10
313	7.492677533031973e-10
314	7.522201738815573e-10
315	7.565619281591625e-10
316	7.608807301973041e-10
317	7.635936281964994e-10
318	7.678255966424426e-10
319	7.707229200864914e-10
320	7.757517621963583e-10
321	7.793783406306582e-10
322	7.839377600354176e-10
323	7.882700973457732e-10
324	7.927326803448598e-10
325	7.976810302228188e-10
326	8.021105339668079e-10
327	8.0657166932568e-10
328	8.096810781574248e-10
329	8.135812597799338e-10
330	8.195611690770624e-10
331	8.227443836177577e-10
332	8.269371120944282e-10
333	8.301909606952064e-10
334	8.345005443233107e-10
335	8.393111724112016e-10
336	8.450777477420446e-10
337	8.478939815040884e-10
338	8.538331967913765e-10
339	8.579926457643651e-10
340	8.624434143920485e-10
341	8.669356030046394e-10
342	8.720719031678431e-10
343	8.704911750215705e-10
344	8.761218179479991e-10
345	8.817334547497415e-10
346	8.908276630712847e-10
347	8.940233043853137e-10
348	8.980335626293322e-10
349	9.044864725636197e-10
350	9.080261127494836e-10
351	9.116817215370002e-10
352	9.16685228623921e-10
353	9.1957443596324e-10
354	9.276970184887098e-10
355	9.304673420615834e-10
356	9.403035587883058e-10
357	9.417415762367212e-10
358	9.466627743007505e-10
359	9.529258942333719e-10
360	9.585852975713529e-10
361	9.623056149935537e-10
362	9.655808930643745e-10
363	9.728851963473485e-10
364	9.790780604114638e-10
365	9.830516417700386e-10
366	9.86325915344809e-10
367	9.92064054809651e-10
368	9.964200155846193e-10
369	1.0012310782767813e-9
370	1.004641106429645e-9
371	1.0132096705760887e-9
372	1.0165235093767484e-9
373	1.0220678680369023e-9
374	1.0283335330259697e-9
375	1.0359416519733388e-9
376	1.038345982418711e-9
377	1.0452387989289835e-9
378	1.0463402038238579e-9
379	1.0536629762104694e-9
380	1.0597550027517833e-9
381	1.0659747402683399e-9
382	1.0681900562686543e-9
383	1.074115144454225e-9
384	1.0801574356836567e-9
385	1.0863945599168194e-9
386	1.08476835039001e-9
387	1.0982749168077615e-9
388	1.1035436453408153e-9
389	1.109532440241973e-9
390	1.1152497382815057e-9
391	1.1213037241946024e-9
392	1.127364103114121e-9
393	1.133618729866308e-9
394	1.1379567129772802e-9
395	1.1428679501141253e-9
396	1.1482986280876434e-9
397	1.1549345002372867e-9
398	1.1600013492816796e-9
399	1.1659208777781619e-9
400	1.1715047771801987e-9
401	1.1781735555282693e-9
402	1.186073504172942e-9
403	1.1902780690689384e-9
404	1.197039594468551e-9
405	1.2030941706403257e-9
406	1.2082326178077869e-9
407	1.2160143507859862e-9
408	1.2204749442177192e-9
409	1.2242225532994085e-9
410	1.232343241597189e-9
411	1.2356688646737345e-9
412	1.241760525834607e-9
413	1.2532656836926347e-9
414	1.2577761699850513e-9
415	1.2596625638922887e-9
416	1.2704790784929127e-9
417	1.2776419616811112e-9
418	1.2827625265558442e-9
419	1.2891123101172914e-9
420	1.2956916963443152e-9
421	1.3037217853340975e-9
422	1.30649130431656e-9
423	1.315455574780939e-9
424	1.322239820106341e-9
425	1.3303571730404433e-9
426	1.3350139787402456e-9
427	1.341839412928891e-9
428	1.3483562664218975e-9
429	1.3546198278056068e-9
430	1.361394661352367e-9
431	1.3762545418666286e-9
432	1.3771512420811433e-9
433	1.382816115315335e-9
434	1.3901921438590666e-9
435	1.3947441211615978e-9
436	1.402791932140776e-9
437	1.4090888153153518e-9
438	1.4138395859238134e-9
439	1.4239083442168695e-9
440	1.4311445340597805e-9
441	1.4383545864233503e-9
442	1.4438439791907634e-9
443	1.4505942229797445e-9
444	1.4588880163624387e-9
445	1.4651449679342963e-9
446	1.4735680176813128e-9
447	1.4820285807768254e-9
448	1.488514688930211e-9
449	1.4953849118567934e-9
450	1.5053015316410123e-9
451	1.5096805642224701e-9
452	1.5166757653853959e-9
453	1.5247295455813565e-9
454	1.5340456096798858e-9
455	1.5394384894873899e-9
456	1.5467485375179922e-9
457	1.558019269051966e-9
458	1.563213891881616e-9
459	1.568892000207747e-9
460	1.5778769530993002e-9
461	1.584374145477569e-9
462	1.5939237820404109e-9
463	1.5998525493147108e-9
464	1.6091782998939264e-9
465	1.616576602931769e-9
466	1.6238615219321028e-9
467	1.6358219105162822e-9
468	1.6425897531237348e-9
469	1.6517973912306233e-9
470	1.6573103826430989e-9
471	1.6659386372297637e-9
472	1.6726848790999132e-9
473	1.6804771967685022e-9
474	1.6919614926558338e-9
475	1.706141938931558e-9
476	1.7080497903255237e-9
477	1.7144481434685093e-9
478	1.7236301560768359e-9
479	1.7325824200412077e-9
480	1.7448238749720098e-9
481	1.7484125265857875e-9
482	1.7594535588591646e-9
483	1.7679461537468698e-9
484	1.7754595101791457e-9
485	1.7823044477534659e-9
486	1.7895050182451995e-9
487	1.7990479572712833e-9
488	1.808571988090509e-9
489	1.8918973549770118e-9
490	1.824470950057244e-9
491	1.837918149452824e-9
492	1.8434925746589131e-9
493	1.8519116943777626e-9
494	1.8604469623511075e-9
495	1.8694105529226225e-9
496	1.878250422169595e-9
497	1.889667928539194e-9
498	1.8987979678508726e-9
499	1.9062442297169473e-9
500	1.918529682543331e-9
501	1.928337027128219e-9
502	1.93419289664473e-9
503	1.9459868144462028e-9
504	1.949425545110815e-9
505	1.9601211773519235e-9
506	1.971761375008677e-9
507	1.97696361895745e-9
508	1.9934378924177737e-9
509	2.010250802334746e-9
510	2.010480510581574e-9
511	2.0192756315659504e-9
512	2.0292221145485783e-9
513	2.0393332538701994e-9
514	2.0497866673601284e-9
515	2.0591582889533607e-9
516	2.070450326712863e-9
517	2.0818839432303314e-9
518	2.089305639105316e-9
519	2.100830295977595e-9
520	2.117469580996993e-9
521	2.1190370612135247e-9
522	2.1292580182725226e-9
523	2.1261949925899457e-9
524	2.149669852568924e-9
525	2.1595202598849805e-9
526	2.167473441896892e-9
527	2.1797650150767392e-9
528	2.185450628919873e-9
529	2.1976728251700795e-9
530	2.2100617536825728e-9
531	2.2195355258736593e-9
532	2.230757300730033e-9
533	2.2422633832608587e-9
534	2.255332012504223e-9
535	2.2663058637917202e-9
536	2.2748207239205843e-9
537	2.2832705989729514e-9
538	2.297722657580347e-9
539	2.308754783734412e-9
540	2.3156476602004886e-9
541	2.329015927330211e-9
542	2.344240352157806e-9
543	2.3585356402283374e-9
544	2.3671174176876605e-9
545	2.3755519463955484e-9
546	2.3869403563949554e-9
547	2.397158537705746e-9
548	2.4101387250846414e-9
549	2.419530705338707e-9
550	2.4342352456059105e-9
551	2.4509473996870735e-9
552	2.4523065427739283e-9
553	2.467431643787696e-9
554	2.4803593230870866e-9
555	2.4915578457432204e-9
556	2.50014688358525e-9
557	2.5099968579546614e-9
558	2.5214918308599794e-9
559	2.5299727478021023e-9
560	2.548634929488342e-9
561	2.564968174170878e-9
562	2.574806254422045e-9
563	2.586983731686812e-9
564	2.596446346273305e-9
565	2.5823187711418926e-9
566	2.621231789613132e-9
567	2.618266397256878e-9
568	2.6327056213684885e-9
569	2.6610543175790246e-9
570	2.6729597349168894e-9
571	2.6839510544333646e-9
572	2.695593697934931e-9
573	2.709173134200398e-9
574	2.722953803437212e-9
575	2.735334831086816e-9
576	2.750477443216804e-9
577	2.7635521386206313e-9
578	2.777633832205473e-9
579	2.7880471374294897e-9
580	2.8034299793992415e-9
581	2.8123602639869397e-9
582	2.826991735326338e-9
583	2.8377809238928526e-9
584	2.8520005809694993e-9
585	2.866264718543319e-9
586	2.881393502106807e-9
587	2.8923662237340464e-9
588	2.9051297045753574e-9
589	2.919494257016503e-9
590	2.927265130030947e-9
591	2.9949422698140245e-9
592	2.969200382474508e-9
593	2.975535654205843e-9
594	2.991621643365472e-9
595	3.0035239592580432e-9
596	3.016011027606974e-9
597	3.033016409270791e-9
598	3.04665469084024e-9
599	3.0246245567892016e-9
600	3.076014757245512e-9
601	3.0881732763557274e-9
602	3.10548286362402e-9
603	3.11786486693151e-9
604	3.130518826346899e-9
605	3.123810761414749e-9
606	3.139529527184788e-9
607	3.176467836935595e-9
608	3.1912643882398063e-9
609	3.2035760029793294e-9
610	3.2219275981209516e-9
611	3.2390131257296e-9
612	3.229307521294352e-9
613	3.2629453845916468e-9
614	3.2794825334260297e-9
615	3.2958717619696375e-9
616	3.30968533037354e-9
617	3.323263616603444e-9
618	3.3408681358434417e-9
619	3.359325606150478e-9
620	3.371337588300974e-9
621	3.38666723482919e-9
622	3.401369215295637e-9
623	3.419510428724404e-9
624	3.433050208664276e-9
625	3.4485039926077874e-9
626	3.4592826740881054e-9
627	3.4745865441349683e-9
628	3.4902533351137056e-9
629	3.5118543017821004e-9
630	3.52784635013011e-9
631	3.548742005718831e-9
632	3.5606865573217335e-9
633	3.5792923984104057e-9
634	3.594844774785304e-9
635	3.619784736215161e-9
636	3.6294709654810187e-9
637	3.6484228678370198e-9
638	3.6629108873816468e-9
639	3.678341535028162e-9
640	3.695609202921895e-9
641	3.7080056039231288e-9
642	3.7199256365325122e-9
643	3.746179697744373e-9
644	3.7610660547335875e-9
645	3.762833042777392e-9
646	3.796957149908042e-9
647	3.805827365027976e-9
648	3.833670192600312e-9
649	3.850642336805669e-9
650	3.865523454991127e-9
651	3.887452477504316e-9
652	3.904713587227856e-9
653	3.9213586125477916e-9
654	3.940061655746834e-9
655	3.961178209127416e-9
656	3.9804503390948805e-9
657	3.992347260411084e-9
658	4.012705255154018e-9
659	4.030072324157995e-9
660	4.049917663262586e-9
661	4.064298613932073e-9
662	4.08440777948483e-9
663	4.157021359189145e-9
664	4.119602440137273e-9
665	4.136167929191918e-9
666	4.157617126884417e-9
667	4.1781402176538825e-9
668	4.196288872286899e-9
669	4.257653076642541e-9
670	4.231106275392607e-9
671	4.255233498637727e-9
672	4.270251582079966e-9
673	4.287700000785856e-9
674	4.310650030405967e-9
675	4.328993185286507e-9
676	4.348015065782145e-9
677	4.366428949084484e-9
678	4.385768622941063e-9
679	4.406873857911463e-9
680	4.425940970661421e-9
681	4.446196591484066e-9
682	4.46780384339232e-9
683	4.483987136820917e-9
684	4.5069752827322844e-9
685	4.511469198452256e-9
686	4.546511643688576e-9
687	4.566282963651871e-9
688	4.584534703854203e-9
689	4.609170708305805e-9
690	4.6250595966513305e-9
691	4.671197263189194e-9
692	4.667403853662673e-9
693	4.689197781156278e-9
694	4.709752105186339e-9
695	4.734373536985896e-9
696	4.748443156216127e-9
697	4.775541151412352e-9
698	4.806194890453861e-9
699	4.8428563822303155e-9
700	4.8770268432116595e-9
701	4.858382309863418e-9
702	4.880659364089509e-9
703	4.910833255021285e-9
704	4.900277452918073e-9
705	4.921406363249952e-9
706	4.967605328410818e-9
707	4.989210881793234e-9
708	5.024346255473834e-9
709	5.033317253719631e-9
710	5.054695715774634e-9
711	5.072886621963582e-9
712	5.097499449261211e-9
713	5.118853742822855e-9
714	5.142112810946154e-9
715	5.153383872591619e-9
716	5.18853506343059e-9
717	5.216032596482774e-9
718	5.234411544725002e-9
719	5.257918187910305e-9
720	5.276183533628153e-9
721	5.303742657786936e-9
722	5.335683763059272e-9
723	5.347479060449327e-9
724	5.375148340219984e-9
725	5.396267629803172e-9
726	5.4299767174710435e-9
727	5.44547799053154e-9
728	5.464755149500207e-9
729	5.492003698610759e-9
730	5.51178787930499e-9
731	5.529649150868159e-9
732	5.567371871373111e-9
733	5.589997147582897e-9
734	5.614652078553511e-9
735	5.6375009274642355e-9
736	5.656577641282182e-9
737	5.6863296173391495e-9
738	5.708864357202765e-9
739	5.7314593646952195e-9
740	5.755942982269774e-9
741	5.787000062071673e-9
742	5.805516663108568e-9
743	5.832908329196382e-9
744	5.848328245867214e-9
745	5.884721652080326e-9
746	5.902347679400244e-9
747	5.9341025797189765e-9
748	5.95989409671853e-9
749	5.985514092439448e-9
750	6.011436760120536e-9
751	6.0370292387960784e-9
752	6.05972422478587e-9
753	6.082859627568398e-9
754	6.11270819092493e-9
755	6.137725658126516e-9
756	6.162266784825685e-9
757	6.189214115556506e-9
758	6.213428660821731e-9
759	6.248983327166336e-9
760	6.2728111631329815e-9
761	6.2998517747339345e-9
762	6.328168101575206e-9
763	6.349983574522484e-9
764	6.347637475199561e-9
765	6.393600051257549e-9
766	6.434954658455113e-9
767	6.449905561824819e-9
768	6.485240953771707e-9
769	6.505752184974223e-9
770	6.532615069797973e-9
771	6.565935565772708e-9
772	6.5975785644848054e-9
773	6.620521753425465e-9
774	6.646967022373443e-9
775	6.670847907660188e-9
776	6.7029365599411684e-9
777	6.738877461288734e-9
778	6.76490567291131e-9
779	6.784464557511267e-9
780	6.815625387877922e-9
781	6.8463640920362616e-9
782	6.87456489799016e-9
783	6.901247155522713e-9
784	6.938575854343307e-9
785	6.971592508481767e-9
786	6.997647019199235e-9
787	7.022666860313386e-9
788	7.056408786321054e-9
789	7.0785717413643635e-9
790	7.114409931082847e-9
791	7.143273414897269e-9
792	7.173609505554605e-9
793	7.198289838018027e-9
794	7.226870395336336e-9
795	7.2627770201235154e-9
796	7.296605470303196e-9
797	7.328086314216313e-9
798	7.354252093800374e-9
799	7.379621654024163e-9
800	7.404124696780886e-9
801	7.415099728953144e-9
802	7.453408780519399e-9
803	7.520425392224767e-9
804	7.537724728044676e-9
805	7.565450222441074e-9
806	7.600354883138468e-9
807	7.63459775296481e-9
808	7.662776857689565e-9
809	7.698036610795933e-9
810	7.734043107277267e-9
811	7.756333556689034e-9
812	7.78803774701406e-9
813	7.820108267680582e-9
814	7.849879488813283e-9
815	7.878772434078737e-9
816	7.912564376207248e-9
817	7.93729491859314e-9
818	7.971418027194944e-9
819	8.004229122665955e-9
820	8.03939353067533e-9
821	8.07453538487634e-9
822	8.108695965318472e-9
823	8.140043970518796e-9
824	8.179284902804364e-9
825	8.199932987475085e-9
826	8.238723231222691e-9
827	8.270150595936165e-9
828	8.306526357500106e-9
829	8.334352314159069e-9
830	8.374184774086501e-9
831	8.407310482422177e-9
832	8.45342841088563e-9
833	8.476365708658548e-9
834	8.515555037780216e-9
835	8.543208833594638e-9
836	8.580707064353472e-9
837	8.619838726641857e-9
838	8.643697968578313e-9
839	8.681362149092856e-9
840	8.70034997761747e-9
841	8.748510262152421e-9
842	8.770611369401656e-9
843	8.818675771277403e-9
844	8.857114277847575e-9
845	8.892668784357387e-9
846	8.920618685457387e-9
847	8.947457899639536e-9
848	8.992057156853528e-9
849	9.028084958219242e-9
850	9.059249035207755e-9
851	9.103284027650368e-9
852	9.121571796382119e-9
853	9.17109912333848e-9
854	9.207494078487082e-9
855	9.239396177328943e-9
856	9.269686487670898e-9
857	9.306542533717338e-9
858	9.348639037512694e-9
859	9.383292599814628e-9
860	9.404243469890789e-9
861	9.455225302210172e-9
862	9.378465774055139e-9
863	9.533570761895043e-9
864	9.575015993064259e-9
865	9.601751667046353e-9
866	9.64759886528698e-9
867	9.674022603216576e-9
868	9.722672280867223e-9
869	9.761274968281765e-9
870	9.798265061329958e-9
871	9.847123794878568e-9
872	9.873192317404231e-9
873	9.9128610756953e-9
874	9.949975728425068e-9
875	9.983522408858574e-9
876	1.0013884387645567e-8
877	1.0032643361965881e-8
878	1.0099367133147623e-8
879	1.0124336397556722e-8
880	1.0174794103583524e-8
881	1.0216020096280311e-8
882	1.024747279231499e-8
883	1.0298162813215118e-8
884	1.0332394516122565e-8
885	1.0368040391365949e-8
886	1.0409987933121577e-8
887	1.0450195048081718e-8
888	1.0481326896236172e-8
889	1.0540577353948954e-8
890	1.0564701324770497e-8
891	1.0611056876366876e-8
892	1.064470057572371e-8
893	1.06824875471294e-8
894	1.07254589852326e-8
895	1.0772246861481921e-8
896	1.0822670438407933e-8
897	1.0855461784227901e-8
898	1.089940381239113e-8
899	1.0923779694559666e-8
900	1.0972534530922657e-8
901	1.1008614698214971e-8
902	1.1062098025512159e-8
903	1.11094670558111e-8
904	1.1136762110526122e-8
905	1.1175390761094251e-8
906	1.1229066314780548e-8
907	1.1262678501201633e-8
908	1.130849573265651e-8
909	1.1335357326732196e-8
910	1.1385806307999976e-8
911	1.1428693682192927e-8
912	1.145497143977978e-8
913	1.1528305085865136e-8
914	1.1556609377367243e-8
915	1.1605009316843798e-8
916	1.1599087947266232e-8
917	1.1678491899718898e-8
918	1.1713836594351118e-8
919	1.1770419586720514e-8
920	1.1818340735296826e-8
921	1.1857796375888566e-8
922	1.1896272204693492e-8
923	1.1944642469943855e-8
924	1.1980736108037516e-8
925	1.2153297379668721e-8
926	1.2183762240374276e-8
927	1.2134443079111025e-8
928	1.2178283399547649e-8
929	1.2204904223016602e-8
930	1.2235814048201454e-8
931	1.2267212368818967e-8
932	1.2330516093848032e-8
933	1.2386709377898305e-8
934	1.2439782645643084e-8
935	1.2502242009110805e-8
936	1.2528101714881847e-8
937	1.2559031140950227e-8
938	1.2623976437842125e-8
939	1.2674239336409964e-8
940	1.2728542873754301e-8
941	1.2772563756169444e-8
942	1.278076892164318e-8
943	1.2853943195148287e-8
944	1.2859624797507508e-8
945	1.2933901997458354e-8
946	1.3005462431593571e-8
947	1.3035945348464624e-8
948	1.3045065528953763e-8
949	1.3092095398328183e-8
950	1.3159955275194621e-8
951	1.318572153475819e-8
952	1.3234988727297024e-8
953	1.3282674140639537e-8
954	1.3385929377833066e-8
955	1.3342311837557593e-8
956	1.343966232465469e-8
957	1.349747636975869e-8
958	1.3494106682669768e-8
959	1.3561701440266282e-8
960	1.3602325354757432e-8
961	1.3647634934218613e-8
962	1.3700200981563919e-8
963	1.3736119573185445e-8
964	1.3793525043603511e-8
965	1.3863813836082855e-8
966	1.3899085385508156e-8
967	1.3918104393360495e-8
968	1.397187677737019e-8
969	1.4034761238540758e-8
970	1.4080923959809588e-8
971	1.4135726036376093e-8
972	1.4188695853266863e-8
973	1.4223961067161095e-8
974	1.4275648723002968e-8
975	1.4531198906493217e-8
976	1.4393268913876924e-8
977	1.4414217652187949e-8
978	1.4457089218506047e-8
979	1.4527205948462948e-8
980	1.4585139945672605e-8
981	1.4617308312919066e-8
982	1.4565440448242824e-8
983	1.4700182104762154e-8
984	1.473464819695606e-8
985	1.4794327165157159e-8
986	1.4879332895331891e-8
987	1.4904072783128893e-8
988	1.4926473135906664e-8
989	1.5010281955274795e-8
990	1.5112570823547744e-8
991	1.5284108233022315e-8
992	1.5251791589103573e-8
993	1.5296561560721994e-8
994	1.5261636991151048e-8
995	1.5345820748227113e-8
996	1.5348204114525507e-8
997	1.5405924870137076e-8
998	1.5390617405136083e-8
999	1.5516706786472128e-8
1000	1.55552517111116e-8
1001	1.570287918174193e-8
1002	1.5678688421869323e-8
1003	1.573263130930286e-8
1004	1.5817021083041464e-8
1005	1.5950461136616384e-8
1006	1.585132513819852e-8
1007	1.592052460878541e-8
1008	1.6122273695999083e-8
1009	1.6018417400981416e-8
1010	1.6092590023736698e-8
1011	1.6135617174119018e-8
1012	1.6201095078748793e-8
1013	1.6217177367594057e-8
1014	1.6333639053421736e-8
1015	1.6389146965181975e-8
1016	1.6400620596898808e-8
1017	1.6457408793924737e-8
1018	1.6494039771306793e-8
1019	1.6559045413506408e-8
1020	1.662814586979375e-8
1021	1.666418038404435e-8
1022	1.6708982224280175e-8
1023	1.6781646756382645e-8
1024	1.6807562862330634e-8
1025	1.690188713467894e-8
1026	1.6934181473313398e-8
1027	1.6954941522924796e-8
1028	1.7236080086936787e-8
1029	1.7061491997023183e-8
1030	1.7139904398797477e-8
1031	1.7147986594091818e-8
1032	1.7242931726345955e-8
1033	1.7329014891793537e-8
1034	1.734165330079819e-8
1035	1.739875145077125e-8
1036	1.745461933568177e-8
1037	1.7501821229157e-8
1038	1.7549201534505082e-8
1039	1.7613202594924504e-8
1040	1.7645337728394546e-8
1041	1.7712196094781772e-8
1042	1.7800539455732823e-8
1043	1.7839988291478125e-8
1044	1.7871113624235123e-8
1045	1.7980919930560578e-8
1046	1.801799565885593e-8
1047	1.8055846105200013e-8
1048	1.8205346695213363e-8
1049	1.819018796362749e-8
1050	1.82014277263765e-8
1051	1.8311272391160472e-8
1052	1.8356851648405662e-8
1053	1.8395197137810894e-8
1054	1.8452643413097285e-8
1055	1.8488114754464022e-8
1056	1.85010176588345e-8
1057	1.8589876279254375e-8
1058	1.8663764955602353e-8
1059	1.873673319358885e-8
1060	1.8743940069084265e-8
1061	1.882770832808977e-8
1062	1.8892475457086895e-8
1063	1.8940741474848574e-8
1064	1.9006468872340742e-8
1065	1.9074025847053574e-8
1066	1.9141862196441207e-8
1067	1.920560482879402e-8
1068	1.9280041478262977e-8
1069	1.9316506530205943e-8
1070	1.9378241795658127e-8
1071	1.9456806294733605e-8
1072	1.953555952471478e-8
1073	1.954832448770682e-8
1074	1.9518933787450088e-8
1075	1.965920349924466e-8
1076	1.9705880937826077e-8
1077	1.9719111500257674e-8
1078	1.9852207673799772e-8
1079	1.9925533564426806e-8
1080	1.995449217260299e-8
1081	1.9878904703405582e-8
1082	2.0085522333669408e-8
1083	2.017217118474541e-8
1084	2.0314332793994245e-8
1085	2.0236690037093857e-8
1086	2.0265337124411317e-8
1087	2.0344470555176176e-8
1088	2.04282616024639e-8
1089	2.0574370239263162e-8
1090	2.0536942177490217e-8
1091	2.054925034404179e-8
1092	2.065220573377896e-8
1093	2.0719854951906974e-8
1094	2.0879635901328376e-8
1095	2.083115552751749e-8
1096	2.0892541112534044e-8
1097	2.098936617559758e-8
1098	2.1014194656068053e-8
1099	2.1029946637115938e-8
1100	2.083757403326926e-8
1101	2.1129186447033334e-8
1102	2.130584723842191e-8
1103	2.1333204566824673e-8
1104	2.14119791527343e-8
1105	2.142929540201598e-8
1106	2.151814410443635e-8
1107	2.1645968833371924e-8
1108	2.1595786088483254e-8
1109	2.1601270677408686e-8
1110	2.174106219706447e-8
1111	2.1806577825891553e-8
1112	2.1863326588305142e-8
1113	2.1938371782834163e-8
1114	2.2007499035354937e-8
1115	2.2079162289147433e-8
1116	2.221427447126103e-8
1117	2.2190658933251283e-8
1118	2.2268950953281223e-8
1119	2.222697245115947e-8
1120	2.2430649614736644e-8
1121	2.2500240526739866e-8
1122	2.2565393585260628e-8
1123	2.2735717053187335e-8
1124	2.2747365649510005e-8
1125	2.2703486837793205e-8
1126	2.274426851216764e-8
1127	2.289890595920873e-8
1128	2.286671133101646e-8
1129	2.297413043558646e-8
1130	2.2974422282606428e-8
1131	2.3339110260451858e-8
1132	2.323394127031284e-8
1133	2.3129370620854392e-8
1134	2.3265366571894078e-8
1135	2.3325856761468283e-8
1136	2.3044299004892992e-8
1137	2.348804277133418e-8
1138	2.3537364260448693e-8
1139	2.3591777734397456e-8
1140	2.3639766071574668e-8
1141	2.3602771335361436e-8
1142	2.3709897183913513e-8
1143	2.3833151498182293e-8
1144	2.3904760812676802e-8
1145	2.3961095062961778e-8
1146	2.4021661033625907e-8
1147	2.4148766832270273e-8
1148	2.4209455473480318e-8
1149	2.426073116743639e-8
1150	2.464521571480853e-8
1151	2.44070575350139e-8
1152	2.4467856653404956e-8
1153	2.4532662094126225e-8
1154	2.4709257558840435e-8
1155	2.459449841648973e-8
1156	2.4718397034721407e-8
1157	2.4813471988572474e-8
1158	2.4869315373143613e-8
1159	2.4946370864542736e-8
1160	2.497142593907704e-8
1161	2.5073584090669063e-8
1162	2.5084489714286068e-8
1163	2.5249677668308076e-8
1164	2.523696016796843e-8
1165	2.533537499293662e-8
1166	2.5362693061170332e-8
1167	2.5442637207278427e-8
1168	2.5420009407664545e-8
1169	2.5531819256154796e-8
1170	2.5605117822326933e-8
1171	2.564028581599345e-8
1172	2.5702346867581188e-8
1173	2.5828586543715914e-8
1174	2.5930155393176353e-8
1175	2.600376733521052e-8
1176	2.6058402016336006e-8
1177	2.62269454222602e-8
1178	2.6269118368380227e-8
1179	2.6306624652863225e-8
1180	2.6412414750467447e-8
1181	2.640404616321895e-8
1182	2.6523154477043448e-8
1183	2.6614322341803112e-8
1184	2.6719386435906167e-8
1185	2.665421709089366e-8
1186	2.682165406779847e-8
1187	2.6549627267346812e-8
1188	2.6913174347778837e-8
1189	2.7013462604826103e-8
1190	2.713292842272924e-8
1191	2.709900840027617e-8
1192	2.7290566064809756e-8
1193	2.730689827667011e-8
1194	2.7377981447530353e-8
1195	2.7429994724083286e-8
1196	2.7519140664825312e-8
1197	2.7612502534905175e-8
1198	2.783363295046812e-8
1199	2.7868132948442006e-8
1200	2.783634098074852e-8
1201	2.7896934629756546e-8
1202	2.796258853407211e-8
1203	2.8009590743560123e-8
1204	2.8150743067426906e-8
1205	2.8242614948564513e-8
1206	2.8301142763688355e-8
1207	2.835501524745937e-8
1208	2.84251474558429e-8
1209	2.8416815694543524e-8
1210	2.8534694613933833e-8
1211	2.8586657573098935e-8
1212	2.85236008993069e-8
1213	2.842516784018752e-8
1214	2.8780838186275842e-8
1215	2.885946683860086e-8
1216	2.896272932179931e-8
1217	2.906183119569954e-8
1218	2.9192187107423664e-8
1219	2.926694042501892e-8
1220	2.9341284223331313e-8
1221	2.9314220228506713e-8
1222	2.9446775894373738e-8
1223	2.94560204876478e-8
1224	2.962631133272778e-8
1225	2.967353675577864e-8
1226	3.015007623893209e-8
1227	2.9810334347171754e-8
1228	2.9978907246579497e-8
1229	3.0183589192357317e-8
1230	2.979336063003193e-8
1231	3.014976775665742e-8
1232	3.021570935232085e-8
1233	3.029541389928191e-8
1234	3.043658051658478e-8
1235	3.05847528304898e-8
1236	3.056444360450302e-8
1237	3.0649958755989644e-8
1238	3.076773769613831e-8
1239	3.0851866655282556e-8
1240	3.082278296363334e-8
1241	3.0987516395917484e-8
1242	3.098441136412613e-8
1243	3.114775367267454e-8
1244	3.1259187189452424e-8
1245	3.2440107111310475e-8
1246	3.144340872939893e-8
1247	3.150171182885249e-8
1248	3.160656613761741e-8
1249	3.1688019438009805e-8
1250	3.175473296022117e-8
1251	3.187352762821235e-8
1252	3.213417653471483e-8
1253	3.2040559341815114e-8
1254	3.201741672791375e-8
1255	2.961479635090884e-8
1256	3.2321244891859566e-8
1257	3.0588827254990466e-8
1258	3.1031966696807345e-8
1259	3.116172644965793e-8
1260	3.267262373234283e-8
1261	3.264656669760208e-8
1262	3.271997247358322e-8
1263	3.181337205868846e-8
1264	3.30038750792349e-8
1265	3.311467003858491e-8
1266	3.354985576557302e-8
1267	3.3307464655113033e-8
1268	3.3349892785868635e-8
1269	3.350322622201724e-8
1270	3.38291428484182e-8
1271	3.3651338382440686e-8
1272	3.375723105661094e-8
1273	3.3907351745990324e-8
1274	3.399881919041687e-8
1275	3.406743661614541e-8
1276	3.4120589873136375e-8
1277	3.426964191090749e-8
1278	3.429309404575737e-8
1279	3.445429585165039e-8
1280	3.478218610921358e-8
1281	3.4554771269797587e-8
1282	3.479587694318933e-8
1283	3.49592750174645e-8
1284	3.481387443777661e-8
1285	3.4923530827346205e-8
1286	3.5289602238269494e-8
1287	3.5099638711020255e-8
1288	3.5363569313966324e-8
1289	3.542234468141544e-8
1290	3.550410450083242e-8
1291	3.557714895431482e-8
1292	3.583768232447304e-8
1293	3.589626872771373e-8
1294	3.599680892885272e-8
1295	3.613557715918265e-8
1296	3.640636952402142e-8
1297	3.6288599108756155e-8
1298	3.639396159217319e-8
1299	3.635447924008341e-8
1300	3.6476700763716087e-8
1301	3.6614958390198393e-8
1302	3.6810283764334035e-8
1303	3.693010316548865e-8
1304	3.68971229829422e-8
1305	3.709443856928034e-8
1306	3.7275091362896126e-8
1307	3.7357181728227547e-8
1308	3.755788596750299e-8
1309	3.770203300908136e-8
1310	3.7615686770824986e-8
1311	3.779654599147146e-8
1312	3.788098126192114e-8
1313	3.796746037570812e-8
1314	3.819674071048039e-8
1315	3.82220239577003e-8
1316	3.829619457578724e-8
1317	3.8758214429176167e-8
1318	3.87261470657694e-8
1319	3.871828035848364e-8
1320	3.8850384360272895e-8
1321	3.9049026714450555e-8
1322	3.9099643957805416e-8
1323	3.9298561115592835e-8
1324	3.9416686970320426e-8
1325	3.953818269889762e-8
1326	3.960008486639441e-8
1327	3.970890031827342e-8
1328	4.003954046131916e-8
1329	4.002605796686114e-8
1330	4.016253962822237e-8
1331	4.0378986990866946e-8
1332	4.0418782311928416e-8
1333	4.048880538560684e-8
1334	4.067324494030317e-8
1335	4.080065632422999e-8
1336	4.096559421213612e-8
1337	4.120606844664715e-8
1338	4.1219092409490015e-8
1339	4.128694948579869e-8
1340	4.1660552233188085e-8
1341	4.1694593439521747e-8
1342	4.1811219835830516e-8
1343	4.185211737056553e-8
1344	4.2220821885948934e-8
1345	4.2296721525564825e-8
1346	4.290921224558797e-8
1347	4.25403079434946e-8
1348	4.261740570975777e-8
1349	4.378670200322407e-8
1350	4.2934636457245415e-8
1351	4.318805237203964e-8
1352	4.3172959102162565e-8
1353	4.2834283919594236e-8
1354	4.355237001178511e-8
1355	4.3542839804565336e-8
1356	4.3856505362260075e-8
1357	4.4087761901798125e-8
1358	4.4229961984626485e-8
1359	4.437662355118862e-8
1360	4.455870075158109e-8
1361	4.4724842585623116e-8
1362	4.490208719221622e-8
1363	4.504236970824903e-8
1364	4.485177286361088e-8
1365	4.537751076726839e-8
1366	4.552184132181136e-8
1367	4.563701250335744e-8
1368	4.588455049512663e-8
1369	4.620069440941607e-8
1370	4.6292281828983485e-8
1371	4.639839506468273e-8
1372	4.65712469411841e-8
1373	4.680988701449707e-8
1374	4.7021755398935935e-8
1375	4.7217302127812185e-8
1376	4.733949980614081e-8
1377	4.7605613345758116e-8
1378	4.772305274454241e-8
1379	4.79804427191634e-8
1380	4.8118842490217875e-8
1381	4.839561011517679e-8
1382	4.8538636232684945e-8
1383	4.877382992995959e-8
1384	4.8950177008455154e-8
1385	4.916281729902725e-8
1386	4.927607640134332e-8
1387	4.950009893190728e-8
1388	4.978095947944127e-8
1389	4.982675397514376e-8
1390	5.002600152188401e-8
1391	5.024395477808053e-8
1392	5.0484030980064375e-8
1393	5.067960986357738e-8
1394	5.0868741578013024e-8
1395	5.095643578556064e-8
1396	5.1277249429667124e-8
1397	5.1469750358130834e-8
1398	5.1687036948721135e-8
1399	5.185576681569666e-8
1400	5.200823555863876e-8
1401	5.221750105068848e-8
1402	5.2349613048466916e-8
1403	5.25948807857051e-8
1404	5.273110868154993e-8
1405	5.2951708130738764e-8
1406	5.310682784046701e-8
1407	5.326692124344143e-8
1408	5.3481898403410396e-8
1409	5.362459572594952e-8
1410	5.373838075150153e-8
1411	5.390130593747411e-8
1412	5.403167948582965e-8
1413	5.4143810955889907e-8
1414	5.423803232933919e-8
1415	5.431071306871095e-8
1416	5.438512626355415e-8
1417	5.440973411377759e-8
1418	5.4439046402588986e-8
1419	5.442851159632798e-8
1420	5.4385818138684555e-8
1421	5.430484724589017e-8
1422	5.418712464217367e-8
1423	5.402625663354393e-8
1424	5.3811442506923325e-8
1425	5.3538298083113316e-8
1426	5.3185865111117875e-8
1427	5.2755322625995016e-8
1428	5.2235461437957236e-8
1429	5.160355868261807e-8
1430	5.085320537521808e-8
1431	4.995586556181197e-8
1432	4.8894504389933705e-8
1433	4.7640843482782624e-8
1434	4.616349325166952e-8
1435	4.442706940423345e-8
1436	4.2390547709925163e-8
1437	4.000824902843387e-8
1438	3.723104567377896e-8
1439	3.40099777192882e-8
1440	3.030384423560514e-8
1441	2.6094053933000266e-8
1442	2.1411513610263386e-8
1443	1.6380550628099996e-8
1444	1.1278533681584154e-8
1445	6.583558463845392e-9
1446	2.92303148889112e-9
1447	7.902311593453753e-10
1448	7.35207091075079e-11
1449	2.4114716874786654e-13
1450	0.
1451	0.
1452	0.
1453	0.
1454	0.
1455	0.
1456	0.
1457	0.
1458	2.090188407956315e-6
1459	2.1428061174779664e-6
1460	1.9188652907262757e-6
1461	1.7053885182197941e-6
1462	1.5278583731101423e-6
1463	1.3825063068825424e-6
1464	1.2626566844751637e-6
1465	1.1626012841941468e-6
1466	1.0780984636054769e-6
1467	1.0058968895959576e-6
1468	9.421497748546326e-7
1469	8.879777345288157e-7
1470	8.400552253045688e-7
1471	7.980375010766059e-7
1472	7.582664308844075e-7
1473	7.235785440042537e-7
1474	6.932339546299881e-7
1475	6.672700618693481e-7
1476	6.402669981986739e-7
1477	6.163938611106651e-7
1478	5.936678293502741e-7
1479	5.755505931157472e-7
1480	5.557360411675138e-7
1481	5.405547848004079e-7
1482	5.243955859636022e-7
1483	5.086461281836038e-7
1484	4.982324584134061e-7
1485	4.815395447756073e-7
1486	4.7111074073030114e-7
1487	4.611759470774592e-7
1488	4.4496037733715445e-7
1489	4.3527557619441874e-7
1490	4.2534016242762805e-7
1491	4.191591997004337e-7
1492	4.0524665589364765e-7
1493	3.9992603799466103e-7
1494	3.906215276943558e-7
1495	3.822739225506463e-7
1496	3.855297811077285e-7
1497	3.6719782641709327e-7
1498	3.505944012716951e-7
1499	3.544682058252746e-7
1500	3.502784948231253e-7
1501	3.3542997930623207e-7
1502	3.30950430566215e-7
1503	3.3192968996807106e-7
1504	3.245467945545658e-7
1505	3.22975359047964e-7
1506	3.1129625004412125e-7
1507	3.125986964896944e-7
1508	3.041732681381419e-7
1509	3.0259758526777067e-7
1510	2.973550624323188e-7
1511	2.9580606801778725e-7
1512	2.886274568154415e-7
1513	2.862551286172659e-7
1514	2.8144300821826617e-7
1515	2.777140337108951e-7
1516	2.709967272325042e-7
1517	2.746804634124008e-7
1518	2.6952023247444855e-7
1519	2.635372199906273e-7
1520	2.556167078057982e-7
1521	2.608986310086107e-7
1522	2.5999645908651363e-7
1523	2.5331801852940084e-7
1524	2.5241770024973904e-7
1525	2.406594648371126e-7
1526	2.423369280537949e-7
1527	2.4453602719182515e-7
1528	2.4355445620209237e-7
1529	2.3885127627530537e-7
1530	2.291058113348689e-7
1531	2.2195834600863695e-7
1532	2.3002598545277198e-7
1533	2.2886549133629208e-7
1534	2.261861927153334e-7
1535	2.2538204584260395e-7
1536	2.2612113909149511e-7
1537	2.1772299713927208e-7
1538	2.0317387692785537e-7
1539	2.0585828250801932e-7
1540	2.1271119337241955e-7
1541	2.105809229633188e-7
1542	2.1472143920215708e-7
1543	2.1587241828188237e-7
1544	2.2248249487528754e-7
1545	2.0021717636340024e-7
1546	1.9520181965739776e-7
1547	1.8780105806224686e-7
1548	2.1714063255087247e-7
1549	2.0013045922225324e-7
1550	1.9898283933638818e-7
1551	1.9593796447524985e-7
1552	1.9251797024242332e-7
1553	1.916947366020978e-7
1554	1.9121434809468666e-7
1555	1.932919614587653e-7
1556	1.9771892737018918e-7
1557	1.725351738700063e-7
1558	1.7609143467503658e-7
1559	1.7750508705445704e-7
1560	1.7309836478796648e-7
1561	1.7144067507648802e-7
1562	1.7001003025534703e-7
1563	1.8083890600139022e-7
1564	1.7170648501058847e-7
1565	1.7530914267149838e-7
1566	1.6793185962537508e-7
1567	1.6660185290511812e-7
1568	1.6856195739683888e-7
1569	1.7299448363350957e-7
1570	1.6919373555416884e-7
1571	1.6537608151030404e-7
1572	1.658067253932833e-7
1573	1.648757823578958e-7
1574	1.585027827892846e-7
1575	1.6421366586014448e-7
1576	1.572057697550547e-7
1577	1.5999762485734503e-7
1578	1.5715537634002157e-7
1579	1.5818590219484188e-7
1580	1.5394621985850786e-7
1581	1.5087281736816973e-7
1582	1.5184800067312808e-7
1583	1.5124609533604116e-7
1584	1.5947057936761478e-7
1585	1.5567295951752763e-7
1586	1.3776066112334536e-7
1587	1.5414428694825528e-7
1588	1.4585913153654511e-7
1589	1.478083084769349e-7
1590	1.4335435210180858e-7
1591	1.4268679035778835e-7
1592	1.4407440845790474e-7
1593	1.4028639491954454e-7
1594	1.4284110535797194e-7
1595	1.439133194151286e-7
1596	1.4254413715090853e-7
1597	1.4259031911600344e-7
1598	1.433417929889983e-7
1599	1.3728761398885255e-7
1600	1.407863725727215e-7
1601	1.4158384554657548e-7
1602	1.388680386791965e-7
1603	1.3755298686096263e-7
1604	1.4016352524292996e-7
1605	1.389905114052521e-7
1606	1.4048024491831022e-7
1607	1.3334185482986044e-7
1608	1.381450672120706e-7
1609	1.3772860894947852e-7
1610	1.3307750393341712e-7
1611	1.331246481509122e-7
1612	1.3046704423204235e-7
1613	1.407144999193346e-7
1614	1.3342820294827688e-7
1615	1.3439739875371202e-7
1616	1.34416706553861e-7
1617	1.3424908597704823e-7
1618	1.2902801958379604e-7
1619	1.294260549227415e-7
1620	1.3380338358070518e-7
1621	1.257193437308351e-7
1622	1.2897500896438728e-7
1623	1.2106906118967592e-7
1624	1.236288189213878e-7
1625	1.20933864945115e-7
1626	1.261759824001611e-7
1627	1.2460718692765713e-7
1628	1.1641310761494715e-7
1629	1.209638371265564e-7
1630	1.204999868439312e-7
1631	1.1905718112540736e-7
1632	1.1651074293184059e-7
1633	1.1822373549221906e-7
1634	1.1610177835028934e-7
1635	1.2146658871754318e-7
1636	1.1983413151324065e-7
1637	1.1905663092818263e-7
1638	1.178385551150347e-7
1639	1.1529666850096843e-7
1640	1.1447445905556954e-7
1641	1.1558747294670732e-7
1642	1.1560763513049728e-7
1643	1.1942364202996376e-7
1644	1.1688068079234872e-7
1645	1.1399555777770578e-7
1646	1.134261226136959e-7
1647	1.1242782212661224e-7
1648	1.0772514840540336e-7
1649	1.1227982662174671e-7
1650	1.1009963775568733e-7
1651	1.1156736582073179e-7
1652	1.0956106961428216e-7
1653	1.0817698252554195e-7
1654	1.0862053135588785e-7
1655	1.1311579374884705e-7
1656	1.128127643444899e-7
1657	1.0959209378643544e-7
1658	1.0763477701836397e-7
1659	1.053737541963447e-7
1660	1.0433831000583905e-7
1661	1.060074756311477e-7
1662	1.0830102064224406e-7
1663	1.0858973179607386e-7
1664	9.970252285719212e-8
1665	1.0504767856937426e-7
1666	1.0538614118826518e-7
1667	1.0692910120367854e-7
1668	1.0329793825585282e-7
1669	1.0294930971105586e-7
1670	1.0354014161972213e-7
1671	1.0162884726040402e-7
1672	1.0933261814766228e-7
1673	9.78216142070921e-8
1674	1.0473945171436689e-7
1675	1.0399264445227576e-7
1676	1.0071033964746617e-7
1677	1.0068984284820867e-7
1678	9.930510846309025e-8
1679	1.0004288702926366e-7
1680	1.0061535687633756e-7
1681	9.683036249743107e-8
1682	9.768977163380619e-8
1683	9.6246652626009e-8
1684	9.670742427554508e-8
1685	9.425492939946832e-8
1686	9.459004697263812e-8
1687	9.244673746796193e-8
1688	9.652412055120354e-8
1689	9.726847596029913e-8
1690	9.374432466624757e-8
1691	9.400607768620764e-8
1692	9.924092178476771e-8
1693	9.390696266491044e-8
1694	9.222832003934714e-8
1695	9.853857886584545e-8
1696	9.387194989885529e-8
1697	9.214726282092806e-8
1698	9.364030721420428e-8
1699	9.602594694345614e-8
1700	9.1982513872836e-8
1701	9.426900908911057e-8
1702	9.468732970347964e-8
1703	9.069581940804282e-8
1704	9.19407383179107e-8
1705	9.252342223533598e-8
1706	9.458397332678635e-8
1707	9.386551389160812e-8
1708	9.283555693231509e-8
1709	9.044294715936851e-8
1710	9.068306660099985e-8
1711	9.254323503816379e-8
1712	8.830417065090229e-8
1713	9.112377981356425e-8
1714	8.854421498959623e-8
1715	9.094455797884077e-8
1716	9.087898045343723e-8
1717	8.72382531795281e-8
1718	8.778877110878436e-8
1719	9.144374448382683e-8
1720	8.797887858959658e-8
1721	8.901246967686072e-8
1722	8.656002556728298e-8
1723	8.63415420168281e-8
1724	8.498285537026246e-8
1725	8.814971518886635e-8
1726	8.708210805941654e-8
1727	8.476810553031737e-8
1728	8.414170994049842e-8
1729	8.477226917655906e-8
1730	8.899959076893758e-8
1731	8.522381751367397e-8
1732	8.573230891797523e-8
1733	8.750111224740971e-8
1734	8.059659678483838e-8
1735	8.344208451740465e-8
1736	8.581587959103732e-8
1737	8.079164836806996e-8
1738	8.171728905528753e-8
1739	7.921671656038992e-8
1740	8.15368395867574e-8
1741	8.269942625399818e-8
1742	8.151853224115396e-8
1743	8.313650364804549e-8
1744	8.362901303828946e-8
1745	8.301495569324334e-8
1746	8.114513641757908e-8
1747	8.105226589108169e-8
1748	8.09314497105064e-8
1749	7.845738690381038e-8
1750	8.011127478202393e-8
1751	8.120707542009864e-8
1752	7.844527988757883e-8
1753	7.897429117964444e-8
1754	7.864611026013568e-8
1755	8.10433937477337e-8
1756	7.875031361066532e-8
1757	8.016665312669455e-8
1758	7.9790828598269e-8
1759	7.954320205083418e-8
1760	7.910249819232851e-8
1761	7.86793373141635e-8
1762	7.757403970652244e-8
1763	7.531559894052783e-8
1764	7.676045416165507e-8
1765	7.687496549020602e-8
1766	7.617192097318555e-8
1767	7.616098083661358e-8
1768	7.711288492346029e-8
1769	7.77899960440288e-8
1770	7.310642608372648e-8
1771	7.051179171316804e-8
1772	7.566287443137906e-8
1773	7.721643435831898e-8
1774	7.842454323813957e-8
1775	7.632798369679933e-8
1776	7.563377383523579e-8
1777	7.610741256476399e-8
1778	7.640211302105509e-8
1779	7.319587690846166e-8
1780	7.057382897623605e-8
1781	7.345155037831117e-8
1782	7.217691548189888e-8
1783	7.199139080406552e-8
1784	7.512070700489369e-8
1785	7.437195551399523e-8
1786	7.329827964185906e-8
1787	7.3643799210544e-8
1788	7.418764718320804e-8
1789	7.400032665251332e-8
1790	7.528007050496876e-8
1791	7.282370165089824e-8
1792	7.296975852207322e-8
1793	7.172495649901939e-8
1794	7.339200027697805e-8
1795	7.25297107588454e-8
1796	7.145969126676815e-8
1797	7.285329015967244e-8
1798	7.048250612137036e-8
1799	7.189896120466157e-8
1800	7.228172227968599e-8
1801	7.144797714977536e-8
1802	7.176615541318379e-8
1803	7.037753444164445e-8
1804	7.05317544823923e-8
1805	7.140418042252161e-8
1806	7.263578833467377e-8
1807	7.159330112730191e-8
1808	7.04776516905605e-8
1809	7.15108104923083e-8
1810	6.910613853774564e-8
1811	6.852400690254708e-8
1812	6.646378689697139e-8
1813	6.714199357186124e-8
1814	6.682550784559064e-8
1815	6.784734780196853e-8
1816	6.847072682650284e-8
1817	6.748877334978615e-8
1818	6.909534655580635e-8
1819	6.931286539096703e-8
1820	6.823912473256969e-8
1821	6.754409946457601e-8
1822	6.770850940681318e-8
1823	6.711130686261323e-8
1824	7.01703840741443e-8
1825	6.423917970065843e-8
1826	6.755459853207442e-8
1827	6.760001226010362e-8
1828	6.62735977412425e-8
1829	6.52318659595476e-8
1830	6.566672838389392e-8
1831	6.528931503982578e-8
1832	6.433625030643748e-8
1833	6.695677788306057e-8
1834	6.481330944293806e-8
1835	6.492039909429678e-8
1836	6.384918943682379e-8
1837	6.340354657941253e-8
1838	6.449432433991642e-8
1839	6.428917348779125e-8
1840	6.48985703553691e-8
1841	6.502524404490566e-8
1842	6.458433082113721e-8
1843	6.521796502844003e-8
1844	6.580006479324693e-8
1845	6.508914498421604e-8
1846	6.31616565299628e-8
1847	6.634957909804821e-8
1848	6.386976564520244e-8
1849	6.420715833229795e-8
1850	6.455979528275453e-8
1851	6.444688446791566e-8
1852	6.525110922271905e-8
1853	6.615396232562073e-8
1854	6.507476733907992e-8
1855	6.406624301876421e-8
1856	6.365972582810398e-8
1857	6.411479219563126e-8
1858	6.344519150402978e-8
1859	6.415948737851188e-8
1860	6.128704872882851e-8
1861	6.307562264248801e-8
1862	6.190040566401751e-8
1863	6.1517417499428e-8
1864	6.101877804206153e-8
1865	6.045677311350144e-8
1866	5.973230824206439e-8
1867	6.083958608297964e-8
1868	6.069305617843336e-8
1869	6.554740438058951e-8
1870	6.570836471433206e-8
1871	6.57252736798762e-8
1872	6.665151331409742e-8
1873	4.7036114378727266e-8
1874	4.873788169322801e-8
1875	6.115966173669089e-8
1876	6.076679587155605e-8
1877	6.08537328437341e-8
1878	6.056413880060475e-8
1879	6.0079488366002e-8
1880	6.155595635726235e-8
1881	5.5498344423161536e-8
1882	5.53817398495818e-8
1883	6.009420137735642e-8
1884	6.037765482025891e-8
1885	5.723396324569504e-8
1886	5.7813212377794453e-8
1887	5.824096338914713e-8
1888	5.841015390400094e-8
1889	5.770339645988295e-8
1890	5.763375267698643e-8
1891	5.725088880162516e-8
1892	5.74522358508644e-8
1893	5.885979975296368e-8
1894	5.8833225987688066e-8
1895	5.806546645532467e-8
1896	5.789813993361768e-8
1897	5.856725591278015e-8
1898	5.8300775650537475e-8
1899	5.781477846030015e-8
1900	5.7913612817220584e-8
1901	5.725549114197014e-8
1902	5.69650458710131e-8
1903	5.724455336593274e-8
1904	5.848360469609232e-8
1905	5.7441733050410163e-8
1906	5.670901568465712e-8
1907	5.708900657745012e-8
1908	5.575539423246736e-8
1909	5.7252636803778204e-8
1910	5.703350708855611e-8
1911	5.736208994294791e-8
1912	5.6221780622286606e-8
1913	5.647734893903627e-8
1914	5.7226530051694304e-8
1915	5.727091498193755e-8
1916	5.6206318739185195e-8
1917	5.624742444510736e-8
1918	5.558103296992711e-8
1919	5.539839768722743e-8
1920	5.3857566271528884e-8
1921	5.415664522916026e-8
1922	5.439023714356801e-8
1923	5.6514379666845743e-8
1924	5.523998837168966e-8
1925	5.7169720110934064e-8
1926	5.52437377981922e-8
1927	5.300164906842823e-8
1928	5.29770368377701e-8
1929	5.4372124322284236e-8
1930	5.3708367550464784e-8
1931	5.531984415809881e-8
1932	5.3636879970146496e-8
1933	5.366689943816527e-8
1934	5.4142594528155556e-8
1935	5.541090440452651e-8
1936	5.5661752554740816e-8
1937	5.597210576927194e-8
1938	5.466527518513434e-8
1939	5.413829699462789e-8
1940	5.439973227519838e-8
1941	5.355051869696848e-8
1942	5.49056748988725e-8
1943	5.494272919031521e-8
1944	5.536458773130552e-8
1945	5.5536165898625074e-8
1946	5.3871187764775013e-8
1947	5.295724164045572e-8
1948	5.4466240162450116e-8
1949	5.3290946229658015e-8
1950	5.4694771309698715e-8
1951	5.281272469825816e-8
1952	5.293373957848826e-8
1953	5.2642585704874065e-8
1954	5.239487365314039e-8
1955	5.2185686859970946e-8
1956	5.222594262537787e-8
1957	5.3336462060739075e-8
1958	5.370043203352765e-8
1959	5.1218216083462145e-8
1960	5.3691923750349305e-8
1961	5.175956568371919e-8
1962	5.0886430293342936e-8
1963	5.1668797145188696e-8
1964	5.1875625474436736e-8
1965	5.156210654195615e-8
1966	5.17145915892907e-8
1967	5.177081974820203e-8
1968	5.140766432848061e-8
1969	5.0841504429108665e-8
1970	5.131996989909134e-8
1971	5.163562837171921e-8
1972	5.0555714969627964e-8
1973	5.138763424426794e-8
1974	5.166854786846892e-8
1975	5.1624511574296114e-8
1976	5.179277480335777e-8
1977	5.204964030326158e-8
1978	5.224665445779118e-8
1979	5.186053180915663e-8
1980	5.309052376178009e-8
1981	5.0869928670687644e-8
1982	5.102181971046145e-8
1983	4.951181226455242e-8
1984	4.9510295363031614e-8
1985	4.990993034620135e-8
1986	5.137213932035446e-8
1987	4.409227805058475e-8
1988	5.046613035212164e-8
1989	5.0248920539373776e-8
1990	5.0283469640177895e-8
1991	4.9993543931459495e-8
1992	5.014922945535465e-8
1993	4.771938287247213e-8
1994	4.752857513378308e-8
1995	4.986512650269388e-8
1996	4.7971028306407375e-8
1997	4.746163919614116e-8
1998	4.891670747960147e-8
1999	4.8358609075515655e-8
2000	4.8248686247634804e-8
2001	4.800753761117025e-8