1	4.902532200332912e-10
2	9.805077695445313e-10
3	1.470784070631596e-9
4	1.9612528875502784e-9
5	2.4513849675124308e-9
6	2.9415642518032827e-9
7	3.4325723404231297e-9
8	3.921810203768621e-9
9	4.410486805907275e-9
10	4.902039922012894e-9
11	5.393453671639036e-9
12	5.8909947766318785e-9
13	6.372262716615264e-9
14	6.863517071260643e-9
15	7.352810405858886e-9
16	7.844190223835e-9
17	8.325345053102612e-9
18	8.820921687992013e-9
19	9.310461174099961e-9
20	9.789524357506067e-9
21	1.0295620929948196e-8
22	1.0766655563093372e-8
23	1.1265355217839251e-8
24	1.1746529262645324e-8
25	1.2191522714446437e-8
26	1.2696649551115803e-8
27	1.3229430557952635e-8
28	1.3712922182371354e-8
29	1.4203757883987654e-8
30	1.4687121541191757e-8
31	1.5184375061091443e-8
32	1.569395981080302e-8
33	1.6159935117576388e-8
34	1.6647362347302874e-8
35	1.713731112356859e-8
36	1.762666733161401e-8
37	1.810762046328711e-8
38	1.860370224251139e-8
39	1.902088570569456e-8
40	1.9588797563607156e-8
41	2.0050203364568638e-8
42	2.0548641650408138e-8
43	2.1040348931088613e-8
44	2.1537572234750622e-8
45	2.2009248426212144e-8
46	2.2541689971238257e-8
47	2.299201862675839e-8
48	2.349036112499652e-8
49	2.3940488256105575e-8
50	2.444909880224852e-8
51	2.4852202131979212e-8
52	2.5429095007886445e-8
53	2.590369667228548e-8
54	2.639067871502625e-8
55	2.689283670088663e-8
56	2.7367632060192146e-8
57	2.7856981677775273e-8
58	2.833219807070443e-8
59	2.8817872791421587e-8
60	2.933564033300373e-8
61	2.982782702953907e-8
62	3.028605448815857e-8
63	3.0751173893647725e-8
64	3.125684243596921e-8
65	3.173999348103047e-8
66	3.221389071497105e-8
67	3.270397901251696e-8
68	3.315347917937037e-8
69	3.364108701342694e-8
70	3.414865526183294e-8
71	3.46386377596884e-8
72	3.5104689070513705e-8
73	3.5573338195272936e-8
74	3.605977366033439e-8
75	3.656313705855754e-8
76	3.6996530769678854e-8
77	3.7441872079394136e-8
78	3.798918772971677e-8
79	3.8507612691766116e-8
80	3.893016789992405e-8
81	3.943955655488313e-8
82	3.9926175322595624e-8
83	4.0441969862103125e-8
84	4.090202558000027e-8
85	4.137892164917823e-8
86	4.181823257726262e-8
87	4.237847069439076e-8
88	4.283028221902269e-8
89	4.333097285758447e-8
90	4.38314418211757e-8
91	4.427774230856671e-8
92	4.464319679242735e-8
93	4.520742938440097e-8
94	4.5711394185410885e-8
95	4.6142657438579815e-8
96	4.672680095581362e-8
97	4.7164178775845554e-8
98	4.7607551984913795e-8
99	4.810553917514529e-8
100	4.869085210176229e-8
101	4.902663589609095e-8
102	4.950665954961912e-8
103	5.077391086435618e-8
104	5.0380381564762815e-8
105	5.0851336760060436e-8
106	5.141724320714736e-8
107	5.188791608167658e-8
108	5.235820982356234e-8
109	5.2911068249839295e-8
110	5.327601094053021e-8
111	5.375692947303853e-8
112	5.410218153910765e-8
113	5.456983033688774e-8
114	5.504360634092009e-8
115	5.5671417005390074e-8
116	5.5995979946630665e-8
117	5.671811845846518e-8
118	5.702933349640301e-8
119	5.7534034084290255e-8
120	5.7848252637844295e-8
121	5.862505560289963e-8
122	5.883430132960124e-8
123	5.944457292641052e-8
124	5.971641863568892e-8
125	6.040712946028386e-8
126	6.08272370881456e-8
127	6.120008474036346e-8
128	6.170033682959777e-8
129	6.229828464633367e-8
130	6.260547886913849e-8
131	6.315773360508434e-8
132	6.356403414010198e-8
133	6.411520087629574e-8
134	6.445909538500205e-8
135	6.499315840661507e-8
136	6.54208684343241e-8
137	6.602536971995875e-8
138	6.643158823719304e-8
139	6.685569676160375e-8
140	6.727358768389588e-8
141	6.792261123976719e-8
142	6.814651506089301e-8
143	6.866876639913156e-8
144	6.91149250743159e-8
145	6.984594539743296e-8
146	6.990068030251492e-8
147	7.041862024797611e-8
148	7.085234781928725e-8
149	7.147768957551591e-8
150	7.181400275444889e-8
151	7.217071086624578e-8
152	7.25838247863918e-8
153	7.313579561314376e-8
154	7.365760310823732e-8
155	7.404074102318228e-8
156	7.43777793116022e-8
157	7.507055221010524e-8
158	7.55187334564815e-8
159	7.586939127251476e-8
160	7.664864674438617e-8
161	7.676040412276095e-8
162	7.732227517445996e-8
163	7.778147527722952e-8
164	7.810810093064496e-8
165	7.853404200997021e-8
166	7.893778045498977e-8
167	7.947988241034011e-8
168	7.997764953833385e-8
169	8.031798517953425e-8
170	8.076635462713297e-8
171	8.11307484520755e-8
172	8.164390126998688e-8
173	8.221344754074377e-8
174	8.252360606350897e-8
175	8.282820403151958e-8
176	8.351332539174893e-8
177	8.391454076792473e-8
178	8.38950345465222e-8
179	8.46029335931944e-8
180	8.517538279603565e-8
181	8.553979250695676e-8
182	8.600267699158217e-8
183	8.642259620657325e-8
184	8.694981153552148e-8
185	8.735107697450244e-8
186	8.780276554845003e-8
187	8.824246595786837e-8
188	8.873433236665557e-8
189	8.904022484726829e-8
190	8.968930313881498e-8
191	8.997981312715422e-8
192	9.036843639129273e-8
193	9.085203152196713e-8
194	9.131376343175357e-8
195	9.157870655918579e-8
196	9.215000088254032e-8
197	9.243287013317867e-8
198	9.298690413565454e-8
199	9.343470771683166e-8
200	9.389128498958559e-8
201	9.416889080975145e-8
202	9.469673124031564e-8
203	9.518221535864228e-8
204	9.558607628920344e-8
205	9.600121067122266e-8
206	9.64572008566337e-8
207	9.677929365123767e-8
208	9.732094325468317e-8
209	9.751787279187955e-8
210	9.775304710703597e-8
211	9.834807360162519e-8
212	9.875612773152818e-8
213	9.934243475306151e-8
214	9.959518877708516e-8
215	9.989265224396892e-8
216	1.0047106664975808e-7
217	1.0077366704869227e-7
218	1.0119372121723563e-7
219	1.0163185842456856e-7
220	1.0205523340627652e-7
221	1.0249678906952635e-7
222	1.0289362377689954e-7
223	1.0335577393666801e-7
224	1.0376514926300883e-7
225	1.0407680262354682e-7
226	1.045221228951627e-7
227	1.049278546427186e-7
228	1.0526755291999646e-7
229	1.0578866633239533e-7
230	1.0614579537857782e-7
231	1.0655111169724869e-7
232	1.069935322084577e-7
233	1.0742332825479455e-7
234	1.077343620534443e-7
235	1.081521749094931e-7
236	1.0858329412875608e-7
237	1.0899671089356689e-7
238	1.0935697961044715e-7
239	1.0969334278777071e-7
240	1.0993000937513298e-7
241	1.1044288858243839e-7
242	1.1083146287987338e-7
243	1.1127489273312531e-7
244	1.1164491609315105e-7
245	1.120492726685348e-7
246	1.1234878923566733e-7
247	1.1266715601217179e-7
248	1.1311262701956523e-7
249	1.1346615081494929e-7
250	1.1391681373945564e-7
251	1.1431971398281898e-7
252	1.146976009501196e-7
253	1.1508433485109973e-7
254	1.1550782215377103e-7
255	1.1570247747771825e-7
256	1.1615341912319526e-7
257	1.1653824830986148e-7
258	1.16921779435856e-7
259	1.1729287957241506e-7
260	1.176941862997115e-7
261	1.1808221219916208e-7
262	1.1844635304890436e-7
263	1.18777730203823e-7
264	1.1919063605855968e-7
265	1.1959164230589557e-7
266	1.1991517559920447e-7
267	1.2023531914211194e-7
268	1.2075142271203706e-7
269	1.2100324636624594e-7
270	1.2136443510726814e-7
271	1.2173039974269197e-7
272	1.2214815694401144e-7
273	1.2247277393218865e-7
274	1.227231601173706e-7
275	1.2290819941431657e-7
276	1.234605947830268e-7
277	1.2389173505065866e-7
278	1.2419836040206102e-7
279	1.2459382033118294e-7
280	1.2490559380892178e-7
281	1.2536274599239008e-7
282	1.2579704515461406e-7
283	1.2610838498034934e-7
284	1.26458755253332e-7
285	1.2683336594682093e-7
286	1.2713919590231149e-7
287	1.2753687820195978e-7
288	1.2780699660323737e-7
289	1.280331424944874e-7
290	1.2842945387075757e-7
291	1.2884329729293377e-7
292	1.2919557866374989e-7
293	1.295152513960573e-7
294	1.297196666358434e-7
295	1.300289797126228e-7
296	1.3040030289656266e-7
297	1.3078448475246444e-7
298	1.2960855974167184e-7
299	1.300691566748205e-7
300	1.3172995386105798e-7
301	1.320744427042224e-7
302	1.3243382484565186e-7
303	1.3278805676550177e-7
304	1.3310059386799238e-7
305	1.3344975523159054e-7
306	1.3376357551699413e-7
307	1.3402227617844118e-7
308	1.34301269219044e-7
309	1.3462443905157478e-7
310	1.3530873842585755e-7
311	1.3535725172564534e-7
312	1.3559954825233257e-7
313	1.3596086038906156e-7
314	1.3630767047367525e-7
315	1.3663583004059654e-7
316	1.3695760784262576e-7
317	1.3721448493419863e-7
318	1.3754832784373376e-7
319	1.3782682632084386e-7
320	1.3813051986639033e-7
321	1.3846898800959398e-7
322	1.3868887234810478e-7
323	1.3927456405395932e-7
324	1.3935960306561333e-7
325	1.3966517252303434e-7
326	1.4003697932731571e-7
327	1.4030271956089846e-7
328	1.406118563092788e-7
329	1.4094274351782905e-7
330	1.4119671089752527e-7
331	1.4159779490935931e-7
332	1.4189456932270943e-7
333	1.421082953100161e-7
334	1.4234182010389193e-7
335	1.4274153123289646e-7
336	1.4292918338208322e-7
337	1.4334009981531993e-7
338	1.4342029124271707e-7
339	1.438047363872292e-7
340	1.4423196412477832e-7
341	1.4451184485201023e-7
342	1.447359143001047e-7
343	1.4504894337533173e-7
344	1.4526438218107109e-7
345	1.4565346858444425e-7
346	1.4593638078210813e-7
347	1.4625765378512545e-7
348	1.4644874203306285e-7
349	1.4678301555693385e-7
350	1.4706352726823167e-7
351	1.4733186975136996e-7
352	1.4747935981110048e-7
353	1.478333464320642e-7
354	1.480618507987022e-7
355	1.4841092143898962e-7
356	1.4863721121716083e-7
357	1.4903735320772998e-7
358	1.4920345657840796e-7
359	1.4944826183642814e-7
360	1.4972900303047586e-7
361	1.50021817784122e-7
362	1.5036488812794168e-7
363	1.5063358524012667e-7
364	1.5083386751480495e-7
365	1.5108558211336639e-7
366	1.5139485629483305e-7
367	1.5152014143459488e-7
368	1.5182431498758734e-7
369	1.5217182857451543e-7
370	1.5243112435376953e-7
371	1.5259614830322698e-7
372	1.5293216034368042e-7
373	1.530200780054812e-7
374	1.5333685732220718e-7
375	1.5365946898726565e-7
376	1.5380380737135855e-7
377	1.542113941007472e-7
378	1.5453299029972048e-7
379	1.546022084713939e-7
380	1.5491500999255883e-7
381	1.5530218834727283e-7
382	1.55452318934981e-7
383	1.557028658598531e-7
384	1.55816961606673e-7
385	1.5619726094404919e-7
386	1.564504466771501e-7
387	1.5674240597524113e-7
388	1.5693120892969058e-7
389	1.5712766202643785e-7
390	1.5737830727052927e-7
391	1.57679429965128e-7
392	1.579169345157913e-7
393	1.581398864992049e-7
394	1.5841583185348146e-7
395	1.5853593661944662e-7
396	1.5426754215965644e-7
397	1.5914004352751598e-7
398	1.5936978499998768e-7
399	1.596162479592998e-7
400	1.593034786026621e-7
401	1.6000156106487375e-7
402	1.602563791197683e-7
403	1.6057239575252185e-7
404	1.6075112193194628e-7
405	1.6101985127013645e-7
406	1.6125929006855387e-7
407	1.6151164438202785e-7
408	1.6170568171978482e-7
409	1.619237415940083e-7
410	1.6207216300710344e-7
411	1.623629230713123e-7
412	1.626423016841866e-7
413	1.6276605797206995e-7
414	1.6301297370541395e-7
415	1.632066101208364e-7
416	1.63441166616366e-7
417	1.6370617926341013e-7
418	1.6387509795429727e-7
419	1.6410990794395584e-7
420	1.6433693777322555e-7
421	1.6451163109384955e-7
422	1.6478602989985551e-7
423	1.6497222525688865e-7
424	1.6519686967256575e-7
425	1.6539888958888878e-7
426	1.656179723743461e-7
427	1.6579898794505946e-7
428	1.6603158872956875e-7
429	1.6626464785192028e-7
430	1.6647468480275002e-7
431	1.6673159016870438e-7
432	1.6688586803449547e-7
433	1.6708848248439352e-7
434	1.6729732866222083e-7
435	1.675243015592879e-7
436	1.6774263438687864e-7
437	1.678318582541548e-7
438	1.6804233811035505e-7
439	1.683020349747572e-7
440	1.68527136256187e-7
441	1.687770843894812e-7
442	1.68947112678404e-7
443	1.6913336756900501e-7
444	1.692796012005396e-7
445	1.6955579990901236e-7
446	1.698342315425126e-7
447	1.699831465495146e-7
448	1.701894986151982e-7
449	1.702691022167295e-7
450	1.705655183929355e-7
451	1.7073208669657114e-7
452	1.7096394104209216e-7
453	1.7116710449723642e-7
454	1.7140592372568206e-7
455	1.7152941856113702e-7
456	1.7181253731084298e-7
457	1.720446537476769e-7
458	1.7202091238904162e-7
459	1.7232785825027356e-7
460	1.7251979028404714e-7
461	1.727591814851997e-7
462	1.7293350211836822e-7
463	1.7400153476885525e-7
464	1.733122666379425e-7
465	1.7351009505339372e-7
466	1.737243547222002e-7
467	1.7392096095213917e-7
468	1.7400492776506618e-7
469	1.7402553424726306e-7
470	1.7421803945772717e-7
471	1.7444429561384044e-7
472	1.747563577500607e-7
473	1.74992217379331e-7
474	1.7505611823690292e-7
475	1.753562646143161e-7
476	1.7550506542163027e-7
477	1.756559384222348e-7
478	1.7605694400831676e-7
479	1.7608766037802984e-7
480	1.7633033279171887e-7
481	1.7658870928563579e-7
482	1.7666558254706673e-7
483	1.769162126130301e-7
484	1.768956379088536e-7
485	1.7735581918513779e-7
486	1.7742215995364354e-7
487	1.7765067934059953e-7
488	1.7786114037118208e-7
489	1.781226093449703e-7
490	1.781635310070209e-7
491	1.7835113951439703e-7
492	1.7867122934970984e-7
493	1.78825172645412e-7
494	1.788671894741979e-7
495	1.7901804469846366e-7
496	1.7912537346946072e-7
497	1.7961374372451538e-7
498	1.794892460853088e-7
499	1.7978123319408718e-7
500	1.7993882056319527e-7
501	1.8013585218753488e-7
502	1.8046742716275212e-7
503	1.8077294820135603e-7
504	1.8091799210324628e-7
505	1.8109527285528334e-7
506	1.8111387622499995e-7
507	1.8130312144827994e-7
508	1.816264796461035e-7
509	1.8174351423439474e-7
510	1.819074179810199e-7
511	1.8211086702958205e-7
512	1.8240160234515754e-7
513	1.7843367235703696e-7
514	1.8271092242639438e-7
515	1.8290339032953345e-7
516	1.8308481977102898e-7
517	1.8329761393989516e-7
518	1.8323082586418696e-7
519	1.836063720520666e-7
520	1.8334609891996965e-7
521	1.8389511869238217e-7
522	1.8398602027183266e-7
523	1.84304172453974e-7
524	1.8534178309441717e-7
525	1.8465659902656622e-7
526	1.8470207740476096e-7
527	1.8507444670634978e-7
528	1.8527387903654704e-7
529	1.8549376841700328e-7
530	1.8557879308823517e-7
531	1.8592407486697326e-7
532	1.859793827997553e-7
533	1.8633250246263274e-7
534	1.8643753044886373e-7
535	1.8663227253426548e-7
536	1.8684869291069703e-7
537	1.870676581906755e-7
538	1.8728458039797712e-7
539	1.8775758289281677e-7
540	1.875852422393696e-7
541	1.8780025160544145e-7
542	1.9307845739192743e-7
543	1.8815480336536833e-7
544	1.8841167216720455e-7
545	1.8850288039225327e-7
546	1.8869493078151058e-7
547	1.8871502068718494e-7
548	1.8974163372872433e-7
549	1.9024382104510586e-7
550	1.893411219309169e-7
551	1.8951025515257655e-7
552	1.901416153424588e-7
553	1.900240972667633e-7
554	1.9044099953800928e-7
555	1.905590894979171e-7
556	1.9045839374984057e-7
557	1.9068576863813905e-7
558	1.9083851290711364e-7
559	1.9089069473612334e-7
560	1.914704396648879e-7
561	1.9140315966541154e-7
562	1.9168775117389003e-7
563	1.919611296337236e-7
564	1.9206032260102932e-7
565	1.925158805263349e-7
566	1.9244003505695883e-7
567	1.9248114902801148e-7
568	1.930759204557862e-7
569	1.933114381241883e-7
570	1.9343489178588348e-7
571	1.93526026655609e-7
572	1.9370990220500224e-7
573	1.9407300610242618e-7
574	1.9403850207313955e-7
575	1.9449803606861864e-7
576	1.94761611544047e-7
577	1.949353855106981e-7
578	1.9512490550506152e-7
579	1.9503980862241733e-7
580	1.9551646585157128e-7
581	1.957727868212549e-7
582	1.9576401918260505e-7
583	1.9586711475837113e-7
584	1.9638840691533185e-7
585	1.9641332069284465e-7
586	1.9659486177146611e-7
587	1.9692896295157134e-7
588	1.969853893988113e-7
589	1.9721677142690387e-7
590	1.9749993289546725e-7
591	1.9766530126400661e-7
592	1.9774316199638426e-7
593	1.981130491372066e-7
594	1.9870146283658547e-7
595	1.9837277059548223e-7
596	1.9858853179254686e-7
597	1.9880208363562138e-7
598	1.9905292564043052e-7
599	1.9910755507283645e-7
600	1.993756599632903e-7
601	1.997858310102093e-7
602	1.9972482842451717e-7
603	2.0005724412366243e-7
604	2.0032988649715943e-7
605	2.0045351567974237e-7
606	2.0041687458133444e-7
607	2.0065465883148044e-7
608	2.007068393924716e-7
609	2.0150572607463294e-7
610	2.0135721233856658e-7
611	2.0177150945501975e-7
612	2.0127052220634254e-7
613	2.0159812990786457e-7
614	2.0175759614826286e-7
615	2.0206765604744364e-7
616	2.0225556982989406e-7
617	2.0220665239990632e-7
618	2.023013426163863e-7
619	2.0234843244857172e-7
620	2.0249684951486508e-7
621	2.027002246477087e-7
622	2.0266868325934943e-7
623	2.0299830219226035e-7
624	2.0309992316798262e-7
625	2.0298561152120071e-7
626	2.0333904544912672e-7
627	2.032799922423884e-7
628	2.0326099574414273e-7
629	2.0330433035062485e-7
630	2.0332880492002933e-7
631	2.0325750428595746e-7
632	2.033692657729877e-7
633	2.0331505071624176e-7
634	2.0325681347078704e-7
635	2.0303580594592343e-7
636	2.0315052341721106e-7
637	2.030356352232698e-7
638	2.0287406648446848e-7
639	2.0269362991364537e-7
640	2.0248750226194968e-7
641	2.02252882422761e-7
642	2.022287190987404e-7
643	2.0177754180145566e-7
644	2.0147484286390858e-7
645	2.0111268544916972e-7
646	2.0069777711727327e-7
647	2.0024949697219195e-7
648	1.9975888792039447e-7
649	1.991640094365097e-7
650	1.985817086863421e-7
651	1.978950016693463e-7
652	1.9712146851305602e-7
653	1.962911618308525e-7
654	1.9537618964116237e-7
655	1.9436110096051487e-7
656	1.9325118912320453e-7
657	1.9220520924219423e-7
658	1.9069418186127943e-7
659	1.892239015679286e-7
660	1.876044339876024e-7
661	1.8584548104079062e-7
662	1.838968844230276e-7
663	1.817688306952319e-7
664	1.7942983687687257e-7
665	1.7686099394209086e-7
666	1.740343522623849e-7
667	1.709347059238952e-7
668	1.6752152735132527e-7
669	1.6376118382012632e-7
670	1.5962152312018944e-7
671	1.550584309779968e-7
672	1.500191502239628e-7
673	1.444589697405601e-7
674	1.3831481315989808e-7
675	1.3152682741199303e-7
676	1.2402930812002392e-7
677	1.1574905465755574e-7
678	1.0661831070957352e-7
679	9.657974805509141e-8
680	8.55971371263712e-8
681	7.368148366844231e-8
682	6.093055160829308e-8
683	4.7594474093526064e-8
684	3.4172868470316336e-8
685	2.1528925556840634e-8
686	1.0930093737613242e-8
687	3.759008258756986e-9
688	5.68317263144807e-10
689	7.181652685342497e-12
690	0.
691	0.
692	0.
693	0.
694	0.
695	0.
696	0.
697	0.
698	0.
699	0.
700	0.
701	0.
702	0.
703	0.
704	0.
705	0.
706	5.550980586592132e-6
707	5.597946801016018e-6
708	4.94664970213513e-6
709	4.364786505028554e-6
710	3.891906316785751e-6
711	3.5090655330854294e-6
712	3.194543930348994e-6
713	2.9326278065040362e-6
714	2.711844499712442e-6
715	2.5228785792863775e-6
716	2.359012746389497e-6
717	2.2166542914977862e-6
718	2.091988677895247e-6
719	1.9798399934838724e-6
720	1.879068704806738e-6
721	1.7915088329081332e-6
722	1.7103212444069512e-6
723	1.6361018413443076e-6
724	1.569361229578408e-6
725	1.5080173731258643e-6
726	1.4513788100959839e-6
727	1.399223133058052e-6
728	1.3508661160386228e-6
729	1.3067559990906603e-6
730	1.2641809612157397e-6
731	1.2261117050296345e-6
732	1.1876635515449519e-6
733	1.1541749705200712e-6
734	1.1233593487411287e-6
735	1.0902178859605476e-6
736	1.0628827872506408e-6
737	1.0355940015010715e-6
738	1.0106129361910703e-6
739	9.861534600473732e-7
740	9.606504537140356e-7
741	9.346098125836749e-7
742	9.22279081176772e-7
743	9.005316386625753e-7
744	9.009879739921862e-7
745	8.636252954607985e-7
746	8.454308938466825e-7
747	8.300499609061205e-7
748	8.388447512126592e-7
749	8.09811889680773e-7
750	7.919917059520461e-7
751	7.745668188539518e-7
752	7.566039988834851e-7
753	7.727008857959645e-7
754	7.704757466033311e-7
755	7.159901979407035e-7
756	7.061211969909102e-7
757	7.673267649134808e-7
758	6.923765948784548e-7
759	6.814665057334465e-7
760	6.728907182544603e-7
761	6.527539881425388e-7
762	6.217409609294503e-7
763	6.34655356984054e-7
764	6.295818551084461e-7
765	6.284563433063045e-7
766	6.470957669880153e-7
767	5.980172412581009e-7
768	5.860112127892418e-7
769	5.861640317333585e-7
770	5.714161834227168e-7
771	5.586574569047148e-7
772	5.631188025893676e-7
773	5.527895877336763e-7
774	5.455621677911565e-7
775	5.636688784059362e-7
776	5.394626848420342e-7
777	5.327020295194409e-7
778	5.2115798923109e-7
779	5.147499363045736e-7
780	5.213612369962946e-7
781	5.250458295607391e-7
782	5.033083635169462e-7
783	4.872151843821196e-7
784	4.891132298907996e-7
785	4.914111086513793e-7
786	4.806169232404264e-7
787	4.810696917864529e-7
788	4.189828715188544e-7
789	4.979140026206393e-7
790	5.014898331410519e-7
791	4.962730088614138e-7
792	5.012787201219402e-7
793	5.130246578795504e-7
794	5.020671279684715e-7
795	5.082349019151767e-7
796	4.4304522532091524e-7
797	4.270239281733843e-7
798	4.1870610657816355e-7
799	4.2185068733949354e-7
800	4.278997753803821e-7
801	4.1583709509935177e-7
802	4.195965517898948e-7
803	4.2184011541948917e-7
804	4.150678749998263e-7
805	4.1054274266281267e-7
806	4.078761066253728e-7
807	3.925029226460153e-7
808	3.941516614171344e-7
809	4.412429184650824e-7
810	4.023727054464955e-7
811	3.737461459881431e-7
812	3.729509014067068e-7
813	3.6734024414326063e-7
814	3.6544951615111997e-7
815	3.7736848879418626e-7
816	3.4601786241270807e-7
817	3.490456854952216e-7
818	3.6045512209493156e-7
819	3.521268407511051e-7
820	3.5231552084281983e-7
821	3.617904044563043e-7
822	3.782993414409027e-7
823	3.7615206274555814e-7
824	3.4673883188306667e-7
825	3.3378115460339135e-7
826	3.5492031778812667e-7
827	3.429526513378973e-7
828	3.4372597688433314e-7
829	3.482422588719788e-7
830	3.5070328989268263e-7
831	3.2961574712649853e-7
832	3.4484074609371664e-7
833	3.5158548549546315e-7
834	3.2572966332395933e-7
835	3.13865459964532e-7
836	3.345418894150716e-7
837	3.1996587299461127e-7
838	3.2061547651998476e-7
839	2.972041642481718e-7
840	3.2671005930682116e-7
841	3.236871856972453e-7
842	3.164090728601853e-7
843	3.227934349867293e-7
844	3.088639918078849e-7
845	2.887235618753585e-7
846	2.984707593774897e-7
847	3.074839147145578e-7
848	2.878957951477509e-7
849	2.897532765723497e-7
850	3.0108937932650354e-7
851	3.002456635498119e-7
852	2.852940148790731e-7
853	2.864680153742298e-7
854	2.9614971865503466e-7
855	2.870081120971657e-7
856	2.701885911284193e-7
857	2.7412830746663784e-7
858	2.6737527814236673e-7
859	2.167514585159577e-7
860	2.7884314437222174e-7
861	2.7644619110827576e-7
862	2.695058266937512e-7
863	2.760966848545679e-7
864	2.4732698915341076e-7
865	2.7111054454019035e-7
866	2.801515157699707e-7
867	2.7291149942371586e-7
868	2.631753278300398e-7
869	2.654878228922794e-7
870	2.5495052954897905e-7
871	2.6649363116753845e-7
872	2.4681979153526274e-7
873	2.5125742736940655e-7
874	2.4673605445051467e-7
875	2.4803849909210726e-7
876	2.563768893948901e-7
877	2.5682273201780903e-7
878	2.552069404427643e-7
879	2.539440843507041e-7
880	2.3843478974881906e-7
881	2.438647367859125e-7
882	2.490833266548683e-7
883	2.474378214174577e-7
884	2.648802979343557e-7
885	2.380141815282594e-7
886	2.5936472087633e-7
887	2.4945887029858927e-7
888	2.4583986885267877e-7
889	2.293311510128015e-7
890	2.4437125946377317e-7
891	2.4523028258757987e-7
892	2.3296208174720092e-7
893	2.3272985479109838e-7
894	2.1741680840941863e-7
895	2.250284226754771e-7
896	2.3130064083596573e-7
897	2.2865299243051307e-7
898	2.4019731021703703e-7
899	2.3896764815063466e-7
900	2.3234418828457602e-7
901	2.2971432320717404e-7
902	1.9758560069641735e-7
903	2.1841550597225482e-7
904	2.319468462197417e-7
905	2.2970595933754153e-7
906	2.1758148045195067e-7
907	2.2604620828114056e-7
908	2.292331658682557e-7
909	2.2897301371212465e-7
910	2.1526360888709615e-7
911	2.1181816710410498e-7
912	2.1053915116044058e-7
913	2.168339866211538e-7
914	2.0765269971952758e-7
915	2.2184979599698405e-7
916	2.1215655691566095e-7
917	2.0267640380036748e-7
918	2.0758777154587666e-7
919	1.9508247185991834e-7
920	1.854168657343123e-7
921	2.0511791165481382e-7
922	2.0150851777275825e-7
923	2.0189723560217513e-7
924	2.0674845339898309e-7
925	1.7346996986351112e-7
926	1.7773672919247344e-7
927	2.018011084744902e-7
928	1.988363476560069e-7
929	1.970579280829022e-7
930	1.9592084329804817e-7
931	1.8714705053282557e-7
932	1.872455830899698e-7
933	1.8873424873464076e-7
934	1.913762681411039e-7
935	2.080965295834983e-7
936	1.9232661473732236e-7
937	1.72980185077156e-7
938	1.929220484887573e-7
939	1.8272461174461534e-7
940	1.9528537695845442e-7
941	1.8414451241923863e-7
942	1.79699462414015e-7
943	1.846983877727085e-7
944	1.8425637302364517e-7
945	1.8430602528664013e-7
946	1.6625102266823303e-7
947	1.90618200148732e-7
948	1.7580923058241368e-7
949	1.9118520872355353e-7
950	1.7782195347877278e-7
951	1.8785979608356593e-7
952	1.5269897297499764e-7
953	1.7702868927561338e-7
954	1.722964804549981e-7
955	1.792547245499729e-7
956	1.8302723922680928e-7
957	1.7263517579617218e-7
958	1.7595523301301168e-7
959	1.8798480210985098e-7
960	1.8043882751946262e-7
961	1.8676658410831708e-7
962	1.738264979197265e-7
963	1.8277517695565515e-7
964	1.8064926142767526e-7
965	1.7212170770613445e-7
966	1.7497727987190575e-7
967	1.8922176245634454e-7
968	1.7881582967695418e-7
969	1.9207761761589525e-7
970	1.673870561824087e-7
971	1.796558480774561e-7
972	1.5512852299529278e-7
973	1.8996944415137706e-7
974	1.7227392516354088e-7
975	1.4842460820870713e-7
976	1.7280815656704587e-7
977	1.657897632783986e-7
978	1.6763247397128336e-7
979	1.4156757654170937e-7
980	1.3557201057277676e-7
981	1.6061242954342548e-7
982	1.503927784844103e-7
983	1.6439555519857122e-7
984	1.6476681180980718e-7
985	1.6629498317891981e-7
986	1.5819974118187392e-7
987	1.7596404873557806e-7
988	1.7669827180213114e-7
989	1.6235817104627533e-7
990	1.6257265387163427e-7
991	1.691208186425029e-7
992	1.5674333301951882e-7
993	1.6082800571966707e-7
994	1.5396550944575914e-7
995	1.6054466050314323e-7
996	1.5752824821040437e-7
997	1.5688605478615937e-7
998	1.6270177213647508e-7
999	1.6379406950985436e-7
1000	1.6401110736386782e-7
1001	1.5937743543383426e-7
1002	1.672779112527668e-7
1003	1.545130431686196e-7
1004	1.4636421456755743e-7
1005	1.7088634232814581e-7
1006	1.5565619331386707e-7
1007	1.4906960268280028e-7
1008	1.5052894268955675e-7
1009	1.8790617377631653e-7
1010	1.9152550741633364e-7
1011	1.983289591996695e-7
1012	1.5005294825507711e-7
1013	1.5095071520200578e-7
1014	1.5181714350088558e-7
1015	1.4815005920877836e-7
1016	1.4556244593323225e-7
1017	1.5218576623658708e-7
1018	1.4726730374804786e-7
1019	1.4745268135092204e-7
1020	1.608591774890884e-7
1021	1.5286089757276715e-7
1022	1.400266054135205e-7
1023	1.4922970834600663e-7
1024	1.4763280951199751e-7
1025	1.4557228129135373e-7
1026	1.4703584436518733e-7
1027	1.5209721399591688e-7
1028	1.5131069525084497e-7
1029	1.3537930249741393e-7
1030	1.588278438435216e-7
1031	1.4497911346209743e-7
1032	1.423555499291313e-7
1033	1.3992933841526782e-7
1034	1.526036066116048e-7
1035	1.5389397741720193e-7
1036	1.4580986723270674e-7
1037	1.5394032733953187e-7
1038	1.4587927791600467e-7
1039	1.43484303938952e-7
1040	1.4203524574901284e-7
1041	1.3838734432148205e-7
1042	1.457739882898176e-7
1043	1.5295094863989586e-7
1044	1.5276445999860253e-7
1045	1.45138092808548e-7
1046	1.4539213057117883e-7
1047	1.4369763855106307e-7
1048	1.4521526644535556e-7
1049	1.442455354505122e-7
1050	1.4910105566202663e-7
1051	1.3490736357345094e-7
1052	1.2609340148420685e-7
1053	1.2808089853154e-7
1054	1.2856827277794865e-7
1055	1.4359778519268356e-7
1056	1.2904025878920654e-7
1057	1.271661732965053e-7
1058	1.2897524765858662e-7
1059	1.2637667469654675e-7
1060	1.2863169145473949e-7
1061	1.352151603465599e-7
1062	1.40591868742077e-7
1063	1.1849439971455381e-7
1064	1.3161310653800858e-7
1065	1.3072572914584274e-7
1066	1.2381662945746665e-7
1067	1.2372510081222894e-7
1068	1.2070878944715306e-7
1069	1.276338351454903e-7
1070	1.2954838325451474e-7
1071	1.3314543349207826e-7
1072	1.2596585475399101e-7
1073	1.2666124356956166e-7
1074	1.2921914081836273e-7
1075	1.2957331364568614e-7
1076	1.2872548963212442e-7
1077	1.2798047716150774e-7
1078	1.23147049055205e-7
1079	1.2162783876176077e-7
1080	1.2340844806175773e-7
1081	1.2469838844762375e-7
1082	1.2374348459411154e-7
1083	1.227985926970204e-7
1084	1.2828509085690577e-7
1085	1.2395989168345837e-7
1086	1.227640787017782e-7
1087	1.22988664063974e-7
1088	1.2004863056548184e-7
1089	1.2315410332943567e-7
1090	1.2026099546815487e-7
1091	1.241285305797523e-7
1092	1.3076433780077894e-7
1093	1.2608886923586065e-7
1094	1.2399936857587667e-7
1095	1.1800745064183085e-7
1096	1.228311785964727e-7
1097	1.2100758406788878e-7
1098	1.2145269294853499e-7
1099	1.2534314825690376e-7
1100	1.2231044065066892e-7
1101	1.2262647600903698e-7
1102	1.2766974706173034e-7
1103	1.2710340320007027e-7
1104	1.246920519163382e-7
1105	1.1849137497776396e-7
1106	1.3222587393364683e-7
1107	1.2266634969686712e-7
1108	1.208432644265139e-7
1109	1.2212775569017984e-7
1110	1.2427644265612586e-7
1111	1.220299386178001e-7
1112	1.142384379048304e-7
1113	1.1306457414162663e-7
1114	1.195541600808098e-7
1115	1.2491356338853733e-7
1116	1.1843663478370375e-7
1117	1.1295495061127962e-7
1118	1.1973784976349005e-7
1119	1.292763856740317e-7
1120	1.1368793270992645e-7
1121	1.1766856362312378e-7
1122	1.2129814713709414e-7
1123	1.1948660029177937e-7
1124	1.1867785261286634e-7
1125	1.1892148166734533e-7
1126	1.1483711425947919e-7
1127	1.1455215206083506e-7
1128	1.0627791761676136e-7
1129	1.0534997194651215e-7
1130	1.1643686301073022e-7
1131	1.1585450660744188e-7
1132	1.0776539074434248e-7
1133	1.04797109531117e-7
1134	1.0750197512342339e-7
1135	1.0411789372727749e-7
1136	1.0607965725120331e-7
1137	1.0619011754489431e-7
1138	1.071887959083547e-7
1139	1.0850754776502017e-7
1140	1.0831335692567716e-7
1141	1.0359726555228885e-7
1142	1.0620782572126249e-7
1143	1.0434894626593382e-7
1144	1.09030796550337e-7
1145	1.0930866266978374e-7
1146	1.0670791629879834e-7
1147	1.142852128092967e-7
1148	1.0566299534303734e-7
1149	1.1334096582410396e-7
1150	1.0603447685875456e-7
1151	1.0857508178359422e-7
1152	1.1103324691085276e-7
1153	1.1179346759189982e-7
1154	1.0853002900514113e-7
1155	1.0564606793985924e-7
1156	1.0389597225299343e-7
1157	1.061164886045371e-7
1158	1.0866595788906322e-7
1159	1.013342839109e-7
1160	1.094440314648553e-7
1161	1.1043327550377802e-7
1162	1.0972030512900697e-7
1163	1.0322160707963792e-7
1164	1.0380953023648153e-7
1165	1.0902196701705938e-7
1166	1.1121721818553208e-7
1167	1.0707312086905193e-7
1168	1.2916654925393144e-7
1169	1.0696169510378661e-7
1170	1.0589479884893069e-7
1171	1.0245992577643484e-7
1172	1.034116349181929e-7
1173	1.0502575258914155e-7
1174	1.0395338457831345e-7
1175	9.934685531105653e-8
1176	9.984163181228545e-8
1177	1.0177090007402558e-7
1178	1.0302346075409498e-7
1179	9.598118554128612e-8
1180	9.573625129529322e-8
1181	1.0160167185575838e-7
1182	9.6422738818194e-8
1183	1.0184370992834226e-7
1184	1.0466404787084025e-7
1185	1.0028364937050985e-7
1186	1.0424989422655166e-7
1187	1.0478231864475586e-7
1188	1.0492937970212117e-7
1189	1.0081301837451242e-7
1190	1.0520833009370834e-7
1191	1.0603518679838195e-7
1192	1.0637460087513717e-7
1193	9.930953923918215e-8
1194	9.720046694978615e-8
1195	9.959505395713926e-8
1196	9.974881032432819e-8
1197	9.970543563131574e-8
1198	9.895174251660115e-8
1199	9.593104542338752e-8
1200	9.838898920994496e-8
1201	9.38478348778258e-8
1202	9.719377350735407e-8
1203	9.494526861670611e-8
1204	1.0078094404133616e-7
1205	1.0024784744217192e-7
1206	1.0122556966843062e-7
1207	9.907154910533863e-8
1208	9.772235154251065e-8
1209	9.442962266875204e-8
1210	9.53529516286146e-8
1211	9.595895661181823e-8
1212	9.858772666281511e-8
1213	9.997261244511039e-8
1214	9.562388548037506e-8
1215	9.981539522482376e-8
1216	9.343001661537759e-8
1217	9.58327407394575e-8
1218	9.396431036967188e-8
1219	9.403289013043339e-8
1220	9.677751648944631e-8
1221	9.552705974831952e-8
1222	9.71065409163922e-8
1223	9.650344530569733e-8
1224	9.705486854238111e-8
1225	9.7457645633067e-8
1226	9.448772590048967e-8
1227	9.524471245945529e-8
1228	9.478239411181632e-8
1229	9.561262138462597e-8
1230	9.461182689836073e-8
1231	9.470012781228611e-8
1232	9.549869736262772e-8
1233	9.504462516051472e-8
1234	9.329895692682604e-8
1235	9.4940885790304e-8
1236	9.31903128265555e-8
1237	9.519455599745922e-8
1238	9.666285841278094e-8
1239	9.37246008438222e-8
1240	9.330395619493451e-8
1241	9.277390238717044e-8
1242	9.282381933905599e-8
1243	9.2971984957128e-8
1244	9.092021090905108e-8
1245	9.386253430814667e-8
1246	9.277905612395998e-8
1247	9.292237792765296e-8
1248	9.443049806824092e-8
1249	9.341860728753845e-8
1250	8.913865939257997e-8
1251	8.51285336451135e-8
1252	9.680092416025862e-8
1253	9.179988059733691e-8
1254	9.121575799514131e-8
1255	9.040276783085208e-8
1256	8.553146960185164e-8
1257	8.933001639630944e-8
1258	8.998688802308265e-8
1259	8.870481274950244e-8
1260	8.796321121323205e-8
1261	9.297436352327094e-8
1262	8.862939318891608e-8
1263	8.002387202106195e-8
1264	8.617213033614371e-8
1265	8.263771313522412e-8
1266	8.862655898658062e-8
1267	8.958423707906558e-8
1268	8.280561449784459e-8
1269	8.844957628751189e-8
1270	8.92688821135937e-8
1271	9.11566752767991e-8
1272	9.11835416477887e-8
1273	9.036831637782238e-8
1274	8.913101191015376e-8
1275	8.41906235077784e-8
1276	9.442931519994087e-8
1277	9.285436103549125e-8
1278	8.904848475590401e-8
1279	8.935985296870938e-8
1280	8.98510781277988e-8
1281	8.990169302485312e-8
1282	9.66533254109682e-8
1283	8.759642705735984e-8
1284	8.655009011022233e-8
1285	8.746081914415426e-8
1286	8.802404129036212e-8
1287	8.841564471033351e-8
1288	8.935154104398422e-8
1289	8.558690675911196e-8
1290	8.697296878025285e-8
1291	8.365126413910874e-8
1292	8.305352871588782e-8
1293	8.09275510804254e-8
1294	8.303400118600653e-8
1295	8.270979596303729e-8
1296	8.556920472944858e-8
1297	9.1805837417413e-8
1298	8.635385750023567e-8
1299	8.422782225082585e-8
1300	8.364030671774962e-8
1301	8.63624117685384e-8
1302	8.36699118865317e-8
1303	8.373116905451941e-8
1304	8.36406142685938e-8
1305	8.326965457022296e-8
1306	8.391257977284841e-8
1307	8.463543988384047e-8
1308	8.485861427952415e-8
1309	8.200491569886584e-8
1310	8.837950436792255e-8
1311	8.924760772203814e-8
1312	8.262026728788774e-8
1313	8.224312905131336e-8
1314	8.180448384686504e-8
1315	8.222002301138274e-8
1316	8.191788185604195e-8
1317	8.167994864878409e-8
1318	8.068348969130648e-8
1319	8.027674333019624e-8
1320	8.0689881244232e-8
1321	8.044000960986594e-8
1322	8.062198415531497e-8
1323	8.151110721071779e-8
1324	8.179171286212918e-8
1325	8.127705211606952e-8
1326	8.066362156864525e-8
1327	7.82184332585388e-8
1328	8.052318028748371e-8
1329	8.007859284751602e-8
1330	8.034191982300003e-8
1331	8.125365466718145e-8
1332	8.075962138982103e-8
1333	8.044409746040393e-8
1334	8.012225312528567e-8
1335	7.941066365437482e-8
1336	7.995396864344639e-8
1337	7.931904551093247e-8
1338	7.987498613815909e-8
1339	7.947456716452062e-8
1340	7.736492616520412e-8
1341	7.897703925825463e-8
1342	7.945984492760477e-8
1343	7.888489820347731e-8
1344	7.878081763700004e-8
1345	7.771424893283327e-8
1346	7.870007594964464e-8
1347	7.916382058924054e-8
1348	7.82340742802709e-8
1349	7.836642037867119e-8
1350	7.931454868548136e-8
1351	7.88753983659752e-8
1352	8.007989016294907e-8
1353	7.936799711313654e-8
1354	7.926647462751381e-8
1355	7.89872282331513e-8
1356	7.817510539536738e-8
1357	7.721460831068175e-8
1358	7.809896855147362e-8
1359	7.716588628299375e-8
1360	7.825676166132936e-8
1361	7.731908226867837e-8
1362	7.779009607691802e-8
1363	7.819878993043421e-8
1364	7.756506389925295e-8
1365	7.735351935275461e-8
1366	7.715573245005478e-8
1367	7.688605967069519e-8
1368	7.660401136985993e-8
1369	7.701784878410952e-8
1370	7.663314247953082e-8
1371	7.86875966571377e-8
1372	7.771715498179724e-8
1373	7.424836898235164e-8
1374	7.498296309453802e-8
1375	8.038670025121085e-8
1376	7.445651521747544e-8
1377	7.463042258291634e-8
1378	7.541058084538204e-8
1379	7.438808002402202e-8
1380	7.482373060982024e-8
1381	7.368779350653026e-8
1382	7.510198305297992e-8
1383	7.437628518487188e-8
1384	7.486709501926589e-8
1385	7.485412348048165e-8
1386	7.408906001338284e-8
1387	7.376257643333379e-8
1388	7.415178992267052e-8
1389	7.469364686439377e-8
1390	7.46623270571516e-8
1391	7.320787982839081e-8
1392	7.3272388670383e-8
1393	7.49357602237418e-8
1394	7.531162756647475e-8
1395	7.44273033829603e-8
1396	7.267614270602582e-8
1397	7.384015889080905e-8
1398	7.496972055729697e-8
1399	7.526247927093834e-8
1400	7.488945557386567e-8
1401	7.32439168808063e-8
1402	7.160693368648232e-8
1403	7.162234771222393e-8
1404	7.179499711712604e-8
1405	7.280545036651402e-8
1406	7.188920924324505e-8
1407	7.231053973364283e-8
1408	7.249579134017555e-8
1409	7.278849134593232e-8
1410	7.164799016245554e-8
1411	7.17543673441089e-8
1412	7.196797468031524e-8
1413	7.105925938849252e-8
1414	7.157539215955398e-8
1415	7.110723098669987e-8
1416	6.920973678542451e-8
1417	6.928585488475249e-8
1418	7.064948016357124e-8
1419	7.127048516362838e-8
1420	7.131405499461128e-8
1421	7.075044753980282e-8
1422	7.202745841216954e-8
1423	7.258045332650905e-8
1424	7.033288346735867e-8
1425	7.153397962973805e-8
1426	7.158914063305583e-8
1427	7.033700269699845e-8
1428	6.93888515144463e-8
1429	6.983505623383685e-8
1430	6.89238243277741e-8
1431	6.998324883689368e-8
1432	6.96506790041707e-8
1433	6.996285174352092e-8
1434	6.905692578233055e-8
1435	6.888371464688399e-8
1436	6.861934268584664e-8
1437	6.970292585463757e-8
1438	6.889289107640282e-8
1439	6.836187900636838e-8
1440	6.878170296215446e-8
1441	6.882837016847834e-8
1442	6.786671599910775e-8
1443	6.819150734260527e-8
1444	6.785753638710836e-8
1445	6.678249963198931e-8
1446	6.73635342309227e-8
1447	6.791092287920323e-8
1448	6.840988498194326e-8
1449	6.885158210588962e-8
1450	6.706230806375396e-8
1451	6.757936595597412e-8
1452	6.487249082945408e-8
1453	6.757743418020668e-8
1454	6.701916696924305e-8
1455	6.785443474815185e-8
1456	6.704711473474714e-8
1457	6.749685900166293e-8
1458	6.711406201434796e-8
1459	6.716080692641576e-8
1460	6.698665934886469e-8
1461	6.664646665540864e-8
1462	6.690595173174104e-8
1463	6.589617699350556e-8
1464	6.518738299519364e-8
1465	6.648852944039906e-8
1466	6.673476195352971e-8
1467	6.68886431413031e-8
1468	6.685649657503966e-8
1469	6.642795046576891e-8
1470	6.69521787017718e-8
1471	6.577902661255093e-8
1472	6.641785135949125e-8
1473	6.64675662418367e-8
1474	6.639182434044999e-8
1475	6.599824211112515e-8
1476	6.616296926176602e-8
1477	6.58351263206482e-8
1478	6.501159031517774e-8
1479	6.517137905135028e-8
1480	6.540266792697755e-8
1481	6.537039942124223e-8
1482	6.45681787836517e-8
1483	6.444356746622403e-8
1484	6.456116876032034e-8
1485	6.463110587858478e-8
1486	6.491996522583446e-8
1487	6.485844639339504e-8
1488	6.543497796541394e-8
1489	6.450803081186602e-8
1490	6.33976758252453e-8
1491	6.381555889535539e-8
1492	6.397765435470472e-8
1493	6.366668855943787e-8
1494	6.424202399929661e-8
1495	6.396550125353656e-8
1496	6.388543709737147e-8
1497	6.384090916646709e-8
1498	6.357766752468791e-8
1499	6.365546220398902e-8
1500	6.284809136626012e-8
1501	6.282043759663431e-8
1502	6.34155256743269e-8
1503	6.254059283223367e-8
1504	6.265352925137136e-8
1505	6.29074422534577e-8
1506	6.31731272030577e-8
1507	6.311867254113901e-8
1508	6.375417616018411e-8
1509	6.290316586382357e-8
1510	6.31419233435912e-8
1511	6.271940241760493e-8
1512	6.270283956676557e-8
1513	6.325104248633251e-8
1514	6.34596528618946e-8
1515	6.284863768602975e-8
1516	6.292170638285391e-8
1517	6.275689444850071e-8
1518	6.282967656219905e-8
1519	6.382916556767052e-8
1520	6.112760927095373e-8
1521	6.315366715369206e-8
1522	6.158092819724554e-8
1523	6.118812675274715e-8
1524	6.18989944078429e-8
1525	6.196211143467056e-8
1526	6.122843870151164e-8
1527	6.11472144246422e-8
1528	6.261460447751387e-8
1529	6.259813255805426e-8
1530	6.118000304421219e-8
1531	6.101713662507062e-8
1532	6.127551042688213e-8
1533	6.095732635390291e-8
1534	6.252463082283623e-8
1535	6.225662648480989e-8
1536	6.027575220934114e-8
1537	6.222962309064619e-8
1538	6.013512514901583e-8
1539	6.20063609069368e-8
1540	6.27250638316773e-8
1541	6.213789841790569e-8
1542	6.183201703260245e-8
1543	6.174636520697882e-8
1544	6.180659317834526e-8
1545	6.193432986481564e-8
1546	6.184118804701484e-8
1547	6.001588933622193e-8
1548	6.001518170049885e-8
1549	6.010348704418316e-8
1550	5.977372972333723e-8
1551	5.970450784656438e-8
1552	6.142454113512236e-8
1553	6.137401082238398e-8
1554	5.908246827538938e-8
1555	6.132338920173438e-8
1556	5.9485878027060355e-8
1557	6.118883425542437e-8
1558	6.120584222267109e-8
1559	6.110864915371495e-8
1560	5.888560153495372e-8
1561	5.887643649247648e-8
1562	5.8654434118388494e-8
1563	5.8809156570652903e-8
1564	5.873485079757088e-8
1565	5.868898006467894e-8
1566	5.865165407641453e-8
1567	5.8383861688604336e-8
1568	5.8165221977949406e-8
1569	5.8399933146715777e-8
1570	5.8248110151681084e-8
1571	5.819816506482617e-8
1572	5.795297097380085e-8
1573	5.8175752321185025e-8
1574	5.8074188404176417e-8
1575	5.786116372745462e-8
1576	5.791263823065788e-8
1577	5.7700840290529644e-8
1578	5.758911512541647e-8
1579	5.790985875449522e-8
1580	5.7856453674553184e-8
1581	5.7360630609833534e-8
1582	5.7411847065228637e-8
1583	5.7390424842162127e-8
1584	5.784503172196458e-8
1585	5.7020249156656554e-8
1586	5.6964229485721094e-8
1587	5.72617400418336e-8
1588	5.6971345769790685e-8
1589	5.701492996184455e-8
1590	5.693153940659733e-8
1591	5.705525762057604e-8
1592	5.6568004506506904e-8
1593	5.6317566889654867e-8
1594	5.646197391777443e-8
1595	5.6052763079138976e-8
1596	5.645430542694775e-8
1597	5.62465204781636e-8
1598	5.621327553852793e-8
1599	5.608553519371609e-8
1600	5.6051109720445384e-8
1601	5.5997680634076927e-8
1602	5.5787143413304146e-8
1603	5.577420331308733e-8
1604	5.5823933157671774e-8
1605	5.576313469424779e-8
1606	5.575434691366548e-8
1607	5.579617451094638e-8
1608	5.5832966890277344e-8
1609	5.554692436942282e-8
1610	5.564597524502453e-8
1611	5.5666726534623304e-8
1612	5.543580432961061e-8
1613	5.527226020522411e-8
1614	5.52420788535982e-8
1615	5.521541001645069e-8
1616	5.5097551856607166e-8
1617	5.5137962891176574e-8
1618	5.480537609021746e-8
1619	5.501459156288379e-8
1620	5.503262686383625e-8
1621	5.430022480593438e-8
1622	5.475283418624752e-8
1623	5.466813993264406e-8
1624	5.4333285109728594e-8
1625	5.416874363289994e-8
1626	5.41115529687771e-8
1627	5.4092849691087235e-8
1628	5.413856809488529e-8
1629	5.391097631987877e-8
1630	5.407956173976394e-8
1631	5.403865792900765e-8
1632	5.410686099141761e-8
1633	5.394695195142645e-8
1634	5.361859503437879e-8
1635	5.3312713838976784e-8
1636	5.3754436797653156e-8
1637	5.3656801888573264e-8
1638	5.359672271779489e-8
1639	5.362358868572089e-8
1640	5.326991352247294e-8
1641	5.341903975462198e-8
1642	5.335516592238065e-8
1643	5.348313169611058e-8
1644	5.333014107353304e-8
1645	5.312822176931711e-8
1646	5.314206935179063e-8
1647	5.3199305009234333e-8
1648	5.318913202715897e-8
1649	5.281183182492764e-8
1650	5.262931189902406e-8
1651	5.257231595656012e-8
1652	5.260329155863713e-8
1653	5.270892394533638e-8
1654	5.2772059369347353e-8
1655	5.2485675891157425e-8
1656	5.236844625449859e-8
1657	5.2284783353879356e-8
1658	5.232703102316031e-8
1659	5.2217186072013275e-8
1660	5.2167956980767234e-8
1661	5.215796514203507e-8
1662	5.210185788230907e-8
1663	5.203743016268027e-8
1664	5.186683398247261e-8
1665	5.1951329531604074e-8
1666	5.194262420955582e-8
1667	5.17383556418223e-8
1668	5.1634671873742956e-8
1669	5.157797795221546e-8
1670	5.148754248601409e-8
1671	5.144708301362385e-8
1672	5.131068283392612e-8
1673	5.145685549004445e-8
1674	5.169984926719248e-8
1675	5.158767913013129e-8
1676	5.127362357947211e-8
1677	5.1294848380113236e-8
1678	5.114301629583179e-8
1679	5.11825805705611e-8
1680	5.114881454076668e-8
1681	5.114336860769146e-8
1682	5.100182114339054e-8
1683	5.084613813027582e-8
1684	5.082423020662378e-8
1685	5.059525076127961e-8
1686	5.05899816130997e-8
1687	5.046538829720732e-8
1688	5.0468682331527734e-8
1689	5.028708772006372e-8
1690	5.032249034029515e-8
1691	5.0312254082515146e-8
1692	5.0206027741622356e-8
1693	5.022885007394612e-8
1694	5.008960892020802e-8
1695	5.014906711696626e-8
1696	4.994355021936148e-8
1697	5.024162119739417e-8
1698	4.997845303309825e-8
1699	4.99442915892572e-8
1700	4.9973019389085e-8
1701	4.95359583114502e-8
1702	4.945992231704056e-8
1703	4.946572590782844e-8
1704	4.94954681997733e-8
1705	4.946288307170329e-8
1706	4.9483181657278617e-8
1707	4.946681644218919e-8
1708	4.9269569850196055e-8
1709	4.9258527386991e-8
1710	4.9188452949652334e-8
1711	4.922203183638031e-8
1712	4.9205097924977175e-8
1713	4.9084014559553025e-8
1714	4.895624357956537e-8
1715	4.887642107592669e-8
1716	4.8867657166723895e-8
1717	4.876432843060462e-8
1718	4.877455721371308e-8
1719	4.867824095727236e-8
1720	4.8679190244840203e-8
1721	4.8597177709424115e-8
1722	4.856574207257777e-8
1723	4.827692860522264e-8
1724	4.8385087278818084e-8
1725	4.822635969786351e-8
1726	4.835248290866461e-8
1727	4.826421794506386e-8
1728	4.8135013252494633e-8
1729	4.815561260962202e-8
1730	4.809279944927162e-8
1731	4.80439880756607e-8
1732	4.803061921233656e-8
1733	4.789223984576544e-8
1734	4.785742548196812e-8
1735	4.790389042126605e-8
1736	4.784738038753764e-8
1737	4.7703968076867814e-8
1738	4.7709280991233316e-8
1739	4.756986329243397e-8
1740	4.748798201397707e-8
1741	4.747636824101846e-8
1742	4.74381694077113e-8
1743	4.7337018525803313e-8
1744	4.733098325342614e-8
1745	4.730834050526236e-8
1746	4.728934544634695e-8
1747	4.723597625258727e-8
1748	4.7215562725776876e-8
1749	4.706361813014737e-8
1750	4.7083874940543465e-8
1751	4.701344454662459e-8
1752	4.693796700470169e-8
1753	4.688223062596477e-8
1754	4.656680018729369e-8
1755	4.666201682117447e-8
1756	4.664382487024483e-8
1757	4.653640054747025e-8
1758	4.647147593968919e-8
1759	4.64478200748417e-8
1760	4.6373394509935216e-8
1761	4.635323945175327e-8
1762	4.6344609435705655e-8
1763	4.630387034053369e-8
1764	4.6208621829765746e-8
1765	4.619140492654303e-8
1766	4.6152326294332746e-8
1767	4.607746593137879e-8
1768	4.6070117255325425e-8
1769	4.594659789135927e-8
1770	4.5915780827240694e-8
1771	4.5735196321048855e-8
1772	4.579114788495262e-8
1773	4.579321197547274e-8
1774	4.5690210907086235e-8
1775	4.577579051992453e-8
1776	4.5662892301734995e-8
1777	4.550390950810347e-8
1778	4.552664834362212e-8
1779	4.5511014917617825e-8
1780	4.5457165237601726e-8
1781	4.542092180496147e-8
1782	4.5281410399582484e-8
1783	4.534701017260583e-8
1784	4.5285686864884754e-8
1785	4.528607827795695e-8
1786	4.5251605564693636e-8
1787	4.5014721542971787e-8
1788	4.5001163266115514e-8
1789	4.491553252855586e-8
1790	4.483953932301895e-8
1791	4.4705180129681975e-8
1792	4.469005244091793e-8
1793	4.4722761248379934e-8
1794	4.472865658176293e-8
1795	4.453967410783481e-8
1796	4.4524842644954265e-8
1797	4.445746734043888e-8
1798	4.437249449608092e-8
1799	4.4347110603864e-8
1800	4.434918300588084e-8
1801	4.426966936395243e-8
1802	4.42176350139322e-8
1803	4.4159295786608274e-8
1804	4.4105929672192925e-8
1805	4.417640654902949e-8
1806	4.411303857889997e-8
1807	4.402281228061353e-8
1808	4.394854765717397e-8
1809	4.39096945830213e-8
1810	4.386497097427129e-8
1811	4.3807610880142015e-8
1812	4.3759624867388355e-8
1813	4.3647652630766e-8
1814	4.369366184136917e-8
1815	4.3641557308629996e-8
1816	4.3562457251987246e-8
1817	4.355048464094755e-8
1818	4.3472737169639795e-8
1819	4.342777374677041e-8
1820	4.3431347616824865e-8
1821	4.333323693149825e-8
1822	4.325984785073943e-8
1823	4.321757699223056e-8
1824	4.317815291587033e-8
1825	4.3144308997726426e-8
1826	4.311844078411437e-8
1827	4.3086183147784977e-8
1828	4.299396461091357e-8
1829	4.294217332502318e-8
1830	4.2888702009233253e-8
1831	4.286413417838979e-8
1832	4.281366984704692e-8
1833	4.289789843690963e-8
1834	4.2724499051283295e-8
1835	4.269052003649271e-8
1836	4.2623610227921326e-8
1837	4.250418925261697e-8
1838	4.252148434617371e-8
1839	4.2461437791499835e-8
1840	4.240919571238976e-8
1841	4.225765225860567e-8
1842	4.226700930079589e-8
1843	4.220829323463131e-8
1844	4.220619142106851e-8
1845	4.21380435181142e-8
1846	4.2075708184738996e-8
1847	4.2009890140731574e-8
1848	4.20010932582735e-8
1849	4.202763208454903e-8
1850	4.198480054409712e-8
1851	4.1893575581774685e-8
1852	4.182790248477061e-8
1853	4.181651437242883e-8
1854	4.173004047201555e-8
1855	4.17231572309532e-8
1856	4.1674708912354196e-8
1857	4.160261473249465e-8
1858	4.155754560914195e-8
1859	4.1518152873353415e-8
1860	4.149112826045322e-8
1861	4.145555536887702e-8
1862	4.135651930785415e-8
1863	4.133558844196384e-8
1864	4.1252728965809676e-8
1865	4.1218626117917184e-8
1866	4.118852347397745e-8
1867	4.113671312000102e-8
1868	4.1064255428757935e-8
1869	4.107444926828615e-8
1870	4.100556300336599e-8
1871	4.096686238682606e-8
1872	4.093474594296111e-8
1873	4.084104522230828e-8
1874	4.0805339634432024e-8
1875	4.075719507796262e-8
1876	4.071877649104338e-8
1877	4.068415066943604e-8
1878	4.062509662771214e-8
1879	4.0581136967205695e-8
1880	4.0541194255499397e-8
1881	4.0463204640823394e-8
1882	4.041775766249836e-8
1883	4.044697869696065e-8
1884	4.041624270046579e-8
1885	4.036027081225477e-8
1886	4.031694133420254e-8
1887	4.021942274767853e-8
1888	4.0183451979442446e-8
1889	4.014998692801872e-8
1890	4.011013808825247e-8
1891	4.0044004409623485e-8
1892	4.001422038637914e-8
1893	3.9974383816869334e-8
1894	3.992807992124777e-8
1895	3.99002011990069e-8
1896	3.986100701585557e-8
1897	3.976522168028892e-8
1898	3.976590480834458e-8
1899	3.968870535255347e-8
1900	3.9699876729857485e-8
1901	3.9618588652492766e-8
1902	3.9566452482812476e-8
1903	3.950670469669308e-8
1904	3.9511179774103864e-8
1905	3.9450351412749343e-8
1906	3.940916291156429e-8
1907	3.93933461739385e-8
1908	3.93363998310606e-8
1909	3.9286790865334066e-8
1910	3.923331938298936e-8
1911	3.919626378896386e-8
1912	3.9166579949861494e-8
1913	3.909602961514137e-8
1914	3.906179340598727e-8
1915	3.9029241289196436e-8
1916	3.89791610453993e-8
1917	3.893373131521861e-8
1918	3.8895898064965164e-8
1919	3.884307107604232e-8
1920	3.880883592565391e-8
1921	3.8761452527101414e-8
1922	3.873109549258216e-8
1923	3.8654549168881875e-8
1924	3.862573490041169e-8
1925	3.8576429162000764e-8
1926	3.8561697943695736e-8
1927	3.8515761664232814e-8
1928	3.847126473880408e-8
1929	3.8420321019717566e-8
1930	3.8382309165153023e-8
1931	3.835986467926394e-8
1932	3.830903294962913e-8
1933	3.826793850243148e-8
1934	3.822765573312069e-8
1935	3.8180642534236976e-8
1936	3.813829195116708e-8
1937	3.810777224320735e-8
1938	3.8050542966706435e-8
1939	3.801082784632767e-8
1940	3.799486236215534e-8
1941	3.796374037586867e-8
1942	3.792060111388636e-8
1943	3.78799503440963e-8
1944	3.783945342778016e-8
1945	3.7799276139280614e-8
1946	3.778744736638265e-8
1947	3.7678083860724466e-8
1948	3.765041295040265e-8
1949	3.7603387716166877e-8
1950	3.756543709365314e-8
1951	3.7524602856400555e-8
1952	3.748671783161249e-8
1953	3.7448193817580875e-8
1954	3.740966621152784e-8
1955	3.735303760231312e-8
1956	3.733050746987581e-8
1957	3.72896874237701e-8
1958	3.725984273571048e-8
1959	3.719804850409673e-8
1960	3.7168723645835465e-8
1961	3.714338787178481e-8
1962	3.7088052107502296e-8
1963	3.704807686584698e-8
1964	3.7003219264047206e-8
1965	3.6979877676274276e-8
1966	3.694111522705572e-8
1967	3.689617298070191e-8
1968	3.686325670190065e-8
1969	3.6832273360274743e-8
1970	3.679668367228461e-8
1971	3.673277647542599e-8
1972	3.6688024652676246e-8
1973	3.666761681116801e-8
1974	3.663238162339939e-8
1975	3.657919402217104e-8
1976	3.6540217414129715e-8
1977	3.650739526111372e-8
1978	3.647823608989258e-8
1979	3.643280149960629e-8
1980	3.634682121324757e-8
1981	3.630965568183721e-8
1982	3.6310618224494175e-8
1983	3.62623295468967e-8
1984	3.622272559951339e-8
1985	3.619040015777217e-8
1986	3.614909981284117e-8
1987	3.6112596426116306e-8
1988	3.606623494616588e-8
1989	3.6046747649902646e-8
1990	3.5991225849433025e-8
1991	3.594371730902242e-8
1992	3.5915348440146714e-8
1993	3.585381844609366e-8
1994	3.58168271033394e-8
1995	3.580371651064047e-8
1996	3.576393711142569e-8
1997	3.572692296976601e-8
1998	3.569444039813138e-8
1999	3.5642563087122785e-8
2000	3.561990774039529e-8
2001	3.556554695314445e-8