1	4.391540438204629e-12
2	8.782516459435883e-12
3	1.3175436962653678e-11
4	1.7567018927191677e-11
5	2.1958593659979545e-11
6	2.636276884761278e-11
7	3.0747340537852156e-11
8	3.514357148170515e-11
9	3.953308448817512e-11
10	4.392649180537524e-11
11	4.833713989747898e-11
12	5.2736469628713185e-11
13	5.7087670702811144e-11
14	6.153456488601216e-11
15	6.594022696391531e-11
16	7.033911757461889e-11
17	7.472464702897311e-11
18	7.915738750607016e-11
19	8.356056355469728e-11
20	8.79628190086361e-11
21	9.229192625271947e-11
22	9.679808986595165e-11
23	1.0113182777637861e-10
24	1.0558420284741683e-10
25	1.0999427726994259e-10
26	1.144011664003975e-10
27	1.188012261052439e-10
28	1.2331234985577404e-10
29	1.277635555280115e-10
30	1.3219682401570888e-10
31	1.366134123640015e-10
32	1.410697520964565e-10
33	1.4550199387582987e-10
34	1.5000360845652872e-10
35	1.5439000357956146e-10
36	1.589120705561818e-10
37	1.6335787244447108e-10
38	1.6810909976329953e-10
39	1.7240337213783603e-10
40	1.7678583747591698e-10
41	1.8130370727464747e-10
42	1.8565647627074766e-10
43	1.9013436642138056e-10
44	1.9455699582479495e-10
45	1.9910527859275783e-10
46	2.0373410647827788e-10
47	2.081734061062253e-10
48	2.1274602107820516e-10
49	2.1727215057132688e-10
50	2.2175244468991738e-10
51	2.2627115167901355e-10
52	2.3110324719924879e-10
53	2.3533397349135773e-10
54	2.39796356278732e-10
55	2.439774948127766e-10
56	2.486592326311845e-10
57	2.5356691167766236e-10
58	2.5777841292062405e-10
59	2.626998471099242e-10
60	2.6724400510727137e-10
61	2.7165345535567755e-10
62	2.7624433783820417e-10
63	2.809190396154109e-10
64	2.853439611065321e-10
65	2.8979584325983944e-10
66	2.9471312383499554e-10
67	2.991805561961229e-10
68	3.040274516344267e-10
69	3.0880508667042773e-10
70	3.136038454440173e-10
71	3.184607577872838e-10
72	3.228578311609647e-10
73	3.2761708583044187e-10
74	3.322505942495418e-10
75	3.367768837063886e-10
76	3.414688582324092e-10
77	3.460529120724881e-10
78	3.5058022543327427e-10
79	3.55454054492584e-10
80	3.5942664087666937e-10
81	3.650667824179556e-10
82	3.700398154156691e-10
83	3.7499417206585554e-10
84	3.7915459161171097e-10
85	3.838641293883732e-10
86	3.8869045135501487e-10
87	3.9326220359775877e-10
88	3.9823044169966247e-10
89	4.0106500791393977e-10
90	4.0578745809525473e-10
91	4.1072713085266354e-10
92	4.1595209307914e-10
93	4.2067875787594313e-10
94	4.272872334071802e-10
95	4.3238946321998563e-10
96	4.3678351507213755e-10
97	4.417289070689018e-10
98	4.473602976033327e-10
99	4.522284849160621e-10
100	4.567700544411335e-10
101	4.6226935487175647e-10
102	4.656990656463523e-10
103	4.707265726168562e-10
104	4.747534488597527e-10
105	4.809146542393714e-10
106	4.867910504935085e-10
107	4.913421804254498e-10
108	4.977092325137119e-10
109	5.017083551930714e-10
110	5.069602323750572e-10
111	5.11457397730784e-10
112	5.170848758092985e-10
113	5.044319809359873e-10
114	5.272100109808241e-10
115	5.323627201829811e-10
116	5.368932723914547e-10
117	5.425789606888127e-10
118	5.473336835837935e-10
119	5.52410146860711e-10
120	5.570658822903032e-10
121	5.634114009892178e-10
122	5.679805075896477e-10
123	5.727500967187419e-10
124	5.781824550854807e-10
125	5.835000350564289e-10
126	5.885072149290621e-10
127	5.940137820293944e-10
128	5.987921255566042e-10
129	6.039790031615182e-10
130	6.068610225082151e-10
131	6.149579614902224e-10
132	6.202360413319264e-10
133	6.252152528550603e-10
134	6.305538784180298e-10
135	6.366099591490586e-10
136	6.422068137199069e-10
137	6.472407093908003e-10
138	6.516628156187251e-10
139	6.567106098968938e-10
140	6.633767186266271e-10
141	6.686673988203927e-10
142	6.746675589233527e-10
143	6.800860680243094e-10
144	6.867380089759978e-10
145	6.91199959385048e-10
146	6.964528371927787e-10
147	7.015855504386003e-10
148	7.048642647610372e-10
149	7.068470967731808e-10
150	7.186000959737946e-10
151	7.189114690560496e-10
152	7.282669473872334e-10
153	7.350581846853278e-10
154	7.411363020694025e-10
155	7.475688267717673e-10
156	7.523963426534733e-10
157	7.579127229737518e-10
158	7.637141568881887e-10
159	7.701915751007511e-10
160	7.771473293991751e-10
161	7.814127694493391e-10
162	7.865476309075909e-10
163	7.916992557096685e-10
164	7.981091933382698e-10
165	8.0393944292448e-10
166	8.095909604973791e-10
167	8.164170842043508e-10
168	8.216356316822638e-10
169	8.293301167301275e-10
170	8.347517436398645e-10
171	8.386511650941854e-10
172	8.443610192392095e-10
173	8.497619107661884e-10
174	8.570109947706634e-10
175	8.637603020469094e-10
176	8.710556393865166e-10
177	8.772741559423726e-10
178	8.83696163466216e-10
179	8.879931786029641e-10
180	8.947993335597612e-10
181	9.005512055833752e-10
182	9.074312917604284e-10
183	9.143921917127444e-10
184	9.186823704716654e-10
185	9.242988553228489e-10
186	9.315226997410626e-10
187	9.357424983882174e-10
188	9.450968376771041e-10
189	9.538579878690218e-10
190	9.565963979151842e-10
191	9.6438977740653e-10
192	9.731448001658192e-10
193	9.774572445951374e-10
194	9.828620792099302e-10
195	9.909517489201576e-10
196	9.962270388780542e-10
197	1.0045333677788248e-9
198	1.0091710643634304e-9
199	1.0147970952142524e-9
200	1.0221667808322896e-9
201	1.0256134015109074e-9
202	1.0347573372028513e-9
203	1.0417929871610426e-9
204	1.047084665263958e-9
205	1.0548665902055283e-9
206	1.063580764059208e-9
207	1.0698680151531336e-9
208	1.0775308101218356e-9
209	1.0829993122209656e-9
210	1.0906800025009967e-9
211	1.1008172883477878e-9
212	1.1035451757363714e-9
213	1.1113578699549114e-9
214	1.1184858248637125e-9
215	1.1215020046279042e-9
216	1.1291550371438184e-9
217	1.139504587029967e-9
218	1.1462232008704792e-9
219	1.155220880814567e-9
220	1.1602431178672858e-9
221	1.1682799865405584e-9
222	1.1734025396673446e-9
223	1.1793770833742372e-9
224	1.1802128458407575e-9
225	1.1859109883388352e-9
226	1.1778443695212088e-9
227	1.2111526103149171e-9
228	1.2193917111461493e-9
229	1.2271458865617484e-9
230	1.2323631143286602e-9
231	1.2404853735020418e-9
232	1.2469117755367872e-9
233	1.2548490620867862e-9
234	1.2611583868419711e-9
235	1.2695455829771223e-9
236	1.274411179538687e-9
237	1.2845568895000915e-9
238	1.292438399704999e-9
239	1.3006591383047802e-9
240	1.306969395034634e-9
241	1.3151703395515225e-9
242	1.3231761183593928e-9
243	1.3316819342410807e-9
244	1.3405862829137197e-9
245	1.3460039603212724e-9
246	1.353335517826142e-9
247	1.3630553626599896e-9
248	1.3739907263787016e-9
249	1.37996089221457e-9
250	1.3866852588667957e-9
251	1.3961095637327844e-9
252	1.402401268796409e-9
253	1.4099057718711571e-9
254	1.4173109231301436e-9
255	1.426596747332163e-9
256	1.4353869952349086e-9
257	1.4447774271947487e-9
258	1.4533968280649074e-9
259	1.4596444396255352e-9
260	1.4684607655769358e-9
261	1.473759176928717e-9
262	1.48501233458789e-9
263	1.4923576113131942e-9
264	1.5006313198241334e-9
265	1.5108313952290496e-9
266	1.5149930347827424e-9
267	1.5249521536417847e-9
268	1.537261826249587e-9
269	1.544853469442977e-9
270	1.5528552090103743e-9
271	1.5609190430436552e-9
272	1.57259217646129e-9
273	1.5791859602734494e-9
274	1.578387644265114e-9
275	1.599021669882498e-9
276	1.6059832855732925e-9
277	1.6170555620727426e-9
278	1.6258099499219156e-9
279	1.6341346274349832e-9
280	1.6410431605607753e-9
281	1.6506795007226922e-9
282	1.6563820097043903e-9
283	1.6677050819964244e-9
284	1.6771833627156874e-9
285	1.6870812317394783e-9
286	1.6972188336375991e-9
287	1.7083374661350133e-9
288	1.7155645145614726e-9
289	1.724016806991934e-9
290	1.7328584435355228e-9
291	1.742596645590408e-9
292	1.7526917983075374e-9
293	1.75275549353058e-9
294	1.7646496622767715e-9
295	1.7761005467386006e-9
296	1.7870414137972834e-9
297	1.8015779357075646e-9
298	1.8121263074969367e-9
299	1.8202249966770752e-9
300	1.8297601872281485e-9
301	1.8393382814168516e-9
302	1.8482021655357216e-9
303	1.8585727773540288e-9
304	1.8678708390953023e-9
305	1.8792318754243045e-9
306	1.891247271842405e-9
307	1.900802119008191e-9
308	1.9107734388999338e-9
309	1.9197771747317185e-9
310	1.9341134457875988e-9
311	1.9442980784432057e-9
312	1.951416242976948e-9
313	1.9617679445126188e-9
314	1.967966171618972e-9
315	1.982432333370226e-9
316	1.9910022185983356e-9
317	2.0035887689541213e-9
318	2.012344703067621e-9
319	2.023723117021578e-9
320	2.0651872990894974e-9
321	2.028542095003558e-9
322	2.054952606601516e-9
323	2.066409654689367e-9
324	2.0783923470565678e-9
325	2.088936540605987e-9
326	2.1015699717770146e-9
327	2.1116941409458e-9
328	2.121571441963101e-9
329	2.1305249385231045e-9
330	2.1434350745633395e-9
331	2.150468672398224e-9
332	2.1634715048575837e-9
333	2.1786600665296164e-9
334	2.1241771666922888e-9
335	2.2018926387894447e-9
336	2.208836997824526e-9
337	2.2239141744976703e-9
338	2.2336503342035785e-9
339	2.2450340956605093e-9
340	2.256284308373471e-9
341	2.260917452720231e-9
342	2.274042382584749e-9
343	2.292975059964348e-9
344	2.3103030769647396e-9
345	2.3165866230513688e-9
346	2.33095974223864e-9
347	2.3388482625485444e-9
348	2.3507518919959077e-9
349	2.3639323204008605e-9
350	2.3743679019737693e-9
351	2.385856163536651e-9
352	2.398295126388601e-9
353	2.4055121610120993e-9
354	2.425121944046881e-9
355	2.43888398308827e-9
356	2.455357111633092e-9
357	2.4597756424863663e-9
358	2.4716964975849877e-9
359	2.484447329578142e-9
360	2.5010187859702593e-9
361	2.512843548099962e-9
362	2.525503781083403e-9
363	2.5372758555018505e-9
364	2.5462343862831377e-9
365	2.5630837393301267e-9
366	2.559430409348321e-9
367	2.5900366014309985e-9
368	2.600138007934356e-9
369	2.61181011010909e-9
370	2.628593019969119e-9
371	2.6440269429102865e-9
372	2.6492901997803965e-9
373	2.660651343906645e-9
374	2.673963536718541e-9
375	2.6948080412633985e-9
376	2.709726981776065e-9
377	2.687484233328176e-9
378	2.7377896153795485e-9
379	2.7508593404881926e-9
380	2.7620408158647864e-9
381	2.778085319427394e-9
382	2.7948723978794574e-9
383	2.8034786526074845e-9
384	2.8208797121443223e-9
385	2.839753957032862e-9
386	2.855521615938451e-9
387	2.859139504661515e-9
388	2.8389243032223885e-9
389	2.889686810372938e-9
390	2.903278446875606e-9
391	2.9175264436991383e-9
392	2.9352107120736106e-9
393	2.938069215413386e-9
394	2.953893889261695e-9
395	2.8750696160130515e-9
396	2.984426852989609e-9
397	3.0004030369938333e-9
398	3.0211384551477696e-9
399	3.035722713221459e-9
400	3.0508784945727336e-9
401	3.0640928796678422e-9
402	3.0751491404692773e-9
403	3.095185265189902e-9
404	3.107300258044002e-9
405	3.1206776841010957e-9
406	3.1403435535254353e-9
407	3.1586225186274543e-9
408	3.1720450610897715e-9
409	3.1835409662948214e-9
410	3.204060584215005e-9
411	3.2182517381579734e-9
412	3.2318135352690256e-9
413	3.2483702210601637e-9
414	3.2638405881585708e-9
415	3.2833814318731863e-9
416	3.2981525138557904e-9
417	3.3095489247033173e-9
418	3.3273577899854435e-9
419	3.3485655996201706e-9
420	3.3546527341643677e-9
421	3.3747516703988346e-9
422	3.3928570684960018e-9
423	3.4190703938309536e-9
424	3.42714910159084e-9
425	3.4439172048908933e-9
426	3.4615960725421177e-9
427	3.484715038963044e-9
428	3.4917209178131884e-9
429	3.5061312630318225e-9
430	3.521067751407251e-9
431	3.5514600261347384e-9
432	3.556049339094387e-9
433	3.5792044094957493e-9
434	3.5965141823282e-9
435	3.6068531764205264e-9
436	3.633288085764522e-9
437	3.645079097861516e-9
438	3.6580005571209027e-9
439	3.6776365571047116e-9
440	3.70182602248098e-9
441	3.71862524866452e-9
442	3.741115463362597e-9
443	3.7582375365470895e-9
444	3.773433572547376e-9
445	3.7775443006690645e-9
446	3.812230296015198e-9
447	3.8257174378015674e-9
448	3.8477976905026745e-9
449	3.824500675376937e-9
450	3.8745088590169616e-9
451	3.900039716371434e-9
452	3.933427417314631e-9
453	3.941370080805019e-9
454	3.952054163771241e-9
455	3.9769458900977695e-9
456	3.998721497427107e-9
457	4.009927589141788e-9
458	4.03684928634321e-9
459	4.055720211835459e-9
460	4.075414824105301e-9
461	4.090505253170907e-9
462	4.108955491903343e-9
463	4.1289053908636575e-9
464	4.150259009491402e-9
465	4.166408423451711e-9
466	4.189851226046809e-9
467	4.206828681564345e-9
468	4.228171702217056e-9
469	4.249101142333385e-9
470	4.267939525969313e-9
471	4.28898386651504e-9
472	4.306688218020795e-9
473	4.327753283239642e-9
474	4.351746061458354e-9
475	4.377461593029863e-9
476	4.389531778027293e-9
477	4.4059183124953145e-9
478	4.437337062431166e-9
479	4.453353589409929e-9
480	4.477079561218155e-9
481	4.4907332033555215e-9
482	4.5155096887049056e-9
483	4.483828050347895e-9
484	4.5318529578630465e-9
485	4.5424287229583206e-9
486	4.5668615837721526e-9
487	4.588175415110168e-9
488	4.608792129699831e-9
489	4.632188082031272e-9
490	4.654533950047558e-9
491	4.678297508554967e-9
492	4.731308798353634e-9
493	4.7501013662718946e-9
494	4.7766898822092334e-9
495	4.796965718554561e-9
496	4.818414196547927e-9
497	4.827321664167606e-9
498	4.8658124592551925e-9
499	4.886860989182071e-9
500	4.906573390928559e-9
501	4.926578858739342e-9
502	4.957652491758876e-9
503	4.979761237974255e-9
504	4.9987872533208355e-9
505	5.0196919888260115e-9
506	5.041303902943482e-9
507	5.078850220259625e-9
508	5.092589333576819e-9
509	5.109487797644727e-9
510	5.142303622501311e-9
511	5.162751057044654e-9
512	5.1858360842673655e-9
513	5.202005491918738e-9
514	5.231753365218044e-9
515	5.254497090220738e-9
516	5.270173988193246e-9
517	5.3029788431729826e-9
518	5.337105863763421e-9
519	5.335206433234518e-9
520	5.3795198024069856e-9
521	5.366847282432747e-9
522	5.428371250245262e-9
523	5.4513235606029666e-9
524	5.482352930417398e-9
525	5.3143128961544135e-9
526	5.530454510104706e-9
527	5.543161939986438e-9
528	5.584216029986825e-9
529	5.600792219374001e-9
530	5.62806275838265e-9
531	5.656413308892484e-9
532	5.68325976049059e-9
533	5.708251862015897e-9
534	5.735562025707699e-9
535	5.767677480808089e-9
536	5.789080333479652e-9
537	5.811080302941263e-9
538	5.838769513512256e-9
539	5.9904027633619815e-9
540	5.892352515440714e-9
541	5.915489837178638e-9
542	5.943840173184506e-9
543	5.974017322372276e-9
544	6.005431394193993e-9
545	6.0283474693012895e-9
546	6.0563767262165125e-9
547	6.081001837615292e-9
548	6.10362112438866e-9
549	6.1376156692182205e-9
550	6.163628911740993e-9
551	6.188997465943275e-9
552	6.21268637246552e-9
553	6.248281105069135e-9
554	6.272115134940455e-9
555	6.294075953746064e-9
556	6.330368354505728e-9
557	6.3562132396348166e-9
558	6.387361309488934e-9
559	6.417097779333604e-9
560	6.4399805934265335e-9
561	6.466231779225137e-9
562	6.498432413773965e-9
563	6.5282372240164555e-9
564	6.555976864086363e-9
565	6.597190361466277e-9
566	6.619001181933384e-9
567	6.647486280027751e-9
568	6.677294934695394e-9
569	6.7037820905008275e-9
570	6.744029964254715e-9
571	6.764565389019332e-9
572	6.7977363296864825e-9
573	6.839902106037917e-9
574	6.8613406261335675e-9
575	6.811984399961415e-9
576	6.85240125798993e-9
577	6.949269554643217e-9
578	6.9781819869004136e-9
579	7.008434835390008e-9
580	7.038015703174681e-9
581	7.026456528379394e-9
582	7.094519016042774e-9
583	7.128396968524554e-9
584	7.16010595500524e-9
585	7.195984350517805e-9
586	7.224576192473025e-9
587	7.245220857465712e-9
588	7.286974459002629e-9
589	7.323383701983216e-9
590	7.351714070708672e-9
591	7.379344915748098e-9
592	7.413037285240082e-9
593	7.447781631644549e-9
594	7.483030015307414e-9
595	7.518730268986161e-9
596	7.545992693396645e-9
597	7.580276875327326e-9
598	7.611511012634084e-9
599	7.638407690574468e-9
600	7.678410331745896e-9
601	7.71870642334638e-9
602	7.745405570939593e-9
603	7.770342316123462e-9
604	7.807368460309957e-9
605	7.860021985167026e-9
606	7.878874118055747e-9
607	7.921860134240107e-9
608	7.951619868981149e-9
609	7.993617964364643e-9
610	8.035591360405679e-9
611	8.050290876996427e-9
612	8.081593939184555e-9
613	8.127090303805558e-9
614	8.151104158455969e-9
615	8.189862361727543e-9
616	8.219874653683375e-9
617	8.257190441816035e-9
618	8.30029732440173e-9
619	8.34401361766897e-9
620	8.385170325767194e-9
621	8.411136294019822e-9
622	8.440546681242229e-9
623	8.473047962674586e-9
624	8.503513448524054e-9
625	8.54713523169045e-9
626	8.580204558880399e-9
627	8.612122790805832e-9
628	8.65879373843653e-9
629	8.686319620767592e-9
630	8.708343264713381e-9
631	8.760229150723745e-9
632	8.792283438584236e-9
633	8.835490737204791e-9
634	8.879832653311362e-9
635	8.909665723060599e-9
636	8.936443285294599e-9
637	8.996164418411096e-9
638	9.02654720755071e-9
639	9.06104761950195e-9
640	9.089259524682983e-9
641	9.127070321405332e-9
642	9.16499313764819e-9
643	9.20886925387554e-9
644	9.244461701034004e-9
645	9.286281606547955e-9
646	9.33793850384015e-9
647	9.354208581572356e-9
648	9.393384927228465e-9
649	9.445367978138954e-9
650	9.472135674995853e-9
651	9.51547452968438e-9
652	9.566619112826777e-9
653	9.609440490908216e-9
654	9.647736180623618e-9
655	9.688022986309325e-9
656	9.728976764620706e-9
657	9.757990235657293e-9
658	9.794335058310032e-9
659	9.8417714783601e-9
660	9.87358609790282e-9
661	9.914072929647507e-9
662	9.956258654919336e-9
663	1.0010790376327593e-8
664	1.0035812062052695e-8
665	1.015789373695146e-8
666	1.012200562330139e-8
667	1.0342053888985283e-8
668	1.0233864483640745e-8
669	1.0250281487898183e-8
670	1.0280603165151106e-8
671	1.0332039534962958e-8
672	1.0378367833352983e-8
673	1.0400309633838387e-8
674	1.044551124009208e-8
675	1.049442212235586e-8
676	1.0538889931001294e-8
677	1.0586574312231696e-8
678	1.0628580486120712e-8
679	1.0671181068913515e-8
680	1.074107299095851e-8
681	1.077554826368023e-8
682	1.0810384675752159e-8
683	1.0845903251967788e-8
684	1.0901020973824078e-8
685	1.0936849275824726e-8
686	1.098124761399588e-8
687	1.1042872904584393e-8
688	1.1075491688680767e-8
689	1.1124575068938341e-8
690	1.1163844879660539e-8
691	1.1179652324645881e-8
692	1.123349536464302e-8
693	1.12873045163911e-8
694	1.130314673732216e-8
695	1.1356552569648244e-8
696	1.140946798591577e-8
697	1.1473093613492707e-8
698	1.1502806269117976e-8
699	1.1558781657091865e-8
700	1.1592748481067435e-8
701	1.1639210675706068e-8
702	1.1698687215910203e-8
703	1.174385123338356e-8
704	1.1795432310991344e-8
705	1.182904017867694e-8
706	1.1887609801420256e-8
707	1.1923080364512707e-8
708	1.1993833244547279e-8
709	1.202369613545468e-8
710	1.2066049230004294e-8
711	1.2119799853098824e-8
712	1.2168186848405142e-8
713	1.2206106540239972e-8
714	1.2258432412266482e-8
715	1.2308908127345575e-8
716	1.2367634485552427e-8
717	1.2398056129371563e-8
718	1.2449455706067498e-8
719	1.2512546588548492e-8
720	1.2561013433787115e-8
721	1.2601073061570507e-8
722	1.2650361995888962e-8
723	1.2704403432617413e-8
724	1.2729552775153584e-8
725	1.2781064400198438e-8
726	1.2834507776649427e-8
727	1.289022282647805e-8
728	1.2949108791255813e-8
729	1.299527440906693e-8
730	1.3041219665119995e-8
731	1.3110478657797005e-8
732	1.3150714383542616e-8
733	1.320107050135326e-8
734	1.325718081216586e-8
735	1.3294747924394916e-8
736	1.334005455503259e-8
737	1.3386189344425486e-8
738	1.3438478994697937e-8
739	1.3496235903109385e-8
740	1.3546914528914179e-8
741	1.358862879054751e-8
742	1.3641641723689525e-8
743	1.3736336685846918e-8
744	1.3752907676571813e-8
745	1.3849650520409457e-8
746	1.3847529354531541e-8
747	1.3898386260236459e-8
748	1.3952909798443653e-8
749	1.3940366818203486e-8
750	1.404444578931972e-8
751	1.4098169548447609e-8
752	1.4181164627627254e-8
753	1.4224344588032066e-8
754	1.4276706185918554e-8
755	1.4338302985869416e-8
756	1.4375243675671188e-8
757	1.4471025970306565e-8
758	1.4519767785387872e-8
759	1.4535524346264047e-8
760	1.4614484929446718e-8
761	1.4653973186383249e-8
762	1.4701026986161114e-8
763	1.4744768833216534e-8
764	1.4747175838519827e-8
765	1.4869154369529679e-8
766	1.490529569343777e-8
767	1.499091140459577e-8
768	1.5040891370354565e-8
769	1.5080487750539116e-8
770	1.514424969891314e-8
771	1.5192936358194512e-8
772	1.5257345488366365e-8
773	1.530215544508009e-8
774	1.5363331156916605e-8
775	1.5435205375510297e-8
776	1.548758604737855e-8
777	1.5530491833451808e-8
778	1.5596498341320843e-8
779	1.5645252376184352e-8
780	1.5700065588477155e-8
781	1.5746883720873115e-8
782	1.579612016017865e-8
783	1.585934399788716e-8
784	1.5921052825476373e-8
785	1.5958074879805757e-8
786	1.6035380411102838e-8
787	1.60884591617613e-8
788	1.6175360129258488e-8
789	1.621346294626849e-8
790	1.6276996396992298e-8
791	1.6323446734129682e-8
792	1.636337738573288e-8
793	1.6468818970121467e-8
794	1.6530437901534905e-8
795	1.656724674130418e-8
796	1.6624951399462524e-8
797	1.6687267410463952e-8
798	1.675289195126723e-8
799	1.6803605393380358e-8
800	1.6869553309859354e-8
801	1.6931858222487054e-8
802	1.698657045723533e-8
803	1.70298611021419e-8
804	1.709564055254265e-8
805	1.71650507015368e-8
806	1.726082867309325e-8
807	1.730265139226524e-8
808	1.7353742988635444e-8
809	1.739454337046076e-8
810	1.7446400713092155e-8
811	1.7550423944380486e-8
812	1.760900330247965e-8
813	1.7685375600973532e-8
814	1.765929577977801e-8
815	1.7880997186376688e-8
816	1.7907687230904702e-8
817	1.7910849645240657e-8
818	1.7994892824434084e-8
819	1.8050557697500426e-8
820	1.811380118870572e-8
821	1.8175452326436357e-8
822	1.823773521906523e-8
823	1.8320005039154465e-8
824	1.8339527997139192e-8
825	1.842945256574712e-8
826	1.8467562730419016e-8
827	1.854280254539956e-8
828	1.8620796030109804e-8
829	1.8685384280198262e-8
830	1.877410643868311e-8
831	1.8851978432787476e-8
832	1.8911600722333186e-8
833	1.895872142358532e-8
834	1.9023494811602045e-8
835	1.913041299065147e-8
836	1.9146769707905915e-8
837	1.921688392367425e-8
838	1.916624547059201e-8
839	1.9404195237139356e-8
840	1.9442896121306183e-8
841	1.9510961088648585e-8
842	1.9427933175652172e-8
843	1.965399728202678e-8
844	1.9657340936460377e-8
845	1.9640286086108404e-8
846	1.9770084645509586e-8
847	1.9751184377550932e-8
848	1.9839351121456758e-8
849	1.984982700495338e-8
850	1.992558363588856e-8
851	2.0013186605205026e-8
852	2.0067182651940582e-8
853	2.0146089562904188e-8
854	2.0188804774748697e-8
855	2.094007181930529e-8
856	2.035760893018735e-8
857	2.0958375029247414e-8
858	2.0464701184462364e-8
859	2.115532955243635e-8
860	2.0599195393273954e-8
861	2.0775482091619425e-8
862	2.083364708984985e-8
863	2.0933766205367488e-8
864	2.0871694053970393e-8
865	2.0914230411803095e-8
866	2.098490149806967e-8
867	2.1036713861728575e-8
868	2.1147916105347742e-8
869	2.1193264283901675e-8
870	2.1233136078119347e-8
871	2.1308429833702726e-8
872	2.129182411243964e-8
873	2.1582591462326406e-8
874	2.1678335870713472e-8
875	2.16141171369185e-8
876	2.1809944940840377e-8
877	2.1953561600849314e-8
878	2.179877352686729e-8
879	2.1861058110502706e-8
880	2.199238505569355e-8
881	2.1987830635430264e-8
882	2.2026459135079708e-8
883	2.213730030520738e-8
884	2.2199485940975245e-8
885	2.2254866007218534e-8
886	2.233782853251006e-8
887	2.244843339077459e-8
888	2.251540385663825e-8
889	2.2555881646313947e-8
890	2.260621048733208e-8
891	2.267992848492027e-8
892	2.2760651890261746e-8
893	2.2747158921662525e-8
894	2.2779148473207055e-8
895	2.300714404102874e-8
896	2.306280759740847e-8
897	2.3059971101458328e-8
898	2.322597043429446e-8
899	2.323241621936299e-8
900	2.339844141649923e-8
901	2.3327098205426982e-8
902	2.344187122166863e-8
903	2.349973504321069e-8
904	2.3598617482847633e-8
905	2.3736367663750757e-8
906	2.3704059829267358e-8
907	2.389522004684201e-8
908	2.391311977705064e-8
909	2.3964460021081886e-8
910	2.4029194011712562e-8
911	2.417314744761258e-8
912	2.4202365941678623e-8
913	2.430507805629207e-8
914	2.4304085068927023e-8
915	2.43589295164799e-8
916	2.4445156929542044e-8
917	2.4515976401741895e-8
918	2.46689343723377e-8
919	2.460686198203824e-8
920	2.4852613574263946e-8
921	2.4793258826319248e-8
922	2.474163499274286e-8
923	2.4945443322931534e-8
924	2.4964944652404834e-8
925	2.512980085688513e-8
926	2.5128663893620025e-8
927	2.5040833743751056e-8
928	2.5087532471086197e-8
929	2.5282816435125943e-8
930	2.5465686634964055e-8
931	2.5528398679264185e-8
932	2.5574857683168623e-8
933	2.5671549685032078e-8
934	2.5720303833682985e-8
935	2.587337071570887e-8
936	2.6823942297786176e-8
937	2.5954870859938362e-8
938	2.6064651411129004e-8
939	2.6107008440160872e-8
940	2.6204842997391947e-8
941	2.6278479562363162e-8
942	2.648667748243082e-8
943	2.644725482458829e-8
944	2.637489479144544e-8
945	2.6634232082540333e-8
946	2.6654960506978852e-8
947	2.6774628907417367e-8
948	2.6818783198560054e-8
949	2.683506202864469e-8
950	2.6974251090956437e-8
951	2.6869588670326932e-8
952	2.7077321391915863e-8
953	2.713711977654578e-8
954	2.7216287844540042e-8
955	2.735034112243126e-8
956	2.7335484338367257e-8
957	2.7528268402290152e-8
958	2.7493863478869548e-8
959	2.7614492799614183e-8
960	2.7727878452391856e-8
961	2.782163785808207e-8
962	2.7850450594556684e-8
963	2.789926562452908e-8
964	2.8003318204309477e-8
965	2.8033498847043446e-8
966	2.810969747628989e-8
967	2.8174172670940608e-8
968	2.8268864216069426e-8
969	2.8323280468037318e-8
970	2.8453539793963153e-8
971	2.8550323502524724e-8
972	2.8799950384767622e-8
973	2.8564323802076416e-8
974	2.8757359653724192e-8
975	2.8830902055800198e-8
976	2.889390521977559e-8
977	2.9027311988381133e-8
978	2.9059588039444866e-8
979	2.912816191745606e-8
980	2.9190000049577363e-8
981	2.943931766470894e-8
982	2.9402711752882624e-8
983	2.9382060676363455e-8
984	2.9408809136473536e-8
985	2.9691711398134588e-8
986	2.9559125076116525e-8
987	2.9749580183361256e-8
988	2.982172014975191e-8
989	3.004782758694229e-8
990	3.001656173608706e-8
991	3.015678720287885e-8
992	3.0413237480902825e-8
993	3.020470409678345e-8
994	3.040413170559512e-8
995	3.0394932886927484e-8
996	3.0414282578067985e-8
997	3.054060164200845e-8
998	3.07754326726566e-8
999	3.0774497593718153e-8
1000	3.079638254493205e-8
1001	3.087253905057436e-8
1002	3.095396203932625e-8
1003	3.100515464253282e-8
1004	3.1060839948870806e-8
1005	3.1209816862142275e-8
1006	3.127218281283455e-8
1007	3.138444993883216e-8
1008	3.144429876408898e-8
1009	3.151555392845754e-8
1010	3.1625706863185416e-8
1011	3.167142284238507e-8
1012	3.180178448029782e-8
1013	3.187917267646251e-8
1014	3.1877775019922606e-8
1015	3.1247433017921177e-8
1016	3.1324669384225244e-8
1017	3.139467811762854e-8
1018	3.223175425728502e-8
1019	3.235744379887053e-8
1020	3.244928744273648e-8
1021	3.251931690496143e-8
1022	3.261339171341974e-8
1023	3.265026604779165e-8
1024	3.2812834204568625e-8
1025	3.290767251950158e-8
1026	3.293726210706434e-8
1027	3.306735238467612e-8
1028	3.3078780024764905e-8
1029	3.324888666101248e-8
1030	3.331708022237612e-8
1031	3.344899334272095e-8
1032	3.365506767473403e-8
1033	3.345038295844653e-8
1034	3.3622146581396164e-8
1035	3.39180581854815e-8
1036	3.3801574350279315e-8
1037	3.389000758329018e-8
1038	3.4048436279832284e-8
1039	3.413449144622023e-8
1040	3.416224080975818e-8
1041	3.408528820636283e-8
1042	3.430368362571214e-8
1043	3.4434694566290625e-8
1044	3.448629014932897e-8
1045	3.455252269772604e-8
1046	3.4694807311711693e-8
1047	3.472444184851509e-8
1048	3.484382583666097e-8
1049	3.493339582064554e-8
1050	3.495547321749465e-8
1051	3.517629916169493e-8
1052	3.522810031291646e-8
1053	3.518971582822038e-8
1054	3.5250986140506915e-8
1055	3.5107204690095315e-8
1056	3.552526103043852e-8
1057	3.5604832344135695e-8
1058	3.5789091526187795e-8
1059	3.581005354079002e-8
1060	3.5933545637363255e-8
1061	3.5830194286095946e-8
1062	3.6164388862077606e-8
1063	3.601819975813005e-8
1064	3.62427271990973e-8
1065	3.637109931887267e-8
1066	3.6471315993851485e-8
1067	3.6906239036368173e-8
1068	3.662330266647388e-8
1069	3.678603504442222e-8
1070	3.676098597474691e-8
1071	3.682601305986428e-8
1072	3.696055956292577e-8
1073	3.719349156253263e-8
1074	3.699195701398076e-8
1075	3.713931775965142e-8
1076	3.704102343984883e-8
1077	3.742008409588792e-8
1078	3.756587824238463e-8
1079	3.7544701382554374e-8
1080	3.784862970037915e-8
1081	3.804586233340463e-8
1082	3.768341011254781e-8
1083	3.793746756940794e-8
1084	3.8021599234899093e-8
1085	3.819289357700626e-8
1086	3.825934992968637e-8
1087	3.853105283796108e-8
1088	3.846970625136148e-8
1089	3.8728731777874864e-8
1090	3.8531698188751e-8
1091	3.915686867969194e-8
1092	3.8819158769389225e-8
1093	3.910462891500309e-8
1094	3.952825191704331e-8
1095	3.9036114095163585e-8
1096	3.9265284806786884e-8
1097	3.9629814041997957e-8
1098	3.952290055738378e-8
1099	3.9582067659343305e-8
1100	3.981671017817213e-8
1101	3.993168926729551e-8
1102	3.990696271580166e-8
1103	4.005021419015564e-8
1104	4.0160022922470467e-8
1105	4.024919501866536e-8
1106	4.046089050986881e-8
1107	3.9672500296896e-8
1108	3.998164643613636e-8
1109	4.172270515913471e-8
1110	4.202642527047864e-8
1111	4.2750718301541366e-8
1112	4.098519051084334e-8
1113	4.107406268633772e-8
1114	4.1074402868723155e-8
1115	4.1367972865747916e-8
1116	4.125483066109115e-8
1117	3.9987562666495094e-8
1118	4.111810519568908e-8
1119	3.8311149260345955e-8
1120	4.1928477961528515e-8
1121	4.1973588890771357e-8
1122	4.193921928748653e-8
1123	3.987606524730545e-8
1124	4.2003338509811076e-8
1125	4.211709888811179e-8
1126	4.2330982346692436e-8
1127	4.273832022311445e-8
1128	4.279589481869256e-8
1129	4.2622191520760946e-8
1130	4.2900820161187826e-8
1131	4.292524254758446e-8
1132	4.3164709755644405e-8
1133	4.3135333746742995e-8
1134	4.3509396529617604e-8
1135	4.318421066055235e-8
1136	4.331740648504152e-8
1137	4.356925893618389e-8
1138	4.367852874683487e-8
1139	4.378768813713389e-8
1140	4.3968963339615405e-8
1141	4.406414528222834e-8
1142	4.4292331980469336e-8
1143	4.426603676863958e-8
1144	4.4351575011250734e-8
1145	4.449605455450996e-8
1146	4.476778095026033e-8
1147	4.510946728322062e-8
1148	4.498898387490825e-8
1149	4.556531180723218e-8
1150	4.507947591589988e-8
1151	4.5378362469130065e-8
1152	4.572189720932954e-8
1153	4.553618520798345e-8
1154	4.5601728890655786e-8
1155	4.5668451672794495e-8
1156	4.5808747218973865e-8
1157	4.598939029418737e-8
1158	4.614528519263706e-8
1159	4.6145803827621224e-8
1160	4.620255220808273e-8
1161	4.6379058782408357e-8
1162	4.6552180272033766e-8
1163	4.6642930604831956e-8
1164	4.6811506958897376e-8
1165	4.6862378872748174e-8
1166	4.693377049089615e-8
1167	4.740895697719157e-8
1168	4.729742915832306e-8
1169	4.743658168194136e-8
1170	4.76249135037929e-8
1171	4.77841409789147e-8
1172	4.801933216767723e-8
1173	4.777570283020893e-8
1174	4.8281670403325686e-8
1175	4.8315772176224425e-8
1176	4.84010867552674e-8
1177	4.864011964222799e-8
1178	4.86217665168761e-8
1179	4.898806385006023e-8
1180	4.893596108415372e-8
1181	4.919567624413353e-8
1182	4.941860578772609e-8
1183	4.93273263516678e-8
1184	4.9927638604535805e-8
1185	5.002413988712758e-8
1186	4.983443232300661e-8
1187	5.0069947771732536e-8
1188	5.013210889550912e-8
1189	5.0332029660771186e-8
1190	5.085918158777755e-8
1191	5.070080397914464e-8
1192	5.077979657014515e-8
1193	5.079156904056878e-8
1194	5.1112809766135905e-8
1195	5.1357744303539286e-8
1196	5.138787037731664e-8
1197	5.157722417306818e-8
1198	5.1597915699083336e-8
1199	5.1754700671117015e-8
1200	5.211704047296342e-8
1201	5.225399224077582e-8
1202	5.304081783528929e-8
1203	5.255853887501906e-8
1204	5.276678070392921e-8
1205	5.293942632330936e-8
1206	5.305582974289692e-8
1207	5.3471770937318954e-8
1208	5.329912574128417e-8
1209	5.362404372968234e-8
1210	5.388528263516058e-8
1211	5.3591505303564815e-8
1212	5.407355909684457e-8
1213	5.430359245235036e-8
1214	5.352144346264169e-8
1215	5.442379098691188e-8
1216	5.47257400665304e-8
1217	5.4978467193191094e-8
1218	5.514123680238761e-8
1219	5.530062927401837e-8
1220	5.547687665353249e-8
1221	5.572690760874669e-8
1222	5.585337206489749e-8
1223	5.6096567257452654e-8
1224	5.6253514585927755e-8
1225	5.652491715183335e-8
1226	5.6301779713817564e-8
1227	5.685083821669783e-8
1228	5.698808930201279e-8
1229	5.716878185010535e-8
1230	5.7464621363548904e-8
1231	5.768798467098727e-8
1232	5.776096234459118e-8
1233	5.8035558094713175e-8
1234	5.8334897415964754e-8
1235	5.846113649492481e-8
1236	5.868128283789066e-8
1237	5.8877974864569604e-8
1238	5.899131035013857e-8
1239	5.9262358644524224e-8
1240	5.938674612474942e-8
1241	5.95729130462906e-8
1242	6.002367129347634e-8
1243	6.00820947489392e-8
1244	6.039970282334987e-8
1245	6.058380046367184e-8
1246	6.096934995141097e-8
1247	6.098594940099082e-8
1248	6.11425480942456e-8
1249	6.137680303868551e-8
1250	6.16015098235751e-8
1251	6.182976823399344e-8
1252	6.208046203965389e-8
1253	6.220180704556868e-8
1254	6.255826941385145e-8
1255	6.26962824897539e-8
1256	6.29464798368674e-8
1257	6.323563754921134e-8
1258	6.3401282238772e-8
1259	6.368824821974025e-8
1260	6.369661395126245e-8
1261	6.397225417103091e-8
1262	6.41607400979522e-8
1263	6.442229692263929e-8
1264	6.442698865089518e-8
1265	6.463223659694228e-8
1266	6.488392837382518e-8
1267	6.504214616039415e-8
1268	6.522903901339296e-8
1269	6.53621427279897e-8
1270	6.548732944744858e-8
1271	6.56326460975499e-8
1272	6.574012758117616e-8
1273	6.583693354843103e-8
1274	6.58012882738367e-8
1275	6.598899354218442e-8
1276	6.599788854121227e-8
1277	6.590600396033346e-8
1278	6.586180980357728e-8
1279	6.577698839707311e-8
1280	6.566068842321783e-8
1281	6.552124337870669e-8
1282	6.53053625333402e-8
1283	6.505084969901275e-8
1284	6.471714852340713e-8
1285	6.430098246669616e-8
1286	6.380858262294424e-8
1287	6.32181136706203e-8
1288	6.251396973206949e-8
1289	6.168111477468971e-8
1290	6.069261822578705e-8
1291	5.954283813107002e-8
1292	5.819193285147439e-8
1293	5.661327382513403e-8
1294	5.477298530937551e-8
1295	5.262950823100508e-8
1296	5.0137987442811144e-8
1297	4.724800600262743e-8
1298	4.3905722407919944e-8
1299	4.005833457468686e-8
1300	3.5662410611005175e-8
1301	3.07004864948042e-8
1302	2.521041224052378e-8
1303	1.933340032162931e-8
1304	1.337988997408656e-8
1305	7.885161398648851e-9
1306	3.56154304642741e-9
1307	9.939758845145565e-10
1308	9.893476106274092e-11
1309	3.960375913891954e-13
1310	0.
1311	0.
1312	0.
1313	0.
1314	0.
1315	0.
1316	0.
1317	0.
1318	0.
1319	2.429337342161819e-6
1320	2.3537407879420496e-6
1321	2.105465396800499e-6
1322	1.8772227396771643e-6
1323	1.687705697602342e-6
1324	1.5321281835758513e-6
1325	1.4026602771267845e-6
1326	1.2942117152758783e-6
1327	1.20188278014541e-6
1328	1.1231115824908069e-6
1329	1.0544234616180839e-6
1330	9.931557595591002e-7
1331	9.391078137520854e-7
1332	8.929732485217647e-7
1333	8.513716105275416e-7
1334	8.120104315951922e-7
1335	7.78381731894213e-7
1336	7.48689036102311e-7
1337	7.182616149437455e-7
1338	6.95080326506022e-7
1339	6.708150877084962e-7
1340	6.41941376360738e-7
1341	6.252722427507733e-7
1342	6.094635050358297e-7
1343	5.904788307606092e-7
1344	5.733302993238303e-7
1345	5.583778816862677e-7
1346	5.397265204208303e-7
1347	5.268328718823183e-7
1348	5.107218786041413e-7
1349	5.03632806274188e-7
1350	4.865303912604512e-7
1351	4.7599547893670063e-7
1352	4.654225065949782e-7
1353	4.577366738094235e-7
1354	4.59767162320562e-7
1355	4.436741310184653e-7
1356	4.270882868522587e-7
1357	4.271814322957505e-7
1358	4.1753544093096586e-7
1359	3.9309542850454405e-7
1360	4.0535925526401204e-7
1361	3.871751462471521e-7
1362	3.737898546132891e-7
1363	3.8367273802217016e-7
1364	3.699041555198489e-7
1365	3.6610463202502506e-7
1366	3.585950550873996e-7
1367	3.547311746407792e-7
1368	3.518922671774968e-7
1369	3.4841414315757584e-7
1370	3.3772094769220017e-7
1371	3.369907552528948e-7
1372	3.1488382311822475e-7
1373	3.3041160877057225e-7
1374	3.3454060041256496e-7
1375	3.1615306135400336e-7
1376	3.086460187467186e-7
1377	3.1792833256412667e-7
1378	2.9819952718210307e-7
1379	3.0672586676427966e-7
1380	3.0219900543672784e-7
1381	3.0579955885273955e-7
1382	2.9092032129318395e-7
1383	2.871575685109514e-7
1384	2.837712991697795e-7
1385	2.7861901828325134e-7
1386	2.7735935761730685e-7
1387	2.758528272562643e-7
1388	2.643705218489565e-7
1389	2.6624349853040527e-7
1390	2.690583194783367e-7
1391	2.6699341201024383e-7
1392	2.6414239744696155e-7
1393	2.652439898254444e-7
1394	2.6126024996085867e-7
1395	2.508050843183606e-7
1396	2.4816312350744687e-7
1397	2.522725065818635e-7
1398	2.478880187746367e-7
1399	2.467463212480768e-7
1400	2.387854192583922e-7
1401	2.39085894038851e-7
1402	2.3628147330509647e-7
1403	2.285563333712073e-7
1404	2.3252857335564101e-7
1405	2.329121647847781e-7
1406	2.413945738394088e-7
1407	2.243160666440508e-7
1408	2.3811545208381373e-7
1409	2.1680369777938802e-7
1410	2.1516470460099703e-7
1411	2.1907810654040216e-7
1412	2.1176356042427429e-7
1413	2.1212312191107307e-7
1414	2.075527974192511e-7
1415	2.0782116285588529e-7
1416	2.0978910132658498e-7
1417	2.059132420594005e-7
1418	2.0325667653753065e-7
1419	2.0301172249784135e-7
1420	2.063256086194271e-7
1421	2.0655227324758608e-7
1422	2.0573305972838733e-7
1423	2.0343501368787418e-7
1424	1.995118022956278e-7
1425	1.9630243553188954e-7
1426	1.9018674475736223e-7
1427	1.8696073674029552e-7
1428	1.942707930814781e-7
1429	1.9390607648991875e-7
1430	1.8090233542354963e-7
1431	1.8199694281727667e-7
1432	1.855530400063917e-7
1433	1.9331843812425898e-7
1434	2.0179747933291045e-7
1435	1.8300651948510418e-7
1436	1.778383766051769e-7
1437	1.7994969014113428e-7
1438	1.767115273139959e-7
1439	1.7068619749111698e-7
1440	1.7627934469080068e-7
1441	1.7023865479494416e-7
1442	1.6229427009098284e-7
1443	1.723678540807383e-7
1444	1.7295184102493607e-7
1445	1.6745111036259525e-7
1446	1.5208109921569131e-7
1447	1.679360356616613e-7
1448	1.685326174710471e-7
1449	1.6605479143051145e-7
1450	1.7018046659242406e-7
1451	1.704530529084781e-7
1452	1.5518276700207255e-7
1453	1.6132297042793337e-7
1454	1.6455517558967785e-7
1455	1.6599740471841543e-7
1456	1.5407502068151421e-7
1457	1.631278997181695e-7
1458	1.6053844556568993e-7
1459	1.7112881557127678e-7
1460	1.6229712041849452e-7
1461	1.625760092246908e-7
1462	1.5859763156408343e-7
1463	1.5395711781622504e-7
1464	1.5585450781826567e-7
1465	1.5900600978775424e-7
1466	1.5817494800151822e-7
1467	1.523995210132911e-7
1468	1.4518088731403442e-7
1469	1.5774000739297223e-7
1470	1.557594035955485e-7
1471	1.491205647918531e-7
1472	1.5328977305499503e-7
1473	1.5593052218777652e-7
1474	1.5212005819015854e-7
1475	1.4834513896004701e-7
1476	1.4488624740663213e-7
1477	1.7423618235626483e-7
1478	1.5158453818419137e-7
1479	1.483385954398355e-7
1480	1.544141890771098e-7
1481	1.523650427363126e-7
1482	1.4917506126535752e-7
1483	1.5391859434846628e-7
1484	1.4385062247708415e-7
1485	1.3631055762664905e-7
1486	1.3747544020555935e-7
1487	1.393244371212444e-7
1488	1.387219078036621e-7
1489	1.4096086281890115e-7
1490	1.370459021893743e-7
1491	1.4022248218028265e-7
1492	1.239142805779503e-7
1493	1.3820546269375796e-7
1494	1.362789221557924e-7
1495	1.2586628330341013e-7
1496	1.289522090722418e-7
1497	1.289458632894188e-7
1498	1.1657408063346315e-7
1499	1.2887484638509823e-7
1500	1.3059681730172313e-7
1501	1.294005724202734e-7
1502	1.0906763797772043e-7
1503	1.2848766997384566e-7
1504	1.2824001672895827e-7
1505	1.256023523028816e-7
1506	1.1397229120326289e-7
1507	1.1762162098207109e-7
1508	1.1721553433025252e-7
1509	1.2218682928893188e-7
1510	1.2096885189709293e-7
1511	1.1371655451603346e-7
1512	1.1728713447846541e-7
1513	1.1730335857500599e-7
1514	1.2084332915723464e-7
1515	1.212295460463854e-7
1516	1.2112598480735924e-7
1517	1.1480487844149113e-7
1518	1.267892854195623e-7
1519	1.164004993902622e-7
1520	1.1976236763717245e-7
1521	1.1682235022981129e-7
1522	1.1660960667827394e-7
1523	1.2141484197869767e-7
1524	1.210455282120552e-7
1525	1.1791770592746506e-7
1526	1.1813092144099551e-7
1527	1.1850330282306411e-7
1528	1.155780001087662e-7
1529	1.1459166258622976e-7
1530	1.0691632887980664e-7
1531	1.1225747695711494e-7
1532	1.1280145673908367e-7
1533	1.1144364312308117e-7
1534	1.1289824133891809e-7
1535	1.099803015196851e-7
1536	9.785248052437804e-8
1537	1.1283292379468175e-7
1538	1.0858953646951624e-7
1539	1.1362272473349724e-7
1540	1.1164041383495319e-7
1541	1.1379678289796423e-7
1542	1.0781753954081178e-7
1543	1.1140935181148147e-7
1544	1.1416726499039853e-7
1545	1.1237760006421142e-7
1546	1.0599218194408988e-7
1547	1.1258403173722462e-7
1548	1.1184360807898906e-7
1549	1.1608792840271017e-7
1550	1.1333323646700347e-7
1551	1.1975821714279326e-7
1552	1.0236398427215224e-7
1553	1.0553340350559295e-7
1554	1.0496933449977608e-7
1555	1.0401113767899195e-7
1556	1.0228772050617179e-7
1557	1.0365020105914014e-7
1558	9.919751525372737e-8
1559	9.974482750648371e-8
1560	1.0851868019015459e-7
1561	1.0786302561256551e-7
1562	1.0366165233001235e-7
1563	1.0848677065865444e-7
1564	1.0929638427027639e-7
1565	1.0558691168070545e-7
1566	1.0101422350633788e-7
1567	1.0437975628272406e-7
1568	1.0619224928037781e-7
1569	1.0244198622031818e-7
1570	9.942720246555024e-8
1571	1.0075745896589176e-7
1572	1.0164534168721833e-7
1573	9.965907128447413e-8
1574	1.0601438199377545e-7
1575	9.371586327021785e-8
1576	1.0068806656750072e-7
1577	9.45958703216247e-8
1578	9.60912486004882e-8
1579	9.774225043464586e-8
1580	9.545854085082226e-8
1581	9.592103881326539e-8
1582	9.67980722599886e-8
1583	9.539504991804977e-8
1584	9.554404538684857e-8
1585	9.466605395099515e-8
1586	9.178380870060459e-8
1587	9.505566971299936e-8
1588	9.517605221286869e-8
1589	9.550913669980436e-8
1590	9.564286196936771e-8
1591	9.374217109094804e-8
1592	9.992688074729644e-8
1593	9.564827406570728e-8
1594	9.520396348878626e-8
1595	9.493771671876561e-8
1596	9.483550162701845e-8
1597	9.353976575083777e-8
1598	9.644631336794079e-8
1599	1.0165887085215172e-7
1600	9.049802424565701e-8
1601	9.356850486151689e-8
1602	9.404364650897436e-8
1603	9.280212626798563e-8
1604	8.421880143540948e-8
1605	8.994657544057316e-8
1606	9.142040359312254e-8
1607	8.655379883072002e-8
1608	8.821779351102725e-8
1609	8.978499641606145e-8
1610	9.045878671327262e-8
1611	9.187533581389133e-8
1612	8.469974038805153e-8
1613	8.544954140430917e-8
1614	8.704904018359194e-8
1615	8.57802681299459e-8
1616	8.57625992886534e-8
1617	8.674879635706804e-8
1618	8.728108629869859e-8
1619	8.912912708557505e-8
1620	8.762448145511663e-8
1621	8.727542596134235e-8
1622	8.72835315124212e-8
1623	8.489289197346791e-8
1624	8.637874974984366e-8
1625	8.681919066722747e-8
1626	8.601293724139306e-8
1627	8.611338342962441e-8
1628	8.657919266392488e-8
1629	8.324508293038215e-8
1630	8.760150697385289e-8
1631	8.527232937918004e-8
1632	8.074860495760559e-8
1633	8.301312245420412e-8
1634	8.639849767507807e-8
1635	8.113056955870219e-8
1636	8.446766881190285e-8
1637	8.388965848319054e-8
1638	8.369833644620256e-8
1639	7.773321129746576e-8
1640	8.152970346427649e-8
1641	8.24424758571135e-8
1642	8.216493090442526e-8
1643	8.087121231894291e-8
1644	7.993545351724863e-8
1645	7.762311956438106e-8
1646	8.146699559663319e-8
1647	8.162185828016919e-8
1648	8.191670455580358e-8
1649	7.958467528541209e-8
1650	7.830887709606433e-8
1651	7.973255631641824e-8
1652	7.885125893599943e-8
1653	7.843618107751323e-8
1654	7.790093275709575e-8
1655	8.077317184680021e-8
1656	7.95806589072461e-8
1657	8.205672612870793e-8
1658	7.246796667500183e-8
1659	8.052804196297486e-8
1660	7.96375430539655e-8
1661	7.968165808221708e-8
1662	8.005596809978064e-8
1663	7.923217203445226e-8
1664	8.061777851098503e-8
1665	7.777909639436066e-8
1666	7.724094213447148e-8
1667	7.776551916501217e-8
1668	7.669081629273607e-8
1669	7.684064914291519e-8
1670	6.262310590867758e-8
1671	7.480681592528398e-8
1672	7.617503012069376e-8
1673	7.620429419156222e-8
1674	8.253118667663995e-8
1675	8.02056562360515e-8
1676	7.877298826972815e-8
1677	7.483440707932617e-8
1678	7.579647844509568e-8
1679	7.673533260655298e-8
1680	7.513054379848859e-8
1681	7.567249050853964e-8
1682	7.693427668534117e-8
1683	7.631330112677317e-8
1684	7.640286119904202e-8
1685	7.621107417835389e-8
1686	7.422770759869583e-8
1687	7.493763096477957e-8
1688	7.54692679083615e-8
1689	7.607906874679053e-8
1690	7.62290471058808e-8
1691	7.320768141044069e-8
1692	7.397694283509905e-8
1693	7.580887806770434e-8
1694	7.308331001415172e-8
1695	7.283848604847807e-8
1696	7.269887109157845e-8
1697	7.232662505240157e-8
1698	7.368386283376784e-8
1699	7.443526736872507e-8
1700	7.429802920485323e-8
1701	7.287525504539649e-8
1702	7.230361256951525e-8
1703	7.42028607619888e-8
1704	7.480860014580554e-8
1705	7.359236838836825e-8
1706	7.416983881372615e-8
1707	7.3731270274813e-8
1708	7.153312308194343e-8
1709	7.040066722826494e-8
1710	7.240830114297267e-8
1711	6.850026545589877e-8
1712	7.088050428095629e-8
1713	7.010265723471017e-8
1714	7.102140798909352e-8
1715	7.089731096146464e-8
1716	7.109661129297175e-8
1717	6.968739980755768e-8
1718	6.790970151589356e-8
1719	6.821383133458717e-8
1720	6.932610494001207e-8
1721	6.93358500947753e-8
1722	6.971586835799016e-8
1723	7.071795136247505e-8
1724	6.745880296337149e-8
1725	6.502465946574649e-8
1726	6.847835404276585e-8
1727	6.82409253549057e-8
1728	6.675952738419178e-8
1729	6.81689986742277e-8
1730	6.821775077145932e-8
1731	6.759757634805603e-8
1732	6.799796309132929e-8
1733	6.593637236821904e-8
1734	6.765343627271201e-8
1735	6.761682072435809e-8
1736	6.811353009021007e-8
1737	6.810993886237293e-8
1738	6.694213713087265e-8
1739	6.37669882702042e-8
1740	6.615464265038106e-8
1741	6.712191266168808e-8
1742	6.666266527775483e-8
1743	6.495229566212504e-8
1744	6.578076962385437e-8
1745	6.564783105580976e-8
1746	6.58328347096236e-8
1747	6.600774453183727e-8
1748	6.768236541333566e-8
1749	6.647274283532393e-8
1750	6.6521749003984e-8
1751	6.530927717795228e-8
1752	6.686410508557024e-8
1753	6.630325767467872e-8
1754	6.507025689396509e-8
1755	6.416847254145136e-8
1756	6.373807376919136e-8
1757	6.426099946634621e-8
1758	6.454795508474158e-8
1759	6.47738914151651e-8
1760	6.551146344653921e-8
1761	6.295360372011446e-8
1762	6.467976737104423e-8
1763	6.375433037313949e-8
1764	6.589054813327819e-8
1765	6.342798419364105e-8
1766	6.257476211135998e-8
1767	6.246217889874893e-8
1768	6.147562871729406e-8
1769	6.206014639307127e-8
1770	6.284095903810045e-8
1771	6.43474055331431e-8
1772	6.291464672155931e-8
1773	6.415434014344374e-8
1774	6.427212307972143e-8
1775	6.22791489163456e-8
1776	6.261118196086462e-8
1777	6.210921180779979e-8
1778	6.312317007717265e-8
1779	6.381105842361041e-8
1780	6.240330559525746e-8
1781	6.262331592696153e-8
1782	6.315284202111208e-8
1783	6.17645675208846e-8
1784	6.164031567387111e-8
1785	6.019742162777556e-8
1786	6.069523399217154e-8
1787	6.09419264067031e-8
1788	6.047972395921036e-8
1789	6.172025461615381e-8
1790	6.077083385085705e-8
1791	6.011511257808179e-8
1792	6.00138250430081e-8
1793	5.86783574687716e-8
1794	6.035116250645614e-8
1795	6.074206545435206e-8
1796	5.99738408289758e-8
1797	6.025679824567107e-8
1798	6.079458594385517e-8
1799	6.029794757429899e-8
1800	5.907378648081631e-8
1801	5.96459386300983e-8
1802	5.6198347305061576e-8
1803	6.099507237067789e-8
1804	6.010040562319458e-8
1805	6.071241303774686e-8
1806	5.9412048305295786e-8
1807	5.713875851043739e-8
1808	5.766138956532812e-8
1809	5.782269492666257e-8
1810	5.902774559146939e-8
1811	5.9327145199246596e-8
1812	6.006273257172346e-8
1813	5.789216139977855e-8
1814	5.815213636865662e-8
1815	5.8446186961763116e-8
1816	5.839736826928722e-8
1817	5.695357484415543e-8
1818	5.589005074896583e-8
1819	5.6335423274430403e-8
1820	5.7615257537054996e-8
1821	5.701077878201009e-8
1822	5.763173405291351e-8
1823	5.696708858730778e-8
1824	5.7797780850192197e-8
1825	5.747883763202719e-8
1826	5.691199645834596e-8
1827	5.7105041073335256e-8
1828	5.7921863035233824e-8
1829	5.726923897077433e-8
1830	5.703579575196132e-8
1831	5.546956910053115e-8
1832	5.541298385436584e-8
1833	5.796891129727081e-8
1834	5.908720868057406e-8
1835	5.314607831857034e-8
1836	5.56495982523104e-8
1837	5.695841815275951e-8
1838	5.520091228287673e-8
1839	5.6682102165032733e-8
1840	5.546079327607962e-8
1841	5.548007097828414e-8
1842	5.565200975603931e-8
1843	5.71233185118467e-8
1844	5.448342186284373e-8
1845	5.485935255871941e-8
1846	5.5212358468083397e-8
1847	5.469394003609398e-8
1848	5.411946144016122e-8
1849	5.494414073962729e-8
1850	5.517364076620169e-8
1851	5.5774355017160276e-8
1852	5.411814618273459e-8
1853	5.390133612333809e-8
1854	5.3633057900324736e-8
1855	5.382625549196731e-8
1856	5.450983399521761e-8
1857	5.451453822505651e-8
1858	5.393912049735823e-8
1859	5.4121639677631977e-8
1860	5.4249754301701384e-8
1861	5.372156526204018e-8
1862	5.349122088559385e-8
1863	5.398077371995153e-8
1864	5.38986939632699e-8
1865	5.411672617227423e-8
1866	5.329453225215291e-8
1867	5.3803347903933236e-8
1868	5.384058226570064e-8
1869	5.342090527563979e-8
1870	5.360850380624464e-8
1871	5.484235818182957e-8
1872	5.2971245106796396e-8
1873	5.295100601151636e-8
1874	5.256585950451282e-8
1875	5.3299836003207484e-8
1876	5.3949386983709243e-8
1877	5.288550850701714e-8
1878	5.323813711287049e-8
1879	5.294193908751589e-8
1880	5.305557957924686e-8
1881	5.2399108332035386e-8
1882	5.268950573143179e-8
1883	5.2980995544050716e-8
1884	5.246204394008489e-8
1885	5.269954969710228e-8
1886	5.325580155503918e-8
1887	5.2488699707198244e-8
1888	5.27589794966714e-8
1889	5.296744213436389e-8
1890	5.2698261650866437e-8
1891	5.411117190791573e-8
1892	5.28500649460053e-8
1893	5.196607679548617e-8
1894	5.1917098365553e-8
1895	5.190950956575018e-8
1896	5.219831498475962e-8
1897	5.215326401572729e-8
1898	5.233780563430517e-8
1899	5.116614356436535e-8
1900	5.0892183087906845e-8
1901	5.129149635882414e-8
1902	5.0821499494777116e-8
1903	5.084368724231214e-8
1904	5.05153159176981e-8
1905	5.057501699938503e-8
1906	5.1325881187590545e-8
1907	5.06085118772093e-8
1908	5.0915413826693025e-8
1909	5.130532765861096e-8
1910	5.07762906946703e-8
1911	5.0888261507382337e-8
1912	5.044831256834236e-8
1913	4.979518415196934e-8
1914	5.024769139368004e-8
1915	5.0447191437493635e-8
1916	5.0743693407864654e-8
1917	5.0142080740848195e-8
1918	5.0377088072913486e-8
1919	5.014981666649437e-8
1920	4.995724300809652e-8
1921	5.002476267805802e-8
1922	5.028305820303054e-8
1923	4.973422320082159e-8
1924	4.9679646175674446e-8
1925	4.958051241902934e-8
1926	4.980098018778144e-8
1927	4.974245365321368e-8
1928	4.9665308436063785e-8
1929	4.9369399275032294e-8
1930	4.920164873417868e-8
1931	4.7588868548112765e-8
1932	4.9264001052243206e-8
1933	4.7976012940895245e-8
1934	4.870219875250898e-8
1935	4.879906550830918e-8
1936	4.8694992647139985e-8
1937	4.8709044131320385e-8
1938	4.812325798645153e-8
1939	4.818528050080899e-8
1940	4.8964475655219435e-8
1941	4.882193882713902e-8
1942	4.827513051436113e-8
1943	4.816133547368116e-8
1944	4.817784797629133e-8
1945	4.80997504723052e-8
1946	4.879081338115485e-8
1947	4.878834840631699e-8
1948	4.8355675716985125e-8
1949	4.7292296961947485e-8
1950	4.732558155674581e-8
1951	4.781512910481513e-8
1952	4.7814406257073696e-8
1953	4.765278835320902e-8
1954	4.812704814340483e-8
1955	4.7673442072598196e-8
1956	4.736727806801578e-8
1957	4.795475788921199e-8
1958	4.7593819835637205e-8
1959	4.692746450317085e-8
1960	4.721514698730368e-8
1961	4.7288846901182134e-8
1962	4.711781825628241e-8
1963	4.719814138600386e-8
1964	4.7139150506317694e-8
1965	4.690192757190535e-8
1966	4.672514077738756e-8
1967	4.7033061696537736e-8
1968	4.6789325324795304e-8
1969	4.6692529730606924e-8
1970	4.724662068149554e-8
1971	4.699413651607969e-8
1972	4.662491994183795e-8
1973	4.6841515308730325e-8
1974	4.6540867420043725e-8
1975	4.641682419325857e-8
1976	4.620584113803577e-8
1977	4.703017577497094e-8
1978	4.606410705453572e-8
1979	4.61396455601476e-8
1980	4.588898267728626e-8
1981	4.578582603401367e-8
1982	4.582219028795421e-8
1983	4.563760288445734e-8
1984	4.6038789533983276e-8
1985	4.6511479173385887e-8
1986	4.6593742734660716e-8
1987	4.67169121837876e-8
1988	4.7019225074870627e-8
1989	4.720051722168016e-8
1990	4.527273778263169e-8
1991	4.5271354127058875e-8
1992	4.527115980377272e-8
1993	4.478720909088916e-8
1994	4.34657206281902e-8
1995	4.5409825071481396e-8
1996	4.3628735186064615e-8
1997	4.484619473269009e-8
1998	4.3926764815310866e-8
1999	4.507298177818634e-8
2000	4.4665720791720016e-8
2001	4.343794058111773e-8