1	4.913921268046602e-11
2	9.828037532684788e-11
3	1.4742744240117268e-10
4	1.9656797633503288e-10
5	2.4572762985127197e-10
6	2.948753980883155e-10
7	3.4404131060760436e-10
8	3.932257723507791e-10
9	4.4239151322741816e-10
10	4.915801306018454e-10
11	5.407293683891415e-10
12	5.899948305751356e-10
13	6.391824251248544e-10
14	6.884494986417474e-10
15	7.365892115835121e-10
16	7.869640029987648e-10
17	8.360840800998983e-10
18	8.851215132294428e-10
19	9.347323515135404e-10
20	9.84463486711341e-10
21	1.0335141194095802e-9
22	1.0827360353326949e-9
23	1.132193122153767e-9
24	1.1813350710837035e-9
25	1.2308413390479094e-9
26	1.2795514279934269e-9
27	1.3296563221806583e-9
28	1.3787571105837042e-9
29	1.42644042389711e-9
30	1.4760791028900293e-9
31	1.5258050631161226e-9
32	1.5776462271998544e-9
33	1.6275524925564523e-9
34	1.6783128260409142e-9
35	1.7301246496888523e-9
36	1.775957608706852e-9
37	1.825824356710143e-9
38	1.8747415685955303e-9
39	1.9252261980681296e-9
40	1.9757127442801206e-9
41	2.0252345470326263e-9
42	2.0752681047075575e-9
43	2.126000153381672e-9
44	2.176856940395259e-9
45	2.221901791135652e-9
46	2.272075699320083e-9
47	2.3231405203866533e-9
48	2.3747907508767433e-9
49	2.4237580011226186e-9
50	2.4724733422221932e-9
51	2.5258459100031827e-9
52	2.577330985457018e-9
53	2.629865059981762e-9
54	2.678101546004647e-9
55	2.728514738851175e-9
56	2.7813013163557077e-9
57	2.8365294956315804e-9
58	2.8822246695320692e-9
59	2.9326318031446423e-9
60	2.9835426866513624e-9
61	3.032655830046458e-9
62	3.085192775487678e-9
63	3.1386232768624036e-9
64	3.189752940476959e-9
65	3.2361403920290354e-9
66	3.2870263490713037e-9
67	3.3395567045081184e-9
68	3.3914347091634994e-9
69	3.444278615541452e-9
70	3.497528862900669e-9
71	3.547445407915412e-9
72	3.6038043250478855e-9
73	3.648177185301507e-9
74	3.7004132429555167e-9
75	3.751188407889426e-9
76	3.804979015970462e-9
77	3.85648209536489e-9
78	3.910227477688184e-9
79	3.961049320986263e-9
80	4.012901726099878e-9
81	4.071496815138862e-9
82	4.122409175754525e-9
83	4.168791231680587e-9
84	4.228401307860635e-9
85	4.272667081517638e-9
86	4.324355401244286e-9
87	4.368743864585761e-9
88	4.4340840906596855e-9
89	4.492232637820272e-9
90	4.546963029383729e-9
91	4.5867641763819074e-9
92	4.641238219390756e-9
93	4.6985980213083385e-9
94	4.750800819539583e-9
95	4.804306818498298e-9
96	4.859322979816023e-9
97	4.963737215902784e-9
98	4.9649266669637306e-9
99	5.019527626021714e-9
100	5.059675193441386e-9
101	5.119420749479875e-9
102	5.177220943690933e-9
103	5.233757489161838e-9
104	5.319363168972471e-9
105	5.382098434830133e-9
106	5.394514065273215e-9
107	5.449337948258948e-9
108	5.568085156674643e-9
109	5.6300614073384986e-9
110	5.625715604785955e-9
111	5.670263979554585e-9
112	5.735179788840038e-9
113	5.781851251251796e-9
114	5.837051793468158e-9
115	5.889028017615158e-9
116	5.956045698978279e-9
117	6.005067410527501e-9
118	6.056865133080862e-9
119	6.1200926083513976e-9
120	6.089463328421056e-9
121	6.159614702670498e-9
122	6.280636212114043e-9
123	6.339625480646167e-9
124	6.395178122835339e-9
125	6.444783420198388e-9
126	6.507555416948516e-9
127	6.572051782018702e-9
128	6.6274924450563445e-9
129	6.684961821196336e-9
130	6.702043926455789e-9
131	6.78564021946697e-9
132	6.844919603687996e-9
133	6.909123912387738e-9
134	6.9687109557431645e-9
135	7.0232268218004e-9
136	7.078870387364939e-9
137	7.137075267291336e-9
138	7.190590542605578e-9
139	7.251592178330602e-9
140	7.316707882152125e-9
141	7.3646008880847555e-9
142	7.4305531157931314e-9
143	7.489989706907165e-9
144	7.550839037513284e-9
145	7.591347612495685e-9
146	7.663445086469258e-9
147	7.733146770425857e-9
148	7.786445505756974e-9
149	7.833153488183474e-9
150	7.882602212826308e-9
151	7.948372327595755e-9
152	8.024357937620824e-9
153	8.098363961130713e-9
154	8.154454492634657e-9
155	8.199150668041748e-9
156	8.269921479041729e-9
157	8.327882851506698e-9
158	8.397506005225748e-9
159	8.450113999463202e-9
160	8.514579419047252e-9
161	8.575172621759981e-9
162	8.644578898303987e-9
163	8.695992177592327e-9
164	8.757748253615657e-9
165	8.84163195690374e-9
166	8.889499793517642e-9
167	8.946911641107783e-9
168	9.005562138483245e-9
169	9.061726650123743e-9
170	9.142868140087939e-9
171	9.200730539254854e-9
172	9.220741312320621e-9
173	9.291050230851006e-9
174	9.32705072648375e-9
175	9.423852447510328e-9
176	9.483377481124598e-9
177	9.547313255471892e-9
178	9.642924853852065e-9
179	9.699502657461077e-9
180	9.770135937165956e-9
181	9.85236178752836e-9
182	9.895037389956332e-9
183	9.945826195236572e-9
184	1.002505816014392e-8
185	1.0100007081290817e-8
186	1.0148388303113738e-8
187	1.0216314767216258e-8
188	1.0254857017737226e-8
189	1.0315413351755737e-8
190	1.0409188731605357e-8
191	1.0490831878565969e-8
192	1.0549534326117995e-8
193	1.0620900156351013e-8
194	1.0678349382015954e-8
195	1.0748935246702382e-8
196	1.0803007725702212e-8
197	1.0854997194025357e-8
198	1.0957437313958266e-8
199	1.1025440179684167e-8
200	1.1075167643255801e-8
201	1.1163363838797291e-8
202	1.1233475812097225e-8
203	1.128370218334108e-8
204	1.135737273673068e-8
205	1.1420159709502737e-8
206	1.1472089072585683e-8
207	1.1560024754397154e-8
208	1.1624930601404974e-8
209	1.1705351446672644e-8
210	1.1761430929231878e-8
211	1.1830674120049112e-8
212	1.1907833518289754e-8
213	1.1993716192605118e-8
214	1.206511362797926e-8
215	1.2130942188148731e-8
216	1.2201141021935802e-8
217	1.2572459800161802e-8
218	1.2687289347013493e-8
219	1.2403027981654849e-8
220	1.2468814734780749e-8
221	1.2548012275493459e-8
222	1.2603507859709983e-8
223	1.2660789496418168e-8
224	1.2773539889803536e-8
225	1.2826802878079798e-8
226	1.290912297294129e-8
227	1.2973905328416705e-8
228	1.3069339940611807e-8
229	1.3143338887601757e-8
230	1.3201160075520251e-8
231	1.3284644328707442e-8
232	1.3364783646678717e-8
233	1.3440594871017248e-8
234	1.3543570251029039e-8
235	1.4262003584074494e-8
236	1.3638744662704893e-8
237	1.443168674602857e-8
238	1.4436580073694754e-8
239	1.4598961106779779e-8
240	1.4660736663175097e-8
241	1.403117476181272e-8
242	1.4080845442579416e-8
243	1.415915041711265e-8
244	1.4247987955772576e-8
245	1.4320514679970145e-8
246	1.4399011389730059e-8
247	1.4494149313208114e-8
248	1.4563607665617445e-8
249	1.4656890394787592e-8
250	1.4708961850713225e-8
251	1.4773447186697432e-8
252	1.4850901860992469e-8
253	1.4935390501981804e-8
254	1.50469328373527e-8
255	1.509646900942073e-8
256	1.5160887091093466e-8
257	1.5263537045337384e-8
258	1.5328763093420976e-8
259	1.5422123325435965e-8
260	1.5516505245499345e-8
261	1.5586213604373972e-8
262	1.566715373874572e-8
263	1.5759248350017365e-8
264	1.584638866385388e-8
265	1.592280383607605e-8
266	1.600723001662285e-8
267	1.6070911832882673e-8
268	1.6144554774763984e-8
269	1.6251360436487367e-8
270	1.6319586101216007e-8
271	1.6412934145175152e-8
272	1.6495785845066446e-8
273	1.6569614799308502e-8
274	1.6658794222183215e-8
275	1.6759808201309037e-8
276	1.6840004126237e-8
277	1.6902273073014818e-8
278	1.6977309726185628e-8
279	1.7078784239114844e-8
280	1.7168683870951776e-8
281	1.722838155855644e-8
282	1.7339276107760338e-8
283	1.7426304799414698e-8
284	1.751514986817813e-8
285	1.7627045507416802e-8
286	1.7676266026957493e-8
287	1.779872126751369e-8
288	1.7856096341262023e-8
289	1.7967811002584945e-8
290	1.8016982799263246e-8
291	1.8102205657372918e-8
292	1.8196231404916643e-8
293	1.8295984157374852e-8
294	1.8393389259070512e-8
295	1.8459684757687353e-8
296	1.8539022068472137e-8
297	1.8620324622261774e-8
298	1.910926578902016e-8
299	1.881184376180134e-8
300	1.8991591144212128e-8
301	1.900385657930929e-8
302	1.908389171132454e-8
303	1.916243245793217e-8
304	1.9272451723103928e-8
305	1.938953243345994e-8
306	1.941644127221395e-8
307	1.9508033367086254e-8
308	1.9634033088806765e-8
309	1.9708419225232206e-8
310	1.9801619824544946e-8
311	1.9899424727159056e-8
312	1.9998553409418896e-8
313	2.010742582994173e-8
314	2.016947376084472e-8
315	2.0271874016515284e-8
316	2.035550609294861e-8
317	2.0453412933502362e-8
318	2.0541814728691658e-8
319	2.0631166261645355e-8
320	2.0736385155188177e-8
321	2.084067592400475e-8
322	2.092991197700429e-8
323	2.10137793684707e-8
324	2.1108956922770977e-8
325	2.1208038977868425e-8
326	2.1338447830178724e-8
327	2.138682649137656e-8
328	2.1502736305454046e-8
329	2.1610760086304627e-8
330	2.1675636819201567e-8
331	2.178922509780075e-8
332	2.1877713601664877e-8
333	2.196543438130651e-8
334	2.2099218649902766e-8
335	2.2166083802388052e-8
336	2.227038733020635e-8
337	2.2349646562352332e-8
338	2.2472566632161705e-8
339	2.2387535595319358e-8
340	2.2676197432312e-8
341	2.2746101448021994e-8
342	2.285861149270203e-8
343	2.296622439673978e-8
344	2.3031647647409987e-8
345	2.315291007835475e-8
346	2.3245193602227306e-8
347	2.3349839920944452e-8
348	2.345900772133779e-8
349	2.3556425614674448e-8
350	2.365693995261794e-8
351	2.3780692967621733e-8
352	2.3878808070663012e-8
353	2.3974831951204133e-8
354	2.4066733429438608e-8
355	2.4176098532278537e-8
356	2.4260567130091994e-8
357	2.4397416032254773e-8
358	2.4510447991710313e-8
359	2.4593240661663824e-8
360	2.4697544561898745e-8
361	2.4776354249865716e-8
362	2.4899444179183682e-8
363	2.5003156311359176e-8
364	2.5101619095799433e-8
365	2.5214286151517858e-8
366	2.530602666185736e-8
367	2.5435377916792546e-8
368	2.5522053158384582e-8
369	2.5568323311714462e-8
370	2.5726087399538734e-8
371	2.5822799181914114e-8
372	2.5940982893054846e-8
373	2.6057171477937792e-8
374	2.6180193081495778e-8
375	2.628767535408144e-8
376	2.6396370920938672e-8
377	2.6512752619940957e-8
378	2.661316759620256e-8
379	2.6726513976283232e-8
380	2.6836579533462742e-8
381	2.6929817686622352e-8
382	2.704264225078278e-8
383	2.7143867358605902e-8
384	2.7105507847386924e-8
385	2.7364507551315963e-8
386	2.7464285452497873e-8
387	2.7611541283059967e-8
388	2.768361871429028e-8
389	2.783112387769931e-8
390	2.7897537903942326e-8
391	2.802588539959343e-8
392	2.8126917847646557e-8
393	2.8281536311698555e-8
394	2.8362639984450634e-8
395	2.85095800990354e-8
396	2.8593783031909083e-8
397	2.8723844465506378e-8
398	2.8827479301402683e-8
399	2.89038701454121e-8
400	2.9077546364875822e-8
401	2.912419928447404e-8
402	2.9284154005216766e-8
403	2.9366579951780508e-8
404	2.9403008111657357e-8
405	2.9608840389459998e-8
406	2.9733563424949613e-8
407	2.985541225972567e-8
408	2.9949703389888076e-8
409	3.012696829505271e-8
410	3.020194735811104e-8
411	3.0303222018778325e-8
412	3.0429443371370796e-8
413	3.048793823288998e-8
414	3.0719699895568226e-8
415	3.0713552261128627e-8
416	3.085999661661689e-8
417	3.0971610994360606e-8
418	3.111743858617221e-8
419	3.120645676626543e-8
420	3.136854051899687e-8
421	3.150370202074195e-8
422	3.1613773392928133e-8
423	3.171926924049956e-8
424	3.184860634623885e-8
425	3.1958627069548385e-8
426	3.208887574415378e-8
427	3.224119690303999e-8
428	3.2334961692350545e-8
429	3.248492658275923e-8
430	3.25755354735487e-8
431	3.267520355600976e-8
432	3.2789299924403355e-8
433	3.286299732481295e-8
434	3.2957556656012354e-8
435	3.314096335876183e-8
436	3.329588712706637e-8
437	3.343422025273688e-8
438	3.353193344502095e-8
439	3.363480380836854e-8
440	3.3753200295201546e-8
441	3.387401275303339e-8
442	3.4013370595959306e-8
443	3.4071583169958655e-8
444	3.4219854431810684e-8
445	3.4273882290613797e-8
446	3.4474480674898266e-8
447	3.4595676894203706e-8
448	3.4706001433001056e-8
449	3.485734415732267e-8
450	3.4990159061002286e-8
451	3.516606871804014e-8
452	3.5225253942179666e-8
453	3.53510631474119e-8
454	3.5470284668085005e-8
455	3.56413833186868e-8
456	3.568421903037895e-8
457	3.586328840392556e-8
458	3.5992356419573836e-8
459	3.611343263726105e-8
460	3.623351987627074e-8
461	3.6365404645639394e-8
462	3.650413894210548e-8
463	3.646726832008695e-8
464	3.668022591113602e-8
465	3.687659737887847e-8
466	3.714751745875082e-8
467	3.722153063574087e-8
468	3.735906504644936e-8
469	3.755346824952849e-8
470	3.7453797745949144e-8
471	3.7657129315115793e-8
472	3.777027751290708e-8
473	3.78798137930108e-8
474	3.834980579989752e-8
475	3.8135058396079206e-8
476	3.8273981363812363e-8
477	3.8422112788783406e-8
478	3.8639857846288555e-8
479	3.8742412522394087e-8
480	3.89352261610635e-8
481	3.90154689649265e-8
482	3.911085225456521e-8
483	3.911837287621021e-8
484	3.918894934637805e-8
485	3.938224247073154e-8
486	3.959060370558352e-8
487	3.962684577569804e-8
488	3.9788761264362874e-8
489	3.99160984721367e-8
490	4.006774658695467e-8
491	4.024468742487496e-8
492	4.030681291147966e-8
493	4.045665002893316e-8
494	3.599271190897924e-8
495	4.069623790721542e-8
496	4.088310906609979e-8
497	4.0945525109935035e-8
498	4.067973262565859e-8
499	4.125810781593741e-8
500	4.14174025062008e-8
501	4.1529750394673845e-8
502	4.165030258484362e-8
503	4.1877824487782454e-8
504	4.176519326521911e-8
505	4.2017388450350454e-8
506	4.219596216277136e-8
507	4.229133542521001e-8
508	4.232162192525206e-8
509	4.264308838267187e-8
510	4.272608763096866e-8
511	4.289194488385833e-8
512	4.297301686706295e-8
513	4.325180272845796e-8
514	4.329400195949952e-8
515	4.3200778103174754e-8
516	4.3554169685416287e-8
517	4.370255045243681e-8
518	4.369806920960871e-8
519	4.397183690147592e-8
520	4.406950419068131e-8
521	4.408492621617218e-8
522	4.437015206411048e-8
523	4.4456559707703764e-8
524	4.457105816163059e-8
525	4.5547194723760636e-8
526	4.574585913307726e-8
527	4.505900261532826e-8
528	4.51722590882935e-8
529	4.524099024650348e-8
530	4.538238634650218e-8
531	4.548061915274313e-8
532	4.5492782247418634e-8
533	4.576772305373059e-8
534	4.5908585294370466e-8
535	4.6064864130354194e-8
536	4.6224786928321736e-8
537	4.626847560830033e-8
538	4.6058953676973835e-8
539	4.69240078357427e-8
540	4.6838848020639895e-8
541	4.68701893752663e-8
542	4.708853464290092e-8
543	4.678244886660389e-8
544	4.7164450897338534e-8
545	4.744580392689359e-8
546	4.758240110423654e-8
547	4.7663156053029475e-8
548	4.783975937961448e-8
549	4.7977623361357156e-8
550	4.81047951736289e-8
551	4.8275640638945294e-8
552	4.827887029130656e-8
553	4.8453834512627475e-8
554	4.863064731449661e-8
555	4.895419125762362e-8
556	4.906782414864864e-8
557	4.916134165490438e-8
558	4.937803067438566e-8
559	4.9211239499179475e-8
560	4.9539962579183884e-8
561	4.967790211236745e-8
562	4.9814153095215415e-8
563	4.9843689236187014e-8
564	4.9938787702421966e-8
565	5.012226840088285e-8
566	5.029514239086598e-8
567	5.0402891737690986e-8
568	5.03324774434021e-8
569	5.0723227042255774e-8
570	5.0847796356412354e-8
571	5.1001188576193793e-8
572	5.212086536866489e-8
573	5.1802364079761645e-8
574	5.110678460668684e-8
575	5.137503522732356e-8
576	5.214984480319879e-8
577	5.2059101240343804e-8
578	5.204732623017026e-8
579	5.227256250895165e-8
580	5.2401815097096226e-8
581	5.243250661380408e-8
582	5.2536515789651074e-8
583	5.260247105115323e-8
584	5.2968851404236374e-8
585	5.289163699080345e-8
586	5.3135945152740865e-8
587	5.324846888171482e-8
588	5.324316708307382e-8
589	5.359458559584739e-8
590	5.36338645372546e-8
591	5.385547216567394e-8
592	5.4031568319031e-8
593	5.4013438284095866e-8
594	5.413491244409143e-8
595	5.437392111024644e-8
596	5.458096538952708e-8
597	5.471255809304098e-8
598	5.4850374838532235e-8
599	5.4930689919007124e-8
600	5.5133613464094184e-8
601	5.520168973210045e-8
602	5.539270312794636e-8
603	5.555751390088122e-8
604	5.5751778159436427e-8
605	5.5845909182372464e-8
606	5.599128681401959e-8
607	5.6071700960162725e-8
608	5.62290611544596e-8
609	5.643153895321714e-8
610	5.646443506871135e-8
611	5.6656956517421406e-8
612	5.6910881426884135e-8
613	5.695616209442134e-8
614	5.72333177603527e-8
615	5.7417582383734053e-8
616	5.741308953259823e-8
617	5.758168432260844e-8
618	5.7605230225741155e-8
619	5.781100943086823e-8
620	5.796967594684466e-8
621	5.802416134709714e-8
622	5.8185217746708725e-8
623	5.828681286341142e-8
624	5.8407539532501706e-8
625	5.8622578255937986e-8
626	5.872442393977758e-8
627	5.894084267107743e-8
628	5.908740606980489e-8
629	5.926187514178629e-8
630	5.937322719696667e-8
631	5.950789693977743e-8
632	5.966658985845065e-8
633	5.98197633992032e-8
634	6.009987492949274e-8
635	5.990190664533898e-8
636	6.006749862061146e-8
637	6.025533515906873e-8
638	6.046530172499851e-8
639	6.054532785909635e-8
640	6.068864319920286e-8
641	6.088156181467181e-8
642	6.100565365082468e-8
643	6.103640485629381e-8
644	6.144464876075036e-8
645	6.13492602052057e-8
646	6.15111508871017e-8
647	6.164263733515017e-8
648	6.171756466645292e-8
649	6.182887502760012e-8
650	6.202796004011977e-8
651	6.226132750867038e-8
652	6.245136566375191e-8
653	6.25426159317506e-8
654	6.230176299519388e-8
655	6.236207948288576e-8
656	6.210055777546515e-8
657	6.317233275530283e-8
658	6.286398109436937e-8
659	6.340108053331055e-8
660	6.352780243383746e-8
661	6.361546475406483e-8
662	6.379684978905101e-8
663	6.393484757266399e-8
664	6.399864443785919e-8
665	6.419725865404643e-8
666	6.460144051756718e-8
667	6.482086148028795e-8
668	6.510470899489234e-8
669	6.479653071919406e-8
670	6.491093211677593e-8
671	6.497069108877498e-8
672	6.513573321583806e-8
673	6.530545770274088e-8
674	6.545592441333215e-8
675	6.540962777127387e-8
676	6.572153181227662e-8
677	6.604356723015075e-8
678	6.602428599484406e-8
679	6.504346906259821e-8
680	6.631924026885331e-8
681	6.656171756063622e-8
682	6.670602570634595e-8
683	6.694908977580727e-8
684	6.689736242894877e-8
685	6.662486551448473e-8
686	6.693423484252449e-8
687	6.758818677186112e-8
688	6.758261782542543e-8
689	6.779479855850449e-8
690	6.7869028241245e-8
691	6.820113930735991e-8
692	6.815980261514722e-8
693	6.730897793248403e-8
694	6.83067207260821e-8
695	6.843552613474556e-8
696	6.809894282901022e-8
697	6.861451990174688e-8
698	6.867163657539796e-8
699	6.902744882285501e-8
700	6.819015978202199e-8
701	6.878556672387862e-8
702	6.933189977047433e-8
703	6.961960985325971e-8
704	6.970110292043992e-8
705	6.988319861959426e-8
706	6.988735335666496e-8
707	6.99913140120398e-8
708	7.006323977242065e-8
709	7.040379132466104e-8
710	7.040534850410924e-8
711	7.085230423544571e-8
712	7.072944638742359e-8
713	7.107614375853333e-8
714	7.071569349367258e-8
715	6.982777762017135e-8
716	7.122025089918183e-8
717	7.16147244727537e-8
718	7.185995355921728e-8
719	7.165492941954653e-8
720	7.190140974587419e-8
721	7.240240516900736e-8
722	7.198990474322533e-8
723	7.239355112780097e-8
724	7.247393006712311e-8
725	7.503121994363293e-8
726	7.341171251435631e-8
727	7.273966976851995e-8
728	7.327602205122666e-8
729	7.323962457265114e-8
730	7.375833518205291e-8
731	7.366304716398145e-8
732	7.393749148062872e-8
733	7.419662449075384e-8
734	7.394752279032729e-8
735	7.397459947731266e-8
736	7.426828103529208e-8
737	7.441929695226286e-8
738	7.478691620846974e-8
739	7.481334860668567e-8
740	7.452169827922457e-8
741	7.517140629768446e-8
742	7.513668046877907e-8
743	7.42005621544662e-8
744	7.574807771435382e-8
745	7.544129206644387e-8
746	7.563894066009082e-8
747	7.624760877438698e-8
748	7.636236367061074e-8
749	7.616529840904628e-8
750	7.621725597330047e-8
751	7.646957009867942e-8
752	7.662705304056847e-8
753	7.675190200997466e-8
754	7.727871501429527e-8
755	7.684759537088059e-8
756	7.72842877665303e-8
757	7.716072299651438e-8
758	7.732282726278611e-8
759	7.722618172930307e-8
760	7.871595852229648e-8
761	7.746534883115284e-8
762	7.818711435697616e-8
763	7.851909647463843e-8
764	7.846015177906171e-8
765	7.860524584138652e-8
766	7.906796110855083e-8
767	7.889161942641532e-8
768	7.901407345149418e-8
769	7.948331859080731e-8
770	7.950436393085178e-8
771	7.923953805441997e-8
772	7.993501660893814e-8
773	7.971894822376813e-8
774	7.966869254536978e-8
775	8.084492983359857e-8
776	8.040510353549336e-8
777	8.00193790825835e-8
778	8.026897615278223e-8
779	8.078410207906657e-8
780	8.088138461894411e-8
781	8.096593083551073e-8
782	8.193497984868783e-8
783	8.267732373230662e-8
784	8.204393788670912e-8
785	8.207511862919126e-8
786	8.172813792751157e-8
787	8.189050874002607e-8
788	8.223742695923793e-8
789	8.23005844236761e-8
790	8.227299911089138e-8
791	8.367550379681959e-8
792	8.24098042904404e-8
793	8.299911178812525e-8
794	8.313481381939697e-8
795	8.31118177634655e-8
796	8.317271838383047e-8
797	8.358305903672936e-8
798	8.287142153614927e-8
799	8.383039389697402e-8
800	8.368857948848743e-8
801	8.430766214016411e-8
802	8.429499560417076e-8
803	8.463472297497689e-8
804	8.418274887761682e-8
805	8.519267184797392e-8
806	8.511047028004062e-8
807	8.481456415792914e-8
808	8.558896825305774e-8
809	8.537425966003193e-8
810	8.498006774743526e-8
811	8.622019246508734e-8
812	8.623353131653479e-8
813	8.625476683547275e-8
814	8.689511767700425e-8
815	8.661043669672585e-8
816	8.667715999702946e-8
817	8.73695174139641e-8
818	8.695952570084013e-8
819	8.722278728227436e-8
820	8.733274749000733e-8
821	8.741458984595454e-8
822	8.771839728913997e-8
823	8.601117782532575e-8
824	8.786196833638672e-8
825	8.756817482576554e-8
826	8.802425390042822e-8
827	8.740114002801651e-8
828	8.857829558324722e-8
829	8.882387137522997e-8
830	8.931202416116519e-8
831	8.917348622313506e-8
832	8.968058744651983e-8
833	8.988355504660105e-8
834	9.001269080061507e-8
835	8.970091762190267e-8
836	9.027207995713894e-8
837	9.051455523121754e-8
838	9.059083005699585e-8
839	9.045378393667101e-8
840	9.150551407037169e-8
841	9.110638721822632e-8
842	9.123857049749103e-8
843	9.135819960647695e-8
844	9.159190402148564e-8
845	9.173964894058082e-8
846	9.219105030141774e-8
847	9.244060763935577e-8
848	9.2697327339486e-8
849	9.271066484582611e-8
850	9.302442046956119e-8
851	9.344856915630444e-8
852	9.303810777792498e-8
853	9.315241278571792e-8
854	9.056648823640437e-8
855	9.384909999398101e-8
856	9.403241141662934e-8
857	9.407004089993879e-8
858	9.460485062181127e-8
859	9.464437081688321e-8
860	9.550387780578379e-8
861	9.518914019599185e-8
862	9.56002277699837e-8
863	9.618612211443212e-8
864	9.57909964077264e-8
865	9.591963895064722e-8
866	9.657977135176722e-8
867	9.625804641005678e-8
868	9.582636889140686e-8
869	9.669164437522827e-8
870	9.676857193021135e-8
871	9.768286796240595e-8
872	9.811328153291724e-8
873	9.741335598648867e-8
874	9.723829480841277e-8
875	9.809028381021779e-8
876	9.833160207328435e-8
877	9.864253794470655e-8
878	9.763060126681992e-8
879	9.803289042182003e-8
880	9.91630909255934e-8
881	9.943554986456335e-8
882	9.960532175669009e-8
883	9.994586707450145e-8
884	1.0037244162062248e-7
885	1.0015695381759195e-7
886	1.0062109510352885e-7
887	1.0099407401036111e-7
888	1.0157244887396979e-7
889	1.0180914859354411e-7
890	1.0155679657551932e-7
891	1.0157257801572792e-7
892	1.0176436479638507e-7
893	1.0233393288527459e-7
894	1.0274053759449703e-7
895	1.0281462857711162e-7
896	1.0321646358021175e-7
897	1.0351940861385632e-7
898	1.0346193384422044e-7
899	1.0329155943082061e-7
900	1.0344415905235364e-7
901	1.0409836882421025e-7
902	1.0450245357196654e-7
903	1.0500125499740366e-7
904	1.045617530059278e-7
905	1.0543876878546073e-7
906	1.0559006243459363e-7
907	1.0567879525370866e-7
908	1.0553588075570783e-7
909	1.0619804766806871e-7
910	1.0644429544065062e-7
911	1.0656575792658526e-7
912	1.0683306818569111e-7
913	1.0808246169176103e-7
914	1.0715488699551214e-7
915	1.0755518862315594e-7
916	1.0786549298743376e-7
917	1.076593543498151e-7
918	1.0831470323317905e-7
919	1.086971314193812e-7
920	1.0881541306570002e-7
921	1.089260306406029e-7
922	1.0922314402297508e-7
923	1.0937647812697938e-7
924	1.0947571541860054e-7
925	1.0990302457749384e-7
926	1.1003862629588498e-7
927	1.104319992209051e-7
928	1.1035889173169973e-7
929	1.10686298188872e-7
930	1.1091914423120598e-7
931	1.109010971264021e-7
932	1.110005519800599e-7
933	1.1100035812225101e-7
934	1.1111042401392405e-7
935	1.1133195681452309e-7
936	1.113363146502992e-7
937	1.1153418394971614e-7
938	1.115185213092009e-7
939	1.1153115087275483e-7
940	1.1140625768692191e-7
941	1.1149474322856913e-7
942	1.114873973946208e-7
943	1.1128209210548357e-7
944	1.1110896758730762e-7
945	1.1088717414183821e-7
946	1.1079806356289347e-7
947	1.1031046679892543e-7
948	1.0996362466878604e-7
949	1.0954917858080977e-7
950	1.0905081169086676e-7
951	1.084278114140051e-7
952	1.0777183802110404e-7
953	1.069663732194241e-7
954	1.0608285703950057e-7
955	1.0501058817095514e-7
956	1.0383910822474237e-7
957	1.024957380384979e-7
958	1.0095279924043236e-7
959	9.920343988607587e-8
960	9.721587570808593e-8
961	9.495887729662985e-8
962	9.238988053647877e-8
963	8.947751914049134e-8
964	8.615924430951977e-8
965	8.240131548624825e-8
966	7.813754091660641e-8
967	7.330530536234955e-8
968	6.784052480083323e-8
969	6.168261917606688e-8
970	5.478658948142925e-8
971	4.7143183965333105e-8
972	3.881490362831097e-8
973	2.9994383127016386e-8
974	2.108704566607165e-8
975	1.2792533998052178e-8
976	6.082539547408272e-9
977	1.8634350909562412e-9
978	2.246558811308426e-10
979	1.5502442428860277e-12
980	0.
981	0.
982	0.
983	0.
984	0.
985	0.
986	0.
987	0.
988	0.
989	0.
990	0.
991	8.194546237178858e-7
992	3.4776687922783266e-6
993	3.244378830465497e-6
994	2.9005039113843394e-6
995	2.5958864545621146e-6
996	2.342789653152195e-6
997	2.1333306997624496e-6
998	1.9580399878661497e-6
999	1.809993214516194e-6
1000	1.690748486623249e-6
1001	1.5765598420901022e-6
1002	1.4791983292100129e-6
1003	1.3963214690982793e-6
1004	1.3171240380876467e-6
1005	1.2538993860652775e-6
1006	1.1965361983027564e-6
1007	1.1421640471848723e-6
1008	1.0943302089376142e-6
1009	1.055767135087166e-6
1010	1.0115528362471799e-6
1011	9.752348030925156e-7
1012	9.362235800640434e-7
1013	9.114972142691388e-7
1014	8.792588203787844e-7
1015	8.423050548115881e-7
1016	8.290486146403835e-7
1017	8.042798476358796e-7
1018	8.155341171108711e-7
1019	7.476714874095754e-7
1020	7.59508899357946e-7
1021	7.237921700614758e-7
1022	7.057706613747949e-7
1023	6.538513950281045e-7
1024	6.694457243392661e-7
1025	6.542704023022703e-7
1026	5.878656458382051e-7
1027	6.045355411350964e-7
1028	6.158273676044147e-7
1029	6.030696462887453e-7
1030	5.833632496064166e-7
1031	5.790370091839449e-7
1032	5.656855717707663e-7
1033	5.727155404882062e-7
1034	5.39454847668726e-7
1035	5.302064395660493e-7
1036	5.172338210817076e-7
1037	5.141646062861491e-7
1038	5.551755011586939e-7
1039	4.92949236316228e-7
1040	4.7514641883267277e-7
1041	4.846685322451916e-7
1042	4.772393825540119e-7
1043	4.820833787654038e-7
1044	4.5480105556035373e-7
1045	4.444321520315061e-7
1046	4.4595759056665604e-7
1047	4.462826958312007e-7
1048	4.5390627548730166e-7
1049	4.3306350013447636e-7
1050	4.063432183954133e-7
1051	4.088461444924969e-7
1052	4.157004304678582e-7
1053	4.233762561352629e-7
1054	4.1510526253220465e-7
1055	3.9272155072055605e-7
1056	3.749842159268735e-7
1057	3.897373274734881e-7
1058	3.6007225206524243e-7
1059	3.77422026243767e-7
1060	3.7396081455547646e-7
1061	3.531013925316651e-7
1062	3.5963068844610425e-7
1063	3.6406453784495744e-7
1064	3.604928016207283e-7
1065	3.5721567068563625e-7
1066	3.4547459633500326e-7
1067	3.6767421355960634e-7
1068	3.6261160034892116e-7
1069	3.4584072879654854e-7
1070	3.40061553748012e-7
1071	3.207857569690124e-7
1072	3.51335947263607e-7
1073	3.1882385773851416e-7
1074	3.2281875106372774e-7
1075	3.141787647641088e-7
1076	3.151620223312048e-7
1077	3.113726112001278e-7
1078	3.0009433187938513e-7
1079	3.048934071207513e-7
1080	3.0479238415978656e-7
1081	2.8239494018324743e-7
1082	3.042400999859949e-7
1083	3.6456860068837536e-7
1084	2.9374653388963104e-7
1085	3.043303787040685e-7
1086	3.0753124178070725e-7
1087	2.8861510664243196e-7
1088	2.8481874357228937e-7
1089	3.02473324270624e-7
1090	2.9435944396484823e-7
1091	2.8487963741238736e-7
1092	2.8283041059643767e-7
1093	3.044453795154903e-7
1094	2.8218556728674794e-7
1095	2.814474971604071e-7
1096	2.923859278273855e-7
1097	2.966238226956821e-7
1098	2.7969128785224945e-7
1099	2.650552111238512e-7
1100	2.5955029540760875e-7
1101	2.127216669386456e-7
1102	2.790226385461985e-7
1103	2.7507712736132065e-7
1104	2.682328728207725e-7
1105	2.7501721471539713e-7
1106	2.642559536282271e-7
1107	2.452820446853623e-7
1108	2.3415814329354873e-7
1109	2.6528849594028467e-7
1110	2.706160592443893e-7
1111	2.4527808550373433e-7
1112	2.439712733564102e-7
1113	2.3107179102438889e-7
1114	2.479406448246771e-7
1115	2.408134815717676e-7
1116	2.4145988906385137e-7
1117	2.6583890159650997e-7
1118	2.2749854715595286e-7
1119	2.299609469361161e-7
1120	2.311627335419362e-7
1121	2.3163305396256557e-7
1122	2.1648409386109683e-7
1123	2.2533465737024504e-7
1124	2.2937332034000638e-7
1125	2.1951101338167988e-7
1126	2.202944475675359e-7
1127	2.0167675250892176e-7
1128	2.2514936795469119e-7
1129	2.434283565276683e-7
1130	2.2900237657742714e-7
1131	2.1617572616317243e-7
1132	2.020385433106024e-7
1133	2.1599531044174164e-7
1134	2.42524853333025e-7
1135	1.9937379526540554e-7
1136	2.131187825705697e-7
1137	2.0329627186334484e-7
1138	1.9405908733902258e-7
1139	1.885386091756555e-7
1140	2.1613228988481378e-7
1141	1.964814999666111e-7
1142	2.0374895498527224e-7
1143	1.982938038789541e-7
1144	1.991890848985124e-7
1145	1.9985740532989956e-7
1146	2.0045573373506204e-7
1147	1.913537155995943e-7
1148	1.9270227171943075e-7
1149	1.9583804361089486e-7
1150	1.8482207428725734e-7
1151	2.0155718586018342e-7
1152	2.1244348402103598e-7
1153	1.9100324172209888e-7
1154	1.824007561843433e-7
1155	1.7898924239563622e-7
1156	1.9149773050624995e-7
1157	1.8094067917937244e-7
1158	1.9091309254607293e-7
1159	1.871229635267088e-7
1160	1.920623068176179e-7
1161	2.2171426138229672e-7
1162	1.846950474651885e-7
1163	1.9235343607655285e-7
1164	1.7259658031907282e-7
1165	1.6873589305933912e-7
1166	1.664071049499518e-7
1167	1.7522875362081114e-7
1168	1.7003018987642443e-7
1169	1.6303216686413083e-7
1170	1.6479636124080205e-7
1171	1.8375929063717526e-7
1172	1.8563756245004534e-7
1173	1.7640935330218894e-7
1174	1.7475189928506497e-7
1175	1.7064459844128019e-7
1176	1.716513450192195e-7
1177	1.686664842911282e-7
1178	1.6454031634746162e-7
1179	1.7948482011526134e-7
1180	1.7570376639644757e-7
1181	1.7956639051677794e-7
1182	1.7013308032696655e-7
1183	1.661337209604657e-7
1184	1.5797230910118737e-7
1185	1.6772221528997435e-7
1186	1.6437235900020158e-7
1187	1.6470268661713708e-7
1188	1.7848670582789563e-7
1189	1.6686435965567953e-7
1190	1.6605037269026854e-7
1191	1.7142246709654734e-7
1192	1.6799313348073855e-7
1193	1.6344704904402675e-7
1194	1.7321307591168394e-7
1195	1.6432911707773017e-7
1196	1.6862766002343153e-7
1197	1.5866472995711626e-7
1198	1.642602180242545e-7
1199	1.50506411614437e-7
1200	1.584008269510007e-7
1201	1.5877496237897618e-7
1202	1.5113864220084063e-7
1203	1.4379481611120179e-7
1204	1.4829369632139164e-7
1205	1.7782799088967675e-7
1206	1.7387210833057743e-7
1207	1.5490781066956244e-7
1208	1.537049865329041e-7
1209	1.5613631289133466e-7
1210	1.4240560551530732e-7
1211	1.3966064860330315e-7
1212	1.4251358588457867e-7
1213	1.3658545468480902e-7
1214	1.4936116246186707e-7
1215	1.4089434506127968e-7
1216	1.4287376124417214e-7
1217	1.5434950076410113e-7
1218	1.5395407247546572e-7
1219	1.5469622160511928e-7
1220	1.5217408790001697e-7
1221	1.5335359428525835e-7
1222	1.5565590706298397e-7
1223	1.5331669775136945e-7
1224	1.399336855453775e-7
1225	1.3729260190896929e-7
1226	1.492027784211891e-7
1227	1.500823024997662e-7
1228	1.531129305646389e-7
1229	1.3942826135139256e-7
1230	1.3928657433075163e-7
1231	1.5165716381698996e-7
1232	1.4338462732537318e-7
1233	1.426460277001594e-7
1234	1.5367804941714912e-7
1235	1.3821077402625187e-7
1236	1.496954555904421e-7
1237	1.409489822042354e-7
1238	1.3441927175940626e-7
1239	1.2670670343500113e-7
1240	1.2376346742080692e-7
1241	1.2761393205867475e-7
1242	1.2984858547381159e-7
1243	1.2353752379777371e-7
1244	1.2338905109796197e-7
1245	1.296969973012686e-7
1246	1.326656141434539e-7
1247	1.2176700234291916e-7
1248	1.3248181916869494e-7
1249	1.3069102911565876e-7
1250	1.3032519032432378e-7
1251	1.278238953782572e-7
1252	1.2791959729662622e-7
1253	1.3242865203564186e-7
1254	1.2851538038299281e-7
1255	1.2979000710917106e-7
1256	1.2438060485453634e-7
1257	1.2772727576911625e-7
1258	1.300568047830678e-7
1259	1.2927147396430486e-7
1260	1.3160682762471642e-7
1261	1.3287990667285525e-7
1262	1.3315668779089998e-7
1263	1.334784585192462e-7
1264	1.3802204201491327e-7
1265	1.3074141823476413e-7
1266	1.2732162211946093e-7
1267	1.0405719287118422e-7
1268	1.0484266792433674e-7
1269	1.0608053884014621e-7
1270	1.0513537140319937e-7
1271	1.033959125810942e-7
1272	1.235357625871303e-7
1273	9.885033153774744e-8
1274	1.0246123742906268e-7
1275	1.182385124558789e-7
1276	1.0586567830719513e-7
1277	1.0720875394116259e-7
1278	1.1098046403036316e-7
1279	1.190607583607536e-7
1280	1.2244700135245675e-7
1281	1.110128610965614e-7
1282	1.0531371552779941e-7
1283	1.0883108181573445e-7
1284	1.2116377731862425e-7
1285	1.2252013414071652e-7
1286	1.1852738222953546e-7
1287	1.0991299023993185e-7
1288	1.1678315215154567e-7
1289	1.0921044983868974e-7
1290	1.0889985269611551e-7
1291	1.0464148973034577e-7
1292	1.1068830612943566e-7
1293	1.1230231935927992e-7
1294	1.1330579547685564e-7
1295	1.1531066281349894e-7
1296	1.0645670684496451e-7
1297	1.06130626919575e-7
1298	1.0695578398742514e-7
1299	1.0448442642172101e-7
1300	1.0622941958077105e-7
1301	1.06813222811706e-7
1302	1.0735112094530145e-7
1303	1.0551142384698454e-7
1304	1.0406214550870093e-7
1305	1.0772818316088505e-7
1306	1.0529368579026796e-7
1307	1.0845532160363157e-7
1308	1.0865134206709133e-7
1309	1.0557379150414967e-7
1310	1.0611882667929345e-7
1311	1.0593554846029444e-7
1312	1.0607373050507357e-7
1313	1.0618568572721834e-7
1314	1.071344405692844e-7
1315	1.0823789514273296e-7
1316	1.0588563919596629e-7
1317	1.0623696985084029e-7
1318	1.00962384557668e-7
1319	1.0237860852457518e-7
1320	1.021952565823867e-7
1321	9.816664665376316e-8
1322	1.1048739169581553e-7
1323	1.1086851705761834e-7
1324	1.0949763898533697e-7
1325	1.0621619722821044e-7
1326	1.0303978906350044e-7
1327	1.0569986565538273e-7
1328	1.0293228213536988e-7
1329	9.768584353540691e-8
1330	1.0595684500282857e-7
1331	1.0286817499702238e-7
1332	1.010448342490269e-7
1333	1.0028777934588622e-7
1334	1.0891408360337764e-7
1335	1.0318895173848998e-7
1336	1.031303568666416e-7
1337	1.0107147753936313e-7
1338	1.020373422001593e-7
1339	9.423552982337428e-8
1340	1.0147533148826661e-7
1341	9.825693146285843e-8
1342	1.0161685989071667e-7
1343	1.0067302896662066e-7
1344	9.956461145271686e-8
1345	1.031247160824678e-7
1346	1.0147212493650636e-7
1347	9.972233550240069e-8
1348	1.0120603913485695e-7
1349	1.0119615431998901e-7
1350	1.0051389156432024e-7
1351	1.0002816885195048e-7
1352	9.873459166997948e-8
1353	9.698214220929755e-8
1354	9.889664317358911e-8
1355	9.436764837165934e-8
1356	9.774247282665678e-8
1357	9.411231684948062e-8
1358	9.550094670711494e-8
1359	1.0037503931706303e-7
1360	9.608784040251552e-8
1361	9.736349188850967e-8
1362	9.825991492925187e-8
1363	9.687205579013061e-8
1364	1.0052594019565405e-7
1365	9.617481684203731e-8
1366	9.796749784450924e-8
1367	9.554434264455644e-8
1368	9.01140785329404e-8
1369	9.067267918528521e-8
1370	1.0004312718854032e-7
1371	9.985081382611935e-8
1372	1.0046567157718042e-7
1373	9.346577496430519e-8
1374	9.595866747003566e-8
1375	9.37427782861565e-8
1376	9.283506751549568e-8
1377	9.313102830206396e-8
1378	9.247369873377652e-8
1379	9.116538785288922e-8
1380	9.175235239159022e-8
1381	9.214565235118609e-8
1382	9.426684508047791e-8
1383	9.750452652018129e-8
1384	9.43142046131825e-8
1385	1.0274073603540284e-7
1386	9.243476297514086e-8
1387	9.061854992777205e-8
1388	8.863682452967212e-8
1389	8.826969735233017e-8
1390	8.969672170426644e-8
1391	8.912345678125462e-8
1392	8.793134078429324e-8
1393	8.978904852990769e-8
1394	9.25768891802848e-8
1395	9.023626740234375e-8
1396	8.867208930410605e-8
1397	9.057640816995188e-8
1398	8.893042938404392e-8
1399	8.261621646313262e-8
1400	8.930997595907509e-8
1401	8.876627644116453e-8
1402	8.779528880819081e-8
1403	8.951802583835916e-8
1404	8.965017497482974e-8
1405	8.764513797583161e-8
1406	9.021177098556815e-8
1407	8.62473044422774e-8
1408	8.571304764594269e-8
1409	9.295758745135286e-8
1410	9.321175184464868e-8
1411	8.990463170660117e-8
1412	9.107015790942256e-8
1413	8.437031870704419e-8
1414	8.573096020277875e-8
1415	8.697261837329513e-8
1416	8.500648577559809e-8
1417	8.549799767553765e-8
1418	8.69792524708063e-8
1419	8.567963705723918e-8
1420	8.902291409775462e-8
1421	8.468877076921189e-8
1422	8.348141363715133e-8
1423	8.400877563789213e-8
1424	8.507156837357924e-8
1425	8.376776040028755e-8
1426	8.462301606527372e-8
1427	8.4554092726708e-8
1428	8.800282352048412e-8
1429	8.501925273244657e-8
1430	8.537185789764781e-8
1431	8.723671992093561e-8
1432	8.576452099137093e-8
1433	8.407784866718138e-8
1434	8.220065769959909e-8
1435	7.527665391164529e-8
1436	7.639817709733504e-8
1437	7.843839598630366e-8
1438	8.427392407377738e-8
1439	8.169160340277117e-8
1440	8.231094267966645e-8
1441	8.007374582814711e-8
1442	9.880729521778432e-8
1443	8.198040160204482e-8
1444	8.056022485618729e-8
1445	8.249608531834266e-8
1446	8.336358387781888e-8
1447	8.439852690881377e-8
1448	8.147563043000872e-8
1449	8.169854808783926e-8
1450	8.219592754300605e-8
1451	8.257805953968186e-8
1452	8.330656357413984e-8
1453	8.514748508565527e-8
1454	8.60860553481793e-8
1455	8.711157710880789e-8
1456	8.076789890316942e-8
1457	7.644594527037719e-8
1458	7.916376448549547e-8
1459	7.830686343904396e-8
1460	7.758596925359162e-8
1461	7.658307693027186e-8
1462	7.724868773386046e-8
1463	7.708008647608279e-8
1464	7.747834140996465e-8
1465	7.587301184513597e-8
1466	7.807549248942398e-8
1467	7.855580848864857e-8
1468	7.542786326846909e-8
1469	7.56021960265374e-8
1470	7.517260939331185e-8
1471	7.646945426904335e-8
1472	7.766923768331637e-8
1473	7.808338611820528e-8
1474	7.748819907399191e-8
1475	7.715124894220448e-8
1476	7.88275396739828e-8
1477	6.814251446803208e-8
1478	7.718245922207057e-8
1479	7.602276791702084e-8
1480	7.51441553545802e-8
1481	7.52159037730778e-8
1482	7.663053138082567e-8
1483	7.355025184627933e-8
1484	7.555089320934922e-8
1485	7.732826160061904e-8
1486	7.51761541004165e-8
1487	7.4104504334882e-8
1488	7.420960573692934e-8
1489	7.441860036484705e-8
1490	7.365572812681196e-8
1491	7.580961852643317e-8
1492	7.346415881582078e-8
1493	7.527536429792174e-8
1494	7.377367645580538e-8
1495	7.631978651871497e-8
1496	7.486438734587492e-8
1497	7.624521126043917e-8
1498	7.51504614121731e-8
1499	7.442336407128452e-8
1500	7.581801478111724e-8
1501	7.516568303687751e-8
1502	7.466257948562017e-8
1503	7.512417300118416e-8
1504	7.380780664452608e-8
1505	7.077434890069035e-8
1506	7.043731195032717e-8
1507	7.161528016009315e-8
1508	7.377549539693591e-8
1509	7.481799862410812e-8
1510	7.074295086828408e-8
1511	7.26639540318238e-8
1512	7.204090368269861e-8
1513	7.216647469947728e-8
1514	7.311551631292442e-8
1515	7.296584418736728e-8
1516	7.171675127863181e-8
1517	7.337648020603006e-8
1518	7.180128184390292e-8
1519	7.227746998198607e-8
1520	7.070674933838744e-8
1521	7.170680825356034e-8
1522	7.121211797992934e-8
1523	7.047617943410052e-8
1524	6.928553881355216e-8
1525	7.093581898881236e-8
1526	7.031647562548322e-8
1527	7.108587928923996e-8
1528	7.058965148358788e-8
1529	6.968459990268041e-8
1530	6.985953022141558e-8
1531	6.979823108879236e-8
1532	7.0655538749441e-8
1533	7.064881566737018e-8
1534	7.005883832726874e-8
1535	7.060254022316737e-8
1536	6.903453652620599e-8
1537	7.06433452426592e-8
1538	7.123787923047636e-8
1539	7.212575029521003e-8
1540	7.041986358560086e-8
1541	7.002692809670694e-8
1542	6.846678474911615e-8
1543	6.914879265468297e-8
1544	6.988477508283057e-8
1545	7.127061580346385e-8
1546	6.993692308420334e-8
1547	7.039536838774355e-8
1548	6.897371958566012e-8
1549	6.985738745842501e-8
1550	6.82667797855382e-8
1551	6.816038810711928e-8
1552	6.854063867877815e-8
1553	6.685076356665236e-8
1554	6.886831859487294e-8
1555	6.933809002595591e-8
1556	6.97454465692359e-8
1557	6.816398867261154e-8
1558	6.873409587061711e-8
1559	6.716712707246505e-8
1560	6.748726253267661e-8
1561	6.523717471571368e-8
1562	6.575889654043658e-8
1563	6.853708760973764e-8
1564	6.67447578966416e-8
1565	6.954947161439034e-8
1566	6.651227665062492e-8
1567	6.608094563728674e-8
1568	6.670265397534004e-8
1569	6.630511081958997e-8
1570	6.667469685608686e-8
1571	6.681405523469351e-8
1572	6.616392389636063e-8
1573	6.63771166199695e-8
1574	6.601246574682702e-8
1575	6.497347732768674e-8
1576	6.510495292958276e-8
1577	6.803398480994898e-8
1578	6.555182728030959e-8
1579	6.56496137612938e-8
1580	6.752039350042261e-8
1581	6.883530679691658e-8
1582	6.670525687669164e-8
1583	6.511769501510859e-8
1584	6.518175818629246e-8
1585	6.450190343998786e-8
1586	6.491320045176528e-8
1587	6.556026412442916e-8
1588	6.481888810005103e-8
1589	6.444556436976253e-8
1590	6.549681960886792e-8
1591	6.529213504950192e-8
1592	6.499718788928018e-8
1593	6.164813889031528e-8
1594	6.291933338641624e-8
1595	6.281497598364529e-8
1596	6.345387019494631e-8
1597	6.196631762309258e-8
1598	6.213789700597743e-8
1599	6.28952103806552e-8
1600	6.375456659032722e-8
1601	6.268874142001468e-8
1602	6.256714120926054e-8
1603	6.188158058590128e-8
1604	6.335203961619244e-8
1605	6.377831767008733e-8
1606	6.282895009223918e-8
1607	6.295906565626228e-8
1608	6.201432059994114e-8
1609	6.24818724203395e-8
1610	6.227774349545374e-8
1611	6.31754624827252e-8
1612	6.256052380937307e-8
1613	6.212673426199887e-8
1614	6.169239719491514e-8
1615	6.164182600314888e-8
1616	6.249255997904984e-8
1617	6.23888720229173e-8
1618	6.149044488250784e-8
1619	6.501251548875858e-8
1620	6.197767562492683e-8
1621	6.197983666466296e-8
1622	6.137603589681621e-8
1623	6.134622346442536e-8
1624	6.13144625896626e-8
1625	6.118126743220867e-8
1626	6.139508267942235e-8
1627	6.128114957186245e-8
1628	6.176802236275019e-8
1629	6.058756459871047e-8
1630	6.059498443241972e-8
1631	6.160510833578972e-8
1632	6.1227852546305e-8
1633	6.080042568287835e-8
1634	6.028730889916548e-8
1635	6.035525032018049e-8
1636	6.039278879816136e-8
1637	6.093884430136427e-8
1638	5.996634515337479e-8
1639	6.003176751781462e-8
1640	6.007453645285285e-8
1641	5.991505288788887e-8
1642	5.990783039762253e-8
1643	6.044429039260714e-8
1644	5.967761474891558e-8
1645	6.012034049532578e-8
1646	5.9111077673603435e-8
1647	5.894116648599531e-8
1648	5.909501102407967e-8
1649	5.992408124903521e-8
1650	5.95709525650796e-8
1651	5.90738224378332e-8
1652	5.87505401989768e-8
1653	5.994158436598174e-8
1654	5.938705130275919e-8
1655	5.957157634330638e-8
1656	5.923942541905365e-8
1657	5.743370205962693e-8
1658	5.99376690988683e-8
1659	5.905083281075673e-8
1660	5.873242978368304e-8
1661	5.869365443793811e-8
1662	5.938134399161916e-8
1663	5.7680313497793377e-8
1664	5.752143178104489e-8
1665	5.7893784016184126e-8
1666	5.801319220046106e-8
1667	5.795175474800906e-8
1668	5.8139222146978864e-8
1669	5.8167373104795105e-8
1670	5.7555255310833404e-8
1671	5.7066975745690557e-8
1672	5.668640387160846e-8
1673	5.6605513160842283e-8
1674	5.7060383418726816e-8
1675	5.6803850753264814e-8
1676	5.742891580125349e-8
1677	5.755382369651643e-8
1678	5.721595051089552e-8
1679	5.5925224185111703e-8
1680	5.6632346974339456e-8
1681	5.8300472281869123e-8
1682	5.63779687121751e-8
1683	5.6693098250809237e-8
1684	5.685611549587093e-8
1685	5.680755843513806e-8
1686	5.681419553161588e-8
1687	5.639467464392239e-8
1688	5.6801340233292656e-8
1689	5.6974421682461695e-8
1690	5.6314257178022764e-8
1691	5.642196370659301e-8
1692	5.599806316918438e-8
1693	5.672423787639571e-8
1694	5.594363496032121e-8
1695	5.4336503997919634e-8
1696	5.523237611054342e-8
1697	5.5642727778803106e-8
1698	5.6230584523837907e-8
1699	5.545112409549452e-8
1700	5.5672611596402387e-8
1701	5.504655725851717e-8
1702	5.46391355516922e-8
1703	5.4833056205574417e-8
1704	5.521267457084549e-8
1705	5.5323427157869053e-8
1706	5.533965610987463e-8
1707	5.494846487814852e-8
1708	5.483480424250622e-8
1709	5.67169587056128e-8
1710	5.553891243969359e-8
1711	5.4440117869575416e-8
1712	5.479616013300153e-8
1713	5.469495666618093e-8
1714	5.468707946144139e-8
1715	5.4258935478370154e-8
1716	5.383975582075772e-8
1717	5.403617488444454e-8
1718	5.357643108098522e-8
1719	5.3603775130493055e-8
1720	5.408833849636664e-8
1721	5.426554748707871e-8
1722	5.382419017921144e-8
1723	5.419318167519367e-8
1724	5.358333619709924e-8
1725	5.3688552354765563e-8
1726	5.38198890544496e-8
1727	5.408401026028155e-8
1728	5.396100926255026e-8
1729	5.4449091220697815e-8
1730	5.363390639554046e-8
1731	5.362870907004834e-8
1732	5.293980701319554e-8
1733	5.3495618535542214e-8
1734	5.354462957497598e-8
1735	5.325013232402346e-8
1736	5.317702590574635e-8
1737	5.3010351697333154e-8
1738	5.3229845173784745e-8
1739	5.3077836674343114e-8
1740	5.276208295984042e-8
1741	5.270154980575834e-8
1742	5.30136786420058e-8
1743	5.3056898940499556e-8
1744	5.287639956593386e-8
1745	5.2746427831788057e-8
1746	5.221480964986902e-8
1747	5.2311466448455076e-8
1748	5.225594355053324e-8
1749	5.2126413856644226e-8
1750	5.2448985603129824e-8
1751	5.249790752011294e-8
1752	5.163684642134355e-8
1753	5.172442209726838e-8
1754	5.130070754524372e-8
1755	5.1483781440483555e-8
1756	5.1286025325263304e-8
1757	5.085484159795764e-8
1758	5.095745894127868e-8
1759	5.0906440584145394e-8
1760	5.136908580286683e-8
1761	5.154518814931124e-8
1762	5.1561231760651077e-8
1763	5.110011506565507e-8
1764	5.0816827000526383e-8
1765	5.090518720586726e-8
1766	5.1341405660774356e-8
1767	5.106901560090279e-8
1768	5.113248442002984e-8
1769	5.116392286489266e-8
1770	5.0873494121442575e-8
1771	5.0690873814424035e-8
1772	5.1088050680641256e-8
1773	4.991805325120338e-8
1774	5.03887146842212e-8
1775	5.058779238791228e-8
1776	5.074056966182708e-8
1777	5.093856499423231e-8
1778	5.0181842746103454e-8
1779	5.057851942193819e-8
1780	5.017148001779608e-8
1781	5.051163970018618e-8
1782	5.062074701243374e-8
1783	4.9370708539458316e-8
1784	4.9792316426994756e-8
1785	4.975285431522797e-8
1786	4.9725001787336825e-8
1787	4.96378099124909e-8
1788	4.8173924587905313e-8
1789	4.965375838400741e-8
1790	4.926662753777267e-8
1791	4.923377980000175e-8
1792	4.9189042950544064e-8
1793	4.944323019822997e-8
1794	4.901249773889636e-8
1795	4.9288116938503944e-8
1796	4.8482957144347306e-8
1797	4.861186906049976e-8
1798	4.878293364536394e-8
1799	4.8469685424140014e-8
1800	4.8520466061077935e-8
1801	4.8547173187167266e-8
1802	4.86507787200921e-8
1803	4.856995261672421e-8
1804	4.9111996868310364e-8
1805	4.85360692059396e-8
1806	4.826444868572624e-8
1807	4.8475705999118856e-8
1808	4.850129406903233e-8
1809	4.8220222986941206e-8
1810	4.818703112737762e-8
1811	4.817979920167745e-8
1812	4.8131767261107116e-8
1813	4.8064516378872535e-8
1814	4.8029083000189864e-8
1815	4.800669907251207e-8
1816	4.801356503052706e-8
1817	4.791350540581785e-8
1818	4.809068129007577e-8
1819	4.796606480561149e-8
1820	4.769417738653969e-8
1821	4.7472882805478424e-8
1822	4.7899058914181196e-8
1823	4.7661839901287305e-8
1824	4.741173869335157e-8
1825	4.7341174888109045e-8
1826	4.700807718062165e-8
1827	4.743559382167748e-8
1828	4.723181707760311e-8
1829	4.736121106585542e-8
1830	4.736779532281612e-8
1831	4.721867507637833e-8
1832	4.70862279923649e-8
1833	4.676796505103398e-8
1834	4.6724732580297796e-8
1835	4.6843574543609495e-8
1836	4.7113858386794924e-8
1837	4.692319919817278e-8
1838	4.6893126716466e-8
1839	4.6608459618001095e-8
1840	4.6555585931643704e-8
1841	4.6769002395952606e-8
1842	4.6603182984139373e-8
1843	4.746101438850753e-8
1844	4.652662326697153e-8
1845	4.637304805159176e-8
1846	4.627542013691321e-8
1847	4.620873026013188e-8
1848	4.6226885679150985e-8
1849	4.622859881629444e-8
1850	4.613520464559371e-8
1851	4.585809746149795e-8
1852	4.5756346182205516e-8
1853	4.592785442717328e-8
1854	4.582181011439546e-8
1855	4.595953402148312e-8
1856	4.5775040971451914e-8
1857	4.574737707279672e-8
1858	4.559563893093723e-8
1859	4.6317472353765344e-8
1860	4.552211553711535e-8
1861	4.555613262412753e-8
1862	4.5598469933878855e-8
1863	4.5476391642559854e-8
1864	4.543240134472168e-8
1865	4.545745750942664e-8
1866	4.527435354892044e-8
1867	4.509695932298837e-8
1868	4.509375633465995e-8
1869	4.548409269443064e-8
1870	4.471245641324179e-8
1871	4.49710290598927e-8
1872	4.4960343031439044e-8
1873	4.490854875867142e-8
1874	4.5065397438238916e-8
1875	4.4873194312040204e-8
1876	4.474509583921396e-8
1877	4.4765810923018285e-8
1878	4.4628172274646327e-8
1879	4.455297036167055e-8
1880	4.4653343939206923e-8
1881	4.459061066474253e-8
1882	4.460136919606853e-8
1883	4.416737508111503e-8
1884	4.415562828632492e-8
1885	4.413196314745275e-8
1886	4.4060091091494724e-8
1887	4.4069214738924456e-8
1888	4.416179789811982e-8
1889	4.417301138261395e-8
1890	4.4039699089914773e-8
1891	4.4159743308884e-8
1892	4.374202764954312e-8
1893	4.368824279629712e-8
1894	4.414812707537411e-8
1895	4.3587792641289934e-8
1896	4.3709089888912833e-8
1897	4.369478866769586e-8
1898	4.3540853004908075e-8
1899	4.3524882327275706e-8
1900	4.36000041337081e-8
1901	4.346241187721483e-8
1902	4.315433757423499e-8
1903	4.314362017576854e-8
1904	4.318101730990184e-8
1905	4.31202870903736e-8
1906	4.322396064574958e-8
1907	4.3195465325127684e-8
1908	4.308072806509125e-8
1909	4.3156958006284105e-8
1910	4.304885342591942e-8
1911	4.307461560793828e-8
1912	4.3169539821470595e-8
1913	4.307918170163354e-8
1914	4.267965093968249e-8
1915	4.273893604599074e-8
1916	4.266637930273631e-8
1917	4.2706468128060796e-8
1918	4.2575764048560976e-8
1919	4.285532051541054e-8
1920	4.249664628271643e-8
1921	4.2534820679247346e-8
1922	4.243050060052378e-8
1923	4.2423404808890794e-8
1924	4.2328645378285123e-8
1925	4.2290135284702825e-8
1926	4.224784449910431e-8
1927	4.216233815157439e-8
1928	4.2181729161276664e-8
1929	4.216912785737763e-8
1930	4.2129702111502066e-8
1931	4.2079895801278795e-8
1932	4.208033322603506e-8
1933	4.209461407920026e-8
1934	4.1921914662746876e-8
1935	4.188471643975827e-8
1936	4.1860113392951745e-8
1937	4.17772848947334e-8
1938	4.1706565349413275e-8
1939	4.174106988012671e-8
1940	4.158790520073012e-8
1941	4.152972680055448e-8
1942	4.201758782846516e-8
1943	4.15108950474181e-8
1944	4.145419505150299e-8
1945	4.139047639183843e-8
1946	4.190319383103964e-8
1947	4.187207481825806e-8
1948	4.1901834010810146e-8
1949	4.182934812551709e-8
1950	4.1804713739228524e-8
1951	4.100128830796408e-8
1952	4.101608650193643e-8
1953	4.102642951437119e-8
1954	4.1016136453031745e-8
1955	4.0966322952263954e-8
1956	4.0990043711100844e-8
1957	4.0769492627173585e-8
1958	4.087144324850686e-8
1959	4.0749413071035286e-8
1960	4.074591135051048e-8
1961	4.0679809761284394e-8
1962	4.065250047832908e-8
1963	4.0677714945624416e-8
1964	4.047111340234596e-8
1965	4.040949880970845e-8
1966	4.0323974977695055e-8
1967	4.0361287265340345e-8
1968	4.026660932195056e-8
1969	4.028887232807367e-8
1970	4.0150615223340274e-8
1971	4.0154314186748534e-8
1972	4.00806173222504e-8
1973	4.003715348059257e-8
1974	3.996801013874764e-8
1975	3.9968276744223304e-8
1976	4.0052867779283476e-8
1977	3.9862400233467114e-8
1978	3.9842187406848795e-8
1979	3.983457267380698e-8
1980	3.9748821452481e-8
1981	3.973091200734332e-8
1982	3.969902847427713e-8
1983	3.9649685102052564e-8
1984	3.9569275508358794e-8
1985	3.966829512212363e-8
1986	3.9508492778997167e-8
1987	3.94335772182845e-8
1988	3.9444842452202266e-8
1989	3.938835806243806e-8
1990	3.9340332728316416e-8
1991	3.931554118945569e-8
1992	3.932414103357475e-8
1993	3.925701614777735e-8
1994	3.9216788302852804e-8
1995	3.9157726070461525e-8
1996	3.912507150853423e-8
1997	3.905457998792642e-8
1998	3.9015868253575666e-8
1999	3.8912259456899324e-8
2000	3.89534991890478e-8
2001	3.891518211709658e-8