7.099717900029579e-13
7.822538553998587e-12
1.4999471426095838e-11
2.2299750373701377e-11
2.978374860993192e-11
3.751249887925729e-11
4.554986332493715e-11
5.396231779115214e-11
6.281890554129262e-11
7.219145433834353e-11
8.215907696710382e-11
9.280222457947774e-11
1.0420805431849388e-10
1.1646731492317557e-10
1.2968786428318063e-10
1.4396966252158294e-10
1.5943475962674413e-10
1.761976874257387e-10
1.9440427386333324e-10
2.142001585831544e-10
2.357280485848797e-10
2.5920751459105666e-10
2.847525707971473e-10
3.1259019135626123e-10
3.42973163540303e-10
3.760852276001461e-10
4.122129507959957e-10
4.5160961036760043e-10
4.945919470260696e-10
5.414607252604237e-10
5.925381471093999e-10
6.482312244580017e-10
7.088633649837204e-10
7.749070233774185e-10
8.469033591122518e-10
9.252364019679875e-10
1.0103431619762729e-9
1.1029184542690831e-9
1.2034891294020905e-9
1.312660483846884e-9
1.4310839874226222e-9
1.5594451205391915e-9
1.698469169232471e-9
1.8488655995021643e-9
2.0114614512681444e-9
2.1871057303550186e-9
2.376419774334391e-9
2.5804880465736833e-9
2.7981108153283237e-9
3.03569702193313e-9
3.288679458037724e-9
3.5598384794673638e-9
3.849706890095719e-9
4.1592080376160544e-9
4.489046645382243e-9
4.839893720159763e-9
5.212230945675488e-9
5.6068125922823875e-9
6.022982100376749e-9
6.462252015718355e-9
6.9240045687912194e-9
7.408017472128421e-9
7.913951270379145e-9
8.441007613469493e-9
8.988963932673959e-9
9.555824407216567e-9
9.917903616585232e-9
1.0740445092007702e-8
1.1354405137949823e-8
1.1979131826509564e-8
1.2611791461187134e-8
1.3249142229068381e-8
1.3887095872137466e-8
1.452115532364194e-8
1.5146488624002868e-8
1.5757415702228764e-8
1.6350085414634372e-8
1.6914624331724852e-8
1.7441592593782044e-8
1.7928008836550838e-8
1.8362517102581065e-8
1.873541810278963e-8
1.9035431220834436e-8
1.9250928349415264e-8
1.9367124864644367e-8
1.9369627067799145e-8
1.923354377579188e-8
1.8962683040087277e-8
1.8527614619722727e-8
1.7903508464917043e-8
1.707662574322582e-8
1.60337500955647e-8
1.4766897307335343e-8
1.3280884391141127e-8
1.1600099052458952e-8
9.776939973853193e-9
7.902301219164197e-9
6.108484924316438e-9
4.5636535281427176e-9
3.4488427580472844e-9
2.925057650605591e-9
3.1187533930661073e-9
4.19729070500846e-9
6.711808821450923e-9
1.2972207221427068e-8
3.642853637378524e-8
4.0282252608426327e-7
2.0157064934635164e-7
2.6144481519975034e-8
9.39378130633875e-9
4.658437840780621e-9
2.7077204312882253e-9
1.727874293990889e-9
1.1707540695368356e-9
8.255948589971436e-10
5.975178483609749e-10
4.385877016164058e-10
3.2196010554164396e-10
2.2958954274082253e-10
3.15750461980456e-8
6.476126048162157e-8
8.011741178035583e-8
8.927135069268151e-8
9.512113057314276e-8
9.870647624876495e-8
1.0109656734453997e-7
1.020341309652259e-7
1.0246985743175157e-7
1.0214375144662131e-7
1.0154011170984075e-7
1.0090706881688998e-7
9.97249943994157e-8
9.853632137546513e-8
9.827551509538245e-8
9.651103205650916e-8
9.589873666888691e-8
9.464800153760344e-8
9.404367109902784e-8
9.28899506548582e-8
9.144216304846797e-8
8.861334219988588e-8
8.736140715236125e-8
8.64580427973623e-8
8.45195129464228e-8
8.23873344228249e-8
8.148243700899197e-8
7.942353390495809e-8
7.837121799360172e-8
7.793609251660655e-8
7.560431802965356e-8
7.612314428457612e-8
7.38307276274459e-8
7.28833113540896e-8
7.251756095966273e-8
7.156567004221076e-8
7.081956481911702e-8
6.916754827689763e-8
6.774480171348803e-8
6.649542551650439e-8
6.68505065422714e-8
6.601078638025162e-8
6.508245826210703e-8
6.398247872030118e-8
6.319902679290952e-8
6.161495618711089e-8
6.146258250279985e-8
6.089546179019941e-8
5.981409271772826e-8
5.9249526194488643e-8
5.849827043832269e-8
5.75521459370786e-8
5.7105875346962144e-8
5.642628437927218e-8
5.557300611839855e-8
5.511635885823186e-8
5.431334526898816e-8
5.364390380640268e-8
5.300724034871974e-8
5.225711340435266e-8
5.175296804642981e-8
5.1079340995808216e-8
5.053361891906984e-8
4.9835844482338756e-8
4.937290037929615e-8
4.878814613342666e-8
4.823928470238686e-8
4.7627627891008137e-8
4.7107477902140424e-8
4.653721226517727e-8
4.6059762494135914e-8
4.5559884776417645e-8
4.5046549997529584e-8
4.452066424826995e-8
4.3983490119372024e-8
4.3441763874585017e-8
4.304024002776089e-8
4.259392365895627e-8
4.2125324972738876e-8
4.1661364950788536e-8
4.1179002698801184e-8
4.0710441425584243e-8