1.2711383996096253e-14
1.398335548486012e-13
2.669974067131971e-13
3.942410776162295e-13
5.216030834602719e-13
6.49123097332623e-13
7.768405425838519e-13
9.047952211216993e-13
1.0330338944809586e-12
1.1616005621013023e-12
1.290537281310595e-12
1.4198909910882886e-12
1.549723116201916e-12
1.6800770954761763e-12
1.8110098154855766e-12
1.9425893140657294e-12
2.0748709660322876e-12
2.2079290625765297e-12
2.3418416603011413e-12
2.476676101141655e-12
2.6125164438536557e-12
2.7494761771674058e-12
2.887625053367711e-12
3.0270893340826182e-12
3.1679683833592067e-12
3.3104096992239063e-12
3.4545153309275704e-12
3.600466194403566e-12
3.748394501693544e-12
3.898509705935824e-12
4.050973589346241e-12
4.206035498490655e-12
4.363822781691177e-12
4.524656372243573e-12
4.688803991708805e-12
4.85655219248839e-12
5.028196929877732e-12
5.2041077781094245e-12
5.384661630386841e-12
5.5703655397908255e-12
5.7614266475309896e-12
5.958598194091885e-12
6.162305474907553e-12
6.373190744964798e-12
6.591925645307109e-12
6.8191314167555965e-12
7.055798892370378e-12
7.302459312308061e-12
7.560389548175717e-12
7.83032428285432e-12
8.113723470862158e-12
8.411488901460571e-12
8.725308100592915e-12
9.056361191095123e-12
9.406479469391668e-12
9.777307748966817e-12
1.0170715179700107e-11
1.0589195152510986e-11
1.1034865965990249e-11
1.1510237623363656e-11
1.2017886301387433e-11
1.2561486528445618e-11
1.3144039203374835e-11
1.3769286528079676e-11
1.4441200637410645e-11
1.5164195981086223e-11
1.5943073461550266e-11
1.678323602269858e-11
1.769016039606492e-11
1.8670555060055648e-11
1.9731042015338232e-11
2.087908852861606e-11
2.2123146677316046e-11
2.347212114985621e-11
2.4936288988357265e-11
2.652534909978075e-11
2.8251749292439393e-11
3.0128429798795465e-11
3.2169199825012676e-11
3.438696488306737e-11
3.680314558080979e-11
3.943375201452932e-11
4.229657929653214e-11
4.5414376314925897e-11
4.8810469811430884e-11
5.251077881561878e-11
5.654228524466412e-11
6.09358863631961e-11
6.572162267590978e-11
7.093895435023806e-11
7.662341752230603e-11
8.281686247466253e-11
8.95653832688073e-11
9.69161464812158e-11
1.0492203781926414e-10
1.1364232221230047e-10
1.2313408059419676e-10
1.3346905598368648e-10
1.4471072978287169e-10
1.5694758240825315e-10
1.702503322458798e-10
1.8470963170984432e-10
2.004228306780502e-10
2.1748811077074844e-10
2.3601355706431407e-10
2.5611233592891133e-10
2.7790111108268753e-10
3.015218822568646e-10
3.270902035585253e-10
3.5476607764161736e-10
3.846855214345638e-10
4.1701599769945106e-10
4.519117274812321e-10
4.895498704417725e-10
5.300793177261233e-10
5.73715980866196e-10
6.206120564804882e-10
6.709660357275062e-10
7.249604029977309e-10
7.827649207219412e-10
8.44593405952789e-10
9.105892999033232e-10
9.80931148075748e-10
1.0557882091242515e-9
1.1352966285258763e-9
1.2195862062986997e-9
1.3087611962291354e-9
1.4029111406793984e-9
1.5020726605154382e-9
1.6062316043045164e-9
1.7154571424054895e-9
1.8296341492917592e-9
1.9486624037199595e-9
2.072338738059004e-9
2.20049815756149e-9
2.332790228523422e-9
2.468893031908826e-9
2.608373532402698e-9
2.750618841282032e-9
2.895116061074022e-9
3.0410682643692948e-9
3.1878188163358513e-9
3.33404635888353e-9
3.4790124890033132e-9
3.6214335773342978e-9
3.759922044052104e-9
3.892923888547962e-9
4.018831250646722e-9
4.1354865357914275e-9
4.240976933705261e-9
4.332758653339055e-9
4.408206409017251e-9
4.464339054762014e-9
4.497807464897071e-9
4.505110768205992e-9
4.482255662246647e-9
4.4250623885918906e-9
4.329083614843666e-9
4.190096371408162e-9
4.004552450789399e-9
3.769150256508896e-9
3.4829467491857024e-9
3.1481939705753775e-9
2.771499669826009e-9
2.3661619295859776e-9
1.953469509952817e-9
1.5632552575177631e-9
1.23221235545508e-9
9.992800177843946e-10
8.998381747768752e-10
9.637960759043389e-10
1.2290097044074106e-9
1.7942500051793723e-9
2.993302644395239e-9
6.17612627812123e-9
2.075548407344129e-8
1.2479096301108293e-6
3.353777147078251e-8
6.741034329371232e-9
2.6721520392265742e-9
1.363926569542038e-9
7.901865997884067e-10
4.89206807507088e-10
3.08367960669168e-10
1.5955719249236974e-8
5.2601408125643434e-8
6.47512375836642e-8
7.065485475507167e-8
7.367623579914306e-8
7.509237153507462e-8
7.548187278694894e-8
7.527012141301495e-8
7.470261106166661e-8
7.369222877480273e-8
7.28488476908234e-8
7.153260445319287e-8
7.02420606696037e-8
6.889573212021186e-8
6.749538148693391e-8
6.514178288011832e-8
6.390825072904032e-8