2.837147378419499e-13
3.1254608305765136e-12
5.99025107366667e-12
8.899224964349494e-12
1.1873754227151272e-11
1.4936310887697438e-11
1.8108964289443517e-11
2.1416424749445606e-11
2.4883050289415606e-11
2.853511356192764e-11
3.2400371793152044e-11
3.6509307043686154e-11
4.089173022139446e-11
4.5583889195896643e-11
5.0620235584856826e-11
5.604212974739523e-11
6.18901745799476e-11
6.821270575944713e-11
7.505560507295743e-11
8.248088209995829e-11
9.053962439106405e-11
9.929918697707429e-11
1.0882848659736995e-10
1.1920579422127878e-10
1.3050402301918942e-10
1.4282210421545398e-10
1.562534346597482e-10
1.7090903623259532e-10
1.8688795098904332e-10
2.043311698677138e-10
2.2337000531245147e-10
2.441490754909744e-10
2.668220373679401e-10
2.9156267588994816e-10
3.1856278336824664e-10
3.4802674688263186e-10
3.8016746873500576e-10
4.1521413900179927e-10
4.534266920401712e-10
4.950725858214143e-10
5.404347756707249e-10
5.898605045743021e-10
6.436489099908728e-10
7.021913276607034e-10
7.658070777654523e-10
8.350026153676451e-10
9.101640052694952e-10
9.917295899713492e-10
1.0802349360680306e-9
1.1761172950424783e-9
1.2800054541647706e-9
1.3924102528688138e-9
1.5139072368349815e-9
1.6451406589276416e-9
1.7867683588987754e-9
1.939305765924852e-9
2.1035124245136896e-9
2.280053901905605e-9
2.469566166560736e-9
2.672700341612576e-9
2.8900731639867245e-9
3.122355784150468e-9
3.3701588735437286e-9
3.634032900013303e-9
3.9143760019231745e-9
4.211852236283131e-9
4.5261935767975664e-9
4.858387616808249e-9
5.208038564788299e-9
5.5754411232985076e-9
5.960139780627e-9
6.361956648251624e-9
6.7807577083879185e-9
7.21518721997128e-9
7.6643800039859e-9
8.127347146054424e-9
8.452509038733639e-9
9.088059813748022e-9
9.581997216780103e-9
1.0081851487800526e-8
1.0584946551025218e-8
1.1088126222465162e-8
1.1587919616800043e-8
1.2080135713217105e-8
1.2560785677920353e-8
1.3026661931789838e-8
1.3466747810351659e-8
1.3880937854014974e-8
1.426007784930958e-8
1.459771922652626e-8
1.4885002708464782e-8
1.511320896603966e-8
1.5271616568135583e-8
1.5351124491416742e-8
1.5337777056870636e-8
1.521420961431803e-8
1.4981061692395833e-8
1.4608436570252952e-8
1.4087936230114934e-8
1.340466275530589e-8
1.2549285184342926e-8
1.1517532399322858e-8
1.0315250557690417e-8
8.967359823278023e-9
7.520414581489195e-9
6.0520385823495035e-9
4.671984079694615e-9
3.514440714409912e-9
2.7192774143472535e-9
2.4071278449721016e-9
2.6762783705598095e-9
3.6807929107440076e-9
5.945827492806848e-9
1.1645954533880674e-8
3.383624872867916e-8
4.649833805744393e-7
1.411294687536051e-7
2.0600445017942013e-8
7.59354123315985e-9
3.801741401731809e-9
2.217405901816318e-9
1.4150218327228557e-9
9.561986871747078e-10
6.705068186621503e-10
4.805171987327117e-10
3.465012143934575e-10
2.445517871833165e-10
2.4836887142261122e-8
6.131785384585665e-8
7.682503573605604e-8
8.570453944398546e-8
9.128483376878644e-8
9.467583582013326e-8
9.672401523659667e-8
9.801019673771704e-8
9.810669037347429e-8
9.751570855562431e-8
9.687502730710395e-8
9.630915515554668e-8
9.53143997916776e-8
9.527238529833652e-8
9.312366678048134e-8
9.135437231635788e-8
9.052110618869262e-8
8.980423587279287e-8
9.178559642006356e-8
8.615869021884642e-8
8.435726330111068e-8
8.389655193695883e-8
8.170758126647623e-8
8.057691989319012e-8
7.937562865682808e-8
7.772270805298394e-8
7.694619145742417e-8
7.465233171176157e-8
7.496171976056874e-8
7.314120007342193e-8
7.248922369958347e-8
7.107092678703503e-8
7.042913347552397e-8
6.924058402313655e-8
6.932670019659197e-8
6.680540142352115e-8
6.616729383622022e-8
6.545781302021711e-8
6.43452899296225e-8
6.381549984329102e-8
6.252337922230838e-8
6.179043916176469e-8
6.086309939712607e-8
6.030365950572284e-8
5.931033022378898e-8
5.90343416093309e-8
5.787274377324951e-8
5.7094719962997464e-8
5.640507787431386e-8
5.5749858236648545e-8
5.514983811787451e-8
5.437677146074429e-8
5.366978760856695e-8
5.313053849009171e-8
5.241327857867507e-8
5.162120932387675e-8
5.112184053769831e-8
5.0554881711708896e-8
4.992540198322374e-8
4.9349076570734815e-8
4.8646604949469974e-8
4.812463038912095e-8
4.768518906118697e-8
4.707994421807909e-8
4.651683963925076e-8
4.592179492296198e-8
4.5379699307354805e-8
4.490803503812738e-8
4.443872083064425e-8
4.3901021066797396e-8
4.343996896223397e-8
4.29042225018526e-8
4.237619321601334e-8
4.1983680324569266e-8