3.8142486167553755e-13
4.202143666872081e-12
8.055255803869886e-12
1.1970606135941005e-11
1.5978195541287607e-11
2.0109585580814252e-11
2.4396486846429214e-11
2.887215592321418e-11
3.3572176734817266e-11
3.8533455754693347e-11
4.379389396783488e-11
4.939639567841699e-11
5.538538884859799e-11
6.180687327206812e-11
6.87138070955087e-11
7.616105833135093e-11
8.420632884633974e-11
9.291630555339043e-11
1.023513579573883e-10
1.1261077899777679e-10
1.237584504078057e-10
1.3587536651104304e-10
1.4907604400092676e-10
1.6345554335948715e-10
1.7912945591780834e-10
1.962228753819765e-10
2.1487107770771353e-10
2.352158803340023e-10
2.5740983651587804e-10
2.816326787875129e-10
3.080640558025035e-10
3.369142367535339e-10
3.683894252681245e-10
4.0272997488850805e-10
4.4017856584259553e-10
4.810220508192439e-10
5.255204834858903e-10
5.740469305766073e-10
6.268968413370197e-10
6.844087011654495e-10
7.47031152377409e-10
8.151305935763382e-10
8.891891677596472e-10
9.696649536762054e-10
1.0570201893811185e-9
1.1518209702483736e-9
1.254544241144955e-9
1.3658516361532436e-9
1.48634933395214e-9
1.6166502324505259e-9
1.7572057231505595e-9
1.909287932446121e-9
2.0730393390701022e-9
2.249291092034588e-9
2.4388034717960497e-9
2.642343190610277e-9
2.86056862333518e-9
3.0941786321770154e-9
3.3438385032522184e-9
3.6103159228767824e-9
3.894089798153479e-9
4.195783144041275e-9
4.515761367137423e-9
4.854106483926651e-9
5.211654878036185e-9
5.588375091818857e-9
5.984122336205967e-9
6.398662364962888e-9
6.83191072957532e-9
7.283082150777611e-9
7.751516709422572e-9
8.236153328243732e-9
8.735374521058558e-9
9.247937346428772e-9
9.77211547558938e-9
1.0305155932170782e-8
1.084483736497978e-8
1.1388093627169982e-8
1.1931149910632734e-8
1.2471347052679374e-8
1.3003322472582739e-8
1.3522886312880176e-8
1.4026581229769727e-8
1.4502942361099923e-8
1.4951295780826533e-8
1.5362644564014728e-8
1.5728793683241308e-8
1.6041427516511802e-8
1.6290663379981778e-8
1.646612089308845e-8
1.655573074351182e-8
1.654655843630591e-8
1.6418990001251107e-8
1.5897271318815453e-8
1.5511038531241758e-8
1.5228843892194044e-8
1.450191637391691e-8
1.3589035936409607e-8
1.2485565120175318e-8
1.1197427233088544e-8
9.748709739578477e-9
8.188441521485463e-9
6.598293762109195e-9
5.095058439584033e-9
3.8230728091908375e-9
2.934589096069569e-9
2.5620452029933387e-9
2.8118301696367365e-9
3.842077633523999e-9
6.18719430455748e-9
1.2067949061494231e-8
3.468405837751582e-8
4.4335832264147305e-7
1.5774355750850617e-7
2.2231865545247764e-8
8.131703873054656e-9
4.059590949958751e-9
2.365526476623713e-9
1.509750761547767e-9
1.0212766932590667e-9
7.176314859096614e-10
5.161699253926351e-10
3.747528758840518e-10
2.689081260736762e-10
1.746331014074327e-10
5.494964085378437e-8
7.390849450468679e-8
8.445569536846992e-8
9.101151280645017e-8
9.518723934167915e-8
9.750849117266856e-8
9.874626170115504e-8
9.929420283989934e-8
9.906154156456909e-8
9.924366087095311e-8
9.791580746685126e-8
9.720560044515059e-8
9.626995487300587e-8
9.463099405345293e-8
9.381809608986951e-8
9.284199863043733e-8
9.072933439058858e-8
8.979182513584996e-8
8.940502720483666e-8
8.64066847178513e-8
8.530481860440304e-8
8.41952514013761e-8
8.246465005911793e-8
8.042710668245055e-8
7.975607605601905e-8
7.866659035909191e-8
7.736377356015651e-8
7.650079601660181e-8
7.540153158327539e-8
7.327721858856292e-8
7.393504391311318e-8
7.244993034049351e-8
7.07692033111664e-8
6.978581113291412e-8
6.914667324694695e-8
6.77651244436661e-8
6.687269006470925e-8
6.630699577191476e-8
6.49590708801562e-8
6.411008481896549e-8
6.312337996811105e-8
6.270594974619008e-8
6.157728279812471e-8
6.104526920166794e-8
6.011811828206748e-8
5.924211670714741e-8
5.863563744426584e-8
5.780277982114754e-8
5.706278822027217e-8
5.627284766249619e-8
5.5389920021104616e-8
5.498184257948479e-8
5.415783897750979e-8
5.3681684162168464e-8
5.3060338668793546e-8
5.228537713603706e-8
5.161709663057419e-8
5.114967045409734e-8
5.0501339303261786e-8
4.9910547835660796e-8
4.921862821208425e-8
4.863296081608546e-8
4.816878811731629e-8
4.761468704380602e-8
4.706645695370613e-8
4.645382026851286e-8
4.596456913008217e-8
4.5437352355354215e-8
4.4964160348447784e-8
4.4480061489826304e-8
4.395938498328258e-8
4.3433377550575386e-8
4.2920091451938686e-8
4.2492738446337425e-8
4.2035958990381905e-8
4.158465900359651e-8