8.439643369244177e-12
9.299622067889504e-11
1.7834928613699993e-10
2.652313158363434e-10
3.5439210191989954e-10
4.46573380638882e-10
5.425277567608958e-10
6.431044499957312e-10
7.491068686225114e-10
8.614051909285463e-10
9.808947134959424e-10
1.108462803374976e-9
1.2450978178345884e-9
1.3920375364468137e-9
1.5500490390745583e-9
1.720499547103082e-9
1.904555541872731e-9
2.103504853442431e-9
2.318464547303864e-9
2.5510708452408277e-9
2.8026508254091197e-9
3.074924873645948e-9
3.369337064303175e-9
3.6875101908967614e-9
4.031757919516857e-9
4.402841576036998e-9
4.802248130123737e-9
5.233240309542162e-9
5.696730098980376e-9
6.194809476212438e-9
6.7287787148276765e-9
7.300231019073417e-9
7.912651189435991e-9
8.564902378519577e-9
9.260124460888938e-9
9.998354678809592e-9
1.0780617124619624e-8
1.1609495178999182e-8
1.2482573448413207e-8
1.3400863401168847e-8
1.4366351948991763e-8
1.537130906622124e-8
1.642046964707796e-8
1.7509117831424442e-8
1.8635502077219936e-8
1.9795301098362855e-8
2.098530607922807e-8
2.219947375948987e-8
2.3432281434251727e-8
2.4677614463253582e-8
2.5927551041049233e-8
2.7173602844040434e-8
2.8406629969717555e-8
2.9615810347027745e-8
3.0789315214451136e-8
3.191833008980603e-8
3.298421411927991e-8
3.397932043059293e-8
3.487975378710823e-8
3.565617414162006e-8
3.6310211055525316e-8
3.6812526148998814e-8
3.713853020594267e-8
3.726127259444362e-8
3.7151854520145496e-8
3.674528665087804e-8
3.610755889128486e-8
3.50902854807145e-8
3.372439887216271e-8
3.194487327660625e-8
2.9734139488607635e-8
2.708262766432251e-8
2.4008438622211473e-8
2.0573365831060413e-8
1.690718768053756e-8
1.3223243438468266e-8
9.824046075012683e-9
7.0754625013869435e-9
5.341166970600946e-9
4.908414528442966e-9
6.011989607477365e-9
9.220161334538722e-9
1.7045634642531243e-8
4.3087013099845664e-8
2.7958623379552416e-7
7.826257102089221e-7
5.521061408366496e-8
1.7783972121845355e-8
8.459445490769906e-9
4.82676496712551e-9
3.0584523468456926e-9
2.0732142847111755e-9
1.4718760626038782e-9
1.0797738971032312e-9
8.108282400011927e-10
6.186643774488383e-10
4.764427254153645e-10
3.675591969277859e-10
2.8073978712570624e-10
2.0575337036955238e-10
4.0299772903568344e-8
7.188716890608572e-8
8.83128011790284e-8
9.854749287398052e-8
1.0518684453240471e-7
1.0972405046142287e-7
1.1267478744354975e-7
1.1432749885979404e-7
1.1510916597047555e-7
1.1534463896666873e-7
1.1542189224211176e-7
1.163788329196637e-7
1.135177925506695e-7
1.1134093079374057e-7
1.1153278982507826e-7
1.1374484401980104e-7
1.0962435993285431e-7
1.0803527928614484e-7
1.0478488171150228e-7
1.0343665120928894e-7
1.0224668764922608e-7
1.0092185715581587e-7
1.00308417453768e-7
9.664986548908995e-8
9.822198742193577e-8
9.628483096353817e-8
9.204379161999332e-8
9.1732702749199e-8
9.217427222228243e-8
9.059197130880445e-8
8.924696139665667e-8
8.793017086805721e-8
8.717852723803195e-8
8.482255887816138e-8
8.481074323716603e-8
8.233412603118183e-8
8.229310180983392e-8
8.154599112570152e-8
7.980748245792094e-8
7.869674546453592e-8
7.764014228093629e-8
7.676951400723126e-8
7.582963024172526e-8
7.496881712865524e-8
7.382587233541881e-8
7.24420115264848e-8
7.246448153130821e-8
7.087245079926833e-8
6.94950640240048e-8
6.919769258152084e-8
6.830590581069309e-8
6.738284315072965e-8
6.646152049956755e-8
6.587188052594434e-8
6.480089480432909e-8
6.42133914284058e-8
6.333893748449183e-8
6.250755170771753e-8
6.176636766574433e-8
6.117155695929351e-8
6.037426381484168e-8
5.961838502327632e-8
5.897329310533505e-8
5.827192948895372e-8
5.748987694186931e-8
5.684094621301061e-8
5.617329489525252e-8
5.5518766953533716e-8
5.485255868761273e-8
5.415226754186611e-8
5.3474370417884524e-8
5.2901751286875014e-8
5.232679985112679e-8
5.1736221422081794e-8
5.109444222602441e-8
5.0471971023268324e-8
4.9857543210641e-8
4.93213379551644e-8
4.878717839302462e-8
4.82371990894149e-8
4.768620035304219e-8
4.713257306636224e-8
4.654266247148378e-8
4.601203182556397e-8
4.55494911512341e-8
4.505619050405748e-8
4.455108606118203e-8
4.4048021570657686e-8
4.3559242509399074e-8
4.30408114236888e-8
4.2584837379770827e-8
4.2138627091316956e-8
4.1687306707047815e-8
4.122947090101574e-8
4.077111435706262e-8
4.0319849403223756e-8
3.9904624962352187e-8
3.9466039833877235e-8
3.904673681847344e-8
3.863479875846291e-8
3.822226223223839e-8