1.7803520162789727e-13
1.960990162335797e-12
3.756982701286101e-12
5.578002852513207e-12
7.43625828076212e-12
9.344271845560096e-12
1.1314950857862346e-11
1.3361827703566454e-11
1.549890480884427e-11
1.7741291733850577e-11
2.0104910292373635e-11
2.2606374556894298e-11
2.5263642380024688e-11
2.8096340142551863e-11
3.1125233511246275e-11
3.4372973310760994e-11
3.786354586723371e-11
4.162374331751676e-11
4.568197546759202e-11
5.006926576183263e-11
5.4819684927973174e-11
5.99699811204726e-11
6.556059702123762e-11
7.163427798092416e-11
7.824155775822019e-11
8.542747989216326e-11
9.325553211851142e-11
1.0178187865196592e-10
1.1107741061925735e-10
1.212153600663794e-10
1.3226825814325506e-10
1.4432932847758527e-10
1.5749326432637614e-10
1.7185657429409894e-10
1.8753182185971955e-10
2.0464167414603639e-10
2.2331752695201806e-10
2.436922115087077e-10
2.65959302541106e-10
2.9018319962234445e-10
3.1664463542844546e-10
3.4550922759142817e-10
3.769554591016712e-10
4.112373701753073e-10
4.4860657328561204e-10
4.893071976475163e-10
5.336173977132713e-10
5.818147472381775e-10
6.342760552103985e-10
6.912571519722974e-10
7.532161765068456e-10
8.204679629123024e-10
8.9345203031379e-10
9.725836454507729e-10
1.0583203269147225e-9
1.151129530792663e-9
1.2515220024764237e-9
1.3600044962954851e-9
1.477142932723043e-9
1.6034655511701424e-9
1.73950122625509e-9
1.8859891126712036e-9
2.0431437573349823e-9
2.2120209450308612e-9
2.392724588154446e-9
2.5862244541519896e-9
2.7928895265198957e-9
3.0132113767075467e-9
3.2477587700794446e-9
3.4969552522177345e-9
3.760875804612123e-9
4.040091622531809e-9
4.334837693605582e-9
4.645081175697111e-9
4.9711101319585165e-9
5.312148709241307e-9
5.668394218216224e-9
6.039141894302719e-9
6.4238786545843e-9
6.8215628075248515e-9
7.2313639878901434e-9
7.651706978263934e-9
8.081239258248566e-9
8.517890942988517e-9
8.95978246211737e-9
9.404249496487845e-9
9.848773732819438e-9
1.0289980126536801e-8
1.0724604193230251e-8
1.1149640544914782e-8
1.1559478489189115e-8
1.1947006534561404e-8
1.2311290457711654e-8
1.2644461801496074e-8
1.2940176163970726e-8
1.3190890112529806e-8
1.3388555050121595e-8
1.3524262348792957e-8
1.3588577281016019e-8
1.356983404496692e-8
1.3457099584587567e-8
1.3237099013829088e-8
1.289746612306662e-8
1.2424833144615082e-8
1.1807619514573706e-8
1.1037511354205373e-8
1.0111904972454766e-8
9.037925286149121e-9
7.838501378902527e-9
6.5579660158116515e-9
5.267494906319123e-9
4.066044744177745e-9
3.0728329744645496e-9
2.409737453803697e-9
2.180652635571942e-9
2.47255670642171e-9
3.4332977781978317e-9
5.571755659007115e-9
1.098454499656455e-8
3.246357076661239e-8
5.032352888539463e-7
1.1887172355383046e-7
1.8258662924363078e-8
6.8078544670125356e-9
3.422488900179744e-9
1.9986600918866885e-9
1.2747621647209892e-9
8.596416949057601e-10
6.0041695085325e-10
4.272476282157222e-10
3.0373877745522043e-10
2.049617975628971e-10
4.643379101309394e-8
6.854350513914632e-8
8.007110672603756e-8
8.695781570335414e-8
9.11739083169694e-8
9.357616982722962e-8
9.489604908427407e-8
9.573558494758762e-8
9.557319919007819e-8
9.467995680827113e-8
9.441989751079821e-8
9.100581970903761e-8
9.068140182561319e-8
9.096530249722338e-8
8.98026807651624e-8
8.854608440013105e-8
8.756220567634279e-8
8.607015211024584e-8
8.373001787210136e-8
8.181053697350067e-8
8.241647863044553e-8
7.970046501555151e-8
7.902810621111301e-8
7.755865252836312e-8
7.532920571244332e-8
7.527263606149693e-8
7.340268412038008e-8
7.228314366879079e-8
7.207172891070165e-8
7.052595830641888e-8
6.999193917270143e-8
6.881821947055411e-8
6.792012664681904e-8
6.646795527209719e-8
6.545144856532107e-8
6.466876781197937e-8
6.376194295427235e-8
6.298958497102472e-8
6.276425352192698e-8
6.082580489103674e-8
6.04448809609704e-8
5.931908046716068e-8
5.861216406048108e-8
5.8078209206480146e-8
5.677486531729774e-8
5.6517899719391985e-8
5.5771702599117854e-8
5.5095437316711557e-8
5.404455923650962e-8
5.355048479064983e-8
5.2909985022468456e-8
5.220734071724621e-8
5.166639132851842e-8
5.102507391176016e-8
5.019923064635491e-8
4.97594498274276e-8
4.917610326018604e-8
4.8566905461857036e-8
4.787385933352403e-8
4.748365973608257e-8
4.690810090237124e-8
4.637815608463872e-8
4.5820286345383085e-8
4.5216719368971853e-8
4.4770037232803675e-8
4.425623453023778e-8
4.37915714752596e-8
4.328905118734903e-8
4.277303163676454e-8