1.2123188282228856e-8
1.3231572028008126e-7
2.4742405951257016e-7
3.5331016718687564e-7
4.4664105089347283e-7
5.250551939357415e-7
5.871719812246083e-7
6.324498739066527e-7
6.609769144233543e-7
6.732173756968092e-7
6.698211144964171e-7
6.513834874283748e-7
6.183603286103483e-7
5.710819970705434e-7
5.0976138119096e-7
4.349444908023422e-7
3.4826987675683665e-7
2.539211488660382e-7
1.6070256332224284e-7
8.311823069431189e-8
3.69656369587831e-8
2.6219437258177834e-8
3.66667792481724e-8
6.051069411821415e-8
1.178339859566867e-7
3.2319082285251885e-7
2.801017400835548e-6
3.007247670315736e-6
3.2074456612134096e-7
1.1306237826023856e-7
5.656654006817926e-8
3.3538793906354156e-8
2.1983053699621235e-8
1.5392916780996456e-8
1.1293423869642098e-8
8.577586435836294e-9
6.690483601202756e-9
5.329268275904119e-9
4.317404287989014e-9
3.546412885878728e-9
2.946696926620605e-9
2.471968153157318e-9
2.0904871314435358e-9
1.7799127514516384e-9
1.5241571713898688e-9
1.3114015604863383e-9
1.1328077508629932e-9
9.816602930215724e-10
8.527818970432165e-10
7.421266933335559e-10
6.46491407251422e-10
5.633057506979103e-10
4.9047602461851e-10
4.2626292146176816e-10
3.691767328745903e-10
3.178670752733347e-10
2.7095272632739303e-10
2.2656797650581572e-10
1.7961270547232956e-10
6.930704276424088e-8
1.029686479610179e-7
1.2132631688100862e-7
1.3290186922830988e-7
1.4074038693294355e-7
1.4576387733386144e-7
1.4896748242027188e-7
1.51456383946055e-7
1.5252893758202192e-7
1.5387905879077648e-7
1.5382768912798753e-7
1.5365227009967019e-7
1.533125979345385e-7
1.5259094232218115e-7
1.51907435144393e-7
1.5112963099320633e-7
1.5040678584889533e-7
1.4920684402910303e-7
1.4812685118868416e-7
1.4686984344089084e-7
1.4566700401456954e-7
1.445774006100223e-7
1.4329461032230162e-7
1.4194444348746236e-7
1.4054717209368117e-7
1.38815481436083e-7
1.3770753624189084e-7
1.3637703094290663e-7
1.3504254126898e-7
1.3351374133734524e-7
1.3135452030167312e-7
1.3074077427461247e-7
1.2922503115969565e-7
1.2715110801631787e-7
1.2630871430276752e-7
1.248515387199193e-7
1.2328223435222513e-7
1.219700105699145e-7
1.2048175007375992e-7
1.1886902217768286e-7
1.1771268273899955e-7
1.1599305570099402e-7
1.14804851261706e-7
1.1333014473922952e-7
1.1170697049434946e-7
1.1060239298665696e-7
1.0889791191503423e-7
1.0771230016100922e-7
1.0637318296417785e-7
1.0444051045065465e-7
1.0367613641374067e-7
1.0213965976239218e-7
1.00839994574285e-7
9.949332242950389e-8
9.823143740513767e-8
9.690477793535534e-8
9.559956471165275e-8
9.440448972088154e-8
9.314454441694223e-8
9.191016108726087e-8
9.070649435211136e-8
8.952744763159968e-8
8.8198939651912e-8
8.717249340828932e-8
8.594674456771033e-8
8.484428961602397e-8
8.373323205128994e-8
8.255737845292339e-8
8.14984765257017e-8
8.042141746472717e-8
7.93317645867707e-8
7.829335913612897e-8
7.72375825407617e-8
7.62001456636882e-8
7.521331814066823e-8
7.42429315386769e-8
7.322568416554645e-8
7.226387007823605e-8
7.133023049290281e-8
7.038029537220958e-8
6.939541824061215e-8
6.856394775947226e-8
6.767055900154107e-8
6.678773508451158e-8
6.586286858629114e-8
6.500712321856006e-8
6.421935019860923e-8
6.339568198279702e-8
6.25643837169621e-8
6.176028999776954e-8
6.091318488368188e-8
6.015053576404017e-8
5.9404466551049443e-8
5.8651639230346615e-8
5.791695082396395e-8
5.7163045982343885e-8
5.643448423946808e-8
5.570737951080481e-8
5.500923961342313e-8
5.433606712294428e-8
5.365631559391755e-8
5.298778222271617e-8
5.232336441155628e-8
5.166797465931121e-8
5.100291930497574e-8
5.035893413661755e-8
4.977343397231885e-8
4.915087066119461e-8
4.8561291366423486e-8
4.79609844858817e-8
4.7375723467261326e-8
4.67911095983866e-8
4.622091586732293e-8
4.5661017178447366e-8
4.5118410951562496e-8
4.457143805264895e-8
4.4035373998323216e-8
4.351359551900384e-8
4.299256056010388e-8
4.248933064557606e-8
4.1974754233299884e-8
4.148716390727235e-8
4.0992337315124836e-8
4.052002821479702e-8
4.00348392000053e-8
3.9571857294440315e-8
3.9116766066755405e-8
3.8655830385782854e-8
3.820820558708112e-8
3.7761077214232226e-8
3.73294217305239e-8
3.690390019607686e-8
3.648606730137032e-8
3.6064556107021445e-8
3.5661123528667515e-8
3.5254914472440924e-8
3.4856404986179266e-8
3.4462775770925654e-8
3.4074696638571695e-8
3.3692985497405276e-8
3.3309495414128615e-8
3.2942852975755345e-8