2.67928989500649e-8
2.569968233827821e-7
3.211925460870042e-7
1.7817414887768572e-7
2.126892230375281e-8
1.2822000857335148e-8
1.7262025484811057e-8
2.3276066964058378e-8
3.190867477559319e-8
4.5164941585148285e-8
6.734850689250138e-8
1.091807350435736e-7
2.0404518102102362e-7
5.047520397682339e-7
2.76245901550944e-6
0.000022818480852729996
9.468829889303726e-7
2.897387682478293e-7
1.36952016781761e-7
7.875842743414099e-8
5.065056199741263e-8
3.501136195859878e-8
2.545007784763661e-8
1.9197581647141165e-8
1.489703094161099e-8
1.1820568013748179e-8
9.549575158884556e-9
7.829593606829713e-9
6.4988221796323065e-9
5.4504586419828305e-9
4.611741071564405e-9
3.931744670056878e-9
3.3739851422299554e-9
2.9117851568478648e-9
2.5252842969295675e-9
2.1994592087642196e-9
1.922781850296907e-9
1.6862918440547344e-9
1.4829428761378861e-9
1.3071345528022838e-9
1.1543719198386145e-9
1.021014325376217e-9
9.040877112738192e-10
8.011425182058191e-10
7.101446650832699e-10
6.293906928624851e-10
5.574404053948968e-10
4.930616262910809e-10
4.35182445524841e-10
3.8284494478357843e-10
3.3515040652525603e-10
2.911704995062398e-10
2.4973427233445834e-10
2.08578436873895e-10
3.228606050060515e-8
9.539365551230753e-8
1.205966742345984e-7
1.3503491315475736e-7
1.4409625656533708e-7
1.4977766269864188e-7
1.535815417401728e-7
1.5559487808710756e-7
1.5735362222614586e-7
1.5824574995424145e-7
1.5791132122587287e-7
1.5823623839761995e-7
1.5793822483036388e-7
1.5739001423549838e-7
1.564536967396921e-7
1.561037742144156e-7
1.5480649263238906e-7
1.5468687326078692e-7
1.5306909582368065e-7
1.525862043211879e-7
1.513941321913435e-7
1.503170679611194e-7
1.4942611567990522e-7
1.482584932557788e-7
1.4706897693357107e-7
1.4582083418445715e-7
1.4447995903481474e-7
1.4292207431725412e-7
1.41825850436428e-7
1.4055948477673635e-7
1.392667419442537e-7
1.37662672168075e-7
1.360475624302021e-7
1.3509008208860714e-7
1.3335012752177986e-7
1.3195237400256915e-7
1.3067251542608347e-7
1.2912915448361396e-7
1.2760041761608807e-7
1.2600846941498686e-7
1.2421710465416057e-7
1.2327283903056025e-7
1.2165706052525397e-7
1.2033101807549716e-7
1.1854899476088556e-7
1.1742942190603544e-7
1.1550239682609827e-7
1.1441936586602152e-7
1.1296400110687881e-7
1.1136972257435868e-7
1.1011996387503933e-7
1.0858861929089617e-7
1.0709115503032031e-7
1.058354381005746e-7
1.0420544315749879e-7
1.0300304555637972e-7
1.0150789840897274e-7
1.0020812330016699e-7
9.889411279107007e-8
9.756113746366216e-8
9.621654573118495e-8
9.496287730245501e-8
9.36286217224173e-8
9.242755778193498e-8
9.120844467526306e-8
8.988937987328833e-8
8.876079188020661e-8
8.751571292641786e-8
8.635133347522558e-8
8.521542419267813e-8
8.400932474025267e-8
8.291179801314867e-8
8.17843017336858e-8
8.06717282870459e-8
7.959248926370027e-8
7.849614707453422e-8
7.744260292186579e-8
7.640131905828541e-8
7.538715410159213e-8
7.435950608422413e-8
7.336755315745905e-8
7.241385679794598e-8
7.14368389692754e-8
7.037753371833284e-8
6.953299157097382e-8
6.863512350684686e-8
6.771756848035983e-8
6.679498298751718e-8
6.5925244917434e-8
6.505120566741697e-8
6.422818800256127e-8
6.337460259250555e-8
6.252830363496467e-8
6.169866329690236e-8
6.08678406439767e-8
6.011670462755324e-8
5.9337176902292596e-8
5.858490896120931e-8
5.781995681967594e-8
5.7073285753042954e-8
5.631311893513507e-8
5.561157382262707e-8
5.489784193506055e-8
5.4205897880192903e-8
5.352324399185971e-8
5.2846274977231034e-8
5.2173479311358774e-8
5.150195866392475e-8
5.0837602214424293e-8
5.020809837474207e-8
4.960175207826268e-8
4.897707286406523e-8
4.8359838800587595e-8
4.777319642564605e-8
4.717412156668692e-8
4.659311497741792e-8
4.601526254253055e-8
4.545685823639966e-8
4.4898309589074885e-8
4.4346277307060426e-8
4.381442979537302e-8
4.328487930960008e-8
4.275481046819954e-8
4.2245357158178165e-8
4.174489677414341e-8
4.1242457052853966e-8
4.074925633047299e-8
4.0263074271696596e-8
3.979035318176532e-8
3.931015453451309e-8
3.8850791590001816e-8
3.839454731927478e-8
3.793965113538405e-8
3.750049419662209e-8
3.706675338071593e-8
3.663528440321337e-8
3.620904449093618e-8
3.580116693480296e-8
3.5384324026025655e-8
3.496877252485338e-8
3.456630402784397e-8
3.4170272720076375e-8
3.37811546827003e-8
3.339972574907802e-8
3.302688135975604e-8
3.2653914553503667e-8
3.2291112373114265e-8