2.740122611241235e-11
3.0190373923742315e-10
5.788572407759747e-10
8.604909740982764e-10
1.1491118897855585e-9
1.446992410964794e-9
1.7563156285935216e-9
2.0796110123809428e-9
2.4193345221605015e-9
2.777936397283563e-9
3.157685902973231e-9
3.5612092124676257e-9
3.992048084629935e-9
4.452650702623811e-9
4.94410490822991e-9
5.470946613932443e-9
6.036158517447035e-9
6.6425635967598055e-9
7.291464134953597e-9
7.98746205648574e-9
8.733215172386189e-9
9.531444855355756e-9
1.0384184074951654e-8
1.1294785817567593e-8
1.2265195859773294e-8
1.3297318550046127e-8
1.4393094541019831e-8
1.5553148531349314e-8
1.6778791771343265e-8
1.8070246681833125e-8
1.9425889669867916e-8
2.0847919808257622e-8
2.2332430230599174e-8
2.3875923714665593e-8
2.5474994720534337e-8
2.712568368730396e-8
2.8820993901691634e-8
3.055523014675106e-8
3.2320087822225475e-8
3.4105567778342346e-8
3.590132550985701e-8
3.76946214266513e-8
3.9473411406925084e-8
4.1221821966024357e-8
4.2925404819700794e-8
4.4564832902662016e-8
4.611907298560095e-8
4.7576215763226456e-8
4.890713230619004e-8
5.00867199895572e-8
5.1070469060649406e-8
5.1857883640376025e-8
5.2402901536751757e-8
5.267649623113966e-8
5.263203036615616e-8
5.2228309603034015e-8
5.142171662816997e-8
5.01558450095629e-8
4.836756259340299e-8
4.605233692913018e-8
4.312016258848682e-8
3.955654115405511e-8
3.536690549260542e-8
3.0611099299963236e-8
2.543318361012462e-8
2.009640882017219e-8
1.5000442713788547e-8
1.0663786126365275e-8
7.641276359887775e-9
6.3961753935087815e-9
7.249211129663088e-9
1.0734455073820298e-8
1.9289725660299188e-8
4.5894870815749843e-8
2.3390186599283335e-7
2.6903480385048616e-6
8.805280872110777e-8
2.5807500922485853e-8
1.1855586121793958e-8
6.653092770166829e-9
4.180510340321694e-9
2.823365935353763e-9
2.0035046141729583e-9
1.4730050826719496e-9
1.1114622647066099e-9
8.547760893865724e-10
6.6629986101539e-10
5.238196055229991e-10
4.131334206203434e-10
3.245713127838187e-10
2.50638461566883e-10
1.814920591917725e-10
5.336588379398028e-8
8.00394879470958e-8
9.529249845614324e-8
1.0516975517891459e-7
1.1178167699677267e-7
1.1625912791032983e-7
1.1904658263060504e-7
1.2073316561907157e-7
1.2136105820475923e-7
1.2226403530556405e-7
1.2191168680792616e-7
1.214665813727718e-7
1.2067712268506625e-7
1.1899036439993234e-7
1.1829784941585878e-7
1.17515055012542e-7
1.1582334618116711e-7
1.1395694706490592e-7
1.1271320463135493e-7
1.1145826588139796e-7
1.0388175172199602e-7
1.043867929741283e-7
1.0328904913401203e-7
9.90189601720127e-8
1.0332707674400397e-7
1.030681455497306e-7
1.0145876808903317e-7
9.974937132072623e-8
9.825004805942983e-8
9.787028368385529e-8
9.572293228265318e-8
9.467272045392404e-8
9.37148642346239e-8
9.150753514878154e-8
9.111299355573999e-8
8.89911780967927e-8
8.845482413338521e-8
8.738680394063499e-8
8.489841809174942e-8
8.415137012676481e-8
8.380510692372166e-8
8.225706824796994e-8
8.188630277036336e-8
7.966969491314511e-8
7.937734536059147e-8
7.842007756120933e-8
7.728763761350909e-8
7.642575616234625e-8
7.510472947390479e-8
7.416914897785097e-8
7.311114379965026e-8
7.246059672612628e-8
7.160214096000561e-8
7.030941731264254e-8
6.993459658551796e-8
6.8994834796021e-8
6.809113670315159e-8
6.709440518604087e-8
6.642871597197416e-8
6.559792518131183e-8
6.476757289027697e-8
6.36754038946955e-8
6.319848790193928e-8
6.241253950831333e-8
6.156634361514547e-8
6.086799653981928e-8
6.017006380041357e-8
5.9394477850100734e-8
5.870665398260132e-8
5.8006421714886055e-8
5.732989753050412e-8
5.6652220076603576e-8
5.5942479456341425e-8
5.524965940112433e-8
5.460970202360619e-8
5.3997465924961537e-8
5.335901073588312e-8
5.273287766036759e-8
5.208109173223127e-8
5.1467791671665546e-8
5.084840986740184e-8
5.0292277589661884e-8
4.973903203958029e-8
4.91612177884676e-8
4.858872506496068e-8
4.800887392478278e-8
4.7391647981819085e-8
4.690449341191387e-8
4.640428027083134e-8
4.5889748440972766e-8
4.538115777655324e-8
4.485987525967116e-8
4.433176702743694e-8
4.382005595565561e-8
4.335900643496976e-8
4.2885872463311236e-8
4.242237658052446e-8
4.194399959717401e-8
4.147943564560517e-8
4.101710237363728e-8
4.058449606286689e-8
4.013192814003231e-8
3.9697379720951147e-8
3.9274225498962724e-8
3.884719117186686e-8
3.842973784702558e-8
3.8005332078527076e-8
3.761131896144281e-8
3.721419815730678e-8