2.1277010622128166e-12
2.344522675662364e-11
4.4965061595336886e-11
6.687262754383555e-11
8.935777636060504e-11
1.1261286082527292e-10
1.3683478246182371e-10
1.622337140780456e-10
1.8902678990045668e-10
2.1743055116607146e-10
2.476862603077163e-10
2.8005402889621127e-10
3.1479396828284745e-10
3.5218024751507323e-10
3.9255206522207757e-10
4.3618072743923906e-10
4.83449981059303e-10
5.347127038122572e-10
5.904154883849062e-10
6.509105123697192e-10
7.166968708372119e-10
7.882805009722653e-10
8.661503518826262e-10
9.509088256025126e-10
1.0431712882867354e-9
1.1435069882104303e-9
1.2526172848206136e-9
1.3713136982116126e-9
1.5002411977196754e-9
1.6404435329113782e-9
1.7923510302046192e-9
1.9574412642431376e-9
2.136392792281571e-9
2.3300524262950106e-9
2.539687081895519e-9
2.7663628055754256e-9
3.011054351558949e-9
3.2749926208871543e-9
3.5593553131534983e-9
3.8656893793780465e-9
4.194254283463589e-9
4.54646038389492e-9
4.924179387456013e-9
5.32738083661736e-9
5.758051062164646e-9
6.216568985993389e-9
6.703814425192043e-9
7.2210506328262906e-9
7.768013837687067e-9
8.345312587622403e-9
8.952400356752999e-9
9.59018875589966e-9
1.0257557393121592e-8
1.0953411493062646e-8
1.167760608048358e-8
1.2427892973483203e-8
1.3202337344733919e-8
1.3998542806288919e-8
1.481327885311094e-8
1.5644028915893225e-8
1.6486158465510256e-8
1.7334599747078736e-8
1.818532286437465e-8
1.90315875323421e-8
1.986738773741441e-8
2.0685024516647505e-8
2.147758163988017e-8
2.2234995103989896e-8
2.2952703270304418e-8
2.360642719183428e-8
2.419919364786157e-8
2.4711470710310235e-8
2.5129926448126275e-8
2.5439998466528374e-8
2.562306524241806e-8
2.5659765145585658e-8
2.5529443702242385e-8
2.519879273781723e-8
2.467738208610263e-8
2.3905747604602454e-8
2.2871835907160952e-8
2.155448549947918e-8
1.993971164122473e-8
1.8028117775092092e-8
1.584279583269174e-8
1.344280348097048e-8
1.0934955440260028e-8
8.483934143841245e-9
6.307802140963698e-9
4.652870083009754e-9
3.747756890845749e-9
3.769174570951157e-9
4.905401650880802e-9
7.726825735382337e-9
1.4671114742968562e-8
3.944366866913982e-8
3.42362773839733e-7
3.319749417794103e-7
3.5455450586665905e-8
1.225346541739696e-8
5.987151069371773e-9
3.458435149922979e-9
2.2030765011256575e-9
1.4948040821939055e-9
1.0586225327701912e-9
7.721087153452356e-10
5.741049294176314e-10
4.3117667369605024e-10
3.233818637336444e-10
2.3673721010031083e-10
1.774189544438322e-8
6.268248234011575e-8
8.068421615674863e-8
9.139530794675871e-8
9.827251870691806e-8
1.0263861501651752e-7
1.0660567997237968e-7
1.0701617741897706e-7
1.0886790716084319e-7
1.087856349410451e-7
1.065941244334558e-7
1.0412027220943425e-7
1.0601387299672304e-7
1.0544993737131528e-7
1.0742866568933384e-7
1.0108372627560927e-7
1.0093702619765895e-7
9.995339048731585e-8
9.79837448907957e-8
9.563931112230075e-8
9.55465748974644e-8
9.463597254913853e-8
9.149244507804615e-8
9.044649728432748e-8
8.994413482036676e-8
9.044190337886832e-8
8.824032064771012e-8
8.615029579346359e-8
8.557392129238492e-8
8.266957943249428e-8
8.284495276636044e-8
8.129032228423407e-8
7.985485219065681e-8
7.926634453780093e-8
7.77091592637866e-8
7.51842171138847e-8
7.503396680566603e-8
7.397960382760129e-8
7.234135808655176e-8
7.270481988744568e-8
7.187307043666217e-8
7.072178536807955e-8
6.995339205474677e-8
6.913559435334983e-8
6.821195816995365e-8
6.714734528532321e-8
6.599646854094451e-8
6.531531845948242e-8
6.441509122337185e-8
6.369233138387727e-8
6.29664009928591e-8
6.214399601213364e-8
6.121252081927929e-8
6.057830277994505e-8
5.989013094325786e-8
5.9097696925170234e-8
5.845371326699569e-8
5.749567350560465e-8
5.710932434771065e-8
5.626599095547353e-8
5.5597060916477715e-8
5.496427836447806e-8
5.4268668088499856e-8
5.3637442594832554e-8
5.306750346006142e-8
5.238424835431774e-8
5.169141956036062e-8
5.1107587655576265e-8
5.05990385799547e-8
5.0009789583431217e-8
4.943087410924355e-8
4.8788392316309405e-8
4.820749310443769e-8
4.7715863546703587e-8
4.720202407332554e-8
4.6683096343020695e-8
4.6134172675801574e-8
4.56007902453124e-8
4.502438243529879e-8
4.455001697689167e-8
4.409067640323707e-8
4.3624140662920786e-8
4.3158758785834385e-8
4.2664618133412205e-8
4.218855320962295e-8
4.170510851730521e-8
4.127168676331193e-8
4.0835979063743596e-8
4.039760480987454e-8
3.995159636897775e-8
3.9516531358382587e-8