1.8313296899831085e-14
2.0147456343556483e-13
3.8477781654410646e-13
5.683528615129472e-13
7.523316995681395e-13
9.36849654038385e-13
1.1220453346758046e-12
1.3080637064168285e-12
1.4950563232735444e-12
1.6831758888558213e-12
1.8726012476133325e-12
2.0634935927663215e-12
2.2560473132850355e-12
2.450457142465312e-12
2.6469501784773028e-12
2.8457423613334396e-12
3.0470974479417177e-12
3.25128047362433e-12
3.458576643653288e-12
3.669301765106467e-12
3.88380079787792e-12
4.102406913977955e-12
4.325653827304556e-12
4.553824844445614e-12
4.787472940207842e-12
5.027135386047912e-12
5.2733641223755886e-12
5.526779242898636e-12
5.788113135346749e-12
6.05806531916648e-12
6.337633535393526e-12
6.627244495987276e-12
6.928250267986826e-12
7.241836643638546e-12
7.568893550416583e-12
7.910747574196998e-12
8.269264372960352e-12
8.645282176390664e-12
9.04108827179259e-12
9.458061134077498e-12
9.898658977345477e-12
1.036486002761072e-11
1.0859025823888281e-11
1.1384009315238389e-11
1.1942812451048457e-11
1.2538398901194065e-11
1.3174667315562658e-11
1.3855030963802037e-11
1.4583856746430168e-11
1.5365881174856328e-11
1.6206302957440985e-11
1.7110186878076975e-11
1.8083921557200537e-11
1.9134057182158243e-11
2.026770186513217e-11
2.1493067058448955e-11
2.2818418597364057e-11
2.4253534917571787e-11
2.5809102736378187e-11
2.7495755959380758e-11
2.932583130546273e-11
3.131373116785655e-11
3.347366112587267e-11
3.5822137194563153e-11
3.837448735648128e-11
4.115339307576624e-11
4.4175671224647615e-11
4.747031373382646e-11
5.1057482363640116e-11
5.496303194801478e-11
5.921885038866257e-11
6.385785961338849e-11
6.891378820960802e-11
7.442514355766476e-11
8.042836847681557e-11
8.697643616738941e-11
9.411085659893682e-11
1.018912010862865e-10
1.1036387606228377e-10
1.1959824372352832e-10
1.2966008241113289e-10
1.4062023312441797e-10
1.5255580148932612e-10
1.6555249762216294e-10
1.7970078780557577e-10
1.9509003836635383e-10
2.1183087182403994e-10
2.300378368091304e-10
2.4982236792799144e-10
2.713154886439698e-10
2.946541171810109e-10
3.1997808561040456e-10
3.4742005997102995e-10
3.772235797341277e-10
4.094714711246103e-10
4.443812659330115e-10
4.821334491725157e-10
5.229078255133244e-10
5.669752755110401e-10
6.144947385771404e-10
6.656901403986896e-10
7.20800951129439e-10
7.800641077605416e-10
8.436953220549342e-10
9.119703357868776e-10
9.850814343858988e-10
1.063254763301524e-9
1.1467671996723944e-9
1.2357997327262864e-9
1.3305341033042292e-9
1.431165029110954e-9
1.5379243760443554e-9
1.6508638119644057e-9
1.770126783388009e-9
1.895790380754522e-9
2.027834416398464e-9
2.1662613869593243e-9
2.311058068790136e-9
2.4620186631774125e-9
2.618862531906853e-9
2.7813742533234347e-9
2.949220343297982e-9
3.121901412333939e-9
3.2988039432320916e-9
3.479353498809094e-9
3.662700468567865e-9
3.848068715886003e-9
4.034208677737976e-9
4.220286595886158e-9
4.404192336749797e-9
4.585170579263402e-9
4.7612374845675155e-9
4.930452358873061e-9
5.090715950438475e-9
5.239706373135732e-9
5.3744450570480605e-9
5.4922279592559115e-9
5.5896578569843715e-9
5.662913155561158e-9
5.708019399168949e-9
5.720423180923863e-9
5.695286563700793e-9
5.627235233730083e-9
5.510949390985395e-9
5.3407196632015995e-9
5.111849478115364e-9
4.820084755973228e-9
4.46386134908791e-9
4.044714846832933e-9
3.570275289073272e-9
3.055707851424587e-9
2.526415344907709e-9
2.0188677718172735e-9
1.5789086397945989e-9
1.2562687647557e-9
1.0970145693535402e-9
1.139464175024294e-9
1.4274504548912168e-9
2.0697524384703932e-9
3.4380675853097707e-9
7.037415373544315e-9
2.3092128995633595e-8
9.847518745513503e-7
4.273687125032941e-8
8.267941421485528e-9
3.2509939872227216e-9
1.6591633489607835e-9
9.66137914977907e-10
6.053905298080598e-10
3.9288228720208635e-10
2.511968726059985e-10
3.648055746308623e-8
5.94636479557869e-8
6.961071457365213e-8
7.495965343853822e-8
7.778194424893937e-8
7.910065918793708e-8
7.964091073017433e-8
7.940221148320693e-8
7.866625995611694e-8
7.797456889952543e-8
7.701369866075942e-8
7.538500199852967e-8
7.482676143648492e-8
7.321023785028087e-8
7.201514830285247e-8
7.102398358874614e-8
6.937518233276531e-8
6.828706670591226e-8
6.674197476126166e-8
6.591992379713671e-8
6.450603283760423e-8
6.28131934213993e-8
6.191135669441987e-8
6.139154460659674e-8
5.952297493216595e-8
5.8838535073339675e-8
5.7627135333843204e-8
5.6011671825548555e-8
5.623869381679907e-8
5.371331629830869e-8