5.954489398664113e-12
6.561283071956936e-11
1.258371629742587e-10
1.8715045963193617e-10
2.5008024577527667e-10
3.151476881062459e-10
3.829292634815535e-10
4.539936354355894e-10
5.289112705678307e-10
6.083166332359249e-10
6.928632563636659e-10
7.83244824659621e-10
8.801314257551612e-10
9.843099747196475e-10
1.0965080290210384e-9
1.2178436337312693e-9
1.3487334068319237e-9
1.4904091931210775e-9
1.6440102190928754e-9
1.8103311524888e-9
1.9906785515252197e-9
2.1861348238459652e-9
2.3978437069386867e-9
2.6273505670135106e-9
2.8757109728009702e-9
3.1447720765581894e-9
3.4355416888179566e-9
3.7493416826403335e-9
4.088776791666676e-9
4.454719802688601e-9
4.848580621000182e-9
5.2721932985901596e-9
5.727352675706538e-9
6.215209865893445e-9
6.736965316939543e-9
7.295571090774172e-9
7.891005891723844e-9
8.52449496136462e-9
9.197564474516065e-9
9.910612706913552e-9
1.0664104790760046e-8
1.1458723619028545e-8
1.229454870184378e-8
1.3169142517378576e-8
1.4082503486679307e-8
1.5035779937203448e-8
1.602390846809323e-8
1.704492694453215e-8
1.809621985094408e-8
1.9174140030593502e-8
2.0273122450190214e-8
2.1388946044002286e-8
2.2515487573178966e-8
2.3645431290570625e-8
2.4772070820322892e-8
2.5885088071225758e-8
2.69736589378447e-8
2.8036478397866073e-8
2.9051717118345065e-8
3.0011323011765066e-8
3.0906582297554064e-8
3.1704601115760605e-8
3.240742767361633e-8
3.298864668503401e-8
3.343219205250809e-8
3.3712767903761464e-8
3.3807819350090595e-8
3.3688921513856014e-8
3.330403508632335e-8
3.269419208363283e-8
3.1753430750189643e-8
3.047516865905917e-8
2.882737678793501e-8
2.6788877023198535e-8
2.4352225765430264e-8
2.1537477914425307e-8
1.8406745069277172e-8
1.5083954955987364e-8
1.1768745833462703e-8
8.739918154204915e-9
6.327893642785113e-9
4.855101860665023e-9
4.573666161454383e-9
5.70308515607568e-9
8.815621091457788e-9
1.6417531307173952e-8
4.2188626021894056e-8
2.94398264580512e-7
6.070667299593023e-7
4.893962126731407e-8
1.6097036687901953e-8
7.717856816486246e-9
4.41998879623343e-9
2.8055502580697637e-9
1.9028181574418066e-9
1.3504555051678735e-9
9.895811839292352e-10
7.416066911726253e-10
5.64051898976943e-10
4.322157286364238e-10
3.3062798942693704e-10
2.4819381631727973e-10
1.6948918166014437e-10
5.7738274115871585e-8
7.963251326823689e-8
9.244554308440827e-8
1.0070800838675099e-7
1.0605127962974841e-7
1.0961937831471991e-7
1.117459013642581e-7
1.1287120777346549e-7
1.1313471795098391e-7
1.1517235100948953e-7
1.1214017338503676e-7
1.108604978414959e-7
1.0902447833699125e-7
1.1063312606241905e-7
1.0338782230750883e-7
1.0570081724200664e-7
1.0628508686764928e-7
1.045937779149359e-7
1.038887346089358e-7
1.0147452279731643e-7
1.0126286859021249e-7
9.9277292337605e-8
9.643473418657054e-8
9.491828289055144e-8
9.426244641709462e-8
9.242593820168624e-8
9.22037256583705e-8
9.160373969262625e-8
8.984403019717123e-8
8.834008336725056e-8
8.70336703878928e-8
8.521318379174978e-8
8.499894892901698e-8
8.353133864911347e-8
8.208486866622824e-8
8.127184462750642e-8
7.970893699190897e-8
7.910672191883961e-8
7.833708669177503e-8
7.68513606869404e-8
7.564131641676716e-8
7.460077979926096e-8
7.4275457404928e-8
7.300330892496055e-8
7.093814003670918e-8
7.044114870468718e-8
6.97851829644608e-8
6.900671689428453e-8
6.806788475138803e-8
6.736307364760867e-8
6.646345524624963e-8
6.576496655209084e-8
6.485492062302726e-8
6.406570466891081e-8
6.324476422753137e-8
6.255398262303145e-8
6.156547565710162e-8
6.102691629834752e-8
6.02978515510551e-8
5.9472867040953434e-8
5.8727770986427585e-8
5.811450174727973e-8
5.731426023012889e-8
5.659331207177199e-8
5.598989254253725e-8
5.536275995412259e-8
5.469970703998073e-8
5.401009746357547e-8
5.328330978458249e-8
5.2722626182917944e-8
5.216228209871548e-8
5.1562352919769e-8
5.093715394082017e-8
5.0327741944403506e-8
4.9726834356102484e-8
4.914667219850299e-8
4.8626857884963586e-8
4.8101264586916236e-8
4.7555049172852164e-8
4.7003559709618174e-8
4.6437572763629826e-8
4.5898518353554614e-8
4.5409163275848954e-8
4.491542562177143e-8
4.442839021377837e-8
4.39340039986961e-8
4.343699104200074e-8
4.2946611760607184e-8
4.2459981651318694e-8
4.202275746234231e-8
4.1570114260834344e-8
4.112373538168755e-8
4.066465279624198e-8
4.022549285092539e-8
3.979281994219541e-8
3.937689301766668e-8
3.894718939610231e-8
3.8528005039811936e-8