1.9016063274738556e-12
2.095384939689967e-11
4.0185700604284503e-11
5.976530936075079e-11
7.985758414884147e-11
1.0063740184031581e-10
1.222832385094519e-10
1.4497803260490408e-10
1.6890824315462341e-10
1.942855817682201e-10
2.2130877653872756e-10
2.502017102080235e-10
2.812469855468465e-10
3.1464605690746143e-10
3.506926223735321e-10
3.8968409846611883e-10
4.319282603576142e-10
4.776904398570727e-10
5.27453812774201e-10
5.815612542620769e-10
6.404418321860976e-10
7.043609772707708e-10
7.740364566126991e-10
8.498213490654914e-10
9.32396814471593e-10
1.0221364643633189e-9
1.1199484073209731e-9
1.2262109004249714e-9
1.3419010290798386e-9
1.4675459863045314e-9
1.6040533785470428e-9
1.75234498179296e-9
1.9130662648811185e-9
2.0873054567246877e-9
2.2758021811739986e-9
2.4801977277039884e-9
2.700960287148943e-9
2.9380703545523112e-9
3.1959387682785347e-9
3.473036256176563e-9
3.770877893193776e-9
4.090811498258007e-9
4.433855289547165e-9
4.801161280384937e-9
5.1937942351836615e-9
5.612665632571829e-9
6.058518946467322e-9
6.532750471781503e-9
7.0354507744405695e-9
7.567097710162619e-9
8.128501102635005e-9
8.718460047711416e-9
9.338009318810309e-9
9.986346404016874e-9
1.0662922845752602e-8
1.136615649350581e-8
1.2094674580513275e-8
1.284668598097341e-8
1.361975469223299e-8
1.4410875138382275e-8
1.5217341369102656e-8
1.6034673507015667e-8
1.6858408462035438e-8
1.768366676545274e-8
1.8504890738574108e-8
1.9315680736436527e-8
2.01091243525838e-8
2.08772592657105e-8
2.1614537754140138e-8
2.230781872593583e-8
2.2941671013888722e-8
2.3514934005848426e-8
2.4010455481333825e-8
2.4415459730940267e-8
2.4713455279729964e-8
2.48876314560679e-8
2.4919769422723078e-8
2.4789659000836256e-8
2.4464153285712868e-8
2.3951737212941622e-8
2.3197012465511722e-8
2.2186825452215713e-8
2.0900376289813993e-8
1.9325570782298493e-8
1.746311512065428e-8
1.5336213731868542e-8
1.3003450201170165e-8
1.0569893742325021e-8
8.196790784144504e-9
6.0963182338094245e-9
4.507156142709621e-9
3.6497241157942736e-9
3.6944453334958384e-9
4.827039716519443e-9
7.616635695898744e-9
1.4489944091174345e-8
3.9138311922764726e-8
3.480471193556589e-7
3.1376880390190886e-7
3.4314323088418016e-8
1.1912908242106087e-8
5.830854555121409e-9
3.3707143857009068e-9
2.1477753017122047e-9
1.4571985298957105e-9
1.0316417815372031e-9
7.51944844860408e-10
5.585169972218589e-10
4.1872913823768235e-10
3.130215036699942e-10
2.2725375422308691e-10
2.9051856861660225e-8
6.540451990404374e-8
8.200656965621716e-8
9.2107033961521e-8
9.848205534319072e-8
1.0281599108295804e-7
1.0527935538145588e-7
1.0617554526913781e-7
1.0670805708895155e-7
1.0806413703763067e-7
1.0549867372737279e-7
1.0639654824765958e-7
1.0555953099225062e-7
1.0379312957488472e-7
1.0148876108812022e-7
9.835125445483378e-8
1.0145196606024872e-7
9.989094170958006e-8
9.740344284072324e-8
9.70475673039802e-8
9.528058048274196e-8
9.404249672935228e-8
9.203771829719215e-8
9.049231883437754e-8
8.987952466021208e-8
8.774156925121691e-8
8.717264840384576e-8
8.557424936285586e-8
8.451955624700608e-8
8.293215505159113e-8
8.157610342594107e-8
8.22669955279194e-8
7.901570714959371e-8
7.784956304274543e-8
7.553663906346896e-8
7.52640307005867e-8
7.488596639097153e-8
7.386789526600793e-8
7.330231779998449e-8
7.161071978721198e-8
7.107192889833949e-8
7.02766892327554e-8
6.921239028745358e-8
6.852154738269652e-8
6.732410022478504e-8
6.679288809558498e-8
6.570064749834452e-8
6.469748470279222e-8
6.40880890546286e-8
6.327986956451474e-8
6.224160311998874e-8
6.143452249060059e-8
6.070668231569601e-8
6.0026029295061e-8
5.9247108731040245e-8
5.8529783396302604e-8
5.776685277592446e-8
5.710275532715756e-8
5.6495925680570265e-8
5.5805589385134335e-8
5.5099267634065946e-8
5.4475545922532714e-8
5.37983477899025e-8
5.326612291110709e-8
5.266100774922765e-8
5.182151026272063e-8
5.1221676500977825e-8
5.073686295613894e-8
5.016889542081833e-8
4.9593212700972605e-8
4.899881389521396e-8
4.839216017797283e-8
4.7815312171198086e-8
4.733484080357445e-8
4.682438066136459e-8
4.62884532640393e-8
4.5753210040892647e-8
4.519424932554752e-8
4.469812728325401e-8
4.421691456906836e-8
4.375298140924405e-8
4.3285095949069634e-8
4.280533212899808e-8
4.231226130259867e-8
4.182923932747853e-8
4.138869428186561e-8
4.095588241210637e-8
4.0516051566363124e-8
4.008352578457535e-8
3.964376697659813e-8