1.0871554794552974e-8
1.1875059693494699e-7
2.225280329779088e-7
3.18829572970483e-7
4.0487993321342867e-7
4.786375337938924e-7
5.388065416145204e-7
5.847833991918311e-7
6.164763091235424e-7
6.34163243950489e-7
6.382715111573899e-7
6.292735158464101e-7
6.075393834374509e-7
5.733097892144154e-7
5.266469900830358e-7
4.6763072385156e-7
3.967205750695751e-7
3.15519720150609e-7
2.2816451457835057e-7
1.4311849486554476e-7
7.380650024796211e-8
3.403011390643674e-8
2.625064966842322e-8
3.764607671494995e-8
6.329092679188154e-8
1.2762407885251597e-7
3.8109975137163913e-7
5.36032846204465e-6
1.6861114603637065e-6
2.529487186290549e-7
9.603331171330253e-8
4.962292394453277e-8
2.9954248192583526e-8
1.9857230900387044e-8
1.4012441379712097e-8
1.033807635471039e-8
7.884730510008418e-9
6.169681469179632e-9
4.926619882310652e-9
3.998973950141188e-9
3.2898653667374443e-9
2.7367829297725743e-9
2.2979508006410614e-9
1.944605610732183e-9
1.6564291723970994e-9
1.4187446851142042e-9
1.2207399817865536e-9
1.054309295305777e-9
9.13279178411974e-10
7.928790806298536e-10
6.893719943605899e-10
5.997906056358815e-10
5.217445927258694e-10
4.5327473275855186e-10
3.927346254982319e-10
3.386803683491951e-10
2.897308757955954e-10
2.4427912991261603e-10
1.9933219440005886e-10
4.259564203338637e-8
9.170109004900843e-8
1.1434052261803028e-7
1.2816679577855606e-7
1.3730998975032716e-7
1.434958001167577e-7
1.47360732481245e-7
1.502777702075903e-7
1.5178670126849002e-7
1.5316826536099e-7
1.534432546422645e-7
1.5319943900364674e-7
1.531608349497464e-7
1.5265005194685348e-7
1.5192393566719682e-7
1.513009831152674e-7
1.499965403284043e-7
1.4930865394121217e-7
1.4780917239391303e-7
1.467062676183729e-7
1.4549203576582195e-7
1.4392443968670516e-7
1.4286155057420637e-7
1.4158169647594084e-7
1.4035994614733382e-7
1.3912988203790165e-7
1.3752105234933183e-7
1.363766962888065e-7
1.3494640320744658e-7
1.3300446762724472e-7
1.3202022667068308e-7
1.30801204222296e-7
1.289397768411596e-7
1.277022994030075e-7
1.2638869165298074e-7
1.2484912883621983e-7
1.23355795436831e-7
1.218940330290996e-7
1.2024149921522086e-7
1.1907793819779466e-7
1.1766271356302001e-7
1.1618105096695957e-7
1.1475109327822245e-7
1.1343973820279122e-7
1.1138482109894287e-7
1.1063207205271955e-7
1.0909433140893517e-7
1.076973519635853e-7
1.0641579534186339e-7
1.0468093693207548e-7
1.0371829393700186e-7
1.0224282419873879e-7
1.0093445244001993e-7
9.962733992594221e-8
9.830504248006409e-8
9.698248060005235e-8
9.569953169061498e-8
9.450492891902419e-8
9.321810551160708e-8
9.202323701846001e-8
9.075839135307764e-8
8.958353142978207e-8
8.82365627493944e-8
8.7240615534749e-8
8.605111322357697e-8
8.489967371169789e-8
8.379730312896805e-8
8.266969288613414e-8
8.157281594560285e-8
8.046519864278197e-8
7.937017206935432e-8
7.838769671771644e-8
7.730973754548803e-8
7.62814937126962e-8
7.527472022667705e-8
7.430716417332449e-8
7.330376784065531e-8
7.233140935614803e-8
7.141388101940665e-8
7.04680277384414e-8
6.942619601100284e-8
6.862493065993024e-8
6.775679310132571e-8
6.686251729563302e-8
6.59577999178076e-8
6.512215013807179e-8
6.427746027353791e-8
6.34594577953693e-8
6.264163349366041e-8
6.182519049089509e-8
6.098765350493746e-8
6.020050609880403e-8
5.9465278748090876e-8
5.873122588104031e-8
5.798323455514134e-8
5.7253859774398114e-8
5.650157564183826e-8
5.5786497827730274e-8
5.506825074866912e-8
5.439906774658274e-8
5.3724188909981225e-8
5.305271777760556e-8
5.2388637980380835e-8
5.1733705605304124e-8
5.1082809594633603e-8
5.045987161277604e-8
4.983615007283682e-8
4.9228376239670636e-8
4.8625381412394236e-8
4.8033901952195744e-8
4.743989689965754e-8
4.685527002434872e-8
4.628920541523029e-8
4.573996774331156e-8
4.518128016152163e-8
4.4634332325835186e-8
4.411053790296888e-8
4.357610359551325e-8
4.305403564563683e-8
4.25511546662476e-8
4.2039723250577716e-8
4.1548457779845704e-8
4.105830909174696e-8
4.0580113064297295e-8
4.0095517514313944e-8
3.963207212463842e-8
3.917629851480974e-8
3.8715876883166824e-8
3.826796590999577e-8
3.782052073563977e-8
3.738849515695909e-8
3.696254159803858e-8
3.6544106597165395e-8
3.61312158584659e-8
3.571945918887e-8
3.531287890206452e-8
3.491400121589482e-8
3.452004116027956e-8
3.413161539252509e-8
3.374954972062994e-8
3.336566093534727e-8
3.299861924843777e-8