2.5823385573321062e-8
2.7871671000163205e-7
5.060584062305502e-7
6.893393089747348e-7
8.169679215395608e-7
8.842375127602096e-7
8.916424546865705e-7
8.428080607170657e-7
7.431238864009277e-7
6.000663274023987e-7
4.262763396601532e-7
2.46113643937877e-7
1.0097722510540167e-7
3.181501801277931e-8
2.70210637897434e-8
3.880239044023834e-8
5.985260720386964e-8
1.032480390655029e-7
2.1790098640997474e-7
7.281823459356341e-7
0.000025832967856007235
1.6069450110360202e-6
3.1347761615874965e-7
1.2765836493286575e-7
6.817739105896946e-8
4.196276159751852e-8
2.8182180119362948e-8
2.0076099213759626e-8
1.4920605692215056e-8
1.1447836239006997e-8
9.00329142352023e-9
7.221613283226335e-9
5.885955255426872e-9
4.861097093429836e-9
4.059217483599851e-9
3.4213001764928052e-9
2.906518519723995e-9
2.485914504720973e-9
2.138496661659861e-9
1.848754701135746e-9
1.6050323545688729e-9
1.3984359950072246e-9
1.2220865645015858e-9
1.0705967179419549e-9
9.396988155339016e-10
8.259758173194838e-10
7.266634890435938e-10
6.3950256103001e-10
5.626260958247331e-10
4.944711596854558e-10
4.33706123855089e-10
3.791645803187192e-10
3.297720975427177e-10
2.8443251465076006e-10
2.4175120479393774e-10
1.9880767693808362e-10
5.035568036251715e-8
9.794185850289834e-8
1.2028194795578937e-7
1.3376805731211783e-7
1.421568053548561e-7
1.4802888948772287e-7
1.5129854965530721e-7
1.5403478300027613e-7
1.5543002662727197e-7
1.5633749007897212e-7
1.5656562045724254e-7
1.563628233830273e-7
1.5626876456728687e-7
1.555385464300145e-7
1.55095272999155e-7
1.54145013515984e-7
1.528392381187712e-7
1.5264519935221126e-7
1.5133736239459206e-7
1.503747737822843e-7
1.4920286607362332e-7
1.4789608102142773e-7
1.469337079925767e-7
1.457108406509636e-7
1.4440602367063808e-7
1.4310550314294216e-7
1.4170354452404316e-7
1.401516215628537e-7
1.391140564876318e-7
1.3772261843460902e-7
1.3581369823298093e-7
1.3482909103845925e-7
1.3359243211979696e-7
1.3159755902798438e-7
1.305677720382577e-7
1.29199898699897e-7
1.2757669438959803e-7
1.261459854226901e-7
1.2446802216599294e-7
1.228998629978453e-7
1.2185878923213354e-7
1.2022347035084016e-7
1.1894375815032174e-7
1.1716303645557036e-7
1.1608149752252631e-7
1.1416852502470371e-7
1.1312337920788667e-7
1.1168304670666138e-7
1.101217896212385e-7
1.0886892112101328e-7
1.0734113421989759e-7
1.058988545790978e-7
1.0463641421447916e-7
1.0304529926632575e-7
1.0190599646803258e-7
1.004230676638462e-7
9.912543503872603e-8
9.78381956620831e-8
9.653210673203824e-8
9.518414853672335e-8
9.400466282291503e-8
9.268481538881437e-8
9.146466525593122e-8
9.027741296478695e-8
8.903189060542564e-8
8.788858089937952e-8
8.66392717509205e-8
8.55215236715875e-8
8.43853789627876e-8
8.316018426472059e-8
8.212817984681764e-8
8.099705556582731e-8
7.991313713970896e-8
7.885558523103273e-8
7.778512668919247e-8
7.67342074275409e-8
7.567673785748031e-8
7.472726960720544e-8
7.368537082850748e-8
7.274880422257273e-8
7.17947227170663e-8
7.082110658844627e-8
6.982737014936282e-8
6.896670451397853e-8
6.8070671538377e-8
6.715853522221412e-8
6.623533909158788e-8
6.53677136623126e-8
6.455166117357875e-8
6.373198903657262e-8
6.288386229912878e-8
6.204564136326304e-8
6.12139988882658e-8
6.04425336110508e-8
5.967980760721712e-8
5.891689512361045e-8
5.817272448170006e-8
5.740798840181983e-8
5.6671539069769913e-8
5.593609931831882e-8
5.5227888379178594e-8
5.454338094546096e-8
5.385393483713127e-8
5.317606281049565e-8
5.250404174096355e-8
5.184180056368778e-8
5.118489644729983e-8
5.0525152121933165e-8
4.9923675964955924e-8
4.93062426429941e-8
4.869531318003906e-8
4.8096831315641924e-8
4.749666017237395e-8
4.6906902323986184e-8
4.6333676861993454e-8
4.57726993669798e-8
4.521382238738574e-8
4.466036562073374e-8
4.4131104076648647e-8
4.3592086230867146e-8
4.3066083218108185e-8
4.255677367555679e-8
4.203991539309159e-8
4.1544600705178305e-8
4.104946330935345e-8
4.0566644243587506e-8
4.007719244284953e-8
3.960986567298725e-8
3.915044952498414e-8
3.868580707391692e-8
3.823302400473045e-8
3.779506068373773e-8
3.734581461349782e-8
3.691657622968342e-8
3.6495312335123567e-8
3.6079836885303296e-8
3.5667363294055314e-8
3.525544901404895e-8
3.4852360770084744e-8
3.445486646876078e-8
3.4063288299592825e-8
3.3678330551652996e-8
3.330087108930754e-8
3.292434662903112e-8
3.255292174278677e-8