2.736418988849338e-12
3.0109867468786215e-11
5.7523967325211675e-11
8.49868717401819e-11
1.1250766233383578e-10
1.401667492436824e-10
1.6793424538937394e-10
1.9604643118511152e-10
2.2470520458869952e-10
2.524412135825912e-10
2.812435176329503e-10
3.104088902065918e-10
3.3963491460956193e-10
3.6953549100253537e-10
3.987107943679705e-10
4.3021916522186146e-10
4.586136571509652e-10
4.901353782014475e-10
5.229866094064984e-10
5.542995097839737e-10
5.872873834501062e-10
6.20450448120018e-10
6.547312612874371e-10
6.908631133278763e-10
7.238912540569328e-10
7.552041875594913e-10
7.991247080324078e-10
8.367492049725224e-10
8.746263076724369e-10
9.138256164733596e-10
9.514722837173847e-10
1.0005939713363507e-9
1.0407919392981145e-9
1.0740389043661653e-9
1.126030587711896e-9
1.165208755179076e-9
1.2178101226409086e-9
1.2617770859532989e-9
1.3220612539234964e-9
1.36786385646146e-9
1.4165905096424081e-9
1.4670275511065242e-9
1.521024430631227e-9
1.562788929081534e-9
1.6320440480368228e-9
1.6733640513783008e-9
1.761476374986985e-9
1.8102321195381137e-9
1.8778305515670996e-9
1.951283993928879e-9
2.0392891194184806e-9
2.089245795207229e-9
2.276301917807263e-9
2.2096453523917165e-9
2.3049391867584227e-9
2.464905171065881e-9
2.4272699127009757e-9
2.5528300560758072e-9
2.6101988130024045e-9
2.6974771028444284e-9
2.758429389170902e-9
2.922709050080134e-9
2.9680870573762497e-9
3.0753631899595992e-9
3.213983107774903e-9
3.3298966596256824e-9
3.4286466488218528e-9
3.521105370958849e-9
3.6042010426934726e-9
3.711153659537782e-9
3.8669868282648905e-9
3.870980968348794e-9
4.157526361004239e-9
4.2630379534239276e-9
4.416825062869179e-9
4.513755343078017e-9
4.701947241816395e-9
4.919253309200469e-9
4.953725197932903e-9
5.170853125705821e-9
5.231281664941475e-9
5.427995617111046e-9
5.5815495265673185e-9
5.793860427877734e-9
5.9551132192797205e-9
6.1338226104784835e-9
6.295717662886521e-9
6.37339219861833e-9
6.683982566122396e-9
6.985600373275235e-9
7.157797261159215e-9
7.26103047870229e-9
7.4983587006257e-9
7.70479902258524e-9
7.712782723618201e-9
7.99001742633617e-9
8.818259291759038e-9
8.54487235839077e-9
8.768738672220117e-9
9.135843621153895e-9
9.594821416545007e-9
9.403132962689202e-9
1.008403874970605e-8
1.0450661352844996e-8
1.0175147464597064e-8
1.0659106962588281e-8
1.1368300552199715e-8
1.1403412556612065e-8
1.2066724897595273e-8
1.2563734234222597e-8
1.2086678116117676e-8
1.2417913152826283e-8
1.335598643866585e-8
1.3545330290985512e-8
1.2976132344404432e-8
1.4404922275748494e-8
1.5211604270793426e-8
1.5324433396121325e-8
1.4982190823721485e-8
1.5784022884411603e-8
1.7704287625430195e-8
1.6234235798430244e-8
1.6735578225879708e-8
1.748906350879937e-8
1.779775256016681e-8
1.823138485146679e-8
1.943341121084581e-8
1.937298047508991e-8
1.951831346631682e-8
2.0219555941687846e-8
2.119168834134645e-8
2.1534880508679398e-8
2.204189711327314e-8
2.2221190275391728e-8
2.3009630844908427e-8
2.375538867231321e-8
2.381140433687533e-8
2.4047756098877415e-8
2.4203708093085727e-8
2.449275584906784e-8
2.3913850157014306e-8
2.3291412498151034e-8
2.1904406293296374e-8
1.9516277235572452e-8
1.575029795721312e-8
1.1141097226827935e-8
1.3027089099874219e-8
1.9467754955496982e-7
3.796935381591847e-8
5.4090011465228456e-9
1.6304638686482533e-9
1.5669980402193582e-7
1.8339657904417723e-7
1.8426589520423386e-7
1.7810269063310213e-7
1.708092623733308e-7
1.6216534706969412e-7
1.5425854044749595e-7
1.4682362289193652e-7
1.3952978383871515e-7
1.3458546559733455e-7
1.304169908704453e-7
1.2272440269457648e-7
1.1701630709430377e-7
1.1148471394624843e-7
1.0773766362062643e-7
1.0614564644969322e-7
1.0288585205831323e-7
9.803707095179898e-8
9.711406170143583e-8
9.143109570057467e-8
9.062637546073288e-8
8.786176868485755e-8
8.441885524426943e-8
8.618329477993124e-8
7.987520301587632e-8
7.864780921983287e-8
7.660914765483212e-8
7.448404527837088e-8
7.411109008009307e-8
7.138022168932137e-8
6.96746134820127e-8
6.900140798623617e-8
6.681971491617803e-8
6.611797414284482e-8
6.53049288095684e-8
6.319658446899146e-8
6.314739993478045e-8
6.166870521874975e-8
5.928094917067417e-8
5.909165441430136e-8
5.743364923778353e-8
5.668376244165623e-8
5.591882730462505e-8
5.507224962276888e-8
5.4525914035498575e-8
5.321890005742559e-8
5.242153441014024e-8
5.162968172497853e-8
5.061727320298472e-8
5.031556496330924e-8