2.755227311388597e-13
3.0313274488926203e-12
5.7903937765111755e-12
8.554919842126995e-12
1.1328552589353548e-11
1.411464222836956e-11
1.6911700953105647e-11
1.9734570289740063e-11
2.2573759048215322e-11
2.5425094183071275e-11
2.8310700710586672e-11
3.122330533496328e-11
3.417203577014501e-11
3.715560608085406e-11
4.02012218388927e-11
4.3223155121970256e-11
4.630436502936546e-11
4.9603191857125354e-11
5.2651700489090964e-11
5.5952180743104446e-11
5.922884942129145e-11
6.254664703063473e-11
6.609166139009386e-11
6.950393898522074e-11
7.310820117129358e-11
7.674035426502829e-11
8.049877661317611e-11
8.438736562429008e-11
8.800252221843583e-11
9.220163577411456e-11
9.62141496992247e-11
1.0047205124734664e-10
1.0471618869287062e-10
1.0899896724113411e-10
1.1364895308535012e-10
1.1824856241395082e-10
1.2284964718928312e-10
1.2756071919491816e-10
1.3269000221005564e-10
1.380346641735864e-10
1.4303450331070632e-10
1.4866371436131636e-10
1.5405522941750438e-10
1.599198585896922e-10
1.6542056320515793e-10
1.716469253343327e-10
1.7856250235631437e-10
1.8419376479097304e-10
1.9087710662659765e-10
1.9732092168450114e-10
2.044944024117034e-10
2.1160660198413659e-10
2.1799565266766568e-10
2.257667736706163e-10
2.3424151811582247e-10
2.4252177091930003e-10
2.5112200066832686e-10
2.6034044378641253e-10
2.674331686070584e-10
2.7718169088692285e-10
2.872167480734112e-10
2.9540013172571087e-10
3.0692646200137853e-10
3.1640063179903514e-10
3.2630895574254094e-10
3.3709817959442297e-10
3.4919639222541285e-10
3.606054191264983e-10
3.723177262024255e-10
3.8285324341373565e-10
3.9923825627335764e-10
4.0943285752497973e-10
4.2402761048841395e-10
4.378808169166143e-10
4.5267553623839246e-10
4.6421556024350036e-10
4.819840297020856e-10
4.974721934273254e-10
5.137419500333373e-10
5.300299143257989e-10
5.459516549458081e-10
5.689483038573051e-10
5.862429086597404e-10
5.996600080168849e-10
6.183448703810553e-10
6.439741335171372e-10
6.618268212681821e-10
6.823198050419126e-10
6.995030139223579e-10
7.240258989339468e-10
7.488258481308405e-10
7.728859041037831e-10
8.004018173511547e-10
8.24307556965763e-10
8.550671375555785e-10
8.916059653725082e-10
9.070582758602182e-10
9.341751386384421e-10
9.634833431646862e-10
9.9929686886425e-10
1.0235810857197556e-9
1.0682018337390286e-9
1.0772083493224917e-9
1.113299707145054e-9
1.1669335555484607e-9
1.2075023512767261e-9
1.2341691862811066e-9
1.2862620861538212e-9
1.3385284491147249e-9
1.3610077711128169e-9
1.4065088179892348e-9
1.4710559966151081e-9
1.5030487541730723e-9
1.5753347752193504e-9
1.6005629434846817e-9
1.6426477325898505e-9
1.6980621287168936e-9
1.7538751045783841e-9
1.8077976617104627e-9
1.8488690666532027e-9
1.9422597782542156e-9
1.9861250357961617e-9
2.0171266169044646e-9
2.1053996469145113e-9
2.1215358765603336e-9
2.2166933566937378e-9
2.2998241161073085e-9
2.3895481015833073e-9
2.449455225275018e-9
2.5084808677992053e-9
2.6227252269383586e-9
2.6603458637314953e-9
2.761569563432685e-9
2.864470713326089e-9
2.9398398739221018e-9
3.0093317704243108e-9
3.13726805433083e-9
3.101964951105497e-9
3.2995249660490092e-9
3.4436767934108906e-9
3.546704026232838e-9
3.6825898179290237e-9
3.720292576884034e-9
3.892960110859013e-9
3.971847478957514e-9
4.086926195874138e-9
4.334309423840057e-9
4.378432996648267e-9
4.362545958434578e-9
4.667180378002086e-9
4.65474681060596e-9
4.987672511969401e-9
5.059758927972276e-9
5.075828307406863e-9
5.4127699297985625e-9
5.496583647276809e-9
5.551218146287219e-9
5.821766973162291e-9
5.8092477983645495e-9
6.119278643220244e-9
6.342247094838208e-9
6.629087284868351e-9
6.4432978660910435e-9
7.094327423487442e-9
7.076549382584887e-9
7.4442751197483585e-9
7.541971166630887e-9
7.3301138790554536e-9
8.138533453975827e-9
8.249507130682047e-9
8.446840977400445e-9
8.735936312216989e-9
9.105137796022162e-9
9.390459321236824e-9
9.394976791189724e-9
9.765047628461164e-9
1.0164863335634186e-8
1.0164574159631968e-8
1.0452155988166579e-8
1.1102294713538196e-8
1.1105869296321247e-8
1.143351593576611e-8
1.1652862703163196e-8
1.1863435256209604e-8
1.2051111288137468e-8
1.2193783072527262e-8
1.223450701781298e-8
1.2107410349121383e-8
1.1782423743274831e-8
1.1101696966858536e-8
9.906735795448286e-9
8.08759216199306e-9
6.2094318643171215e-9
9.830736609501954e-9
3.49686955255316e-7
1.602860180170399e-8
2.5665387876937554e-9
1.310362228371247e-7
1.5669711878608177e-7
1.5402176940000433e-7
1.460912329981915e-7