1.2006278321801584e-8
1.3123593068090745e-7
2.463758191254431e-7
3.540250175069745e-7
4.513112817555174e-7
5.360134828563335e-7
6.065590631657342e-7
6.619842430543169e-7
7.016311002107099e-7
7.251131257493524e-7
7.317435427606128e-7
7.20529665899252e-7
6.894990928025747e-7
6.351996230065954e-7
5.521634404918461e-7
4.3229012632694026e-7
2.681318150221509e-7
7.944953173053527e-8
1.4524528810573515e-8
2.3051716490375162e-8
4.1099947517732104e-8
9.209699506385955e-8
3.657878989661484e-7
0.002962604793510068
3.471981756013574e-7
8.511651688142181e-8
3.685548737110304e-8
2.0108054490022617e-8
1.2430285904710937e-8
8.301523479678754e-9
5.837305042097485e-9
4.253495623195673e-9
3.176687638366177e-9
2.410297491760209e-9
1.8416563977322702e-9
1.3989176443038007e-9
1.01551218927593e-9
2.730975422604937e-7
3.7368562870107586e-7
4.117366798677351e-7
4.257221587355918e-7
4.267086827974345e-7
4.2194454185382794e-7
4.1314077413042206e-7
4.026979780846076e-7
3.916359901467191e-7
3.787641679952499e-7
3.6775597654526414e-7
3.5617001466060305e-7
3.4459234835952026e-7
3.336995001172369e-7
3.238750753450149e-7
3.142665113750572e-7
3.0331805096520036e-7
2.955573197143356e-7
2.872104716314841e-7
2.7892214554773874e-7
2.7085856757529834e-7
2.6340887833432444e-7
2.5582019614819937e-7
2.496335484101996e-7
2.4358609787943784e-7
2.3712461697152332e-7
2.3081026494446364e-7
2.2590863373733141e-7
2.2017120562500327e-7
2.1470334502876867e-7
2.1010848391184764e-7
2.0538624212137708e-7
2.009141720942031e-7
1.9651986244429625e-7
1.9233339508904189e-7
1.8829493729026108e-7
1.8456403712400812e-7
1.8074325059485745e-7
1.7715522340421155e-7
1.7375644761216674e-7
1.70208958963393e-7
1.6694882892890335e-7
1.6391339765739146e-7
1.6092340612232935e-7
1.5787391655437898e-7
1.5512241925851648e-7
1.5217013951441634e-7
1.497222891573549e-7
1.4690970200538423e-7
1.4441592112656855e-7
1.4210997924298553e-7
1.3961646516367418e-7
1.3688593036375966e-7
1.3503511365930382e-7
1.328516451931744e-7
1.305776664254596e-7
1.2840123156291068e-7
1.264528907728798e-7
1.2451305475839125e-7
1.2251175596693643e-7
1.2033236012619711e-7
1.1862217000134764e-7
1.168900671816098e-7
1.1517242968481247e-7
1.1324538743103586e-7
1.1180215385208914e-7
1.0991046149866227e-7
1.082126693754677e-7
1.0642945522419971e-7
1.0501478497277647e-7
1.0335451879638702e-7
1.0213147585732689e-7
1.00646117260586e-7
9.910543397026708e-8
9.741074456913976e-8
9.61749300060765e-8
9.471883532243822e-8
9.34278695901159e-8
9.192242606103408e-8
8.967283905980776e-8
8.976333213727153e-8
8.85658536506866e-8
8.663315302063999e-8
8.569602903194544e-8
8.470309900360905e-8
8.354863526427377e-8
8.195106015371252e-8
8.115247087653351e-8
8.035813433680826e-8
7.883220885390564e-8
7.855119576322741e-8
7.675988012122739e-8
7.593995524446026e-8
7.496603292726368e-8
7.382148810056661e-8
7.289056057715939e-8
7.197929946598613e-8
7.087249076735812e-8
6.989356042041482e-8
6.903449664534648e-8
6.834569179211564e-8
6.734758080428038e-8
6.62404926795204e-8
6.553985484514284e-8
6.46070680549059e-8
6.386239062590522e-8
6.302573071694187e-8
6.21335614210002e-8
6.141696594288497e-8
6.055264098734519e-8
5.983012916769371e-8
5.90073883578944e-8
5.8291487642830544e-8
5.754422446811732e-8
5.6982196109957446e-8
5.6168870367975355e-8
5.5499224609369556e-8
5.4681173247993536e-8
5.397912958842046e-8
5.327690470832951e-8
5.265765023450438e-8
5.2020582662423995e-8
5.139095903432077e-8
5.07269561202073e-8
5.0122865315756285e-8
4.9526619754466836e-8
4.890848834663443e-8
4.831723575906387e-8
4.774731938117699e-8
4.7157711255140943e-8
4.6576786587431575e-8
4.601040986740611e-8
4.544346861929766e-8
4.491702873158017e-8
4.437358141064306e-8
4.3837611083817117e-8
4.332284735225584e-8
4.280816521617519e-8
4.2307508808742796e-8
4.180872691481894e-8
4.1316053786266815e-8
4.082732135285869e-8
4.034867988149715e-8
3.987752767497651e-8
3.9419208113973726e-8
3.896849602600528e-8
3.850157583323035e-8
3.8063526113095525e-8
3.762213910509351e-8
3.720063075062201e-8
3.676250424516056e-8
3.635795609143224e-8
3.59454122689758e-8
3.5535145286191975e-8
3.513069970895319e-8
3.474905720306967e-8
3.43731116498359e-8
3.396020658964768e-8
3.3608817885952653e-8
3.3218563136223204e-8
3.2863324544095794e-8
3.247688791806237e-8
3.2121118804813316e-8
3.177239871098086e-8