5.1490911848842e-11
5.663705726510109e-10
1.0820594831670161e-9
1.6001589559797332e-9
2.115113754469071e-9
2.636230198007722e-9
3.152263036873859e-9
3.682707855440429e-9
4.214245760015545e-9
4.735142828219786e-9
5.2037038161826245e-9
5.808028745364073e-9
6.3536322100482125e-9
6.8967834245310735e-9
7.462884063434112e-9
8.048696133711396e-9
8.577633454767936e-9
9.193351261707862e-9
9.687684086053477e-9
1.0311415997792163e-8
1.0900302654579225e-8
1.1558830704232799e-8
1.1970288302881235e-8
1.2721298994716847e-8
1.3383874040245896e-8
1.4388507633543177e-8
1.4548492632490474e-8
1.522320666815781e-8
1.5954872196430638e-8
1.6967378637999503e-8
1.748285457854234e-8
1.782833271804718e-8
1.8709164851684126e-8
2.0317597356696663e-8
2.2772995172385766e-8
2.091507391366261e-8
2.1876869378894876e-8
2.2287228629397466e-8
2.303945516069707e-8
2.3531446198407847e-8
2.4771847969910603e-8
2.5097493101143643e-8
2.5903915698528664e-8
2.466201546333999e-8
2.6200421088233558e-8
2.7942976529376375e-8
2.9206188918123976e-8
3.12990378114794e-8
3.1103915440528655e-8
3.1471426299224104e-8
3.406679062663079e-8
3.408239354562673e-8
3.5434716387253254e-8
3.505629891173117e-8
3.78430431480067e-8
4.1465165769423915e-8
4.015472374924478e-8
3.8562829741621174e-8
3.6662172379590824e-8
4.210990114065846e-8
4.3100110481959336e-8
4.316481647337838e-8
4.4031526776015324e-8
4.7273118503254184e-8
5.040672612943076e-8
4.751951290309807e-8
4.516321976455932e-8
5.261056498263918e-8
5.0545218255809446e-8
5.5672257558297835e-8
5.457901786483698e-8
5.518023135638071e-8
5.759665226430185e-8
5.853282150733278e-8
6.365811792866231e-8
6.005134685868608e-8
6.123557811344517e-8
6.209822441533923e-8
6.053699926996455e-8
6.54867912066447e-8
6.608382257798881e-8
6.741287378365585e-8
6.701368692231512e-8
6.987906760893983e-8
7.042889128167079e-8
6.972207278556957e-8
6.969282971807397e-8
6.88978498044512e-8
6.685930470797332e-8
6.257100122140887e-8
5.567512348004434e-8
4.454910859096883e-8
2.8873480374066082e-8
1.9198793998539357e-8
9.57622133113862e-8
3.435488758426246e-7
2.0255165858671052e-8
5.978564461690162e-9
2.5312457592442812e-9
1.0983888585120055e-9
1.9560346549796741e-7
2.3133283658806246e-7
2.3945464953882997e-7
2.374227252799725e-7
2.3233168816705742e-7
2.234381159283099e-7
2.1638283466482024e-7
2.098874156126533e-7
1.950677823777249e-7
1.8908560940411393e-7
1.7780352929137238e-7
1.7882287702572382e-7
1.7205620471246502e-7
1.5911911356365307e-7
1.6206151424877834e-7
1.5469833099014393e-7
1.5055704117268668e-7
1.3452224590648302e-7
1.3904318082193957e-7
1.3729258863796052e-7
1.3322121026528184e-7
1.3495898296574422e-7
1.2671487429160877e-7
1.2284786084934681e-7
1.1558438591192265e-7
1.1714099977413569e-7
1.1412283117659817e-7
1.0952973164858702e-7
1.0900188050130683e-7
1.0679728653933827e-7
1.0671538841916403e-7
9.811601605725953e-8
9.587805834954888e-8
9.620178349298559e-8
9.400420126446771e-8
9.645357008488808e-8
9.364059832499152e-8
9.427675909040228e-8
9.010456469604435e-8
8.837213262650516e-8
8.649561997089955e-8
8.329331775997167e-8
8.369988270661307e-8
8.181639430575192e-8
7.953329246598302e-8
7.928601715589853e-8
7.619647669090132e-8
7.610550996850971e-8
7.470242818196138e-8
7.464488565021399e-8
7.315140198471977e-8
7.17892712706288e-8
7.113642314695967e-8
6.884734410045304e-8
6.716465591231258e-8
6.717953969008971e-8
6.591680636595933e-8
6.571112625593149e-8
6.421036118117778e-8
6.345927691930141e-8
6.40149857006172e-8
6.202051765748663e-8
6.119191093044667e-8
5.972227402703077e-8
5.924789894950963e-8
5.857293728344089e-8
5.762802354429916e-8
5.6882560151369525e-8
5.634014839717114e-8
5.589245331415657e-8
5.510448276989882e-8
5.362273683901334e-8
5.3716054331607225e-8
5.2431626359462276e-8
5.2122239674533505e-8
5.1409478069509576e-8
5.09903314679819e-8
5.054781009626006e-8
4.959892546821559e-8
4.9051413321248895e-8
4.8360776402305253e-8
4.793556837897996e-8
4.7131430402943326e-8
4.6921930608591855e-8
4.621659774913709e-8
4.5797454043538707e-8
4.479080356797132e-8
4.4810082671782276e-8
4.4254079794690827e-8
4.3640559365429795e-8
4.322162658244316e-8
4.2745620620899055e-8
4.225834227119268e-8
4.176134237525729e-8
4.1409708899607526e-8
4.096022542074688e-8
4.044422989601141e-8
4.009812876082857e-8
3.9504280483245476e-8
3.921021452800074e-8
3.872964165573087e-8