3.8914949893248164e-10
4.280143620424407e-9
8.169509634263319e-9
1.2060711601195713e-8
1.594382654441241e-8
1.9833072583014266e-8
2.3676279112689617e-8
2.7557067695597695e-8
3.141040419506381e-8
3.527591158874243e-8
3.909047073896869e-8
4.2939161253756374e-8
4.681041677432104e-8
5.041285981479808e-8
5.429223348375741e-8
5.82503037559693e-8
6.164902828304823e-8
6.555849083174377e-8
6.92358017076551e-8
7.288548601446304e-8
7.637084355223782e-8
7.992191216115497e-8
7.749302418995999e-8
8.753706084364458e-8
9.093716312409938e-8
9.428666950694805e-8
9.72903101626106e-8
1.0204640828494122e-7
1.0470314152923404e-7
1.0744874755524982e-7
1.1033145153669384e-7
1.1273947288458536e-7
1.1617744166427488e-7
1.213029223127863e-7
1.2352188951336778e-7
1.264579778456213e-7
1.3147979322437148e-7
1.3324700512347826e-7
1.359144807631465e-7
1.383670094520363e-7
1.4298014394762474e-7
1.4045101500449017e-7
1.437305847186691e-7
1.4711470724295332e-7
1.5142272780099317e-7
1.540258407964164e-7
1.5695158792797253e-7
1.5840041943910807e-7
1.5913017728554045e-7
1.6240600207642994e-7
1.6453204099551056e-7
1.6524308321064836e-7
1.6633372941018606e-7
1.6598501746175482e-7
1.6577835950332918e-7
1.6413170833992663e-7
1.6077484973257457e-7
1.5456503886523496e-7
1.4440797651324132e-7
1.2803822674800365e-7
1.0187212337241233e-7
6.345646038060403e-8
2.6648395581356224e-8
5.717302599457063e-8
2.39612498865616e-6
1.0849288353289121e-7
2.0828237268723256e-8
8.088004339073407e-9
4.034304241567991e-9
2.2492248057176292e-9
1.2662679548383947e-9
1.9175276292011576e-7
2.6415775892139516e-7
2.8767457850385577e-7
2.933439144913956e-7
2.9121006244011126e-7
2.854409970940094e-7
2.7719774788936633e-7
2.6838203229690303e-7
2.59834533795345e-7
2.513896873935575e-7
2.4281741311637045e-7
2.3425082572771517e-7
2.27102268152642e-7
2.1949714556373742e-7
2.1252233607108198e-7
2.0601785871854033e-7
1.983653254642607e-7
1.9328526380006264e-7
1.9038082165485361e-7
1.8295582479331765e-7
1.766073857689736e-7
1.7563360546686102e-7
1.699837607675054e-7
1.6330759775089377e-7
1.6079476771379295e-7
1.5695169389292044e-7
1.5692799201100392e-7
1.513750345763075e-7
1.4490420109300168e-7
1.3846746829008334e-7
1.410264448463255e-7
1.3838304816515212e-7
1.330519407739313e-7
1.2840214903310427e-7
1.2739386191045854e-7
1.2825482651423999e-7
1.2284761698437847e-7
1.2013007630987725e-7
1.078420179106641e-7
1.18197451345033e-7
1.1472691466159125e-7
1.13189711515887e-7
1.0750724435983e-7
1.0600276858712752e-7
1.0712518154661144e-7
1.019431276200572e-7
1.0046245874826105e-7
9.972472105980452e-8
9.949406100767593e-8
9.718567680399462e-8
9.563086096607607e-8
9.586700343595582e-8
9.293353303740556e-8
9.300366078086404e-8
9.028243891416076e-8
8.71490295324123e-8
8.708146185373969e-8
8.45579140907233e-8
8.443678807097816e-8
8.274628119051028e-8
8.170648437194494e-8
8.110326136324304e-8
8.022923405538453e-8
7.937919889924644e-8
7.71882019776135e-8
7.604826394113502e-8
7.269790548748737e-8
7.414170187768551e-8
7.327709100526545e-8
7.242888472626648e-8
7.130038526295204e-8
7.075144567941328e-8
7.011999783429676e-8
6.833124454464281e-8
6.739316937972219e-8
6.630827701256013e-8
6.569158613352286e-8
6.514358398656603e-8
6.409874250895863e-8
6.318864172307361e-8
6.228401244905594e-8
6.150538850464239e-8
6.100119783018866e-8
6.008656711834258e-8
5.726673107972179e-8
5.856154483613602e-8
5.806789842257152e-8
5.7199472902043674e-8
5.62696462164239e-8
5.6076547725746734e-8
5.5531914818272377e-8
5.4376413757724215e-8
5.368860729154921e-8
5.318533906899801e-8
5.255261252619194e-8
5.1851406861917324e-8
5.143731439174226e-8
5.0433147469350065e-8
4.999033533680883e-8
4.9459556005464446e-8
4.900448242267177e-8
4.831437143403303e-8
4.74461593386692e-8
4.7214775770767365e-8
4.66833420964756e-8
4.606220481655917e-8
4.556897642751693e-8
4.502278875039305e-8
4.447104236092304e-8
4.3986188401398995e-8
4.350483477457747e-8
4.301422977158353e-8
4.258902584683216e-8
4.2049284694445785e-8
4.1612087516225395e-8
4.115854855262808e-8
4.0728608400957645e-8
4.030926812758076e-8
3.983961488863263e-8
3.935738778693148e-8
3.892125249728183e-8
3.847781052942586e-8
3.809556159072032e-8
3.767195742447747e-8
3.726299456641214e-8
3.68821412431742e-8
3.646418923088034e-8
3.6065279918663875e-8
3.568710214489408e-8
3.5307133181985114e-8