1.053469908501289e-12
1.1590879229760907e-11
2.214199329848359e-11
3.270964452400284e-11
4.330764482751817e-11
5.4000620839917155e-11
6.473676856448878e-11
7.546355521744125e-11
8.628863054982294e-11
9.726649849282559e-11
1.0820703019200347e-10
1.1940608527966688e-10
1.307504962943954e-10
1.419848708956035e-10
1.535850706452855e-10
1.6535842090515118e-10
1.7700269445035525e-10
1.8907419896252564e-10
2.0140092169605217e-10
2.1381161821085162e-10
2.2681469786516142e-10
2.399356648249345e-10
2.530021837602089e-10
2.657719867816267e-10
2.7847906557020013e-10
2.9308534923946107e-10
3.0765373093853684e-10
3.226165254164843e-10
3.37656994221963e-10
3.5226661996558836e-10
3.6839604406324153e-10
3.819176930631094e-10
4.001023446602124e-10
4.168284658461362e-10
4.3282366829929197e-10
4.5258415443215344e-10
4.702208364540329e-10
4.869016469811667e-10
5.049206012651128e-10
5.209445103144786e-10
5.458838351602035e-10
5.642215025486913e-10
5.859110030968146e-10
6.112664780767359e-10
6.352483882865451e-10
6.579122690634778e-10
6.797343523092264e-10
7.01734427051665e-10
7.289629232038659e-10
7.502951440792183e-10
7.796727708727697e-10
8.002556714508226e-10
8.201292377321487e-10
8.656551817772029e-10
8.934976351392623e-10
9.23744625343617e-10
9.64490294257292e-10
9.89574567615288e-10
1.0175682660185202e-9
1.0556263539115163e-9
1.0868871134312036e-9
1.1099951777232008e-9
1.1667189323676338e-9
1.1999103866128142e-9
1.2380062821765493e-9
1.2748540822024916e-9
1.3265149644977836e-9
1.3539148426872666e-9
1.3991494952543603e-9
1.476336542300111e-9
1.5095588612106444e-9
1.5662575194040323e-9
1.6359978439873162e-9
1.6610149851582426e-9
1.725551188251487e-9
1.7407744596121708e-9
1.8199803681125642e-9
1.8962140449328935e-9
1.931997422299932e-9
2.0069381645253494e-9
2.0573830146552076e-9
2.1426911761484908e-9
2.2439319856843557e-9
2.2575308711741098e-9
2.362708772820979e-9
2.444013177009336e-9
2.4851327399047657e-9
2.5758884794548823e-9
2.6163474488784903e-9
2.7264587611589867e-9
2.8176432203139263e-9
2.95526566063807e-9
3.012064895665031e-9
3.1289873030061046e-9
3.2075991246270554e-9
3.3278047791953363e-9
3.4022331752321647e-9
3.501316564280067e-9
3.589486684255078e-9
3.726973238115422e-9
3.880727932890965e-9
3.856379958707606e-9
4.057190985258561e-9
4.147165770087157e-9
4.368043536349523e-9
4.46197809579341e-9
4.558163959864374e-9
4.782774422283497e-9
4.9115849585874355e-9
5.069205423288568e-9
5.126199460609666e-9
5.284462178860487e-9
5.511814195233419e-9
5.7110387855557455e-9
5.9145335900374844e-9
6.112857881628593e-9
6.065658235923948e-9
6.431965131224599e-9
7.527033145694505e-9
6.815633789204733e-9
6.807349854425434e-9
7.083894085001717e-9
7.292932573833804e-9
7.617000882102702e-9
7.834846936564726e-9
8.110772804000809e-9
8.105437439296634e-9
8.422385319858143e-9
8.630040307469628e-9
9.514712727387989e-9
9.115394486037038e-9
8.984616309380705e-9
9.57763383150629e-9
9.909368532983117e-9
1.021288602433736e-8
1.0655829946213022e-8
1.0920098196654722e-8
1.1409714758116836e-8
1.1609284232416354e-8
1.1899437202100799e-8
1.1171088498136241e-8
1.1823402550384703e-8
1.2087268866718557e-8
1.341247626952716e-8
1.2974044056896242e-8
1.4138968893042534e-8
1.4272054669562488e-8
1.4662998630643624e-8
1.503504575905561e-8
1.5442011375057342e-8
1.5631412086569806e-8
1.6233859899623747e-8
1.6462682951413596e-8
1.6959467586481268e-8
1.6888950563904565e-8
1.7572347407987387e-8
1.7848578297274764e-8
1.7951831771493695e-8
1.7982719858006298e-8
1.7807156129601254e-8
1.7300766540213776e-8
1.628429019712376e-8
1.45162402965829e-8
1.1764138916988842e-8
8.603299511360355e-9
1.1565358218209031e-8
2.4667912317080094e-7
2.5429041610508928e-8
3.90529428309118e-9
7.247437590935593e-8
1.637966877783425e-7
1.7232853299409796e-7
1.6778029703428086e-7
1.5987711690822665e-7
1.5148917400282344e-7
1.4341563898358925e-7
1.3590736197873044e-7
1.2885124572644125e-7
1.2269009687766386e-7
1.1746378860736119e-7
1.120524888449653e-7
1.0752635338673432e-7
1.0244577606412563e-7
9.859641268335035e-8
9.52159817113206e-8
9.199593341659167e-8
8.811623371194868e-8
8.679035435752243e-8
8.374687656240591e-8
8.172820654867505e-8
7.762100830740981e-8
7.777382446511981e-8
7.328937569116343e-8
7.324720377960894e-8
7.107827978640254e-8
7.004519073535182e-8
6.882204046646448e-8
6.579394572417275e-8
6.416748051076758e-8
6.225879919745349e-8
6.192982061190693e-8