1.541017587549408e-8
1.6647027424404054e-7
3.0270579917225e-7
4.1221849708169587e-7
4.854296574942215e-7
5.149613118895873e-7
4.947374322460804e-7
4.1887199372275227e-7
2.825073534397525e-7
9.809687008347483e-8
7.969109058404867e-9
1.0801232385717868e-8
1.506114495069545e-8
2.2088284979455392e-8
3.5108791660756535e-8
6.38629355737837e-8
1.5061795900119865e-7
7.110778722791678e-7
0.00001984169388503319
3.626935046793888e-7
1.0201990396183584e-7
4.639750095567743e-8
2.5987467461252982e-8
1.6346901755154882e-8
1.1065454037885636e-8
7.873935254262917e-9
5.805551751992277e-9
4.3924255914663934e-9
3.3858293685810767e-9
2.6434401309636055e-9
2.078513950716812e-9
1.6344070893965955e-9
1.2686459797967514e-9
9.164819837727262e-10
3.1939611615598795e-7
4.0447639694869425e-7
4.378329044284706e-7
4.48705034032541e-7
4.489185484445075e-7
4.4304863435098283e-7
4.327365269371235e-7
4.2237488511220257e-7
4.0966750463873604e-7
3.973360547660736e-7
3.847463436808265e-7
3.728733446129202e-7
3.599003650750296e-7
3.49833742865246e-7
3.3893741397382396e-7
3.2813384632780735e-7
3.17805289886966e-7
3.0870576636092414e-7
3.0005113900086005e-7
2.914693371586248e-7
2.8307897954233097e-7
2.750406328476446e-7
2.6765708831244025e-7
2.603128049168365e-7
2.539818856022497e-7
2.47719685938008e-7
2.4078843074479136e-7
2.3537157958422298e-7
2.2994001218598667e-7
2.2331697048478484e-7
2.192147610173461e-7
2.1427574972432413e-7
2.0930040322173235e-7
2.0473993446834566e-7
2.0021608716345684e-7
1.9604987450317646e-7
1.9219215367599418e-7
1.8822280807615072e-7
1.8433776826140998e-7
1.809076605199898e-7
1.772164621493333e-7
1.7386395012353897e-7
1.7062720088313166e-7
1.673435542389386e-7
1.6410294466376335e-7
1.612535032795345e-7
1.584874729993548e-7
1.5550051179640815e-7
1.5290712565750447e-7
1.5029612731461858e-7
1.476587714341228e-7
1.4515657937598807e-7
1.4278193462884336e-7
1.4021213017842313e-7
1.378178525586431e-7
1.357979800640999e-7
1.3358252623736456e-7
1.312806040032273e-7
1.290811575805165e-7
1.2725322569058882e-7
1.2527441403176229e-7
1.2325889561454556e-7
1.2097602119449542e-7
1.1943977893256052e-7
1.1768897670176903e-7
1.1585509342495544e-7
1.1403720911013692e-7
1.1230269606845228e-7
1.1068306941160637e-7
1.0903756560423836e-7
1.0738620654687547e-7
1.0582979372123961e-7
1.0422851333721184e-7
1.0294200955203726e-7
1.0124234120165919e-7
9.977865159852096e-8
9.837786021218188e-8
9.696284780341198e-8
9.5593017326599e-8
9.408305235448234e-8
9.287384341764527e-8
9.127216378360261e-8
9.007634279347752e-8
8.857437804865482e-8
8.770155793934973e-8
8.63855156141495e-8
8.531099968966606e-8
8.423823711236735e-8
8.292914001741815e-8
8.183833143005674e-8
8.073732377914982e-8
7.970153886905128e-8
7.828505754265635e-8
7.727680491695038e-8
7.635282111277509e-8
7.541910844872128e-8
7.434260893049259e-8
7.327977876927112e-8
7.232161528379181e-8
7.147089314411633e-8
7.041143876929779e-8
6.941834522946547e-8
6.869850114179762e-8
6.75962461579068e-8
6.670535011119671e-8
6.594264699210572e-8
6.506869255324118e-8
6.41213406763028e-8
6.3414752944314e-8
6.252408753213266e-8
6.15582662838494e-8
6.100837326200111e-8
6.012031511418562e-8
5.9186491407970884e-8
5.861107235061078e-8
5.786956682764515e-8
5.718080931646471e-8
5.64670716098479e-8
5.5731619833275835e-8
5.4988339654302394e-8
5.4313869796948856e-8
5.3631628302513384e-8
5.2977026752247056e-8
5.232834982309959e-8
5.166880662739686e-8
5.102116801380541e-8
5.0379608583672814e-8
4.9754349299785413e-8
4.914634307582191e-8
4.8530201804644996e-8
4.794092291980559e-8
4.735662458361161e-8
4.677467702259893e-8
4.6209007250604014e-8
4.565298556925012e-8
4.509872552114379e-8
4.455009119449636e-8
4.402009078527329e-8
4.3488603226300835e-8
4.29792314200858e-8
4.246667653165541e-8
4.197589738166913e-8
4.144799056786195e-8
4.097894458289831e-8
4.047616882832164e-8
4.0001557811138355e-8
3.955329136847577e-8
3.9071372304563526e-8
3.8631076243478265e-8
3.8169935075522595e-8
3.7739200742318885e-8
3.730471198309776e-8
3.687596091486419e-8
3.644859981528183e-8
3.602895359290395e-8
3.5628642589888593e-8
3.522020799153375e-8
3.4818695144293764e-8
3.444507222179012e-8
3.404519034635666e-8
3.3656491907964125e-8
3.327625617422266e-8
3.2932520283312484e-8
3.258004412143519e-8
3.218151848514714e-8
3.181377829482787e-8
3.146665259859735e-8