4.599995383951418e-12
5.061341650127526e-11
9.665289633886606e-11
1.4282570895869875e-10
1.891652125942961e-10
2.355821206021205e-10
2.8250277065430647e-10
3.2850470221656994e-10
3.775822776921163e-10
4.2462502764096314e-10
4.723986964819092e-10
5.215309819765666e-10
5.701728701744241e-10
6.201669017230417e-10
6.70106959751038e-10
7.209670930666852e-10
7.760683582529929e-10
8.285365234600604e-10
8.780405503774148e-10
9.302906722901639e-10
9.786051526862309e-10
1.0403031371507494e-9
1.09969632305182e-9
1.1519289348249118e-9
1.2224829212982365e-9
1.2774262306718993e-9
1.3393697771320446e-9
1.403957080266423e-9
1.4708069025454397e-9
1.5373664177832838e-9
1.6011443595128997e-9
1.680738134184726e-9
1.739261862649352e-9
1.8172759032099582e-9
1.8864407508591683e-9
1.9591348563378284e-9
2.0700228337183434e-9
2.137407677962752e-9
2.1864692306511833e-9
2.272025059203659e-9
2.3924614460086156e-9
2.443795219191347e-9
2.5294638912844417e-9
2.6386278854337644e-9
2.745289501475982e-9
2.8443661718725043e-9
2.9621576234524225e-9
3.0084293175448357e-9
3.145000017103704e-9
3.26792619420386e-9
3.2754666937793113e-9
3.4614925804212646e-9
3.5281752494120994e-9
3.6987987978694045e-9
3.857938076699277e-9
3.948351538518153e-9
4.180198997820818e-9
4.19970416342734e-9
4.317798835521022e-9
4.4146012086112285e-9
4.637718822843091e-9
4.652554485912221e-9
4.9037908468749074e-9
5.092953164720701e-9
5.310012798729148e-9
5.351721364376528e-9
5.573144198948515e-9
5.75364558849728e-9
6.01503459560081e-9
6.188587372848787e-9
6.336876770654987e-9
6.593914257127038e-9
6.875319213872274e-9
7.151312546115451e-9
7.40357538278415e-9
7.611063581753473e-9
7.727717199830437e-9
7.825029526540916e-9
8.03444333465049e-9
8.621271261950814e-9
8.484717044846342e-9
9.050981264607635e-9
9.530753497741951e-9
9.579314023038863e-9
9.342391671776344e-9
9.641686844820335e-9
1.0158740322918247e-8
1.0725340393195196e-8
1.0943663385864586e-8
1.0955070593708298e-8
1.1363175352612318e-8
1.2165429900385299e-8
1.2650209394124973e-8
1.263680785307901e-8
1.2867799944181358e-8
1.2665023987029028e-8
1.368348382446196e-8
1.370820651140938e-8
1.4333172442993148e-8
1.4833958777726426e-8
1.4445882051524158e-8
1.529714423807582e-8
1.7005287701127864e-8
1.6130104640446028e-8
1.6697911558635083e-8
1.7689646931885086e-8
1.7755272054967793e-8
1.8021411706496488e-8
1.8452356485069104e-8
1.9089002299070665e-8
1.9150364063574914e-8
2.004881788467307e-8
2.0981848995541087e-8
2.1828648073586527e-8
2.167307633412014e-8
2.2300566504094423e-8
2.170014149765985e-8
2.3333326842832815e-8
2.362921741555946e-8
2.3347405613878682e-8
2.542564375978939e-8
2.5715283212251207e-8
2.6768430135621936e-8
2.7133933011564936e-8
2.671967986376256e-8
2.7768320505228452e-8
2.8587334869164572e-8
2.856953894772823e-8
2.8796090031167875e-8
2.8822791097267496e-8
2.8428774949231853e-8
2.7611261377362676e-8
2.5975191662840866e-8
2.313644043072266e-8
1.863566746759397e-8
1.2954850296256129e-8
1.3914892557325178e-8
1.7156317821538263e-7
4.899235608133043e-8
6.554391025712571e-9
2.0414762308628865e-9
1.4133635793891957e-7
1.871036552011654e-7
1.9311982584372788e-7
1.8896492242590887e-7
1.8151746485398255e-7
1.725518378324255e-7
1.6397892019852103e-7
1.5769565394967587e-7
1.5034415282597466e-7
1.4384593579937745e-7
1.3823280838319269e-7
1.3044136133946792e-7
1.276864123974699e-7
1.2357575195085443e-7
1.1877211401046425e-7
1.1418518007110274e-7
1.0758630864529215e-7
1.0620470950932724e-7
1.0403878788147712e-7
9.7447229361511e-8
9.808647686469953e-8
9.373079177215066e-8
9.346089313513085e-8
8.916462619839693e-8
8.696689552911592e-8
8.482126757290657e-8
8.25388035675517e-8
8.119634062093279e-8
7.941926357381962e-8
7.777157793993854e-8
7.562241805262272e-8
7.490775557379348e-8
7.239025320546578e-8
6.923727579117505e-8
7.021489379894201e-8
6.825893217558157e-8
6.680892477502853e-8
6.598555528434485e-8
6.480538944462952e-8
6.371968264703145e-8
6.212411070475081e-8
6.000748351651807e-8
5.978417684545132e-8
5.976438118790669e-8
5.868263377213481e-8
5.717429496184421e-8
5.6530364614201756e-8
5.53245635435799e-8
5.463117028932812e-8
5.4036802365787717e-8
5.240612454185629e-8
5.200417581974919e-8
5.13629824493602e-8
5.013987013519041e-8
4.977262402933876e-8
4.9220151844306386e-8
4.839331686046821e-8
4.785127376752493e-8
4.69576031361494e-8
4.605577562000322e-8