1.821911333954994e-12
2.004755320287714e-11
3.829837991614569e-11
5.658689009948676e-11
7.492936176776356e-11
9.336030571961625e-11
1.1178206576895864e-10
1.3060312639855359e-10
1.4929240127586708e-10
1.681839160079709e-10
1.8753295018343452e-10
2.067521607362985e-10
2.2648920416854244e-10
2.4699601993965405e-10
2.6591365619235114e-10
2.860359709595407e-10
3.072720474443293e-10
3.2748017366662884e-10
3.480595029552441e-10
3.7027109091550835e-10
3.9133239029733946e-10
4.1441158995141117e-10
4.3622531390049976e-10
4.60221801922831e-10
4.841144739669748e-10
5.071952917462675e-10
5.301710178065258e-10
5.553293600445151e-10
5.827372470570728e-10
6.099140202247807e-10
6.373657192086581e-10
6.660192928914453e-10
6.923092182161591e-10
7.214057880371048e-10
7.509804759755538e-10
7.783152237145389e-10
8.104491488298898e-10
8.429636182180713e-10
8.748608159083509e-10
9.062291958225811e-10
9.463955345906234e-10
9.824074487856227e-10
9.992919355961708e-10
1.045892957078936e-9
1.0903234827797624e-9
1.1348744324693007e-9
1.1903395796257643e-9
1.2145625766339592e-9
1.257836793039818e-9
1.2985332600591278e-9
1.3509481675615916e-9
1.3930371741361994e-9
1.4401554784987394e-9
1.472717230031936e-9
1.5218299623983714e-9
1.5955654753273676e-9
1.6131542224443424e-9
1.6855830286059678e-9
1.709902982851034e-9
1.784708749562081e-9
1.871142498627675e-9
1.9350259687858318e-9
2.011828084977799e-9
2.07395130028858e-9
2.110589069763637e-9
2.178848312207876e-9
2.300891251050288e-9
2.3285265340584526e-9
2.40308324960717e-9
2.5489102480654898e-9
2.6045017469968596e-9
2.6736199196779527e-9
2.768142392760358e-9
2.8272728459970393e-9
2.96354900280962e-9
3.0265670924990813e-9
3.1219402254635096e-9
3.1632707703264356e-9
3.3343169510983622e-9
3.420699927121821e-9
3.5862562687914954e-9
3.6458040123850515e-9
3.6881466850529937e-9
3.862609487941065e-9
3.980450078127178e-9
4.20779464197402e-9
4.266215735499945e-9
4.35823655041494e-9
4.537386436568109e-9
4.635668764922267e-9
4.768057743081884e-9
4.949973183716818e-9
5.260205724395829e-9
5.2302117690554694e-9
5.239947869474321e-9
5.4501653994060245e-9
5.7355215238718656e-9
5.883826956661005e-9
6.155333468421281e-9
6.281218541904815e-9
6.520467116961014e-9
6.944649078477353e-9
6.835278620645958e-9
7.003713282210922e-9
7.116442471985917e-9
7.546907712655935e-9
7.472802550692255e-9
7.668939781362246e-9
8.01432215893194e-9
8.264848474416842e-9
8.453580236797992e-9
9.0069212815248e-9
9.022518786591073e-9
9.555929114292699e-9
9.379466701198623e-9
9.906061446493075e-9
1.0707863469967094e-8
1.055137637820444e-8
1.0774789348993305e-8
1.0854574049484777e-8
1.1372222659948984e-8
1.2152731381777466e-8
1.2083690711254939e-8
1.2086070213002117e-8
1.2952189101861067e-8
1.3766566310923042e-8
1.3633270557042184e-8
1.3097315764771016e-8
1.4000194544532437e-8
1.4262173940852564e-8
1.489110702753902e-8
1.561916382981673e-8
1.6812801946605028e-8
1.6217320322772044e-8
1.655404474091708e-8
1.6592049264708718e-8
1.7684992164572192e-8
1.726963939726297e-8
1.866165569969461e-8
1.8394206452212383e-8
1.9171027741781972e-8
1.8700577453682944e-8
2.0316988036052517e-8
2.122496457668325e-8
2.110743043569721e-8
2.1415180090339797e-8
2.1420014157150265e-8
2.1408053950707334e-8
2.1048717980218784e-8
2.0442377445252983e-8
1.925951561780459e-8
1.715965938890018e-8
1.3871234552742233e-8
9.950338983847916e-9
1.237869474431509e-8
2.151596136885648e-7
3.1710881778978817e-8
4.690207640022308e-9
1.338187309722893e-9
1.618741524559823e-7
1.7910187745706693e-7
1.7718856104645966e-7
1.6987378570630702e-7
1.6211383989170583e-7
1.535353060603907e-7
1.4598058813424755e-7
1.3978085927285662e-7
1.3190170294165128e-7
1.2641299266241688e-7
1.2028271238558325e-7
1.1596537029710183e-7
1.1128578642368036e-7
1.0706204212637828e-7
1.0274652589336034e-7
9.97611153080021e-8
9.582925372850601e-8
9.231101068572559e-8
8.941371083967385e-8
8.783752075146193e-8
8.498364697396053e-8
8.266338800457069e-8
8.007355512695638e-8
7.806857854317618e-8
7.564341262785581e-8
7.490516938173566e-8
7.21267816451134e-8
7.086213439607815e-8
7.048191822237688e-8
6.66143372507645e-8
6.506494268542831e-8
6.490233095125327e-8
6.356733742521482e-8
6.100511159002051e-8
6.096509521465664e-8
5.995142741020235e-8
5.848955906564077e-8
5.772192547157757e-8
5.7024562781871975e-8
5.61081507451842e-8
5.435708876560853e-8
5.2547857352636657e-8