1.2441175488677355e-10
1.3704303999300467e-9
2.6258397870339857e-9
3.899404957919609e-9
5.199648780380025e-9
6.534613099993518e-9
7.913744905804689e-9
9.344716366795884e-9
1.0837904748065621e-8
1.2395166227408414e-8
1.4028025933354311e-8
1.574743689164132e-8
1.755533199516407e-8
1.945697032826754e-8
2.1466087896813047e-8
2.3583208144419988e-8
2.580544520544941e-8
2.8145416428120516e-8
3.06026839902582e-8
3.317624315368017e-8
3.5864570826349255e-8
3.8667795870188826e-8
4.158305769686032e-8
4.46001817283727e-8
4.7712833042929656e-8
5.0909226018976194e-8
5.4184439431589566e-8
5.7519053417910724e-8
6.089346143389308e-8
6.429690154720104e-8
6.77030878708836e-8
7.109376324872536e-8
7.444533779624743e-8
7.773559628916022e-8
8.093029593808102e-8
8.400189554285503e-8
8.692710026799917e-8
8.966774449633965e-8
9.219137060768094e-8
9.447217251031705e-8
9.64712212755212e-8
9.813931530199719e-8
9.936427606052881e-8
1.0020482608772004e-7
1.0055776018902452e-7
1.0036436953916414e-7
9.954220477102917e-8
9.78069121890875e-8
9.567663561994788e-8
9.242546462039557e-8
8.813167164246394e-8
8.268422926604951e-8
7.596512306841301e-8
6.790909826770304e-8
5.854076942558879e-8
4.807668637428718e-8
3.7029670442440184e-8
2.6315402840179842e-8
1.7230237403654827e-8
1.117177537161112e-8
9.133762079808819e-9
1.1517732747232322e-8
1.9646151663065267e-8
4.333123277700742e-8
1.70698649174448e-7
0.0007181543796712082
1.5533064948626452e-7
3.802638190190087e-8
1.6410622224835584e-8
8.930388503289156e-9
5.51354773566761e-9
3.6835116185136834e-9
2.596099631477697e-9
1.90077594344202e-9
1.4311287221790645e-9
1.100063074098228e-9
8.584568240158803e-10
6.768877705011953e-10
5.367967284526142e-10
4.258510446962278e-10
3.352070287732078e-10
2.570789392131199e-10
1.7069890260230124e-10
7.465631555436367e-8
9.914096721119107e-8
1.1373893361693911e-7
1.232341637472034e-7
1.293317476657581e-7
1.3339667665356006e-7
1.356306442503025e-7
1.365411374234684e-7
1.372611427814223e-7
1.3697116815124108e-7
1.3577211953133637e-7
1.354310945540114e-7
1.341878786039005e-7
1.3234887440422115e-7
1.335368856446845e-7
1.2863128608125835e-7
1.287661198849551e-7
1.263289251362209e-7
1.2635063206176515e-7
1.2299142244543807e-7
1.203099186079785e-7
1.1942781377220363e-7
1.1769549022179363e-7
1.1566750197993216e-7
1.1474803525948487e-7
1.1293033443356825e-7
1.1029929036831582e-7
1.0919449924060471e-7
1.0796311455654325e-7
1.0712090116592036e-7
1.0377008203325645e-7
1.0415272189205226e-7
9.975898196529734e-8
1.0226622656369727e-7
9.979418635458373e-8
9.834427397076201e-8
9.719069030749815e-8
9.484273589247377e-8
9.248407301717092e-8
9.173539801811207e-8
9.06523867194963e-8
8.966524335973484e-8
8.884724154591255e-8
8.737675784641856e-8
8.625419982777926e-8
8.544050694121754e-8
8.405909088707286e-8
8.3114671706946e-8
8.21962581204593e-8
8.138245391454042e-8
8.00425071058894e-8
7.906010488512397e-8
7.819411487200771e-8
7.684939862264188e-8
7.608220077621879e-8
7.49763746881316e-8
7.409981756252721e-8
7.327124942506432e-8
7.214105754649114e-8
7.142008817195688e-8
7.050318545009959e-8
6.982543875786135e-8
6.873904151078729e-8
6.78280171854296e-8
6.704739191747694e-8
6.623138375367129e-8
6.543820349064721e-8
6.452368733816669e-8
6.375345857415379e-8
6.299979585077406e-8
6.221523244513297e-8
6.144750796378885e-8
6.065478483953448e-8
5.994081693110785e-8
5.925675502564799e-8
5.8548533003897785e-8
5.782914447825599e-8
5.709864488989946e-8
5.63743394333349e-8
5.570834171094161e-8
5.508825040466663e-8
5.4437594703394136e-8
5.378779921031879e-8
5.312611828858756e-8
5.24682580751218e-8
5.178180987681102e-8
5.1259083022258755e-8
5.067660324598156e-8
5.008861869208615e-8
4.9508502953922474e-8
4.891709258111851e-8
4.832141424521749e-8
4.777414954524337e-8
4.723995447038281e-8
4.6699138912835295e-8
4.616498677490946e-8
4.561945567576761e-8
4.5105185620519114e-8
4.460018658689799e-8
4.409487276739881e-8
4.359493491434834e-8
4.3105791099919115e-8
4.262108235958956e-8
4.214492781375122e-8
4.167467247844498e-8
4.1220066385525685e-8
4.0761224650300025e-8
4.0319242053929075e-8
3.9878626595815445e-8
3.942459444809345e-8
3.8997842678265906e-8
3.8561270918034674e-8
3.81492131098448e-8
3.774713602594017e-8
3.734507216398791e-8
3.693766827400983e-8
3.653830475859986e-8
3.6152593124234956e-8