2.4861241001566862e-14
2.7356077050560693e-13
5.22697123910581e-13
7.726677143544225e-13
1.023885670229072e-12
1.2767668036554923e-12
1.5317437445033794e-12
1.7892562715680273e-12
2.0497983775178197e-12
2.313855742208798e-12
2.5819536113711367e-12
2.854658048112216e-12
3.1325722145758872e-12
3.4163047348401925e-12
3.706687469019806e-12
4.004248644753269e-12
4.310041218946007e-12
4.624698774564421e-12
4.949378077165156e-12
5.285084551998947e-12
5.632935543293049e-12
5.994180122659576e-12
6.3703445996580625e-12
6.762410626797445e-12
7.172639712289878e-12
7.602367264430577e-12
8.053876496579835e-12
8.52858784542468e-12
9.029606063694575e-12
9.559744929536665e-12
1.012131868771334e-11
1.0717196743315735e-11
1.135104987557335e-11
1.202667324594374e-11
1.2747745927657127e-11
1.35189720351416e-11
1.434540078821735e-11
1.523219455187079e-11
1.6184946285577914e-11
1.721102639952166e-11
1.831591724006052e-11
1.9509123828838657e-11
2.0798077439648005e-11
2.219211296174889e-11
2.370131345140527e-11
2.5337202863909154e-11
2.711185594532994e-11
2.9037657167633032e-11
3.113114968311664e-11
3.3405852212043996e-11
3.588249217038017e-11
3.8576792303186426e-11
4.1512086211295335e-11
4.470893808863549e-11
4.8193692902797434e-11
5.199470344619093e-11
5.6139231700715885e-11
6.066151494983518e-11
6.559448228205214e-11
7.098232422433505e-11
7.686444235798438e-11
8.328288323013613e-11
9.029284384670214e-11
9.794425562239924e-11
1.0630124507942867e-10
1.1542707595126348e-10
1.2538771511073684e-10
1.3626395546235257e-10
1.4813650032237996e-10
1.6109477609806857e-10
1.752367222414731e-10
1.9066145116307988e-10
2.0749176425468605e-10
2.2582449456807445e-10
2.4584731571460047e-10
2.676446572185382e-10
2.9140270860654464e-10
3.172624057900929e-10
3.4541876989664645e-10
3.76066859054506e-10
4.093689740390488e-10
4.4558619314430536e-10
4.848946722977659e-10
5.275697435456494e-10
5.738872103316718e-10
6.240586537266769e-10
6.78416585520271e-10
7.372381796525586e-10
8.008214766709668e-10
8.695287015429899e-10
9.4365169268541e-10
1.0235692822484877e-9
1.1095621353658092e-9
1.2020372716451048e-9
1.3013421228263582e-9
1.407857456303483e-9
1.5218702639519025e-9
1.6437828221195304e-9
1.7739223081130937e-9
1.912506894089352e-9
2.059942287315243e-9
2.216511513213068e-9
2.3821571265404075e-9
2.557377828111556e-9
2.742037213914785e-9
2.936645032145807e-9
3.1408076026900113e-9
3.354495421805934e-9
3.5775682665151936e-9
3.8098923265287115e-9
4.051143766658304e-9
4.300707355370371e-9
4.5581751959245355e-9
4.8227808880360766e-9
5.0938248334426e-9
5.37026110276689e-9
5.651165440179493e-9
5.935211197526107e-9
6.2210207540602e-9
6.507377850215334e-9
6.792335706446197e-9
7.072869580592467e-9
7.348541241220253e-9
7.615931694539829e-9
7.87296609721626e-9
8.11625929078224e-9
8.342269284287239e-9
8.54771397340368e-9
8.727844340715413e-9
8.878235195083295e-9
8.993070149586601e-9
9.066391904488835e-9
9.091016638445102e-9
9.059193256997225e-9
8.961945789088507e-9
8.78952037628974e-9
8.53118911195876e-9
8.177061629984615e-9
7.716739253630976e-9
7.141850111409227e-9
6.451723138567843e-9
5.653437730417021e-9
4.770568982226477e-9
3.84854198460325e-9
2.9580545958449576e-9
2.1928967233960992e-9
1.653373909972449e-9
1.424563581238258e-9
1.5675467484935528e-9
2.170309183954584e-9
3.563703433454079e-9
7.219720845318764e-9
2.3069154158878346e-8
7.312727486947543e-7
4.9067456464138465e-8
9.046813439979998e-9
3.5028222806097057e-9
1.7714695074619303e-9
1.0236728824571518e-9
6.35946634223013e-10
4.072240670469439e-10
2.499807430060079e-10
5.0367006547524776e-8
7.000503827501839e-8
7.928223755769504e-8
8.410660053045219e-8
8.660109942382684e-8
8.77075627553559e-8
8.771728331373063e-8
8.730162707842935e-8
8.602490699752775e-8
8.539086891696421e-8
8.405526054321252e-8
8.225592541748704e-8
8.105877535797341e-8
7.937122131065358e-8
7.80555275701841e-8
7.642128037632488e-8
7.465901074674171e-8
7.442474028820385e-8
7.166501311249418e-8
7.067890357767799e-8
6.904319724747124e-8
6.804504991065088e-8
6.64775900578261e-8
6.503380401045369e-8
6.518181321877518e-8
6.305352703022564e-8
6.20570297739225e-8
6.05057984306778e-8
5.973892374649641e-8
5.8953165944579136e-8
5.706845739554184e-8
5.650172377565192e-8
5.6295897288586574e-8
5.494959191991688e-8
5.3394875864630565e-8
5.2876612169752304e-8
5.280286509023363e-8
5.1266426862144055e-8
5.118200288160283e-8