1.1246145978888156e-9
1.2370544018285936e-8
2.3617214445637372e-8
3.48614979323895e-8
4.610571572815386e-8
5.7337264742537216e-8
6.85484156331607e-8
7.972293052934578e-8
9.083999867251645e-8
1.0187237358167017e-7
1.1279337123321062e-7
1.2355689558923597e-7
1.3412395019784018e-7
1.444467913644251e-7
1.5446959120080322e-7
1.6413595434338104e-7
1.7339364879806586e-7
1.8217215838067113e-7
1.9040757575560086e-7
1.9803871191686777e-7
2.050024274305238e-7
2.1121703877597658e-7
2.166544807134748e-7
2.2119891900975837e-7
2.2479289935821118e-7
2.2735614763652408e-7
2.2879628343743823e-7
2.2901927847707185e-7
2.278998933953247e-7
2.2529800137790615e-7
2.2105515104017444e-7
2.14976605863443e-7
2.0682775014440599e-7
1.9635411400954276e-7
1.8325963764093723e-7
1.6726938625427634e-7
1.4817893790622112e-7
1.2600218687517475e-7
1.0121613375748664e-7
7.511656898632068e-8
5.0155976734892914e-8
2.9876975207516453e-8
1.7840652627377653e-8
1.5717116590905432e-8
2.302750049249747e-8
4.3631052269905353e-8
1.1455807297087367e-7
8.369632726916428e-7
1.5446080784683936e-6
1.3291334771864478e-7
4.471652731013027e-8
2.1827681331003518e-8
1.2715822049306525e-8
8.213277646779427e-9
5.674912818962524e-9
4.1104957270009546e-9
3.0822139662164684e-9
2.3725667236818625e-9
1.863726468092312e-9
1.487432093185373e-9
1.2019569135955516e-9
9.806429406805652e-10
8.058110982617441e-10
6.653454478011437e-10
5.506810437345494e-10
4.555531385056549e-10
3.751454387105618e-10
3.053376108316467e-10
2.412740996614914e-10
2.4983736998304067e-8
8.576506095476232e-8
1.1087287674182869e-7
1.2588240967544222e-7
1.3548645454134694e-7
1.4202999266577846e-7
1.4597975391191553e-7
1.4858656448226987e-7
1.4971809222194262e-7
1.5039895487622688e-7
1.5036008937601938e-7
1.4980421294933455e-7
1.4886144615712935e-7
1.4772530106954798e-7
1.4649396358265026e-7
1.4504052586626484e-7
1.4295438403209563e-7
1.4173067165541325e-7
1.3940337988130988e-7
1.3802593087884748e-7
1.3665680158284331e-7
1.3466139089173075e-7
1.3323774268463726e-7
1.309263310121516e-7
1.2932870620162005e-7
1.2772886106251642e-7
1.2660188064106558e-7
1.2508128977228618e-7
1.2251173179099919e-7
1.2125442692594367e-7
1.2001428597451578e-7
1.1818441380799648e-7
1.1698890288643628e-7
1.1525134868939717e-7
1.139022254698407e-7
1.1090658805216405e-7
1.1129762521980194e-7
1.0927162481295845e-7
1.0852945610207048e-7
1.079337257421487e-7
1.0527021004381908e-7
1.0362301913427824e-7
1.0236160880501657e-7
1.0164190082525503e-7
9.964541533990086e-8
9.883611999487562e-8
9.844513073537374e-8
9.568248346749232e-8
9.487035186694435e-8
9.385185146738366e-8
9.281343077700006e-8
9.137241268176601e-8
9.010357908172312e-8
8.908704101005367e-8
8.780432727654464e-8
8.67667762468116e-8
8.563425032810444e-8
8.457134556353118e-8
8.348834262282005e-8
8.230725247901107e-8
8.137966126664326e-8
8.014156832561564e-8
7.918869280437625e-8
7.820866598726564e-8
7.721801289479686e-8
7.619725855634815e-8
7.522292997096253e-8
7.426843871488494e-8
7.334047746813383e-8
7.243152775235671e-8
7.134474538534899e-8
7.052921066515414e-8
6.968857531269982e-8
6.878193686327984e-8
6.791197898497522e-8
6.703918357699923e-8
6.621014084238376e-8
6.538660349406749e-8
6.45387904403772e-8
6.367792258480795e-8
6.2849796556425e-8
6.214449410311709e-8
6.136667751041322e-8
6.061420291567193e-8
5.98567582469008e-8
5.908580373453197e-8
5.8330398826892504e-8
5.764024461075533e-8
5.694756677425083e-8
5.6268704089790254e-8
5.556157874332508e-8
5.487815101602008e-8
5.4182846240106583e-8
5.347529265069385e-8
5.2900110515713806e-8
5.2264064042947956e-8
5.164146554270512e-8
5.1015573937155854e-8
5.039339143522323e-8
4.978718877992743e-8
4.91745609871177e-8
4.86170684678622e-8
4.8045998247835526e-8
4.747735342330916e-8
4.691621094168583e-8
4.634607932043366e-8
4.582326688203555e-8
4.528055386760308e-8
4.4757036937753696e-8
4.423369792524886e-8
4.3721886769598727e-8
4.3224492221430534e-8
4.271833269252253e-8
4.223152934199225e-8
4.1749139572513295e-8
4.127777456713209e-8
4.080734550896477e-8
4.033778782003102e-8
3.9882881378323466e-8
3.943787233729867e-8
3.8988823649977276e-8
3.8555267269535e-8
3.8130947909580546e-8
3.770030607429527e-8
3.72765226724399e-8
3.686671598350842e-8
3.646506703931219e-8
3.6061757691043645e-8
3.565825059784602e-8
3.5268115732157355e-8
3.488265946136373e-8
3.450547545928697e-8