3.0573130526491663e-14
3.3645302391927664e-13
6.430783053600512e-13
9.511306703306872e-13
1.2613099919444265e-12
1.5743295471519188e-12
1.8909343699452305e-12
2.2118703427609036e-12
2.537983783406547e-12
2.8701205141256686e-12
3.2091569979764484e-12
3.5560952218017217e-12
3.911941565012488e-12
4.277827565531174e-12
4.654922578107099e-12
5.044570742244062e-12
5.4482979314752516e-12
5.867229628315035e-12
6.303311272109387e-12
6.7584583366686586e-12
7.234403765114626e-12
7.733459780809336e-12
8.258019393998869e-12
8.810564583615119e-12
9.393958799433811e-12
1.0011204758120285e-11
1.0665628687453816e-11
1.13614590452603e-11
1.210205991610147e-11
1.2892261436844206e-11
1.3736777137812738e-11
1.4641174522897846e-11
1.561110579089928e-11
1.6653045809879327e-11
1.7774164782999856e-11
1.8982077968974862e-11
2.0284904417280954e-11
2.169259394737713e-11
2.3214179719521377e-11
2.4861985335631513e-11
2.6647733428376382e-11
2.8583812229160815e-11
3.06871126538131e-11
3.297194404729717e-11
3.54553551795088e-11
3.815750344361194e-11
4.1098712113872124e-11
4.43022843169651e-11
4.779265941026141e-11
5.159719639001779e-11
5.574686294580455e-11
6.027470849417584e-11
6.521212486683769e-11
7.059880998657064e-11
7.648633669251879e-11
8.291089787929728e-11
8.992537401428418e-11
9.75838309256922e-11
1.0594756222075205e-10
1.150827837187635e-10
1.2505420812425067e-10
1.3594064684985575e-10
1.4784039825091962e-10
1.60822704673772e-10
1.74994372584512e-10
1.904670093318905e-10
2.0734734241175716e-10
2.257517975815974e-10
2.458521877165828e-10
2.67750332761116e-10
2.9161741777948313e-10
3.1763097025878914e-10
3.459626819183004e-10
3.7678742142264367e-10
4.1035039255715366e-10
4.468360223676618e-10
4.86503753175111e-10
5.296077860016407e-10
5.763821613759711e-10
6.27131217872581e-10
6.821595730357385e-10
7.41794943258094e-10
8.062841058690453e-10
8.760453692112663e-10
9.513374127472155e-10
1.0327179435716741e-9
1.1204286135314944e-9
1.2148136071045852e-9
1.3163988833815748e-9
1.425354346461796e-9
1.542274818836969e-9
1.6675116952975315e-9
1.8014726621702767e-9
1.9443605896441432e-9
2.096642337977744e-9
2.2586535033550066e-9
2.4306083284282786e-9
2.612779834692737e-9
2.8054043194650206e-9
3.0085730350673015e-9
3.2223556268598733e-9
3.4468078195555135e-9
3.681797652838328e-9
3.9271738767439984e-9
4.1825892581809535e-9
4.4478352368926995e-9
4.7222277470678745e-9
5.005464011950126e-9
5.296494102484791e-9
5.5945297080787385e-9
5.898563165556629e-9
6.207447656621239e-9
6.5197466850548755e-9
6.833808420784035e-9
7.1487777216429635e-9
7.461996582487567e-9
7.770376196649378e-9
8.073401700734005e-9
8.36749594672348e-9
8.649916268588808e-9
8.917139360225147e-9
9.166175515871477e-9
9.391876537183344e-9
9.590359008685332e-9
9.755675775484634e-9
9.88289950062352e-9
9.964881528924968e-9
9.993674568898805e-9
9.960690467281359e-9
9.856574565126173e-9
9.670769934684789e-9
9.390335850097052e-9
9.006450902758247e-9
8.50620795599567e-9
7.880571292885666e-9
7.127852342625628e-9
6.255265149717015e-9
5.2870537406157826e-9
4.27146286435958e-9
3.2850429757571227e-9
2.4297236627226314e-9
1.8164823560259847e-9
1.5405701140222353e-9
1.6697754136027997e-9
2.295431230830424e-9
3.758462386600476e-9
7.585466892059407e-9
2.3977025324170165e-8
6.763307419080268e-7
5.4549124349551e-8
9.847913040485588e-9
3.795414065690074e-9
1.9180835649464613e-9
1.1101128610612602e-9
6.925146856760892e-10
4.4773409099987606e-10
2.8516069186565743e-10
4.0951247000545155e-8
6.693117872774448e-8
7.842475894197613e-8
8.440592707114208e-8
8.765134149833782e-8
8.913059542624648e-8
8.973133144068236e-8
8.945538390314793e-8
8.826641373870178e-8
8.779509966473159e-8
8.649423070960089e-8
8.47300466950441e-8
8.368894669115614e-8
8.170108394026136e-8
7.97935078617353e-8
7.849734601887253e-8
7.735754079658808e-8
7.580251728360248e-8
7.411687299211172e-8
7.310435655913309e-8
7.142392943018993e-8
7.012560538319057e-8
6.889073892862429e-8
6.753017246569964e-8
6.649113413978217e-8
6.539564160273485e-8
6.440364633275509e-8
6.35464311527362e-8
6.287810712596148e-8
6.013886462222052e-8
5.987913464130768e-8
5.953795903813375e-8
5.79945543384983e-8
5.744666191774966e-8
5.619797421114821e-8
5.5612421003030803e-8
5.438272105446702e-8
5.318614689271782e-8
5.235422762459409e-8
5.2189660482477064e-8
5.152739478250335e-8
5.004660647395439e-8
4.959662688158463e-8
4.90361602884973e-8