3.515483898754765e-8
3.780184418382179e-7
6.798310684475947e-7
9.127388782232949e-7
1.061981423052438e-6
1.124533605733304e-6
1.1048784281301929e-6
1.010774133508238e-6
8.511639999121953e-7
6.379946496471215e-7
3.9469368105403404e-7
1.718146594905119e-7
4.353727322000951e-8
2.2833421890408415e-8
3.205962637975237e-8
4.8160830145818094e-8
7.932421054471122e-8
1.531492887616202e-7
4.091929641791678e-7
3.091111606368227e-6
5.319237950175764e-6
4.780157062304195e-7
1.634031974937065e-7
8.075907288086429e-8
4.758260590733407e-8
3.1073887779102994e-8
2.1708737014156943e-8
1.590387298048326e-8
1.2068196548420154e-8
9.408191151345209e-9
7.492439803931654e-9
6.070181828492336e-9
4.987678269121136e-9
4.14647242938322e-9
3.481178728835274e-9
2.9470184468090076e-9
2.5125059345005626e-9
2.1549901642884266e-9
1.8578458412805232e-9
1.6086520801473707e-9
1.3979811146525298e-9
1.2185741187626453e-9
1.064768936044035e-9
9.320952368412034e-10
8.169827929588287e-10
7.165475252761573e-10
6.284311527667531e-10
5.50677295224839e-10
4.816303521505692e-10
4.1984280454649896e-10
3.6396735960970513e-10
3.1256841712193e-10
2.6355576868673393e-10
2.0988302414633773e-10
9.363207227316639e-8
1.2808892968361254e-7
1.4592968093855964e-7
1.561247536290075e-7
1.6216154078761877e-7
1.6560827751064015e-7
1.6748153922278156e-7
1.6795579369981784e-7
1.681240408327183e-7
1.67005480446103e-7
1.6655315156892303e-7
1.6547740645168568e-7
1.6418750585972345e-7
1.6292466186389838e-7
1.6166257008147143e-7
1.600333110172271e-7
1.5879906391335802e-7
1.5711639505222585e-7
1.5573101168233421e-7
1.543692328660994e-7
1.5306832288856425e-7
1.5151074566598089e-7
1.5002048670692065e-7
1.4849645738287244e-7
1.4679974370705923e-7
1.4570525164848533e-7
1.439076600983251e-7
1.424467194469221e-7
1.4122537095996945e-7
1.402686421252697e-7
1.38802618242777e-7
1.363780986954843e-7
1.3587794608767861e-7
1.3443529428235661e-7
1.3282623951411818e-7
1.3138083708370842e-7
1.2983288826409996e-7
1.2812022223108985e-7
1.270411555310049e-7
1.2558890602019637e-7
1.2405655187316415e-7
1.2262095680095485e-7
1.2122439941450864e-7
1.1935167666906895e-7
1.18351681922786e-7
1.1659802513981772e-7
1.1530687740720416e-7
1.1394634482279346e-7
1.1197088812853259e-7
1.1104832343806764e-7
1.0943713309120722e-7
1.0817461000933008e-7
1.0664081264519013e-7
1.0529714457360497e-7
1.0395166212544463e-7
1.025903229829873e-7
1.0118804354007071e-7
9.991570127097605e-8
9.852094953551731e-8
9.727850900628505e-8
9.59683270222795e-8
9.470051421104877e-8
9.342921779653152e-8
9.20671369313303e-8
9.097478652183193e-8
8.973486742553748e-8
8.853301563640231e-8
8.73008906265117e-8
8.610866267745376e-8
8.501379226082897e-8
8.381982893552333e-8
8.27174742886981e-8
8.160215983359208e-8
8.05359471619171e-8
7.944407996645968e-8
7.835938165898073e-8
7.737366494591622e-8
7.62944516733219e-8
7.518425324449951e-8
7.428225486589149e-8
7.331949780403733e-8
7.232267167713565e-8
7.129521423933518e-8
7.038619305484135e-8
6.949439960938956e-8
6.858766812136107e-8
6.766150746891823e-8
6.675583439813475e-8
6.58399667902121e-8
6.500272356110728e-8
6.418895254252953e-8
6.335042291340156e-8
6.251898081210135e-8
6.170193902023658e-8
6.086396534976513e-8
6.010144637045888e-8
5.9327034322208855e-8
5.8577534969499234e-8
5.782428516955843e-8
5.7082896860839606e-8
5.6350261208928755e-8
5.5620975001716487e-8
5.4887721659115904e-8
5.423178514628557e-8
5.353822048903552e-8
5.286494898199093e-8
5.219764880606142e-8
5.155513150505246e-8
5.090474511379071e-8
5.0260607737195425e-8
4.9642722369170146e-8
4.902536036075385e-8
4.842690511158485e-8
4.7820320139416875e-8
4.723332940462038e-8
4.664636258997249e-8
4.608545014325016e-8
4.551527178456647e-8
4.4967781290459664e-8
4.4422398120220935e-8
4.389444788670828e-8
4.335337109598876e-8
4.283862310991766e-8
4.2320870070925414e-8
4.1816589772796764e-8
4.131291701245558e-8
4.082632763664965e-8
4.034661079698079e-8
3.987540139105696e-8
3.9400993429692936e-8
3.8941663089593164e-8
3.848957845044889e-8
3.8039055429744986e-8
3.758404426667933e-8
3.714882039232352e-8
3.6721935284677945e-8
3.630444537356147e-8
3.588662310521074e-8
3.5480543553800724e-8
3.506527873040726e-8
3.4682462028154304e-8
3.428974534443254e-8
3.390602961202309e-8
3.3510872683338106e-8
3.31357996411202e-8
3.2758498911279345e-8
3.23903791873648e-8