7.034532210470988e-12
7.75158867485416e-11
1.4867956959922416e-10
2.211487800896409e-10
2.955596394218339e-10
3.725535696896377e-10
4.5278253157768506e-10
5.369726785963402e-10
6.258159807840728e-10
7.201108786663156e-10
8.205285717862471e-10
9.279774131015832e-10
1.0432709675354992e-9
1.167368049894301e-9
1.301203842941791e-9
1.4458762926044046e-9
1.6024632438470398e-9
1.771933387497982e-9
1.9558104507154085e-9
2.1551707263523004e-9
2.3714133540032903e-9
2.6060985230258473e-9
2.8606271527885166e-9
3.136485122395968e-9
3.435520768052725e-9
3.759652818928787e-9
4.110428092570125e-9
4.489766300940176e-9
4.899191208185151e-9
5.341164902056996e-9
5.817640492553303e-9
6.3302856869826806e-9
6.8809585921104785e-9
7.473206915744966e-9
8.104085831582626e-9
8.781051645453885e-9
9.502206213494164e-9
1.0270532577945232e-8
1.1086391035639813e-8
1.1951262554472321e-8
1.2865115272447406e-8
1.3828175132400457e-8
1.484111006454534e-8
1.5904109520708455e-8
1.7011593374021986e-8
1.816567081918898e-8
1.9364474755746863e-8
2.0604075757281536e-8
2.187995331004751e-8
2.3189460269826598e-8
2.4526831508188062e-8
2.5886488268456483e-8
2.7262630495693073e-8
2.8647442374142245e-8
3.0035254144389364e-8
3.1414825147278424e-8
3.277767641243562e-8
3.410795697458994e-8
3.5412742404416574e-8
3.66610102814458e-8
3.785175435297161e-8
3.896612426584031e-8
3.997333075459914e-8
4.0881731556919e-8
4.166062245037765e-8
4.229336668132511e-8
4.275587012186108e-8
4.301914839166599e-8
4.305471746790636e-8
4.278332283019871e-8
4.230621685459208e-8
4.143865392000286e-8
4.018205231265957e-8
3.848793333222742e-8
3.630042855297864e-8
3.357898452828738e-8
3.0297029559045235e-8
2.6469537056376362e-8
2.218010249127183e-8
1.7621104888288808e-8
1.3127003196264355e-8
9.171235187577104e-9
6.289974988568565e-9
4.935421432864963e-9
5.382413181738291e-9
8.017037626266634e-9
1.4869761966402864e-8
3.8117631862077135e-8
2.6360156058336043e-7
5.605533306413965e-7
4.450491280615632e-8
1.4574919043961434e-8
6.963796384960767e-9
3.973690294293241e-9
2.5117745415339153e-9
1.6950397845946e-9
1.19548523814735e-9
8.689619862337239e-10
6.441210861131939e-10
4.822134876519221e-10
3.6019792659995726e-10
2.6169740332822937e-10
2.9602809812214727e-8
7.306279172352467e-8
9.226149769886352e-8
1.0376873913133024e-7
1.109956048816625e-7
1.155513276474665e-7
1.1827611922493568e-7
1.19385706016247e-7
1.20348561117848e-7
1.1964665651530592e-7
1.193607403082427e-7
1.1810348589963624e-7
1.1460976513655405e-7
1.1521279020831601e-7
1.1304755104378183e-7
1.1084577425988244e-7
1.1046225309882204e-7
1.1451571245560885e-7
1.0685912126771059e-7
1.0646180552327512e-7
1.0672610417812526e-7
1.0469686029552894e-7
9.69302467256156e-8
9.895485135853121e-8
9.812368756635353e-8
9.889538456143319e-8
9.376863170478161e-8
9.373296819151654e-8
9.185731478296785e-8
9.18581640040974e-8
8.954616940466559e-8
8.760508420159099e-8
8.629382204346414e-8
8.426317147504101e-8
8.346918454561358e-8
8.311331388907728e-8
8.130595405174763e-8
8.114466450743481e-8
7.901020175087077e-8
7.788564228308033e-8
7.744837272763421e-8
7.582259055694155e-8
7.49545810483073e-8
7.310716570739223e-8
7.31819391425701e-8
7.220984635816258e-8
7.079034039256715e-8
7.022122428540476e-8
6.902588457860864e-8
6.841513303281599e-8
6.745254389610626e-8
6.655975000793675e-8
6.588004370231748e-8
6.490499055474312e-8
6.416351754463305e-8
6.32214316122512e-8
6.248504372361154e-8
6.184601830123296e-8
6.108153026933122e-8
6.029456604974043e-8
5.9438537630714465e-8
5.8836669761049736e-8
5.8177765786694517e-8
5.724295387062588e-8
5.669333391289397e-8
5.603050510579566e-8
5.540222573541989e-8
5.4761777949761873e-8
5.409895424335163e-8
5.336068905329805e-8
5.276634989078937e-8
5.217263424624653e-8
5.160066133794303e-8
5.1004499066037e-8
5.041682158113109e-8
4.979852983578815e-8
4.9171683818815587e-8
4.8620134357411016e-8
4.811885426187151e-8
4.758709583212167e-8
4.707434996784454e-8
4.649940459145409e-8
4.595033129646071e-8
4.54273551306893e-8
4.4949539981358454e-8
4.445536295108745e-8
4.39603407554527e-8
4.3464346763603923e-8
4.2967002363400604e-8
4.252569147088976e-8
4.2045232746573236e-8
4.159143158184745e-8
4.113703920866359e-8
4.0698804987091185e-8
4.023781935261742e-8
3.982815892960671e-8
3.9400825090901263e-8
3.898097574259151e-8
3.857156904647365e-8