5.884548902189159e-14
6.478578927111434e-13
1.239663303688855e-12
1.836828970049206e-12
2.4419715435432713e-12
3.057756095007307e-12
3.686932219153317e-12
4.332534280827251e-12
4.997473816867764e-12
5.684879924991228e-12
6.398495276201219e-12
7.141739672661694e-12
7.918413286826952e-12
8.733008586773763e-12
9.58970057845234e-12
1.0493806758955666e-11
1.145037534982885e-11
1.2465244864639609e-11
1.354474797182046e-11
1.4695625228448437e-11
1.5925628794211048e-11
1.724293108680172e-11
1.8656117429560292e-11
2.017443376553519e-11
2.181083207320756e-11
2.3574767419928744e-11
2.54789651160584e-11
2.7538493709377403e-11
2.976880692991247e-11
3.218516942620705e-11
3.480788727393002e-11
3.7655888538367846e-11
4.075084861186332e-11
4.411755141577713e-11
4.77817799959783e-11
5.177247028749365e-11
5.612200372101863e-11
6.086327551108416e-11
6.603376229728506e-11
7.16742794904236e-11
7.783126990989739e-11
8.455295492830716e-11
9.189004664250672e-11
9.990509356777618e-11
1.0866569615535927e-10
1.1823589022247414e-10
1.2867830024971013e-10
1.4008987155136612e-10
1.5256043393592725e-10
1.66185524996173e-10
1.810649749361586e-10
1.9731673128183584e-10
2.1506881895532768e-10
2.344592985567157e-10
2.557742746186975e-10
2.786967258339631e-10
3.0389375586173293e-10
3.3135885374965436e-10
3.6134083560438863e-10
3.940038525794776e-10
4.2959475318200906e-10
4.683697140011991e-10
5.105760571491555e-10
5.56512262101462e-10
6.064517716435169e-10
6.607135054775079e-10
7.196717503370651e-10
7.836619583321578e-10
8.53058154789833e-10
9.28270328062834e-10
1.0097187382226894e-9
1.09781906000754e-9
1.1930439766842639e-9
1.2957336556527707e-9
1.4067415781785159e-9
1.5262033570180807e-9
1.6547238456663386e-9
1.7928249538707771e-9
1.941124439446001e-9
2.099693520634347e-9
2.269533266488847e-9
2.4509191089918265e-9
2.644275475800499e-9
2.849931446077499e-9
3.068398292402265e-9
3.29997525062819e-9
3.5449407009059635e-9
3.803306941459663e-9
4.075329971095783e-9
4.360914537670589e-9
4.659934942918571e-9
4.972422288862952e-9
5.2978245957930695e-9
5.635511332670587e-9
5.985191533253943e-9
6.3458878104757685e-9
6.716436255315098e-9
7.0961687473517394e-9
7.483540194434759e-9
7.876845982645505e-9
8.274629532891324e-9
8.674809266982687e-9
9.075263273826468e-9
9.473619076866738e-9
9.867910697563745e-9
1.0252329896921716e-8
1.062680716074181e-8
1.0986089797455894e-8
1.132641177815047e-8
1.1643596693501167e-8
1.193164638958026e-8
1.2185402440799984e-8
1.239850995655208e-8
1.256285741474625e-8
1.2659257949375285e-8
1.2712915753082407e-8
1.267861407131289e-8
1.2555025769652001e-8
1.233108392950673e-8
1.1990238864628897e-8
1.1518333818841654e-8
1.0900966277536394e-8
1.0126320915572501e-8
9.189307333598011e-9
8.096357069743333e-9
6.874002845861589e-9
5.486726853451357e-9
4.300077658330093e-9
3.1670307974045494e-9
2.3217290236699987e-9
1.891327903485294e-9
1.965489483739772e-9
2.645369582007342e-9
4.295520014687128e-9
8.579393024051623e-9
2.6341636721048385e-8
5.617701737715057e-7
7.240931261765964e-8
1.2279962749594257e-8
4.666866722212564e-9
2.350975399762999e-9
1.3639214905633617e-9
8.575628547776277e-10
5.640593084408555e-10
3.7636410420673014e-10
2.381324858886742e-10
5.2296841474063854e-8
7.307423159082854e-8
8.347508025209756e-8
8.915020548640903e-8
9.230681439085963e-8
9.361334710491613e-8
9.426417152626904e-8
9.413381064471664e-8
9.356969621297137e-8
9.227144404761678e-8
9.14079750138085e-8
8.946486167060841e-8
8.796795855729791e-8
8.728213326210427e-8
8.506199702466017e-8
8.340547729047663e-8
8.218211407802938e-8
8.09760594279894e-8
8.004626545887841e-8
7.707847809097385e-8
7.696340108598213e-8
7.518901467251263e-8
7.292934043342499e-8
7.271315075689903e-8
7.02046055145986e-8
7.00159826175969e-8
6.884825764974058e-8
6.736625285073395e-8
6.607047804655016e-8
6.513345223750464e-8
6.455440319782224e-8
6.344211759797385e-8
6.184242971867371e-8
6.058461683132755e-8
6.038473665728312e-8
6.033092587197794e-8
5.825280103577582e-8
5.6740491529049326e-8
5.650352980874242e-8
5.56651407517341e-8
5.480042157676923e-8
5.427245648081487e-8
5.3662897671734713e-8
5.2517064305248446e-8
5.2172235567409535e-8
5.134772694193135e-8
5.1293433973268336e-8
5.019143865647417e-8
4.98516992037844e-8
4.833109587012397e-8
4.7858879082657865e-8
4.7399059352981647e-8
4.709192979548398e-8
4.653233002017813e-8
4.588988133822941e-8