9.577685341792065e-15
1.0535849612197544e-13
2.011591190380801e-13
2.9699765533951594e-13
3.928923331346157e-13
4.888617526908198e-13
5.849246591065041e-13
6.811001036065403e-13
7.774081035667972e-13
8.738689076446027e-13
9.705031182733688e-13
1.067332934110307e-12
1.1643809247884704e-12
1.2616702982377824e-12
1.3592264283116384e-12
1.4570747286671173e-12
1.5552436367606401e-12
1.6537616915001644e-12
1.7526565969374641e-12
1.8519656711498113e-12
1.9517212677722287e-12
2.0519602680261754e-12
2.152723519346381e-12
2.254052234977606e-12
2.3559920808440827e-12
2.4585919549326717e-12
2.561905363890748e-12
2.6659887642539837e-12
2.7709020992851167e-12
2.8767121648662873e-12
2.9834912701232224e-12
3.0913196357383844e-12
3.2002782845704506e-12
3.310453011307509e-12
3.421965771871044e-12
3.534890456229042e-12
3.649378042323277e-12
3.765524984095944e-12
3.883487233847972e-12
4.003432021255307e-12
4.125513587377563e-12
4.249903380155984e-12
4.376812294837784e-12
4.506435145675454e-12
4.6390399190075486e-12
4.774869032359533e-12
4.914207667776086e-12
5.057380191368371e-12
5.204668695694162e-12
5.356486861104612e-12
5.513329466465653e-12
5.675458335930698e-12
5.843443593708452e-12
6.0178826809946156e-12
6.199282193625379e-12
6.3883251219914675e-12
6.585608935797161e-12
6.792122366633251e-12
7.008518466524895e-12
7.235684706943873e-12
7.47472237089664e-12
7.726881793119444e-12
7.99312958406278e-12
8.27508485152104e-12
8.574023837133956e-12
8.89127194335424e-12
9.229092122074085e-12
9.589048554881381e-12
9.973417739543827e-12
1.0384642018480021e-11
1.0824976980307465e-11
1.1297328309239192e-11
1.1804755637255804e-11
1.2350639294686094e-11
1.2938484155657187e-11
1.3572360894336347e-11
1.42566096137476e-11
1.4996173543624928e-11
1.579592225927524e-11
1.666236491045289e-11
1.760092297599881e-11
1.8619020893153135e-11
1.9724015603187707e-11
2.0924213129873585e-11
2.2228479004975893e-11
2.364689235543954e-11
2.5190239227027333e-11
2.6870105245497192e-11
2.8699276417744763e-11
3.0692336153811156e-11
3.2863994819296847e-11
3.522952607764607e-11
3.781295081414251e-11
4.062809355619138e-11
4.3698611255862326e-11
4.7046864746002045e-11
5.0703303186863755e-11
5.469218330240077e-11
5.904373955260025e-11
6.37912390472295e-11
6.897420193298535e-11
7.462883056880001e-11
8.079784172769032e-11
8.75276871383384e-11
9.486812954624548e-11
1.0287262122926735e-10
1.1160267180503421e-10
1.2111797460700602e-10
1.3148931115994377e-10
1.4278851944681095e-10
1.5509196135353427e-10
1.6849451530903148e-10
1.8307670452086476e-10
1.9894043825307272e-10
2.1619239563103766e-10
2.3493844111995023e-10
2.553041331024566e-10
2.773981042354287e-10
3.013817087699211e-10
3.273757634393057e-10
3.555438384888134e-10
3.860244777364815e-10
4.189933272877192e-10
4.5461815162158787e-10
4.930791678082498e-10
5.345168537375986e-10
5.792067207115744e-10
6.272779728264008e-10
6.789208662604272e-10
7.343577398600214e-10
7.937707565700536e-10
8.573425646245058e-10
9.252928830457236e-10
9.977488399387872e-10
1.0749210031462654e-9
1.1569545587442473e-9
1.2439897939538332e-9
1.336112309726237e-9
1.4335461251237926e-9
1.5362330465187036e-9
1.6442438720875098e-9
1.7576122046038627e-9
1.8762788231068025e-9
2.0001718420908947e-9
2.1291535042790993e-9
2.2630899749451024e-9
2.4016609167046255e-9
2.5446965919698715e-9
2.6916962041483006e-9
2.842344416429959e-9
2.9960623263008317e-9
3.152380321610517e-9
3.3105326219043433e-9
3.469781973776758e-9
3.629247087182809e-9
3.788016404633673e-9
3.944972687111692e-9
4.098797368045588e-9
4.2482961038893274e-9
4.391853551000545e-9
4.52759367078444e-9
4.653955368669344e-9
4.767929354069186e-9
4.867802691962458e-9
4.950267679047534e-9
5.012336227107378e-9
5.05014907308772e-9
5.059571086008428e-9
5.035942698310303e-9
4.974209975461808e-9
4.868106995166642e-9
4.712243418339459e-9
4.500761960323026e-9
4.228146122761438e-9
3.891358873295528e-9
3.491289739836138e-9
3.0352719457954883e-9
2.5400485205040096e-9
2.036317799055082e-9
1.5676444516536841e-9
1.1879589059897527e-9
9.51075113173823e-10
8.999190769972528e-10
1.0691710733592067e-9
1.5293422525051313e-9
2.5452532674773985e-9
5.260286717575236e-9
1.7837095585591073e-8
1.2976587217419788e-6
2.68330555363816e-8
5.455250043404632e-9
2.152848123901962e-9
1.0855983746630678e-9
6.146993850352917e-10
3.618709605287841e-10
2.7340044197173014e-8
5.8463051544265644e-8
6.93340889013794e-8
7.420484663768717e-8
7.633724558427008e-8
7.701778269122515e-8