1.6286282536190675e-14
1.791727123638546e-13
3.4217595539057823e-13
5.054040822450686e-13
6.689659052514903e-13
8.329740688014467e-13
9.975417885496011e-13
1.1627903324863306e-12
1.328841470268547e-12
1.4958293826850234e-12
1.663886252669006e-12
1.8331615071221017e-12
2.0038135346533477e-12
2.1759999545230914e-12
2.349910457973842e-12
2.525722827798656e-12
2.7036423142653425e-12
2.8838995877376194e-12
3.0667438075615125e-12
3.2524216551101774e-12
3.4412119066548784e-12
3.633439527557934e-12
3.829438818000185e-12
4.029568417817802e-12
4.2342295488463665e-12
4.443869277801982e-12
4.658943197417757e-12
4.879986801577175e-12
5.107567508882654e-12
5.342307204626378e-12
5.58489448769716e-12
5.836061761844884e-12
6.096695206828326e-12
6.3676135376537374e-12
6.6498351663411964e-12
6.944509534483638e-12
7.252515817525281e-12
7.575545177555524e-12
7.914804126921869e-12
8.271835477819813e-12
8.648669543178598e-12
9.046723173380618e-12
9.468296521915857e-12
9.915657998385473e-12
1.0391060460981403e-11
1.0897572530306937e-11
1.1437952002157117e-11
1.2015133514360729e-11
1.2633139466118652e-11
1.329633861488353e-11
1.4007800795928679e-11
1.4772829402355257e-11
1.5596404601541818e-11
1.648580417208718e-11
1.744492651048068e-11
1.848129451610753e-11
1.9602553279313938e-11
2.0816750224562673e-11
2.2132647525325927e-11
2.3560238149340037e-11
2.511032926619193e-11
2.679396097571344e-11
2.8624173551698497e-11
3.061507686060665e-11
3.2782423812885644e-11
3.514104745366203e-11
3.771107910560742e-11
4.051177997289324e-11
4.35653139699821e-11
4.6895111313677134e-11
5.0524741970919975e-11
5.448845811915079e-11
5.881132298615297e-11
6.35272619595205e-11
6.867719447502533e-11
7.429900297789077e-11
8.043435839653494e-11
8.713112562873551e-11
9.443957664794571e-11
1.024222742145858e-10
1.1113078158607005e-10
1.2063674229982824e-10
1.3100477994654429e-10
1.4231770386539243e-10
1.5471707461862738e-10
1.6811129444764227e-10
1.8277933110244358e-10
1.9876777397398726e-10
2.1618466289731386e-10
2.3515634273887367e-10
2.5580544854507803e-10
2.7828464369272004e-10
3.02724855525239e-10
3.2929871015295116e-10
3.581643457909223e-10
3.895077686948134e-10
4.2353534963040834e-10
4.604305197428209e-10
5.00396520157245e-10
5.436812414403726e-10
5.905110350441175e-10
6.411081917913217e-10
6.957857785013355e-10
7.547326753808205e-10
8.182781363811288e-10
8.866137107414516e-10
9.601242004500012e-10
1.0389343192244988e-9
1.1235196269382525e-9
1.2141200455426181e-9
1.310859833448424e-9
1.41410221731179e-9
1.5239606030238617e-9
1.6409560798321936e-9
1.7650445749420973e-9
1.896475003082594e-9
2.0353522892164867e-9
2.1818097830727623e-9
2.3358853836837872e-9
2.4975671744481953e-9
2.6668438952402645e-9
2.8436082099663507e-9
3.0275858449041015e-9
3.218624715536925e-9
3.416257667729344e-9
3.620192473902321e-9
3.829784008954543e-9
4.044533122257447e-9
4.263426446160546e-9
4.486091908728769e-9
4.711169473755028e-9
4.938030778130709e-9
5.164950376366227e-9
5.390406047271908e-9
5.613368536244581e-9
5.832163515944656e-9
6.0443909570313544e-9
6.248268511462992e-9
6.441274118112884e-9
6.620512063891644e-9
6.7830481597668e-9
6.925376404432772e-9
7.043857127433582e-9
7.133701887911855e-9
7.18989486955465e-9
7.20683198589775e-9
7.178113875931595e-9
7.09631467363322e-9
6.953721831053648e-9
6.741739440474105e-9
6.45221879288907e-9
6.077491320967691e-9
5.611482132096938e-9
5.054680213081039e-9
4.4142042992848424e-9
3.711249067392118e-9
2.9844428826556957e-9
2.2929825218361355e-9
1.7120107454185423e-9
1.3200190502157941e-9
1.1816379473273288e-9
1.3448760602865294e-9
1.8902811533563227e-9
3.1228996055660896e-9
6.381374538978873e-9
2.090849067121234e-8
8.990355956285998e-7
3.8253826622234324e-8
7.375997769715556e-9
2.8829690590162556e-9
1.4585874416640194e-9
8.382277807109126e-10
5.13585718976855e-10
3.1680497757809637e-10
3.5194615637934154e-8
6.287096600057548e-8
7.397073501217811e-8
7.944686130737326e-8
8.204910566473287e-8
8.323475877256189e-8
8.33652581217894e-8
8.280644818418434e-8
8.185433349782658e-8
8.082243943758488e-8
7.94775851548184e-8
7.817293415587082e-8
7.67369687644616e-8
7.50501814412308e-8
7.318457509851109e-8
7.209137656509914e-8
7.096890391076932e-8
6.909594370050905e-8
6.852281197162723e-8
6.577222728324021e-8
6.457244230733062e-8
6.170779943480611e-8
6.239124098668049e-8
6.138888494518232e-8
5.994289692707084e-8
5.8369745832919864e-8
5.764146623793122e-8