2.9258138731920345e-14
3.219730890721123e-13
6.15356048908899e-13
9.100232191074786e-13
1.2065952136554542e-12
1.5057202163590186e-12
1.808058821094467e-12
2.114305828771386e-12
2.4251829648502734e-12
2.741448587185205e-12
3.0639166200352795e-12
3.393485747176277e-12
3.731017295630389e-12
4.077595007013184e-12
4.43420446903776e-12
4.802083157110332e-12
5.1824433267582735e-12
5.576727552413567e-12
5.986324357693982e-12
6.412907269331348e-12
6.8581788758409365e-12
7.324128859964647e-12
7.812876073441049e-12
8.326887452884799e-12
8.868073264102911e-12
9.440304943151769e-12
1.00456522543191e-11
1.0687796410125366e-11
1.137032615161992e-11
1.2097180348451947e-11
1.2872770746775994e-11
1.3701809892424822e-11
1.4590096602387052e-11
1.5541937831802238e-11
1.6565667225926477e-11
1.766647314789452e-11
1.8852612381385438e-11
2.0132734576575865e-11
2.151525605800961e-11
2.301050640505735e-11
2.4629276199252706e-11
2.6383680771682463e-11
2.8286233391715722e-11
3.035228291258279e-11
3.25963948315855e-11
3.5037071028997545e-11
3.7691580158557064e-11
4.0581428243178053e-11
4.3728530975381094e-11
4.715819881482103e-11
5.0895214245495034e-11
5.496996096370808e-11
5.941858629262163e-11
6.427074428183865e-11
6.956526172201876e-11
7.534530401472467e-11
8.165723834629677e-11
8.854621691709024e-11
9.606319258462018e-11
1.0428538466823653e-10
1.1325723980385684e-10
1.2305350121411666e-10
1.337471573606693e-10
1.4542860358057787e-10
1.581813592488587e-10
1.7210141520219805e-10
1.8729433740150002e-10
2.0386948055975266e-10
2.2194728134739517e-10
2.416798247505917e-10
2.63174434477068e-10
2.8661025225447697e-10
3.121488269009291e-10
3.3995783474550367e-10
3.7022979975454797e-10
4.0318182066484067e-10
4.390084601895173e-10
4.779243841187824e-10
5.202365035520026e-10
5.661783331111623e-10
6.161066750521312e-10
6.701259692672977e-10
7.286993764157461e-10
7.91980975878832e-10
8.6046578407256e-10
9.343710873559573e-10
1.0142464879586239e-9
1.1003121147830993e-9
1.1929618979309049e-9
1.2926648752494901e-9
1.3996371102601993e-9
1.514381625867512e-9
1.6372793862017489e-9
1.7683404852561287e-9
1.9090230965429374e-9
2.0579876287103583e-9
2.2169320849946074e-9
2.3855827146423798e-9
2.564392765065745e-9
2.7533432293446344e-9
2.9526565289403933e-9
3.1623784532227514e-9
3.382494426294627e-9
3.6129538714362156e-9
3.853753757863891e-9
4.104331739064546e-9
4.364519794969489e-9
4.633754966781858e-9
4.911342162015382e-9
5.196849661613026e-9
5.4892846405734184e-9
5.787366147131199e-9
6.090447079102408e-9
6.396823936042169e-9
6.705096672457144e-9
7.013632679204479e-9
7.321161780724228e-9
7.62375820647355e-9
7.9210111045003e-9
8.209466652432422e-9
8.486488003883776e-9
8.748702506230571e-9
8.992628024189107e-9
9.21419533790255e-9
9.408822644641945e-9
9.571238621234037e-9
9.695790484613144e-9
9.775938410012587e-9
9.803840660817679e-9
9.770067617870972e-9
9.668529603825366e-9
9.485365343720872e-9
9.209863411756712e-9
8.83204316132478e-9
8.339658624623712e-9
7.724863006370398e-9
6.985280592536401e-9
6.128256673926181e-9
5.1779587335101985e-9
4.182051214164154e-9
3.215832146008007e-9
2.379565846400166e-9
1.7819794851282564e-9
1.5161634438041632e-9
1.648468444834411e-9
2.269530355406245e-9
3.718261153407767e-9
7.510203805972457e-9
2.3791893617346323e-8
6.869467455639893e-7
5.3378592393409535e-8
9.67922138208761e-9
3.734039317139708e-9
1.887384379885294e-9
1.0920350482099987e-9
6.807025263415455e-10
4.393134947155087e-10
2.7812683252674787e-10
4.3253322501843695e-8
6.766709264887055e-8
7.861824795486984e-8
8.439387631342946e-8
8.739924207850866e-8
8.88757385171782e-8
8.927617022901617e-8
8.909377721203186e-8
8.83707417819226e-8
8.692926691670503e-8
8.572681583988108e-8
8.353440808291648e-8
8.350875722032999e-8
8.154370094006856e-8
7.9547132773732e-8
7.851141500177577e-8
7.737924311902917e-8
7.455507322682005e-8
7.352198744619587e-8
7.228039328143953e-8
7.086006935569147e-8
7.225865913253897e-8
6.849729665798178e-8
6.557891682611251e-8
6.619361211161164e-8
6.559128999040933e-8
6.303996524686111e-8
6.288829275243765e-8
6.11389386561152e-8
6.063873662946772e-8
6.01249471788429e-8
5.830084584828191e-8
5.745159223978596e-8
5.6654736231607245e-8
5.663706585487096e-8
5.543112383107573e-8
5.369757238053678e-8
5.2859242715073375e-8
5.2377752055814675e-8
5.063737928429068e-8
5.0838888553154906e-8
5.041663402031974e-8
4.957876924311337e-8