1.257096099520231e-14
1.3829013910426514e-13
2.640572300860064e-13
3.8991609543236943e-13
5.159110328933526e-13
6.42087859170114e-13
7.684920389632852e-13
8.951720754683435e-13
1.0221777821101327e-12
1.14955964220115e-12
1.2773734947370909e-12
1.4056744382338388e-12
1.5345234922678527e-12
1.6639825677772178e-12
1.7941212781373139e-12
1.9250109715428377e-12
2.0567270694510077e-12
2.189352927212112e-12
2.3229796767313077e-12
2.457701139172184e-12
2.593619069877607e-12
2.730848415834961e-12
2.869504470266085e-12
3.0097289209913657e-12
3.1516470803606402e-12
3.2954183394754902e-12
3.441226896433098e-12
3.589235336931459e-12
3.739640825820524e-12
3.892690284931907e-12
4.048611007530674e-12
4.2076384153658584e-12
4.3700775527952974e-12
4.53625659792726e-12
4.7064391082226795e-12
4.881072214941675e-12
5.060516709421567e-12
5.24528558574596e-12
5.4357437172329305e-12
5.632511225590761e-12
5.836153416426219e-12
6.047422711267753e-12
6.26678555830164e-12
6.495188971869115e-12
6.733299345055212e-12
6.982136657703482e-12
7.242800484783503e-12
7.516326253167611e-12
7.80387859902435e-12
8.106692214471504e-12
8.42658521090209e-12
8.764796197586885e-12
9.123560916949056e-12
9.50408008961269e-12
9.908917616905615e-12
1.034027041290093e-11
1.0800643513073724e-11
1.1292966021293288e-11
1.1820139457861e-11
1.2385522392567594e-11
1.299263624045963e-11
1.3646269711841536e-11
1.4349436592545552e-11
1.5108155183753172e-11
1.592711003342361e-11
1.6811844227142115e-11
1.776904863526399e-11
1.880567855656506e-11
1.9929616685332344e-11
2.114837931006494e-11
2.247107145471958e-11
2.390859496685424e-11
2.5470525623923443e-11
2.7170716043021125e-11
2.9018281695425608e-11
3.1031116404725696e-11
3.322356694935985e-11
3.5612446759357926e-11
3.821642949964656e-11
4.105519759349517e-11
4.415108739124964e-11
4.7528420678487804e-11
5.1211214718583346e-11
5.523170868490731e-11
5.961864197002388e-11
6.440580541525376e-11
6.963047176718497e-11
7.533354033967713e-11
8.155765416960958e-11
8.834848200809286e-11
9.575823299457598e-11
1.038458266159772e-10
1.12669473591355e-10
1.2229045584714413e-10
1.3278355588651042e-10
1.4421979031256474e-10
1.5669320329708783e-10
1.7028654394277359e-10
1.8508583477964284e-10
2.0120893068253625e-10
2.1875014124147816e-10
2.3784000105667994e-10
2.5859974669684074e-10
2.811646619057523e-10
3.056762117099775e-10
3.3229517907085864e-10
3.611667995616759e-10
3.9247183073896844e-10
4.2638098368181756e-10
4.631062781416422e-10
5.028309747544503e-10
5.457598360332222e-10
5.92101249161974e-10
6.420952977473438e-10
6.959188447794112e-10
7.538678708957426e-10
8.161453478519376e-10
8.829488536153248e-10
9.546827677460461e-10
1.0313454929523004e-9
1.1132547081062855e-9
1.2006906853997666e-9
1.2937908676209335e-9
1.3927760896926701e-9
1.497830452450101e-9
1.6090483981074693e-9
1.7266103973233478e-9
1.8505217779449833e-9
1.9808569781211733e-9
2.11773140602712e-9
2.260949509557573e-9
2.410498046330934e-9
2.566176539018384e-9
2.7277915453097468e-9
2.894997098473373e-9
3.06759589357835e-9
3.2449869546632235e-9
3.4267145579586974e-9
3.612188915665938e-9
3.800627908139397e-9
3.991232106365091e-9
4.183341362534014e-9
4.375339217112894e-9
4.566632726233475e-9
4.7555716437784426e-9
4.9408644730668454e-9
5.120940180964578e-9
5.29366954545861e-9
5.457040152637423e-9
5.609112467520137e-9
5.746790120713052e-9
5.867230221451397e-9
5.9670963344701736e-9
6.042500503692144e-9
6.089082254258169e-9
6.1019351096562805e-9
6.075542551939335e-9
6.003664501417103e-9
5.879467619206531e-9
5.6958955783309525e-9
5.445909252668134e-9
5.12321614301886e-9
4.722861115875128e-9
4.245757261171148e-9
3.699669330025935e-9
3.1032819061911353e-9
2.4912868537694896e-9
1.9150842846515013e-9
1.4390345002827005e-9
1.1288463693720523e-9
1.0377413260806196e-9
1.206663065241718e-9
1.7112932045024082e-9
2.8377351609170473e-9
5.831154385780939e-9
1.9427904774392248e-8
1.058753944025812e-6
3.226953166324185e-8
6.392006130713546e-9
2.5114165273039297e-9
1.2694318691144935e-9
7.253023768767063e-10
4.3791158505131096e-10
2.5497532452746407e-10
5.011012569617136e-8
6.709598615716157e-8
7.47188325464826e-8
7.832349409691269e-8
7.992088665312187e-8
8.035057438380105e-8
7.994148521884976e-8
7.92483724300007e-8
7.818383561590433e-8
7.692212478905103e-8
7.539738778291338e-8
7.369259724591785e-8
7.276331447731898e-8
6.932222081068275e-8
6.757131267101252e-8
6.70107193546699e-8
6.662682219983161e-8