1.8874876471774543e-14
2.076618334047375e-13
3.966401556908956e-13
5.859851036527025e-13
7.758749148239631e-13
9.664921662077956e-13
1.1580262178961451e-12
1.350673571792549e-12
1.5446355770100493e-12
1.7401330553834941e-12
1.9373860639898333e-12
2.136637882152174e-12
2.3381576927690174e-12
2.5422086196651103e-12
2.749088544510999e-12
2.9591267150779567e-12
3.172675548750809e-12
3.3900961490513273e-12
3.6117991264891068e-12
3.838220942769409e-12
4.069836337616753e-12
4.307225152787873e-12
4.550868655204505e-12
4.8014560450854875e-12
5.0596514555276286e-12
5.326162378882913e-12
5.6018616003060866e-12
5.887706644406696e-12
6.184503574462181e-12
6.493418201100548e-12
6.815619359093421e-12
7.152368760837822e-12
7.505177605606158e-12
7.875600323390662e-12
8.264773743372322e-12
8.675259346349694e-12
9.1092180608663e-12
9.56841316691793e-12
1.0055185717638459e-11
1.0572593601425806e-11
1.1123269680669217e-11
1.17106767821909e-11
1.2338139507753393e-11
1.3010007018943804e-11
1.372972977257808e-11
1.4502989609476913e-11
1.5334091943959894e-11
1.6228649492659144e-11
1.7193296802562713e-11
1.823468541095078e-11
1.9359788212648e-11
2.0576739453784854e-11
2.1894806888752015e-11
2.3323188487651895e-11
2.487282433968359e-11
2.65551410993879e-11
2.8382628744348605e-11
3.036975161017586e-11
3.253121527026895e-11
3.488397601569934e-11
3.744468725713113e-11
4.0236090668364397e-11
4.327735865411076e-11
4.659297108940238e-11
5.0210344030688386e-11
5.4153145621329616e-11
5.845790417048057e-11
6.31564284804689e-11
6.828279371531021e-11
7.387762845744832e-11
7.998674274086706e-11
8.665254678883639e-11
9.393555172173857e-11
1.0188341069754808e-10
1.1055752903004774e-10
1.2002966354606245e-10
1.303626235604525e-10
1.4164058218884957e-10
1.5394511134897142e-10
1.6736961618804677e-10
1.820081105898866e-10
1.9796924848252526e-10
2.1536563832062886e-10
2.3432096002282456e-10
2.549593131927079e-10
2.7743944601188057e-10
3.0190455759509754e-10
3.285099816978771e-10
3.574336336183833e-10
3.888788526451978e-10
4.2302509012348895e-10
4.6007466101695365e-10
5.002483569628781e-10
5.437993096679458e-10
5.909710914037346e-10
6.41960321826446e-10
6.971220722386343e-10
7.566896759460483e-10
8.209292412187489e-10
8.901540317338716e-10
9.646969174279976e-10
1.0448256194255368e-9
1.1308208718002874e-9
1.2230554672610211e-9
1.3218251482618965e-9
1.4273315508664245e-9
1.5399125858482422e-9
1.6598725711771291e-9
1.7874965521066196e-9
1.9227812071586566e-9
2.0661465337086527e-9
2.2176721549571724e-9
2.3775080326340302e-9
2.545601674189625e-9
2.7220905028670603e-9
2.9067725949095205e-9
3.0997680314191942e-9
3.300544142469344e-9
3.509054302665592e-9
3.725417352407426e-9
3.947268559576276e-9
4.175975959311037e-9
4.4101597101026016e-9
4.649207006550411e-9
4.892029434925214e-9
5.137641911903402e-9
5.384933288047055e-9
5.632627966039061e-9
5.878676855465812e-9
6.121819659245957e-9
6.360385806673026e-9
6.5918445225241625e-9
6.8141126322640435e-9
7.024627451168863e-9
7.220097899763987e-9
7.39824351285534e-9
7.553166438556966e-9
7.68252112743619e-9
7.77516667398838e-9
7.843152073955552e-9
7.862585118415663e-9
7.832622207803144e-9
7.745267908310692e-9
7.592049452999504e-9
7.363746740539866e-9
7.051200060605535e-9
6.645955655866443e-9
6.1420783999307764e-9
5.538558565799346e-9
4.8429675605682096e-9
4.076877644613515e-9
3.2820824457508185e-9
2.521606764710652e-9
1.8772205470874024e-9
1.4349486079466434e-9
1.266402818458878e-9
1.4239971632156266e-9
1.9909624336749234e-9
3.282152163775796e-9
6.685946470323444e-9
2.1706516611501975e-8
8.298082772021385e-7
4.192544995365462e-8
7.957810165117348e-9
3.1003438509220608e-9
1.5686776557956264e-9
9.03646168784823e-10
5.569488935905887e-10
3.495163556668126e-10
1.8551507933422494e-8
5.934141245692342e-8
7.294652978336869e-8
7.959904331446485e-8
8.301119997523776e-8
8.460090107712124e-8
8.497539124307753e-8
8.469551908060435e-8
8.393194161290915e-8
8.291351117586332e-8
8.152101766836162e-8
7.987430483250815e-8
7.873588866942654e-8
7.724523138176204e-8
7.582615711077053e-8
7.559206482696131e-8
7.392644959077408e-8
7.155224600830682e-8
7.010952490599153e-8
6.78578494379599e-8
6.79682087555148e-8
6.604706293390018e-8
6.48281282936332e-8
6.350007331127179e-8
6.207617557294496e-8
6.064486863654512e-8
5.959699200834339e-8
5.78456609115391e-8
5.536709336017508e-8
5.724944396077758e-8
5.4153306359253533e-8
5.4630878544090894e-8