4.109664972964089e-14
4.523495593542866e-13
8.650366339853408e-13
1.2804780745011668e-12
1.7000099762820943e-12
2.125020054497828e-12
2.556926507959084e-12
2.9972210477623406e-12
3.4474238123569737e-12
3.909286403671753e-12
4.3844675189628845e-12
4.874857130777017e-12
5.382475672497053e-12
5.909514767439005e-12
6.4580990570329e-12
7.031029526530923e-12
7.630991112730798e-12
8.26068519263368e-12
8.923673992174083e-12
9.623363679930176e-12
1.0363140924500267e-11
1.1148146003982433e-11
1.1982252991414302e-11
1.287033825935403e-11
1.3818275354040508e-11
1.4832272811789707e-11
1.5918335652127404e-11
1.7084097181012994e-11
1.833688984210278e-11
1.968617902944319e-11
2.1140246714517706e-11
2.2711264727673458e-11
2.440890170826774e-11
2.6246365076148766e-11
2.823696175437269e-11
3.039544818115274e-11
3.273802186684205e-11
3.528419315881434e-11
3.805077938404427e-11
4.106102835150752e-11
4.4337871668326674e-11
4.790782590513765e-11
5.1796482337851074e-11
5.6036526388806203e-11
6.06599520799292e-11
6.570469793998011e-11
7.121104854652192e-11
7.722046185962876e-11
8.378061764677184e-11
9.094541444263773e-11
9.876940618595512e-11
1.0731422216823041e-10
1.1664786964706592e-10
1.268448607265667e-10
1.37974712665534e-10
1.5011881335785695e-10
1.6341913069099085e-10
1.7791705203051425e-10
1.9375717145911123e-10
2.1103656118239793e-10
2.2991113142357181e-10
2.504851795574895e-10
2.729337116914412e-10
2.974278017493365e-10
3.241279837668733e-10
3.532140140238504e-10
3.849270922952189e-10
4.194224039974644e-10
4.569730332789725e-10
4.978489921067705e-10
5.422741185147104e-10
5.90510587628831e-10
6.429509932321581e-10
6.998294383156317e-10
7.614860368126802e-10
8.283121029732197e-10
9.006259202432469e-10
9.788770923911437e-10
1.0634240341925397e-9
1.1546529869254152e-9
1.2530734567143284e-9
1.359104815607233e-9
1.472976448962939e-9
1.5954570720390206e-9
1.726733090312204e-9
1.8674190573086935e-9
2.017876470967326e-9
2.178494154262565e-9
2.3497392667255903e-9
2.496627743911051e-9
2.725172237638812e-9
2.9424446226802934e-9
3.160057801692133e-9
3.375796029193586e-9
3.615818928669292e-9
3.868374947511739e-9
4.1328368827760365e-9
4.4090850329026315e-9
4.696594059096438e-9
4.995167570722237e-9
5.3040410683699325e-9
5.622969922034826e-9
5.950551680113098e-9
6.286058331082396e-9
6.628312814355315e-9
6.975964887238293e-9
7.328788512332947e-9
7.681201024151564e-9
8.035249060014503e-9
8.387887456542024e-9
8.735157344590316e-9
9.075748351480109e-9
9.406623659418038e-9
9.724249768045209e-9
1.0025174812769852e-8
1.0305286665769568e-8
1.0559576897465447e-8
1.078338985675708e-8
1.0970775602813177e-8
1.1114951281706252e-8
1.1208701368004684e-8
1.1243080601100568e-8
1.1209506250811423e-8
1.1096458341244164e-8
1.0892105323630055e-8
1.0584012882244108e-8
1.0158818224010023e-8
9.603936882975034e-9
8.909243291987866e-9
8.071043789190767e-9
7.096583139616014e-9
6.010930132081164e-9
4.866258207081587e-9
3.7462621326418896e-9
2.7643173328974906e-9
2.0461433733960364e-9
1.7014284562273909e-9
1.8077129625964913e-9
2.460861573346257e-9
4.0137848636330404e-9
8.060659936883864e-9
2.5125984797144812e-8
6.162390258187372e-7
6.2496500203896e-8
1.0961533885799719e-8
4.197492740149672e-9
2.1185006098739924e-9
1.227867881895677e-9
7.692562953862772e-10
5.02078591747717e-10
3.28734926695676e-10
1.7335933366212983e-8
6.135018561850794e-8
7.64772077793055e-8
8.433709842770937e-8
8.863307749497646e-8
9.084368735749939e-8
9.180630813456421e-8
9.187542024712538e-8
9.148836713226157e-8
9.056033769173839e-8
8.893038789040257e-8
8.804792194621922e-8
8.673198645177431e-8
8.454198788374348e-8
8.37942319827364e-8
8.056311028354926e-8
8.035134471370207e-8
7.828473019973053e-8
7.764619640169449e-8
7.495865697686814e-8
7.435667846845322e-8
7.423028404239141e-8
7.188704005286617e-8
7.055644213615045e-8
6.990921989828623e-8
6.780083869668335e-8
6.67286280057682e-8
6.551039298692346e-8
6.4282420809163e-8
6.410604399574307e-8
6.17952695181315e-8
6.097881383651615e-8
6.006444727151754e-8
5.958504876978425e-8
5.834497760130198e-8
5.768612983093395e-8
5.634786895013467e-8
5.5509350138153353e-8
5.5661986186529236e-8
5.417713387744286e-8
5.3024680366842105e-8
5.2904716542407605e-8
5.174953923211058e-8
5.1650322992508314e-8
5.081866584490954e-8
5.000393025237579e-8
4.940504978115794e-8
4.8572938103437415e-8
4.8117470908190696e-8
4.733708078122043e-8