1.8102284493860105e-11
1.9946572578095922e-10
3.82534810582785e-10
5.688850638328468e-10
7.600067373880379e-10
9.575996302938064e-10
1.163382641035558e-9
1.3787205359441483e-9
1.605793001348237e-9
1.8459563063333892e-9
2.100969992077429e-9
2.3737420178694524e-9
2.6652754762270773e-9
2.977829212440201e-9
3.314069874351655e-9
3.6751895669289658e-9
4.065209693699419e-9
4.485798760362575e-9
4.9384525236512316e-9
5.426869213021105e-9
5.9541002586290485e-9
6.521672285370227e-9
7.133013586578797e-9
7.791598448359568e-9
8.495589422009688e-9
9.254776137370914e-9
1.0067488181704322e-8
1.0936569510023492e-8
1.186489114519902e-8
1.2853620953838432e-8
1.3905367920228329e-8
1.5021353091252252e-8
1.6202732247765366e-8
1.744888643154936e-8
1.8760349779300003e-8
2.0137309953104024e-8
2.1577742423016463e-8
2.308203548178796e-8
2.4638814416045325e-8
2.6253005067761126e-8
2.791767350918467e-8
2.9627511612465184e-8
3.137410887568619e-8
3.3152406400592144e-8
3.495214983289256e-8
3.676548487002626e-8
3.85802949045053e-8
4.0386409414646354e-8
4.217138362847633e-8
4.3922407594308176e-8
4.562316355461207e-8
4.7255241300695045e-8
4.881775187047999e-8
5.027928313858168e-8
5.1624951628884073e-8
5.2808570401257316e-8
5.384381151726295e-8
5.469001816776251e-8
5.531855956110432e-8
5.56960073567077e-8
5.579039939707299e-8
5.5555540901252264e-8
5.494802236020294e-8
5.3910400898013583e-8
5.2399492602683896e-8
5.031119422998113e-8
4.761015514443628e-8
4.423464223139815e-8
4.013362030224419e-8
3.5306966871796083e-8
2.9833503645106306e-8
2.392561577181418e-8
1.7975406505802847e-8
1.257448533024319e-8
8.43660815004372e-9
6.206081561713734e-9
6.2768262177024614e-9
9.017129653738606e-9
1.6366715055360087e-8
4.0132836105446344e-8
2.2981344912594992e-7
1.2014626864117315e-6
6.210337459959569e-8
1.9130399173585927e-8
8.935748216847038e-9
5.046499669820025e-9
3.175448772505168e-9
2.1407796349711925e-9
1.5125054655927203e-9
1.1042903249325885e-9
8.249181722466313e-10
6.25457964501401e-10
4.776042652967996e-10
3.636381358036354e-10
2.705684244540056e-10
1.7371108845492436e-10
7.000047841737395e-8
9.243225601111677e-8
1.0567002050887564e-7
1.1412249060579063e-7
1.195059646001552e-7
1.2274127664816806e-7
1.2447033051808265e-7
1.2549942126645142e-7
1.2565029227236272e-7
1.2485568015983593e-7
1.2417051328448598e-7
1.2311635462496994e-7
1.2191211853473316e-7
1.2385699714136242e-7
1.1973312564252932e-7
1.1905272762464424e-7
1.1729240287027215e-7
1.130063027835666e-7
1.1052118445683758e-7
1.1170344039190181e-7
1.0825018982001897e-7
1.0741883791803396e-7
1.0519692004442622e-7
1.0390312784102427e-7
1.0290336326182708e-7
9.851458680141603e-8
9.89794945044465e-8
9.344545195156145e-8
9.875666718502533e-8
9.400855773691812e-8
9.130120957895036e-8
9.075392576836586e-8
9.040872152217927e-8
8.898648337569373e-8
8.810520567566412e-8
8.656610070250954e-8
8.832888333411681e-8
8.394098072873247e-8
8.284895446630996e-8
8.205071573958495e-8
8.146171309278575e-8
7.977686336789381e-8
7.816013209100332e-8
7.74429685276149e-8
7.670592224027978e-8
7.561542402311747e-8
7.478216794845233e-8
7.34988317116625e-8
7.270250732300928e-8
7.18012736725446e-8
7.116225471380736e-8
7.009864733883658e-8
6.916027610751354e-8
6.843791428785314e-8
6.71775863250158e-8
6.63899612759556e-8
6.5438056568849e-8
6.491126091342108e-8
6.416284291252953e-8
6.340287055591776e-8
6.258499547949828e-8
6.168825482355159e-8
6.086026683793977e-8
6.036586551872047e-8
5.960616401706536e-8
5.885911480094657e-8
5.802797452041634e-8
5.736880423648975e-8
5.6621259512218195e-8
5.612762839494483e-8
5.5427827937876264e-8
5.47225874812432e-8
5.401875204770627e-8
5.3379468248392784e-8
5.2808493793467597e-8
5.223117153262503e-8
5.1619849122653656e-8
5.098963810254398e-8
5.0369786390394426e-8
4.9765990025379497e-8
4.924629725146929e-8
4.869644458159393e-8
4.814380573140544e-8
4.758078108287385e-8
4.701752132388634e-8
4.646832622133974e-8
4.596658434987572e-8
4.546383182466956e-8
4.495644789495471e-8
4.443575971132441e-8
4.39355011907815e-8
4.346297941581099e-8
4.298513323089201e-8
4.250371781040871e-8
4.202977581782733e-8
4.158901630882436e-8
4.112370611461402e-8
4.066715583428954e-8
4.0241510193336613e-8
3.9806659730726305e-8
3.938754128009512e-8
3.896715093071232e-8
3.852958363993722e-8
3.8123663774020546e-8
3.7707560516294376e-8