0.	0.	0.	0.	0.	0.	0.	0.	0.	0.	0.	0.	0.	0.	0.	0.	0.	0.	0.	0.	0.	0.	0.	0.	0.	0.	0.	0.	0.	0.	0.	0.	0.	0.	0.	0.	0.	0.	0.	0.	0.	0.	0.	0.	0.	0.	0.	0.	0.	0.	0.	0.	0.	0.	0.	0.	0.	0.	0.	0.	0.	0.	0.	0.	0.	0.	0.	0.	0.	0.	0.	0.	0.	0.	0.	0.	0.	0.	0.	0.	0.	0.	0.	0.	0.	0.	-99692.43667843194	-173837.43277380386	-227155.92384535627	-272613.4657173041	-313513.47522815183	-351548.81658030703	-387537.4492412719	-421689.7403660528	-454797.4661733034	-487456.9555466692	-519433.2270229471	-550328.2483805456	-581480.3828595631	-611992.6096753097	-642344.4386543281
-0.094142942819955	0.	0.	0.	0.	0.	0.	0.	0.	0.	0.	0.	0.	0.	0.	0.	0.	0.	0.	0.	0.	0.	0.	0.	0.	0.	0.	0.	0.	0.	0.	0.	0.	0.	0.	0.	0.	0.	0.	0.	0.	0.	0.	0.	0.	0.	0.	0.	0.	0.	0.	0.	0.	0.	0.	0.	0.	0.	0.	0.	0.	0.	0.	0.	0.	0.	0.	0.	0.	0.	0.	0.	0.	0.	0.	0.	0.	0.	0.	0.	0.	0.	0.	0.	0.	0.	-98729.11091537793	-173308.06136887276	-227090.38221878698	-272348.41238373367	-313392.6471536322	-351051.31234023883	-386899.03014043794	-421627.24612968456	-454620.7397914097	-487387.7199104014	-518752.42043138575	-550253.2683372961	-581134.9460840094	-611811.564240899	-642262.0867843918
-0.18443875010993094	-0.3617153304107711	0.	0.	0.	0.	0.	0.	0.	0.	0.	0.	0.	0.	0.	0.	0.	0.	0.	0.	0.	0.	0.	0.	0.	0.	0.	0.	0.	0.	0.	0.	0.	0.	0.	0.	0.	0.	0.	0.	0.	0.	0.	0.	0.	0.	0.	0.	0.	0.	0.	0.	0.	0.	0.	0.	0.	0.	0.	0.	0.	0.	0.	0.	0.	0.	0.	0.	0.	0.	0.	0.	0.	0.	0.	0.	0.	0.	0.	0.	0.	0.	0.	0.	0.	0.	-96718.69228435095	-172238.42405085423	-225952.80085852166	-271493.6870402518	-312427.40162231197	-350345.4458122051	-386190.53010892705	-420896.58997274376	-453936.8938490653	-486592.9054754809	-518567.9963918094	-549512.991366882	-580738.8140818484	-611333.80871507	-641391.5940163749
-0.2725133207135444	-1.230558830372035	-0.2460953022240147	0.	0.	0.	0.	0.	0.	0.	0.	0.	0.	0.	0.	0.	0.	0.	0.	0.	0.	0.	0.	0.	0.	0.	0.	0.	0.	0.	0.	0.	0.	0.	0.	0.	0.	0.	0.	0.	0.	0.	0.	0.	0.	0.	0.	0.	0.	0.	0.	0.	0.	0.	0.	0.	0.	0.	0.	0.	0.	0.	0.	0.	0.	0.	0.	0.	0.	0.	0.	0.	0.	0.	0.	0.	0.	0.	0.	0.	0.	0.	0.	0.	0.	0.	-93613.11427245795	-170469.27664157952	-224622.59517699556	-270328.73871667695	-311106.20858022576	-349576.06728856364	-385456.67258935445	-420048.21622322436	-453266.93833638314	-485713.234796917	-517734.2037006416	-548928.6068330614	-579718.6273811694	-610562.2510354723	-641053.384370137
-0.35941593030755714	-2.0993241611575852	-1.454637942402739	-0.13840637070626738	0.	0.	0.	0.	0.	0.	0.	0.	0.	0.	0.	0.	0.	0.	0.	0.	0.	0.	0.	0.	0.	0.	0.	0.	0.	0.	0.	0.	0.	0.	0.	0.	0.	0.	0.	0.	0.	0.	0.	0.	0.	0.	0.	0.	0.	0.	0.	0.	0.	0.	0.	0.	0.	0.	0.	0.	0.	0.	0.	0.	0.	0.	0.	0.	0.	0.	0.	0.	0.	0.	0.	0.	0.	0.	0.	0.	0.	0.	0.	0.	0.	0.	-89050.13148590233	-167929.77730581383	-222327.98865426966	-268555.71817548777	-309850.5136723843	-348012.27618248493	-384098.15109331027	-418621.2837422408	-451821.37362327514	-484389.0201296153	-516463.5737413885	-547517.0618760764	-578720.3849719733	-609538.4668212777	-639903.5006224546
-0.44522998422877924	-2.917259448414017	-3.0569184181751528	-1.285313241966382	-0.07523470634082557	0.	0.	0.	0.	0.	0.	0.	0.	0.	0.	0.	0.	0.	0.	0.	0.	0.	0.	0.	0.	0.	0.	0.	0.	0.	0.	0.	0.	0.	0.	0.	0.	0.	0.	0.	0.	0.	0.	0.	0.	0.	0.	0.	0.	0.	0.	0.	0.	0.	0.	0.	0.	0.	0.	0.	0.	0.	0.	0.	0.	0.	0.	0.	0.	0.	0.	0.	0.	0.	0.	0.	0.	0.	0.	0.	0.	0.	0.	0.	0.	0.	-83127.48880116828	-164437.50066796236	-219841.47397335368	-266463.1881258322	-307677.398463115	-345991.9805881898	-382246.0215490632	-416733.7241048336	-450251.2269968507	-482796.8230697531	-514735.8213967549	-546357.6975469799	-577528.9893052109	-607646.6946141137	-638651.3838921582
-0.5298544884021532	-3.6923319478812173	-4.706751619418872	-3.2674105497731896	-1.0237743434855422	-0.04107865307778412	0.	0.	0.	0.	0.	0.	0.	0.	0.	0.	0.	0.	0.	0.	0.	0.	0.	0.	0.	0.	0.	0.	0.	0.	0.	0.	0.	0.	0.	0.	0.	0.	0.	0.	0.	0.	0.	0.	0.	0.	0.	0.	0.	0.	0.	0.	0.	0.	0.	0.	0.	0.	0.	0.	0.	0.	0.	0.	0.	0.	0.	0.	0.	0.	0.	0.	0.	0.	0.	0.	0.	0.	0.	0.	0.	0.	0.	0.	0.	0.	-74754.58327417875	-160389.97844992945	-216726.87663796538	-263685.3029579917	-305160.73082172294	-343901.2561010925	-380110.8421103472	-414528.8309511826	-448492.38721713424	-481075.21037065715	-512870.7188300936	-544470.6384855423	-575563.484113416	-606302.3967368256	-636621.3924694189
-0.6131361827901916	-4.4335079203000145	-6.30915016407953	-5.577387602402599	-3.0804751715346366	-0.7803699260798351	-0.022794223592176983	0.	0.	0.	0.	0.	0.	0.	0.	0.	0.	0.	0.	0.	0.	0.	0.	0.	0.	0.	0.	0.	0.	0.	0.	0.	0.	0.	0.	0.	0.	0.	0.	0.	0.	0.	0.	0.	0.	0.	0.	0.	0.	0.	0.	0.	0.	0.	0.	0.	0.	0.	0.	0.	0.	0.	0.	0.	0.	0.	0.	0.	0.	0.	0.	0.	0.	0.	0.	0.	0.	0.	0.	0.	0.	0.	0.	0.	0.	0.	-63949.2325668384	-155478.83836817436	-212977.2048882041	-260246.79199028417	-302315.0071428981	-340980.51987597917	-377618.77304283006	-412432.8798488532	-445838.95514159376	-478635.2021078463	-510990.5419710291	-542278.0443834019	-573412.3478793656	-604198.2110190152	-634842.5068628772
-0.6949055016595223	-5.146484010171896	-7.843261181060724	-7.960752731441303	-5.787050298406368	-2.729430978937721	-0.5835354105655453	-0.012897971767541903	0.	0.	0.	0.	0.	0.	0.	0.	0.	0.	0.	0.	0.	0.	0.	0.	0.	0.	0.	0.	0.	0.	0.	0.	0.	0.	0.	0.	0.	0.	0.	0.	0.	0.	0.	0.	0.	0.	0.	0.	0.	0.	0.	0.	0.	0.	0.	0.	0.	0.	0.	0.	0.	0.	0.	0.	0.	0.	0.	0.	0.	0.	0.	0.	0.	0.	0.	0.	0.	0.	0.	0.	0.	0.	0.	0.	0.	0.	-48654.49343124557	-149587.2894292441	-208490.3579521459	-256458.45284367335	-298852.30290966853	-337765.2692954958	-374380.3724846812	-409590.3499545688	-443373.9231905964	-476327.76943241566	-508080.57635979564	-540104.2355806114	-571145.5519017465	-601773.537983687	-632634.4494213448
-0.7749895666928934	-5.834503634444923	-9.308195112021039	-10.310833100802206	-8.779563537507652	-5.598414188219943	-2.33840930642065	-0.4331495600023495	-0.007445586690941595	0.	0.	0.	0.	0.	0.	0.	0.	0.	0.	0.	0.	0.	0.	0.	0.	0.	0.	0.	0.	0.	0.	0.	0.	0.	0.	0.	0.	0.	0.	0.	0.	0.	0.	0.	0.	0.	0.	0.	0.	0.	0.	0.	0.	0.	0.	0.	0.	0.	0.	0.	0.	0.	0.	0.	0.	0.	0.	0.	0.	0.	0.	0.	0.	0.	0.	0.	0.	0.	0.	0.	0.	0.	0.	0.	0.	0.	-20637.149273286705	-142430.941190393	-203381.15692497967	-252100.86365069312	-294998.59421403124	-334084.80541509326	-370976.1720941669	-406312.82401750097	-440349.41906098387	-473096.21253240516	-505291.75177475205	-537107.6552862265	-568203.9326466804	-599400.8069707727	-629624.2590805701
-0.853217967630812	-6.499271517425497	-10.707677450041649	-12.585230935675646	-11.853305534494094	-8.99562277170201	-5.199478316329077	-1.9657739523245803	-0.3211235456516611	-0.004381941287372501	0.	0.	0.	0.	0.	0.	0.	0.	0.	0.	0.	0.	0.	0.	0.	0.	0.	0.	0.	0.	0.	0.	0.	0.	0.	0.	0.	0.	0.	0.	0.	0.	0.	0.	0.	0.	0.	0.	0.	0.	0.	0.	0.	0.	0.	0.	0.	0.	0.	0.	0.	0.	0.	0.	0.	0.	0.	0.	0.	0.	0.	0.	0.	0.	0.	0.	0.	0.	0.	0.	0.	0.	0.	0.	0.	0.	0.	-134398.34493021364	-197416.38813695262	-247180.3348740979	-290724.4622625617	-330358.99300828564	-367201.98248188855	-402562.8809396449	-436725.7684547447	-470069.77543807286	-502175.8299024526	-534162.2936143315	-565346.5752813795	-596099.5859816066	-626752.3266885185
-0.9294258113802947	-7.141554242943886	-12.045725797065112	-14.768375401791847	-14.901518688073843	-12.642012436985457	-8.815440912216793	-4.709226548681655	-1.6349378722565628	-0.23857120583288782	-0.002626395343610477	0.	0.	0.	0.	0.	0.	0.	0.	0.	0.	0.	0.	0.	0.	0.	0.	0.	0.	0.	0.	0.	0.	0.	0.	0.	0.	0.	0.	0.	0.	0.	0.	0.	0.	0.	0.	0.	0.	0.	0.	0.	0.	0.	0.	0.	0.	0.	0.	0.	0.	0.	0.	0.	0.	0.	0.	0.	0.	0.	0.	0.	0.	0.	0.	0.	0.	0.	0.	0.	0.	0.	0.	0.	0.	0.	0.	-124637.1041025786	-190793.1866962533	-241668.73116376216	-285704.1882653552	-325552.39837184735	-363169.2925800452	-398583.0379718255	-433194.4197783515	-466127.5954698166	-498652.2367695768	-530474.4872451182	-561826.6884665407	-592884.0773882433	-623503.5605286586
-1.003455573613386	-7.761548006232584	-13.325565562441499	-16.85574709296351	-17.86980498389183	-16.36446876659791	-12.87034307847749	-8.395112803394127	-4.197781131241658	-1.3519908804656937	-0.17794373630375626	-0.001601289412643286	0.	0.	0.	0.	0.	0.	0.	0.	0.	0.	0.	0.	0.	0.	0.	0.	0.	0.	0.	0.	0.	0.	0.	0.	0.	0.	0.	0.	0.	0.	0.	0.	0.	0.	0.	0.	0.	0.	0.	0.	0.	0.	0.	0.	0.	0.	0.	0.	0.	0.	0.	0.	0.	0.	0.	0.	0.	0.	0.	0.	0.	0.	0.	0.	0.	0.	0.	0.	0.	0.	0.	0.	0.	0.	0.	-113466.45378137009	-183298.12581744004	-235529.24527487965	-280440.48181566276	-320687.7466027968	-358694.11234560236	-394439.1786466067	-428809.8452681396	-462326.4182285432	-494807.79688470246	-526493.6581412135	-558124.4843286856	-589163.2108066842	-619990.5032650552
-1.075158352859046	-8.359104567421344	-14.549506626250142	-18.847212879440704	-20.730935533766	-20.06000600806569	-17.137538529971728	-12.70684216678563	-7.843689609885072	-3.703832655801044	-1.1150543107963644	-0.1333874657149433	-0.0009919602705138653	0.	0.	0.	0.	0.	0.	0.	0.	0.	0.	0.	0.	0.	0.	0.	0.	0.	0.	0.	0.	0.	0.	0.	0.	0.	0.	0.	0.	0.	0.	0.	0.	0.	0.	0.	0.	0.	0.	0.	0.	0.	0.	0.	0.	0.	0.	0.	0.	0.	0.	0.	0.	0.	0.	0.	0.	0.	0.	0.	0.	0.	0.	0.	0.	0.	0.	0.	0.	0.	0.	0.	0.	0.	0.	-99674.15862785553	-174820.32954796933	-228576.11073963222	-274183.72118972626	-315232.3252982194	-353592.4785941431	-389549.0611097763	-424348.93706188875	-457829.10868379765	-490429.50799884426	-522370.7714778283	-554391.0191501483	-585256.0984713634	-616362.0193453676
-1.1443947867342636	-8.933873248305437	-15.719082665391547	-20.744194846962138	-23.471730917929296	-23.668221913711967	-21.465909899978364	-17.383783144243036	-12.284000303987813	-7.233745043950926	-3.246833284760334	-0.9190426427103924	-0.10054372195986466	-0.0006236801618428665	0.	0.	0.	0.	0.	0.	0.	0.	0.	0.	0.	0.	0.	0.	0.	0.	0.	0.	0.	0.	0.	0.	0.	0.	0.	0.	0.	0.	0.	0.	0.	0.	0.	0.	0.	0.	0.	0.	0.	0.	0.	0.	0.	0.	0.	0.	0.	0.	0.	0.	0.	0.	0.	0.	0.	0.	0.	0.	0.	0.	0.	0.	0.	0.	0.	0.	0.	0.	0.	0.	0.	0.	0.	-82694.18092286895	-165026.45695142206	-221235.39690266558	-267775.61661325005	-309425.002188551	-348030.26786070707	-384443.93694806605	-419339.31090132723	-453022.3687245315	-485774.62428449426	-517910.42648639396	-549504.6685608522	-580949.7913963965	-611847.1367596537
-1.2110357518055024	-9.485392625833988	-16.835236303801956	-22.548486575901443	-26.086280666904415	-27.153962255038127	-25.757407704222977	-22.23423393865574	-17.244513538717285	-11.700385116263972	-6.61168616184217	-2.834877795044847	-0.7579915204337269	-0.07622845264028755	-0.0003975928844940934	0.	0.	0.	0.	0.	0.	0.	0.	0.	0.	0.	0.	0.	0.	0.	0.	0.	0.	0.	0.	0.	0.	0.	0.	0.	0.	0.	0.	0.	0.	0.	0.	0.	0.	0.	0.	0.	0.	0.	0.	0.	0.	0.	0.	0.	0.	0.	0.	0.	0.	0.	0.	0.	0.	0.	0.	0.	0.	0.	0.	0.	0.	0.	0.	0.	0.	0.	0.	0.	0.	0.	0.	-59386.12909483083	-154405.61790537543	-212601.72229775	-260638.41480776237	-302959.2099477108	-342211.5136457661	-378804.0634138608	-413754.6760566195	-447863.0078801395	-481059.9625739192	-512933.09644822474	-544947.2800897355	-576538.4049976547	-607425.3134985287
-1.2749629078260512	-10.013151336275847	-17.898486691462498	-24.261789602125567	-28.572420906785325	-30.496997347110096	-29.949111044171737	-27.123417111313525	-22.504131767167816	-16.83403722360318	-11.026747146759307	-6.005917844446191	-2.469603657940164	-0.6261284805845932	-0.05813520701285024	-0.0002567605688147814	0.	0.	0.	0.	0.	0.	0.	0.	0.	0.	0.	0.	0.	0.	0.	0.	0.	0.	0.	0.	0.	0.	0.	0.	0.	0.	0.	0.	0.	0.	0.	0.	0.	0.	0.	0.	0.	0.	0.	0.	0.	0.	0.	0.	0.	0.	0.	0.	0.	0.	0.	0.	0.	0.	0.	0.	0.	0.	0.	0.	0.	0.	0.	0.	0.	0.	0.	0.	0.	0.	0.	-2020.118091586697	-141623.175462447	-203388.71776211017	-252711.27735983292	-295824.98165058397	-335360.77802431746	-372960.0755223944	-408103.4281006014	-442543.01994426665	-475646.2168131699	-508025.2126226904	-540195.5940185671	-571324.6746870077	-602649.9268633273
-1.3360691185429565	-10.516629356613908	-18.909065616050185	-25.88556582356197	-30.929895292586487	-33.68596104724466	-34.00090111419507	-31.9584466260467	-27.896047376046113	-22.39641057097811	-16.24113062823882	-10.31245537596816	-5.432793884682565	-2.149164941383651	-0.5183086204892166	-0.044597600372146426	-0.00016783070581220366	0.	0.	0.	0.	0.	0.	0.	0.	0.	0.	0.	0.	0.	0.	0.	0.	0.	0.	0.	0.	0.	0.	0.	0.	0.	0.	0.	0.	0.	0.	0.	0.	0.	0.	0.	0.	0.	0.	0.	0.	0.	0.	0.	0.	0.	0.	0.	0.	0.	0.	0.	0.	0.	0.	0.	0.	0.	0.	0.	0.	0.	0.	0.	0.	0.	0.	0.	0.	0.	0.	0.	-127335.31171589109	-193145.28522337886	-244081.65914922653	-288407.1015447663	-328662.38350132696	-366399.9099137032	-401890.01005945087	-436640.303431961	-470084.78286720155	-502713.56444018433	-534407.5585924429	-566180.6392965689	-597517.0108675347
-1.3942587672237812	-10.995326567857694	-19.86702349127104	-27.4210254496284	-33.15939629885718	-36.71479224624467	-37.88741060838872	-36.67594571099271	-33.29826471296051	-28.195498461425906	-22.010910996826045	-15.53286084159226	-9.591032556307322	-4.900778391352443	-1.8700009899696983	-0.4301394958083651	-0.034410785042962994	-0.00011095361188510608	0.	0.	0.	0.	0.	0.	0.	0.	0.	0.	0.	0.	0.	0.	0.	0.	0.	0.	0.	0.	0.	0.	0.	0.	0.	0.	0.	0.	0.	0.	0.	0.	0.	0.	0.	0.	0.	0.	0.	0.	0.	0.	0.	0.	0.	0.	0.	0.	0.	0.	0.	0.	0.	0.	0.	0.	0.	0.	0.	0.	0.	0.	0.	0.	0.	0.	0.	0.	0.	0.	-110267.45513740591	-181726.76016903788	-234923.456851554	-280252.70984040364	-321306.8498328525	-359223.9193900422	-395494.2647503522	-430163.56286640686	-463928.8663547298	-496724.47559808614	-529051.8610644465	-560745.3008890359	-591872.5976696962
-1.4494479779288962	-11.44878277724166	-20.772310389983843	-28.869168862603615	-35.2620724124381	-39.58063609330316	-41.592856524587056	-41.23298950131393	-38.62298819346722	-34.08323393408308	-28.126543609237373	-21.427608419005033	-14.75881281303744	-8.884530871076345	-4.41328649417186	-1.6278644290417539	-0.3579622023136265	-0.02670121888811856	-0.00007413817666912	0.	0.	0.	0.	0.	0.	0.	0.	0.	0.	0.	0.	0.	0.	0.	0.	0.	0.	0.	0.	0.	0.	0.	0.	0.	0.	0.	0.	0.	0.	0.	0.	0.	0.	0.	0.	0.	0.	0.	0.	0.	0.	0.	0.	0.	0.	0.	0.	0.	0.	0.	0.	0.	0.	0.	0.	0.	0.	0.	0.	0.	0.	0.	0.	0.	0.	0.	0.	0.	-88707.82588635078	-168921.67612571994	-224622.59517699556	-271449.73450984363	-313004.38206182845	-351743.3473712511	-388377.29309479054	-423499.5944714232	-457187.5208158263	-490406.33625824755	-522877.0709918631	-554600.333991389	-586229.9775562565
-1.50156474989937	-11.876591826818515	-21.62483744880229	-30.230845479544374	-37.23928374211491	-42.282600159478044	-45.10773624998403	-45.60077811577919	-43.80766769880619	-39.94807660745958	-34.4182566618171	-27.777210082033314	-20.709170610758818	-13.9549390307239	-8.206842950768081	-3.970592382392227	-1.4183996620597428	-0.29877317014408195	-0.020833051113237563	-0.00005003835291065561	0.	0.	0.	0.	0.	0.	0.	0.	0.	0.	0.	0.	0.	0.	0.	0.	0.	0.	0.	0.	0.	0.	0.	0.	0.	0.	0.	0.	0.	0.	0.	0.	0.	0.	0.	0.	0.	0.	0.	0.	0.	0.	0.	0.	0.	0.	0.	0.	0.	0.	0.	0.	0.	0.	0.	0.	0.	0.	0.	0.	0.	0.	0.	0.	0.	0.	0.	0.	-58389.19679030213	-154423.17122687466	-213477.51903840492	-261788.27960189315	-304442.0962861578	-343953.9441909723	-380808.3651242947	-416099.98715064325	-450316.7393278935	-483830.6246605576	-516463.5737413885	-548393.1206960129	-579761.6619634476
-1.550549010588571	-12.278411483558632	-22.42452312004174	-31.50681332772079	-39.092490062911715	-44.82101511025532	-48.42671058458798	-49.760298569148986	-48.80813735691394	-45.707185548451235	-40.752780885650374	-34.39518618772986	-27.219655424149177	-19.903865691854058	-13.1467829588162	-7.566144059257448	-3.571094308299492	-1.2374517697642722	-0.25012826071163907	-0.01634127286050343	-0.00003409405987284866	0.	0.	0.	0.	0.	0.	0.	0.	0.	0.	0.	0.	0.	0.	0.	0.	0.	0.	0.	0.	0.	0.	0.	0.	0.	0.	0.	0.	0.	0.	0.	0.	0.	0.	0.	0.	0.	0.	0.	0.	0.	0.	0.	0.	0.	0.	0.	0.	0.	0.	0.	0.	0.	0.	0.	0.	0.	0.	0.	0.	0.	0.	0.	0.	0.	0.	0.	0.	-137831.10902171917	-201217.41296797706	-251491.7090477754	-295346.8443709751	-335314.20649543585	-372998.06490341184	-408805.587047644	-443366.72274877597	-476937.4868097966	-509463.92121570994	-541653.80226992	-573495.7781256846
-1.5963525919946804	-12.653970231449337	-23.17132777013058	-32.69779264293818	-40.823208598198704	-47.19699538588081	-51.547241052746216	-53.699368605334186	-53.593572145633544	-51.29968835317406	-47.02747659389298	-41.12942201629855	-34.09219716379877	-26.511978888053278	-19.048317328770697	-12.352059873666157	-6.966664078260436	-3.21214257539037	-1.0812160382039768	-0.21004856966592006	-0.012884074040576858	-0.000023439270286803298	0.	0.	0.	0.	0.	0.	0.	0.	0.	0.	0.	0.	0.	0.	0.	0.	0.	0.	0.	0.	0.	0.	0.	0.	0.	0.	0.	0.	0.	0.	0.	0.	0.	0.	0.	0.	0.	0.	0.	0.	0.	0.	0.	0.	0.	0.	0.	0.	0.	0.	0.	0.	0.	0.	0.	0.	0.	0.	0.	0.	0.	0.	0.	0.	0.	0.	0.	-118137.8784713346	-187657.41041215233	-240351.66976720866	-285425.608198147	-326208.01006797113	-364390.1296743687	-400754.97768937604	-435480.15320942964	-469399.29351054365	-502238.61762300826	-534490.2140895592	-566615.5349010288
-1.6389391346109483	-13.003071724956316	-23.865279281954898	-33.80451124462958	-42.433007326123466	-49.412179327502265	-54.4687079129725	-57.41062211468963	-58.14284921625122	-56.681337393930555	-53.16434406473752	-47.85883755046627	-41.159190123547354	-33.57451487017365	-25.700305875962798	-18.169910155524764	-11.5826686926756	-6.409958296157521	-2.890573381644532	-0.9462952173081067	-0.17693604321893716	-0.010208860014175753	-0.000016251478918523285	0.	0.	0.	0.	0.	0.	0.	0.	0.	0.	0.	0.	0.	0.	0.	0.	0.	0.	0.	0.	0.	0.	0.	0.	0.	0.	0.	0.	0.	0.	0.	0.	0.	0.	0.	0.	0.	0.	0.	0.	0.	0.	0.	0.	0.	0.	0.	0.	0.	0.	0.	0.	0.	0.	0.	0.	0.	0.	0.	0.	0.	0.	0.	0.	0.	0.	-93614.91893429591	-172468.94986440826	-228158.56660349134	-274786.0675514027	-316545.65808073385	-355413.55062347045	-392266.1831124829	-427461.905851016	-461533.1130416276	-494831.1104999608	-527379.3472947846	-559343.5492003359
-1.6782839232557858	-13.325597431774785	-24.506491659672477	-34.82774144700539	-43.92351507217663	-51.468576906745966	-57.19183599081142	-60.89013157012873	-62.441942153070976	-61.8204223093575	-59.104795236493	-54.488645377984724	-48.28306122459985	-40.91189907324856	-32.89576098633517	-24.820816529307656	-17.28879778921921	-10.846233447580765	-5.895810281995599	-2.6030461844491284	-0.8297050814879021	-0.14950141892554586	-0.0081279493820667	-0.000011358881845102148	0.	0.	0.	0.	0.	0.	0.	0.	0.	0.	0.	0.	0.	0.	0.	0.	0.	0.	0.	0.	0.	0.	0.	0.	0.	0.	0.	0.	0.	0.	0.	0.	0.	0.	0.	0.	0.	0.	0.	0.	0.	0.	0.	0.	0.	0.	0.	0.	0.	0.	0.	0.	0.	0.	0.	0.	0.	0.	0.	0.	0.	0.	0.	0.	0.	-58390.32971067399	-155478.83836817436	-214628.18145527167	-263260.0235814265	-306342.22030147025	-345968.10419985617	-383048.8545723864	-418724.88761942124	-453310.82345018047	-486677.4194925022	-519601.81172640587	-551998.3998171688
-1.7143736591396408	-13.62150784182797	-25.0951781393108	-35.76832911129084	-45.296438172233806	-53.368481822733706	-59.718318633881445	-64.13646100337775	-66.4820574654857	-66.69469922892279	-64.80538563652213	-60.94562052567877	-55.35315675777774	-48.3723650165298	-40.44661274912842	-32.09950304730905	-23.901571568336372	-16.419533928060893	-10.147270416104686	-5.422867865355423	-2.346250781383074	-0.728852599025155	-0.12670436864074033	-0.006501131309506509	-8.000138480472504e-6	0.	0.	0.	0.	0.	0.	0.	0.	0.	0.	0.	0.	0.	0.	0.	0.	0.	0.	0.	0.	0.	0.	0.	0.	0.	0.	0.	0.	0.	0.	0.	0.	0.	0.	0.	0.	0.	0.	0.	0.	0.	0.	0.	0.	0.	0.	0.	0.	0.	0.	0.	0.	0.	0.	0.	0.	0.	0.	0.	0.	0.	0.	0.	0.	0.	-135373.7964935549	-200071.05178882828	-250975.18407436617	-295352.0900562134	-335963.6220276484	-373795.40313252463	-409685.5009181973	-444958.1756134758	-478566.8342741225	-511787.59231045883	-544080.2813249882
-1.7472061726857313	-13.890842519342105	-25.631659942939358	-36.62721574318499	-46.55357823609444	-55.114421734290886	-62.050569727397765	-67.1500105502336	-70.25829887786125	-71.2891022310763	-70.23444397111282	-67.17392188525449	-62.28183487442355	-55.830726443128455	-48.189366009351914	-39.81268573779377	-31.22078845150686	-22.964085045591023	-15.572373837890073	-9.488064072856965	-4.989087068853535	-2.117028720103085	-0.6415010742013842	-0.10770460641479249	-0.00522309181047101	-5.675672252393859e-6	0.	0.	0.	0.	0.	0.	0.	0.	0.	0.	0.	0.	0.	0.	0.	0.	0.	0.	0.	0.	0.	0.	0.	0.	0.	0.	0.	0.	0.	0.	0.	0.	0.	0.	0.	0.	0.	0.	0.	0.	0.	0.	0.	0.	0.	0.	0.	0.	0.	0.	0.	0.	0.	0.	0.	0.	0.	0.	0.	0.	0.	0.	0.	0.	-111276.70366106203	-183859.29127817877	-237681.27981443267	-283793.84717782645	-324877.4126186375	-363771.6355338588	-400430.00689461635	-435487.26054481464	-469511.72458063933	-503132.85278441175	-535967.0967476132
-1.7767900818032163	-14.133719207354012	-26.116371546227093	-37.40545458850521	-47.69684819280586	-56.70913062364503	-64.19155870668838	-69.9325591068184	-73.76870547861087	-75.5940415996314	-75.36945542867389	-73.13160410003616	-69.00062610261446	-63.18554803607519	-55.98590141401495	-47.787630448579414	-39.050952396920366	-30.28755583908641	-22.024642595014804	-14.754300122730466	-8.869319848604274	-4.59203868790547	-1.9124389785658717	-0.565730570134766	-0.09182236676368458	-0.004214306680213758	-4.054577398946038e-6	0.	0.	0.	0.	0.	0.	0.	0.	0.	0.	0.	0.	0.	0.	0.	0.	0.	0.	0.	0.	0.	0.	0.	0.	0.	0.	0.	0.	0.	0.	0.	0.	0.	0.	0.	0.	0.	0.	0.	0.	0.	0.	0.	0.	0.	0.	0.	0.	0.	0.	0.	0.	0.	0.	0.	0.	0.	0.	0.	0.	0.	0.	0.	-79503.35144477243	-165491.73277801185	-222930.46439813002	-270929.3332409055	-313684.7527016209	-353099.2389363626	-390373.72787180566	-425909.2036947247	-460643.69713710074	-494022.5806038681	-527273.9621558378
-1.8031444004809805	-14.350332147824904	-26.54986313281109	-38.10422162184852	-48.728285294447915	-58.155533509202776	-66.14469938484163	-72.48694209159909	-77.01355460468271	-79.60413667811522	-80.19504656426136	-78.78779053903727	-75.45680862657474	-70.35586105302019	-63.72190986056779	-55.87503045474523	-47.21250560996753	-38.19491563118726	-29.32187992422724	-21.095386506029715	-13.969823997619688	-8.290647493148763	-4.229117137928141	-1.7297879307387538	-0.4998982525392466	-0.07850666100177596	-0.0034144122679798427	-2.9157059302123224e-6	0.	0.	0.	0.	0.	0.	0.	0.	0.	0.	0.	0.	0.	0.	0.	0.	0.	0.	0.	0.	0.	0.	0.	0.	0.	0.	0.	0.	0.	0.	0.	0.	0.	0.	0.	0.	0.	0.	0.	0.	0.	0.	0.	0.	0.	0.	0.	0.	0.	0.	0.	0.	0.	0.	0.	0.	0.	0.	0.	0.	0.	0.	-7294.286417317841	-144460.36858564275	-206985.4041291974	-257269.4454571933	-301619.4194482172	-341695.51959986996	-379678.4583467641	-416017.4889030889	-451015.28229258204	-484918.9630542249	-517902.41635977564
-1.826298102712191	-14.540949748400315	-26.932800764473708	-38.7248222264621	-49.65006058003213	-59.45673754600383	-67.91377358792508	-74.81682166632768	-79.99485249768053	-83.31726867254022	-84.70143776239442	-84.12041795182212	-81.6104970540656	-77.27797035111308	-71.30433960779555	-63.94882486855292	-55.546753273482125	-46.50205790572997	-37.27185767702686	-28.341040405046602	-20.18519765823477	-13.221606927725643	-7.75091676260743	-3.8976801112453456	-1.5666369172567833	-0.4426010933433263	-0.06730987577756659	-0.00277735515653066	-2.1100014344623322e-6	0.	0.	0.	0.	0.	0.	0.	0.	0.	0.	0.	0.	0.	0.	0.	0.	0.	0.	0.	0.	0.	0.	0.	0.	0.	0.	0.	0.	0.	0.	0.	0.	0.	0.	0.	0.	0.	0.	0.	0.	0.	0.	0.	0.	0.	0.	0.	0.	0.	0.	0.	0.	0.	0.	0.	0.	0.	0.	0.	0.	0.	0.	-119067.02387363747	-189668.41088277017	-242858.22099148217	-288422.52663780755	-329767.0971506824	-368768.5735296381	-405470.7158334586	-440855.87806581653	-474903.63471123815	-508733.16571612406
-1.8462896468638306	-14.7059117040955	-27.265964689227054	-39.268694260004914	-50.46448475774944	-60.61602591814409	-69.50287716410236	-76.92652041672008	-82.71595850222418	-86.73386850864432	-88.88325393890361	-89.11445143225575	-87.43223164864577	-83.90258374744931	-78.65858341771619	-71.9045126983238	-63.91712878408191	-55.04268366222759	-45.68801470931088	-36.303837324551225	-27.3584233735301	-19.300405812780724	-12.510940217572763	-7.248517374912071	-3.595139510910849	-1.42079623285266	-0.3926420709048255	-0.05786748541734875	-0.0022678250247229613	-1.5361815589432502e-6	0.	0.	0.	0.	0.	0.	0.	0.	0.	0.	0.	0.	0.	0.	0.	0.	0.	0.	0.	0.	0.	0.	0.	0.	0.	0.	0.	0.	0.	0.	0.	0.	0.	0.	0.	0.	0.	0.	0.	0.	0.	0.	0.	0.	0.	0.	0.	0.	0.	0.	0.	0.	0.	0.	0.	0.	0.	0.	0.	0.	0.	-85776.91657912453	-169400.9028760476	-226828.05721733093	-274771.26300727844	-317220.7627346464	-356854.72554204357	-394439.1786466067	-430184.6973422445	-465005.3207045631	-498691.29470038554
-1.863166465664005	-14.845625665727766	-27.550246129597966	-39.73740810408616	-51.17401070426966	-61.636852401436755	-70.91638021568798	-78.82089868575795	-85.1813045470794	-89.85637742447716	-92.73860766904377	-93.76047594102269	-92.90101076167308	-90.19233502030539	-85.72576530113773	-79.65684487437423	-72.20847126897792	-63.67102814893072	-54.39816741741484	-44.796653577799155	-35.30856233531914	-26.38427184992433	-18.445357730506895	-11.838113195906196	-6.781547484517093	-3.3190183105464426	-1.2903113131693913	-0.3490002507690211	-0.04988185877270376	-0.0018586176737257424	-1.1248923365989626e-6	0.	0.	0.	0.	0.	0.	0.	0.	0.	0.	0.	0.	0.	0.	0.	0.	0.	0.	0.	0.	0.	0.	0.	0.	0.	0.	0.	0.	0.	0.	0.	0.	0.	0.	0.	0.	0.	0.	0.	0.	0.	0.	0.	0.	0.	0.	0.	0.	0.	0.	0.	0.	0.	0.	0.	0.	0.	0.	0.	0.	-20968.309104144515	-146748.2407115562	-209363.30071142822	-259707.6113613806	-303965.15414956916	-344589.69442949974	-382939.01495979726	-419304.73472620395	-454510.8057592595	-488407.304584457
-1.8769844269933813	-14.960563534723695	-27.78664283317319	-40.13266421025064	-51.78123289709106	-62.52283539504272	-72.15889621449614	-80.50526197866085	-87.39618285113909	-92.68883472756167	-96.26838877962385	-98.05358474331402	-98.0026971714808	-96.1196955567475	-92.4602853179658	-87.1373729727139	-80.32532263261052	-72.26216312457721	-63.24867368576669	-53.64304332678	-43.849611068900735	-34.30013927566884	-25.426304909957118	-17.622869114082917	-11.202694553134279	-6.3479489808683525	-3.066983780385483	-1.1734448721677757	-0.310804711891448	-0.04310933054589461	-0.0015286757017658023	-8.282913086706514e-7	0.	0.	0.	0.	0.	0.	0.	0.	0.	0.	0.	0.	0.	0.	0.	0.	0.	0.	0.	0.	0.	0.	0.	0.	0.	0.	0.	0.	0.	0.	0.	0.	0.	0.	0.	0.	0.	0.	0.	0.	0.	0.	0.	0.	0.	0.	0.	0.	0.	0.	0.	0.	0.	0.	0.	0.	0.	0.	0.	0.	-118773.89546696961	-189703.87185997007	-243480.1674328929	-289612.38811944483	-331707.6615059193	-370807.2453377167	-407440.58241919643	-443352.32186513196	-477721.8991482808
-1.8878072706317472	-15.051257454629399	-27.976253621417477	-40.45628858223155	-52.2888841452445	-63.27775079698684	-73.23525651855917	-81.9852891011111	-89.3665826634459	-95.23655942934138	-99.475710300891	-101.99249997957568	-102.72873142362243	-101.66523686584272	-98.82767463863613	-94.29209877077456	-88.18982841581496	-80.71097514641858	-72.10579057211422	-62.682785135880096	-52.802366298800216	-42.86460055612531	-33.28970989220164	-24.490224848123052	-16.83458252215913	-10.603746281615951	-5.9456033708297	-2.836864509170451	-1.0686573830864803	-0.2773120650010147	-0.03734986922751045	-0.0012616253538577566	-6.131415523470009e-7	0.	0.	0.	0.	0.	0.	0.	0.	0.	0.	0.	0.	0.	0.	0.	0.	0.	0.	0.	0.	0.	0.	0.	0.	0.	0.	0.	0.	0.	0.	0.	0.	0.	0.	0.	0.	0.	0.	0.	0.	0.	0.	0.	0.	0.	0.	0.	0.	0.	0.	0.	0.	0.	0.	0.	0.	0.	0.	0.	-81442.32590091025	-167939.27624556012	-225948.64362071073	-274451.3170045564	-317750.19985548075	-357862.4407050991	-395487.64403805224	-431633.7862518845	-466758.9336635107
-1.8957060260318772	-15.118295562322277	-28.12027213702818	-40.710226573038696	-52.699829993620554	-63.90552345610566	-74.1504880424819	-83.26697460027542	-91.09906238754681	-97.50590142993364	-102.36547295511448	-105.57887394559518	-107.07509328522202	-106.81619542389831	-104.80275970202828	-101.07933606068133	-95.73956746289667	-88.93049348862303	-80.85538792950514	-71.77430001370658	-62.001276835527776	-51.89707131990525	-41.856038478011286	-32.285986188675864	-23.580130371515683	-16.0812497080816	-10.039985497339547	-5.572398558297074	-2.6266564879144187	-0.9745873916335221	-0.24788721043801867	-0.032438808336982906	-0.0010446784965567329	-4.561962762344184e-7	0.	0.	0.	0.	0.	0.	0.	0.	0.	0.	0.	0.	0.	0.	0.	0.	0.	0.	0.	0.	0.	0.	0.	0.	0.	0.	0.	0.	0.	0.	0.	0.	0.	0.	0.	0.	0.	0.	0.	0.	0.	0.	0.	0.	0.	0.	0.	0.	0.	0.	0.	0.	0.	0.	0.	0.	0.	0.	0.	-142422.8132903906	-206954.67566237683	-258179.63970543558	-302959.2099477108	-344001.4771888383	-382807.36064137815	-419373.8870764228	-454797.4661733034
-1.9007584160689395	-15.162317555929818	-28.219979961861032	-40.89653532353519	-53.01706116529338	-64.41021715303822	-74.90979265670302	-84.3565810823094	-92.60064735770122	-99.50404444830713	-104.94401971882328	-108.8167308399874	-111.04146189925888	-111.56529115196801	-110.3681098025867	-107.46782337964132	-102.92548058997195	-96.8499662484837	-89.40176327509303	-80.79513470511516	-71.29790587861135	-61.22785420418252	-50.94456917521006	-40.835583988134445	-31.295697168617004	-22.698851767938677	-15.362953528113607	-9.509906090861087	-5.2262742326139335	-2.4345219735009533	-0.8900325518133323	-0.2219869521397243	-0.028240217117935874	-0.0008678046165716917	-3.4109039319168513e-7	0.	0.	0.	0.	0.	0.	0.	0.	0.	0.	0.	0.	0.	0.	0.	0.	0.	0.	0.	0.	0.	0.	0.	0.	0.	0.	0.	0.	0.	0.	0.	0.	0.	0.	0.	0.	0.	0.	0.	0.	0.	0.	0.	0.	0.	0.	0.	0.	0.	0.	0.	0.	0.	0.	0.	0.	0.	0.	-110275.9244605891	-185158.30622948825	-240364.8477350472	-287163.1908549558	-329721.1524735493	-369127.60328984045	-406836.5440670633	-442643.69443858386
-1.9030482515518319	-15.184010131376114	-28.276739254716013	-41.0173751265624	-53.2436843849425	-64.796023194822	-75.5185274406277	-85.26059836790886	-93.87874631484777	-101.23884764992903	-107.21885906313074	-111.71201775017622	-114.6305342896831	-115.90975531803528	-115.51273328890662	-113.4350881763341	-109.70997823390711	-104.41291116145007	-97.66602103372323	-89.64130921882773	-80.56220117185835	-70.70261264018234	-60.38256499565806	-49.95927230489352	-39.81259972088807	-30.32395979355193	-21.84822179229485	-14.679281720502818	-9.011869481886297	-4.905251620337189	-2.2587837428684194	-0.813931882559151	-0.19914609185593346	-0.024641574764942983	-0.0007231034903116074	-2.562315229704093e-7	0.	0.	0.	0.	0.	0.	0.	0.	0.	0.	0.	0.	0.	0.	0.	0.	0.	0.	0.	0.	0.	0.	0.	0.	0.	0.	0.	0.	0.	0.	0.	0.	0.	0.	0.	0.	0.	0.	0.	0.	0.	0.	0.	0.	0.	0.	0.	0.	0.	0.	0.	0.	0.	0.	0.	0.	0.	-63741.82206196769	-160515.55436497508	-220869.89451458928	-270348.2023092906	-314609.9054852684	-355346.4809714136	-393599.0179637542	-430128.3387399904
-1.9026648210834995	-15.184102335005473	-28.291985039689006	-41.074999963410804	-53.38291189949152	-65.06724778335857	-75.98218528128125	-85.98570741224859	-94.94108161155322	-102.71871637795347	-109.19844078756313	-114.27224075752333	-117.84746980735011	-119.85052972631189	-120.2309862434202	-118.96604444479328	-116.06525596607243	-111.57526244659465	-105.58429504180356	-98.22604626690449	-89.6824079496349	-80.1844305498808	-70.01071312116068	-59.482297952017746	-48.95305348469472	-38.79454245491188	-29.374585677522767	-21.029293903096775	-14.029462473171595	-8.544171698924622	-4.607451886001543	-2.097916557789884	-0.7453494895657268	-0.17896565471383805	-0.021549482307315536	-0.0006043277011330318	-1.9335892772530484e-7	0.	0.	0.	0.	0.	0.	0.	0.	0.	0.	0.	0.	0.	0.	0.	0.	0.	0.	0.	0.	0.	0.	0.	0.	0.	0.	0.	0.	0.	0.	0.	0.	0.	0.	0.	0.	0.	0.	0.	0.	0.	0.	0.	0.	0.	0.	0.	0.	0.	0.	0.	0.	0.	0.	0.	0.	0.	-131083.41172480158	-199333.95585852815	-252429.74107483568	-298298.8673941173	-340269.4393652604	-379601.44432852045	-416726.8409409958
-1.89970228062788	-15.16336087567881	-28.267217259818658	-41.0717474286095	-53.4380499844668	-65.22829835770105	-76.30637555247188	-86.53874758802914	-95.7956295922315	-103.95249494172675	-110.8919723454039	-116.50616757905513	-120.69943474513227	-123.39160526957787	-124.52165992154482	-124.05179824656511	-121.97181897717545	-118.30367206775753	-113.1059757838862	-106.47820880196045	-98.56418638150973	-89.55431194912663	-79.68596480501026	-69.2412509546364	-58.541227007254975	-47.935642338380006	-37.78729253722591	-28.45033375277447	-20.24251756794374	-13.41246973318464	-8.105092352613111	-4.331106366743349	-1.9505370965812898	-0.6834598356877694	-0.1611029329133427	-0.018886201792910888	-0.0005065175798545595	-1.465521349944774e-7	0.	0.	0.	0.	0.	0.	0.	0.	0.	0.	0.	0.	0.	0.	0.	0.	0.	0.	0.	0.	0.	0.	0.	0.	0.	0.	0.	0.	0.	0.	0.	0.	0.	0.	0.	0.	0.	0.	0.	0.	0.	0.	0.	0.	0.	0.	0.	0.	0.	0.	0.	0.	0.	0.	0.	0.	-91915.73682911159	-174935.00474953206	-232772.13917388776	-281147.8068942012	-324786.6264636592	-364958.0909828244	-403174.3824444056
-1.8942590468831386	-15.122585435961714	-28.20399269781243	-41.01002823228217	-53.412486696279785	-65.28366912680467	-76.49680476918597	-86.9266863993629	-96.45056861155035	-104.94937626133672	-112.30926654362031	-118.4235824426768	-123.19522675491555	-126.53947359998327	-128.38721715072984	-128.68863379766532	-127.41720253806955	-124.57398712384845	-120.19203047989822	-114.34064512474254	-107.12930120114335	-98.71071560115985	-89.28263283487212	-79.08766559650951	-68.41044142201994	-57.571202510209716	-46.914965753670536	-36.79543046844995	-27.553117803301603	-19.487878670789925	-12.82710461046717	-7.6929298148121426	-4.074561001663268	-1.8153932082482158	-0.6275345440585844	-0.14526307261820565	-0.0165868562761556	-0.0004257208791922551	-1.1154446067934422e-7	0.	0.	0.	0.	0.	0.	0.	0.	0.	0.	0.	0.	0.	0.	0.	0.	0.	0.	0.	0.	0.	0.	0.	0.	0.	0.	0.	0.	0.	0.	0.	0.	0.	0.	0.	0.	0.	0.	0.	0.	0.	0.	0.	0.	0.	0.	0.	0.	0.	0.	0.	0.	0.	0.	0.	0.	-146244.71756182596	-211056.80888485722	-262588.74706516776	-307699.10607844434	-349576.06728856364	-388377.29309479054
-1.8864371982822912	-15.062604018500402	-28.103916853386842	-40.892315445571725	-53.30967910380893	-65.23792601148682	-76.55925721474668	-87.15659102096652	-96.91423288493877	-105.7188245364205	-113.46061373897709	-120.03508218603119	-125.34496302505693	-129.30267059067643	-131.83315218036864	-132.87715398166296	-132.3948692025727	-130.3699045021781	-126.813459224583	-121.76855888377577	-115.31411811683273	-107.56852767329141	-98.69236477988828	-88.88971836775559	-78.40750589999121	-67.53204897279443	-56.58209282028629	-45.89743856590968	-35.822468312411374	-26.684176483330305	-18.765011730679568	-12.272057934690231	-7.306025926817082	-3.836276700606942	-1.6913530605361675	-0.5769306597770822	-0.1311919657256974	-0.01459715870751526	-0.0003587765996177889	-8.524467028079989e-8	0.	0.	0.	0.	0.	0.	0.	0.	0.	0.	0.	0.	0.	0.	0.	0.	0.	0.	0.	0.	0.	0.	0.	0.	0.	0.	0.	0.	0.	0.	0.	0.	0.	0.	0.	0.	0.	0.	0.	0.	0.	0.	0.	0.	0.	0.	0.	0.	0.	0.	0.	0.	0.	0.	0.	-110278.04179127728	-186785.1469323632	-242371.99821129194	-290030.70824090345	-333132.7992257815	-373055.0489748381
-1.876341887143306	-14.984268360105013	-27.96863585655635	-40.7211336345255	-53.13314020720554	-65.09569120732225	-76.49957560219207	-87.23560128380774	-97.19507089136329	-106.27050810975012	-114.35667333242066	-121.35190509768042	-127.15981961530815	-131.69139438143964	-134.86745257318876	-136.62155169183262	-136.90326167010522	-135.68179306659272	-132.94990354665885	-128.7279689668045	-123.0680523830361	-116.05773872542088	-107.82342382082066	-98.53265422142401	-88.39501150294151	-77.6609278837449	-66.61772226876158	-55.58208058037057	-44.888210713891716	-34.87104274900112	-25.84421227147957	-18.07328906656402	-11.745957984968154	-6.942782796615067	-3.61482693664823	-1.57739455300048	-0.531080264485991	-0.11867024279579409	-0.012871565086960223	-0.00030314759673485264	-6.540165485319967e-8	0.	0.	0.	0.	0.	0.	0.	0.	0.	0.	0.	0.	0.	0.	0.	0.	0.	0.	0.	0.	0.	0.	0.	0.	0.	0.	0.	0.	0.	0.	0.	0.	0.	0.	0.	0.	0.	0.	0.	0.	0.	0.	0.	0.	0.	0.	0.	0.	0.	0.	0.	0.	0.	0.	-54320.84378480019	-158272.32827047756	-220442.43005135088	-270943.95915482135	-315856.6638573201	-357382.4314803249
-1.8640807661863292	-14.888449443004612	-27.79982848682608	-40.49904800931398	-52.88642572805957	-64.86162756762636	-76.32364186866971	-87.17090388434471	-97.30160736098419	-106.61424043663786	-115.0083806269661	-122.38578595868978	-128.65181203373254	-133.71718418732098	-137.5001453954148	-139.9289913948664	-140.9449907177774	-140.505668553879	-138.5884082730348	-135.19429157730121	-130.35205615334405	-124.12199683777975	-116.59957148767623	-107.91839536702199	-98.25221875508983	-87.81538478861006	-76.86116565104581	-65.67728909183576	-54.57791832909832	-43.891376659823806	-33.94307573278898	-25.033504779865076	-17.411891786716755	-11.247406580559469	-6.601673653780604	-3.4088935029255323	-1.4725952257993327	-0.4894813239047675	-0.10750819353926716	-0.011371768736300449	-0.0002567904412358815	-5.0367993472947966e-8	0.	0.	0.	0.	0.	0.	0.	0.	0.	0.	0.	0.	0.	0.	0.	0.	0.	0.	0.	0.	0.	0.	0.	0.	0.	0.	0.	0.	0.	0.	0.	0.	0.	0.	0.	0.	0.	0.	0.	0.	0.	0.	0.	0.	0.	0.	0.	0.	0.	0.	0.	0.	0.	0.	-123597.29860794709	-195673.78807991825	-250334.13101635108	-297625.7894943356	-340275.3297563623
-1.849763432302904	-14.776033129267635	-27.59919835935286	-40.22865369936433	-52.57312093294637	-64.5404229898816	-76.037358220827	-86.96970770038214	-97.24240868315839	-106.75992761765781	-115.42686606495934	-123.14883222989394	-129.83360927895325	-135.39264879591337	-139.74291311826238	-142.8090832935868	-144.5261392494184	-144.8423045870357	-143.72232913427064	-141.15105681325315	-137.13719315617968	-131.71714453590198	-124.95874854739283	-116.96465098987917	-107.87500932368575	-97.86911653343992	-87.16544680711733	-76.01953339106976	-64.7190142577255	-53.57514810679679	-42.910152332320735	-33.039907906577	-24.252002943505858	-16.779865724316537	-10.775006057610288	-6.281249273287082	-3.217261118319281	-1.3761227973629135	-0.4516896450025769	-0.0975414681449357	-0.010065469498725345	-0.00021805384566642635	-3.8932304906876366e-8	0.	0.	0.	0.	0.	0.	0.	0.	0.	0.	0.	0.	0.	0.	0.	0.	0.	0.	0.	0.	0.	0.	0.	0.	0.	0.	0.	0.	0.	0.	0.	0.	0.	0.	0.	0.	0.	0.	0.	0.	0.	0.	0.	0.	0.	0.	0.	0.	0.	0.	0.	0.	0.	-74209.27554414833	-167559.78091434858	-227685.5788811034	-278021.9689221739	-322561.56339857355
-1.8335008901523588	-14.647915941391446	-27.368466331473833	-39.91256525016998	-52.196827631875124	-64.13677497147438	-75.64662855602974	-86.63922016684951	-97.02604990738615	-106.71752135558606	-115.62338457677575	-123.65341747084247	-130.7183752155055	-136.73123588855174	-141.6087673075512	-145.27343522095856	-147.65566561223284	-148.69646330299753	-148.35037438558072	-146.58876025631082	-143.40332499807215	-138.8098043109958	-132.85168182813015	-125.60374632236143	-117.17524025282813	-107.71227639941	-97.39911664355418	-86.45781961315953	-75.14568065215587	-63.749824028161086	-52.57828948675187	-41.94702427557867	-32.16240917569342	-23.49939985167236	-16.176165507521027	-10.327379129245092	-5.980141126126031	-3.038811375814009	-1.2872263971305635	-0.41731182274049444	-0.08862743570248821	-0.008925365062178694	-0.00018559908620371124	-3.01997314353197e-8	0.	0.	0.	0.	0.	0.	0.	0.	0.	0.	0.	0.	0.	0.	0.	0.	0.	0.	0.	0.	0.	0.	0.	0.	0.	0.	0.	0.	0.	0.	0.	0.	0.	0.	0.	0.	0.	0.	0.	0.	0.	0.	0.	0.	0.	0.	0.	0.	0.	0.	0.	0.	0.	-133101.582379387	-202877.5108563535	-256477.05001433298	-303514.94528810633
-1.8154050378356215	-14.505001009116354	-27.109363175447744	-39.55340642406	-51.76115147419267	-63.65537548244058	-75.157340382804	-86.18662470978546	-96.66108536321696	-106.49697649497915	-115.60925331293005	-123.91208895174204	-131.31963245448793	-137.7470350884979	-143.11177036372544	-147.3352698317392	-150.34489152516488	-152.07623014550956	-152.47576711159775	-151.5038434463636	-149.1379182831348	-145.3760493243858	-140.2404977679161	-133.7813178174721	-126.07973893804873	-117.25108696605133	-107.4469184380454	-96.85596312188675	-85.70338758700564	-74.24781710686952	-62.775500575924085	-51.591000124898386	-41.00387511707224	-31.311070186579357	-22.775193337002236	-15.599689026111282	-9.903183207031393	-5.697062141744189	-2.8725163858074114	-1.2052285143507695	-0.3859990633610515	-0.08064209565623875	-0.00792832219151259	-0.00015833742634352874	-2.3506290901055417e-8	0.	0.	0.	0.	0.	0.	0.	0.	0.	0.	0.	0.	0.	0.	0.	0.	0.	0.	0.	0.	0.	0.	0.	0.	0.	0.	0.	0.	0.	0.	0.	0.	0.	0.	0.	0.	0.	0.	0.	0.	0.	0.	0.	0.	0.	0.	0.	0.	0.	0.	0.	0.	-85987.63900468803	-173843.97337367607	-233451.0017606958	-283197.4159214577
-1.7955881765558406	-14.3481941993264	-26.823622556432085	-39.153800374898395	-51.26968964696933	-63.100896284726616	-74.57534735699713	-85.61905926383514	-96.15602037841057	-106.10821252172931	-115.39579643866537	-123.93748709170777	-131.65114492261227	-138.45460904841286	-144.2667973995495	-149.0090967515826	-152.6070620476862	-154.9924388652635	-156.10551475041927	-155.89779371605124	-154.334972637306	-151.40017762548013	-147.09739166128037	-141.4549707136547	-134.52910319948214	-126.4070161336047	-117.20967033281845	-107.09361733423293	-96.25161464907679	-84.9115190279637	-73.33290948943085	-61.800849941390894	-50.61621252916281	-40.0820889286164	-30.48607787358727	-22.078734896250168	-15.049304212067826	-9.501120429136162	-5.430805756738604	-2.7174323617810887	-1.1295176541623775	-0.3574417802173324	-0.0734774549090974	-0.007054694042625931	-0.000135380733377754	-1.8357189858877155e-8	0.	0.	0.	0.	0.	0.	0.	0.	0.	0.	0.	0.	0.	0.	0.	0.	0.	0.	0.	0.	0.	0.	0.	0.	0.	0.	0.	0.	0.	0.	0.	0.	0.	0.	0.	0.	0.	0.	0.	0.	0.	0.	0.	0.	0.	0.	0.	0.	0.	0.	0.	0.	-139162.81897924544	-207683.74180417485	-261438.25301906027
-1.7741625458929509	-14.178400443490371	-26.5129743483931	-38.71636025539067	-50.72601906471782	-62.47797480969706	-73.90645253977453	-84.94359591291119	-95.51928535690749	-105.56107856038757	-114.99429597689578	-123.74227487271088	-131.72681609407897	-138.86884801017322	-145.0893317977797	-150.31043111262602	-154.45696691628734	-157.45817439650727	-159.24977304371004	-159.77635243791974	-158.9940644586069	-156.8735966408864	-153.40338034313828	-148.59296025924095	-142.47641757385986	-135.11569677551807	-126.60363513539487	-117.06643403978764	-106.66524372141824	-95.59646030816833	-84.09026233603177	-72.40685347180133	-60.829846701582085	-49.656250346598874	-39.18263956358278	-29.68737773699167	-21.40926906431735	-14.523869671657543	-9.1199443767203	-5.1802437618880965	-2.57269331838894	-1.059541673262549	-0.33136486793251274	-0.0670392972732807	-0.006287756389776354	-0.00011600237023110001	-1.4382177832230924e-8	0.	0.	0.	0.	0.	0.	0.	0.	0.	0.	0.	0.	0.	0.	0.	0.	0.	0.	0.	0.	0.	0.	0.	0.	0.	0.	0.	0.	0.	0.	0.	0.	0.	0.	0.	0.	0.	0.	0.	0.	0.	0.	0.	0.	0.	0.	0.	0.	0.	0.	0.	-92906.31910155859	-178325.98514061255	-237442.45364002604
-1.7512398859726703	-13.996520274069486	-26.17913831439229	-38.24368030529483	-50.13368512439195	-61.791200688539284	-73.1563924711082	-84.16722169914041	-94.75921166584932	-104.86532152394872	-114.41594791631726	-123.33907577501083	-131.56060047743773	-139.00484416018017	-145.5952891913018	-151.25555138212343	-155.9106142175574	-159.48834287510266	-161.92129268731532	-163.14882049153633	-163.11949843905336	-161.79381757130494	-159.14715210191017	-155.1729338868325	-149.8859591501783	-143.32571516260424	-135.55957242573552	-126.68563747751128	-116.83500282307814	-106.17306498783955	-94.8995124864747	-83.24651889076662	-71.47462318766094	-59.8657583025268	-48.71292707286695	-38.3061646131115	-28.914725086379228	-20.765964987498847	-14.022250409419195	-8.758464251147423	-4.944323334524269	-2.4375049952174725	-0.9948017561462261	-0.30752357052667023	-0.06124528379903267	-0.005613240892684475	-0.00009960611951856335	-1.130308274764254e-8	0.	0.	0.	0.	0.	0.	0.	0.	0.	0.	0.	0.	0.	0.	0.	0.	0.	0.	0.	0.	0.	0.	0.	0.	0.	0.	0.	0.	0.	0.	0.	0.	0.	0.	0.	0.	0.	0.	0.	0.	0.	0.	0.	0.	0.	0.	0.	0.	0.	0.	0.	-142949.93008692886	-211045.07886083794
-1.7269310275516045	-13.803446578940285	-25.82381817261188	-37.73832745944269	-49.49619108590427	-61.04510301401399	-72.33082213885756	-83.29682064457947	-93.88400934094292	-104.03055715524101	-113.67182297498881	-122.7404190843068	-131.1664264320397	-138.8777828096238	-145.8008655696657	-151.86129061459866	-156.98494881761678	-161.09929954195624	-164.13493817382403	-166.02745018031413	-166.71955766471368	-166.1635551433336	-164.32401863810787	-161.1807553987739	-156.7319397862645	-150.99735316727043	-144.02161121505327	-135.87722005955328	-126.66725291579044	-116.52738147455784	-105.6269330113474	-94.16857841066226	-82.38619482278477	-70.54040097038074	-58.91125171540166	-47.78762972162123	-37.45302723630671	-28.167727119056973	-20.14794163077611	-13.543329643767038	-8.415547119127655	-4.722063547005723	-2.311139078028186	-0.9348469868309723	-0.28569986859892305	-0.056023332437000604	-0.005018947750833266	-0.00008570140861975512	-8.91009638350673e-9	0.	0.	0.	0.	0.	0.	0.	0.	0.	0.	0.	0.	0.	0.	0.	0.	0.	0.	0.	0.	0.	0.	0.	0.	0.	0.	0.	0.	0.	0.	0.	0.	0.	0.	0.	0.	0.	0.	0.	0.	0.	0.	0.	0.	0.	0.	0.	0.	0.	0.	-95572.25160071292	-180350.7302369121
-1.7013455107369218	-13.600061580484692	-25.448696063782293	-37.20283350536293	-48.81698812580891	-60.24413839678846	-71.43530090959256	-82.33915702543803	-92.90174657093063	-103.06624375935334	-112.77283153961858	-121.95869165457272	-130.55812876554853	-138.50284798947024	-145.72240599349274	-152.14485626611497	-157.69760916330037	-162.30852660048356	-165.90726956174095	-168.42691359982666	-169.80584280816845	-169.9899258805439	-168.9349682700815	-166.6094214586077	-162.99731320470318	-158.10134053897713	-151.94603937411574	-144.58091009612886	-136.08333680010395	-126.56108868022025	-116.15413607397262	-105.03545253508055	-93.41041201530658	-81.51433384628851	-69.60768968039943	-57.968484786780934	-46.88138965548601	-36.62336778140583	-27.445877394923254	-19.554287797017714	-13.08601751924001	-8.090118701984284	-4.512551568114939	-2.1929277593033007	-0.8792694684863486	-0.26569931946302594	-0.051310233798316646	-0.004494423464093817	-0.00007388349474989124	-7.044375023451755e-9	0.	0.	0.	0.	0.	0.	0.	0.	0.	0.	0.	0.	0.	0.	0.	0.	0.	0.	0.	0.	0.	0.	0.	0.	0.	0.	0.	0.	0.	0.	0.	0.	0.	0.	0.	0.	0.	0.	0.	0.	0.	0.	0.	0.	0.	0.	0.	0.	0.	0.	-144009.53682901882
-1.6745912328013035	-13.387234043633637	-25.055427431358012	-36.639687812993536	-48.099466100461285	-59.39267986540295	-70.47527947345515	-81.30085993116052	-91.82033093150054	-101.98165846887339	-111.72969239770532	-121.00609538985451	-129.7493898584383	-137.89514049442192	-145.37629102437938	-152.12367453643685	-158.0667171005504	-163.13435425741784	-167.25617905282604	-170.36383838540814	-172.39269118944998	-173.28373699525935	-172.9858162245189	-171.4580736297657	-168.6726629328084	-164.61765323490854	-159.3000753831014	-152.74901839168894	-145.01865151638188	-136.19100615438762	-126.37830333074423	-115.72455786091811	-104.40613142156411	-92.63084792105795	-80.6352332234548	-68.67940978484029	-57.03918437603648	-45.9949424795302	-35.81714682281569	-26.748584009774298	-18.984077924114757	-12.649257363052754	-7.7811630816743875	-4.314938717490086	-2.0822586584552374	-0.8276999432772143	-0.24734829218381893	-0.04705046672484738	-0.004030692118431193	-0.00006381756752536996	-5.585218995126953e-9	0.	0.	0.	0.	0.	0.	0.	0.	0.	0.	0.	0.	0.	0.	0.	0.	0.	0.	0.	0.	0.	0.	0.	0.	0.	0.	0.	0.	0.	0.	0.	0.	0.	0.	0.	0.	0.	0.	0.	0.	0.	0.	0.	0.	0.	0.	0.	0.	0.	-95067.56305912376
-1.6467741253030956	-13.165816715177154	-24.645636321022955	-36.05133065094543	-47.34694504401391	-58.49500664606934	-69.45608784193949	-80.18840913175946	-90.64749234273131	-100.78587591277872	-110.55290495160774	-119.89460984574265	-128.75368829154246	-137.06960676281108	-144.7788384820534	-151.81525588186366	-158.11069620675568	-163.5957191781212	-168.20057535248839	-171.8564027298603	-174.4966670477819	-176.0588577025449	-176.48644597435538	-175.73110474751647	-173.75517861518125	-170.53437959490324	-166.06066586102588	-160.34523826228337	-153.42156115432698	-145.34827961240416	-136.21186399501678	-126.12876518484666	-115.2468105623881	-103.74551418751025	-91.83491928530049	-79.75254479306233	-67.75798313454621	-56.12471311434243	-45.12877863113748	-35.0341809881211	-26.07519255126799	-18.436384451715497	-12.232030006475554	-7.487721614338026	-4.128436489818062	-1.9785701069300488	-0.7798038661629507	-0.23049154671198419	-0.04319518319009917	-0.003620030781952511	-0.00005522595575631973	-4.440586960484709e-9	0.	0.	0.	0.	0.	0.	0.	0.	0.	0.	0.	0.	0.	0.	0.	0.	0.	0.	0.	0.	0.	0.	0.	0.	0.	0.	0.	0.	0.	0.	0.	0.	0.	0.	0.	0.	0.	0.	0.	0.	0.	0.	0.	0.	0.	0.	0.	0.	0.
-1.6179978604918284	-12.936643994641667	-24.22091110239363	-35.44014709781649	-46.562667417967646	-57.55529484587164	-68.38292442470245	-79.00812226703331	-89.39076772392315	-99.4877491791481	-109.25272465663798	-118.63595945644846	-127.58425413266158	-136.040977259447	-143.94621854642827	-151.23707889479235	-157.84811484482782	-163.71195544343408	-168.76010971692048	-172.92398249508204	-176.13611507951998	-178.33166491505295	-179.45013468239483	-179.43735569205194	-178.2477226605468	-175.8466663521083	-172.21333656015224	-167.34344981054386	-161.2522332874703	-153.9773681298009	-145.58180085438335	-136.15625093827782	-125.82119575595028	-114.7280622311925	-103.05930028265615	-91.02696121818843	-78.86936283660583	-66.84540517153022	-55.2261263857516	-44.283186066848224	-34.2741727349259	-25.425004739500032	-17.910287405860373	-11.83335658892852	-7.208891277493011	-3.952312632421927	-1.8813467929872687	-0.7352778887764704	-0.2149901127768786	-0.039701336905517984	-0.003255781339309734	-0.000047877801866250275	-3.5400493594106674e-9	0.	0.	0.	0.	0.	0.	0.	0.	0.	0.	0.	0.	0.	0.	0.	0.	0.	0.	0.	0.	0.	0.	0.	0.	0.	0.	0.	0.	0.	0.	0.	0.	0.	0.	0.	0.	0.	0.	0.	0.	0.	0.	0.	0.	0.	0.	0.	0.
-1.5883635867664754	-12.700529835291881	-23.78280061196736	-34.80846155058647	-45.74979111951677	-56.577609053186094	-67.26084619985163	-77.76614336131232	-88.0574873167695	-98.09589297409603	-107.8391414640736	-117.2415849738643	-126.25403017900413	-134.82371325100766	-142.89438054915823	-150.40649019786923	-157.29755073673653	-163.5026138210807	-168.95493843433647	-173.5868441087219	-177.33077006044135	-180.12055571150995	-181.89295552407984	-182.58939709012128	-182.15798561104214	-180.55574981079525	-177.75111342357326	-173.7265620878204	-168.48145711405013	-162.03492450699835	-154.42871918308475	-145.72993004118047	-136.03335122727105	-125.46329894278756	-114.1746027755699	-102.3524485674931	-90.21070135296324	-77.98830038884434	-65.94330709951788	-54.344220918650976	-43.45828624301615	-33.5367350550837	-24.797293501879757	-17.404881732058364	-11.452300179834776	-6.943822625962282	-3.7858873347291055	-1.7901157539381574	-0.6938467124262107	-0.20071942991274766	-0.03653093406486744	-0.0029321924976461883	-0.0000415807039746952	-2.8295334077165302e-9	0.	0.	0.	0.	0.	0.	0.	0.	0.	0.	0.	0.	0.	0.	0.	0.	0.	0.	0.	0.	0.	0.	0.	0.	0.	0.	0.	0.	0.	0.	0.	0.	0.	0.	0.	0.	0.	0.	0.	0.	0.	0.	0.	0.	0.	0.	0.
-1.5579696927620734	-12.458265872207487	-23.332810713146948	-34.15853282719867	-44.91138324905811	-55.56589485819576	-66.0947599804667	-76.46843265751885	-86.65476264326394	-96.61866888650206	-106.32186107812547	-115.72261876644953	-124.77563856247038	-133.4319610406941	-141.63899006291882	-149.34061836963122	-156.47747434304773	-162.98730577742083	-168.80551720660873	-173.86587772223425	-178.10141612502147	-181.44551950881396	-183.83324976143115	-185.20288971045676	-185.49772642139408	-184.66807308474665	-182.67352255581386	-179.485414417962	-175.0894828475628	-169.4886339443501	-162.70577792379535	-154.78661306907043	-145.80222420705485	-135.8513185793542	-125.06187688879564	-113.59194840583262	-101.62926939124519	-89.38933903728284	-77.11155543510662	-65.05300936521627	-53.47957618907093	-42.65406441116514	-32.82141192923762	-24.191315104984923	-16.919282810671177	-11.087966486449059	-6.691717491389129	-3.6285295690910697	-1.7044426991453974	-0.655260272437362	-0.18756771501912298	-0.033650388053217004	-0.002644286832939856	-0.00003617393171738531	-2.2673893361120616e-9	0.	0.	0.	0.	0.	0.	0.	0.	0.	0.	0.	0.	0.	0.	0.	0.	0.	0.	0.	0.	0.	0.	0.	0.	0.	0.	0.	0.	0.	0.	0.	0.	0.	0.	0.	0.	0.	0.	0.	0.	0.	0.	0.	0.	0.	0.
-1.5269115994669265	-12.210619772948268	-22.87240126623483	-33.49254985545369	-44.050414629810724	-54.52397228822693	-64.88941477139974	-75.12075775521222	-85.18947605922341	-95.06417267172161	-104.71028885611275	-114.08986367270931	-123.16135221123244	-131.87951287006888	-140.19537510952145	-148.0563002201077	-155.40614873975937	-162.18556917092874	-168.3324235189454	-173.78236580534457	-178.46958998896923	-182.3277635087063	-185.29116176503584	-187.29601706223605	-188.28209257082057	-188.19448741349862	-186.9856726643896	-184.61774938349242	-181.06490836840993	-176.31605642296194	-170.37755511016297	-163.27599453064227	-155.06089613919022	-145.80720465298197	-135.61738968035633	-124.62293352251086	-112.98493421550643	-100.89350559039048	-88.56561448269237	-76.24096828018666	-64.17556762974979	-52.632589671969455	-41.8703950972817	-32.127695223734676	-23.606318860266825	-16.45263050915984	-10.739503861988123	-6.4518265285195096	-3.4796536081339737	-1.6239286444382683	-0.6192912192848175	-0.17543452825530909	-0.031029962787424266	-0.0023877486655965383	-0.00003152290444807546	-1.821434864991296e-9	0.	0.	0.	0.	0.	0.	0.	0.	0.	0.	0.	0.	0.	0.	0.	0.	0.	0.	0.	0.	0.	0.	0.	0.	0.	0.	0.	0.	0.	0.	0.	0.	0.	0.	0.	0.	0.	0.	0.	0.	0.	0.	0.	0.	0.
-1.4952815796194407	-11.95833380504879	-22.40298349870904	-32.81262793625163	-43.169755066996956	-53.4555301449239	-63.6493952000568	-73.7286860278079	-83.66827185875812	-93.44022346867604	-103.01351619548547	-112.35377513989864	-121.42307072901485	-130.17977380885696	-138.57848048024863	-146.57001798166954	-154.10154401891577	-161.11675300179886	-167.55620361651125	-173.35778296603172	-178.45732305746088	-182.78938558744375	-186.2882306285881	-188.88898376995076	-190.52901429141951	-191.14953378641962	-190.69741996824777	-189.12726382339446	-186.40362937110478	-182.50350355531378	-177.41889868733492	-171.1595508039528	-163.75563374950715	-155.26038026211216	-145.75246757437995	-135.33798613901587	-124.15176682103146	-112.35779607072553	-100.14840363168115	-87.74186907953595	-75.37807122654412	-63.311812258626915	-51.80350683203433	-41.107063504152286	-31.455038611479686	-23.041554832412018	-16.004092060700156	-10.40610278495107	-6.223446686529122	-3.3387157331637853	-1.5482068372615392	-0.5857326651441843	-0.16422951190673937	-0.028643291734119898	-0.002158829301181893	-0.000027514684971643083	-1.4667267306899725e-9	0.	0.	0.	0.	0.	0.	0.	0.	0.	0.	0.	0.	0.	0.	0.	0.	0.	0.	0.	0.	0.	0.	0.	0.	0.	0.	0.	0.	0.	0.	0.	0.	0.	0.	0.	0.	0.	0.	0.	0.	0.	0.	0.	0.
-1.4631686034991467	-11.702123613472185	-21.925917763840637	-32.1208055655717	-42.27216932853291	-52.36412122303133	-62.37911599810783	-72.2975782875532	-82.09754887825495	-91.75435486434748	-101.24030926149103	-110.52444640605214	-119.57230030707635	-128.34573404397742	-136.80282930156915	-144.89784618280905	-152.5812645173194	-159.79991895548332	-166.49724115986905	-172.61362332046377	-178.08691795366235	-182.85308940302212	-186.84703252388377	-190.00357355630968	-192.25866698905463	-193.5508000689058	-193.8226132460091	-193.02273994675966	-191.10786225568523	-188.04496993423282	-183.81379822116207	-178.40940451843244	-171.84482482223598	-164.15372709222555	-155.3929502456242	-145.64478392024762	-135.01880578008092	-123.65305082817818	-111.71424291602838	-99.39677602047334	-86.92009795913069	-74.52413156441327	-62.46238222411756	-50.992446620053414	-40.36378346450759	-30.802869005112967	-22.496279905921696	-15.572864005348212	-10.086994945525255	-6.005918664139436	-3.2052111402851446	-1.4769399514699941	-0.5543961675198734	-0.15387128020073154	-0.026466961645955796	-0.00195426678017968	-0.000024054292512609275	-1.1838745866238143e-9	0.	0.	0.	0.	0.	0.	0.	0.	0.	0.	0.	0.	0.	0.	0.	0.	0.	0.	0.	0.	0.	0.	0.	0.	0.	0.	0.	0.	0.	0.	0.	0.	0.	0.	0.	0.	0.	0.	0.	0.	0.	0.	0.
-1.430658210111595	-11.442677200197995	-21.442511673777602	-31.419041796459894	-41.360313824786296	-51.25315838519717	-61.08281750321224	-70.83258365829897	-80.48345454449804	-90.0138077187747	-99.39909991638403	-108.61159650460533	-117.62013732639434	-126.38994605194856	-134.88249109325264	-143.05540713894885	-150.86248740833616	-158.25375778303146	-165.17564501657944	-171.57125220135998	-177.38075552970315	-182.5419370467817	-186.99086846096048	-190.6627610327344	-193.49299595699443	-195.418348301624	-196.37841524511555	-196.3172557986943	-195.18524408574987	-192.94113121166686	-189.5543013644844	-185.0071955666532	-179.29786093975275	-172.4425639276269	-164.47838216727436	-155.4656612359376	-145.49018921222074	-134.6649041730816	-123.13090842110736	-111.05752052662793	-98.64105599104415	-86.1019957667475	-73.68018875390892	-61.62775419532949	-50.19942313132961	-39.640212477692124	-30.17059591243005	-21.969762504589763	-15.158173386232114	-9.781452046799178	-5.7986243919801215	-3.0786710451673187	-1.4098175309176022	-0.5251099244542037	-0.1442864409499583	-0.024480151731172056	-0.0017712177766405286	-0.000021061678367642293	-9.577609750284756e-10	0.	0.	0.	0.	0.	0.	0.	0.	0.	0.	0.	0.	0.	0.	0.	0.	0.	0.	0.	0.	0.	0.	0.	0.	0.	0.	0.	0.	0.	0.	0.	0.	0.	0.	0.	0.	0.	0.	0.	0.	0.	0.
-1.397832402669108	-11.180654097313344	-20.954018591590696	-30.709214119656593	-40.436733961142345	-50.12591146188937	-59.76456214464186	-69.33863561114298	-78.83188030489421	-88.2255246610518	-97.49797871651171	-106.62456088733117	-115.57725534148788	-124.32450619784339	-132.83105565901462	-141.05783413170184	-148.96191138378248	-156.4965188174586	-163.61115397408048	-170.2517793940587	-176.3611288881808	-181.87913507464174	-186.74349262239093	-190.8903719188495	-194.25529772711099	-196.77420666383142	-198.38469582959124	-199.02747243490506	-198.64801051914765	-197.19841554011575	-194.63949035071272	-190.94298645794441	-186.09401201474776	-180.09355223417413	-172.96103834433103	-164.73687737678432	-155.48482668768636	-145.2940640955291	-134.2807672805455	-122.58897576410631	-110.39046765344844	-97.88334539418722	-85.28899649939815	-72.84708656922453	-60.80826748623964	-49.424363988922735	-38.93596428158928	-29.557619057941256	-21.461286207975725	-14.75927835743857	-9.48878440584004	-5.600984573731024	-2.95865998329784	-1.3465536616621971	-0.49771715845475595	-0.13540873241807422	-0.02266432037852684	-0.0016071996911034803	-0.00001846923903161156	-7.76566388551208e-10	0.	0.	0.	0.	0.	0.	0.	0.	0.	0.	0.	0.	0.	0.	0.	0.	0.	0.	0.	0.	0.	0.	0.	0.	0.	0.	0.	0.	0.	0.	0.	0.	0.	0.	0.	0.	0.	0.	0.	0.	0.
-1.3647695671904796	-10.916684724316415	-20.46163646543058	-29.993116839314595	-39.503862133954975	-48.98550494144928	-58.42823187123817	-67.82044911178889	-77.14845837422203	-86.39614616671454	-95.54468984621226	-104.57228447426007	-113.45389516468896	-122.16104035210653	-130.66161222643177	-138.91974146178285	-146.89571431317304	-154.5459511412209	-161.82305643777954	-168.6759514350209	-175.05010135131204	-180.8878502116965	-186.12887691766323	-190.71078675197322	-194.56985269105297	-197.64192063686903	-199.86349182042363	-201.17299398460574	-201.51225030128944	-200.82815104482034	-199.07452753589055	-196.21422037139837	-192.22132414590476	-187.08357818926655	-180.80485690777647	-173.40769360388595	-164.93574777071913	-155.45609756234305	-145.06120640204972	-133.87037607510314	-122.03045932342636	-109.71556542224148	-97.12545660116307	-84.48230816233558	-72.0255008769997	-60.00414544174616	-48.66712593298395	-38.250619342639745	-28.963334558967137	-20.970152466955035	-14.375468330932664	-9.208339421477174	-5.4124563083096096	-2.8447732997126165	-1.28688485355746	-0.47207466868991604	-0.12717826098235646	-0.02100293274346246	-0.0014600413154759301	-0.000016219766374611912	-6.310243365212658e-10	0.	0.	0.	0.	0.	0.	0.	0.	0.	0.	0.	0.	0.	0.	0.	0.	0.	0.	0.	0.	0.	0.	0.	0.	0.	0.	0.	0.	0.	0.	0.	0.	0.	0.	0.	0.	0.	0.	0.	0.
-1.3315444129781122	-10.651369919814876	-19.96650698687261	-29.272459918502427	-38.56401633789591	-47.83491641187206	-57.07752647616789	-66.282518824833	-75.43855972863356	-84.5320081235275	-93.54662786218805	-102.46331695007936	-111.25985779198544	-119.91069315619498	-128.38673331630162	-136.65520065556075	-144.67951890195778	-152.4192551020882	-159.83012341572862	-166.8640608050389	-173.46938567256217	-179.59105143388905	-185.17100784539286	-190.14868358228824	-194.4616039978796	-198.04615809128018	-200.8385283438135	-202.7757961005637	-203.79723338700927	-203.84578923674982	-202.869774498519	-200.82474337653068	-197.67556227855226	-193.39864649719348	-187.98433239215993	-181.43933661744455	-173.7892341060381	-165.08086261543107	-155.38453343937374	-144.79589548963176	-133.43726392734337	-121.45818624756357	-109.03498076502888	-96.36894915339175	-83.68294290762447	-71.21596363414596	-59.21551376115475	-47.92750802775659	-37.58373358824892	-28.38713989803442	-20.49568258554438	-14.006063765834384	-8.93949996100839	-5.232530808202661	-2.736634820279823	-1.2305681131225417	-0.44805153319640684	-0.1195408270565756	-0.019481223498759297	-0.0013278407204707899	-0.000014264754109171197	-5.138503868595864e-10	0.	0.	0.	0.	0.	0.	0.	0.	0.	0.	0.	0.	0.	0.	0.	0.	0.	0.	0.	0.	0.	0.	0.	0.	0.	0.	0.	0.	0.	0.	0.	0.	0.	0.	0.	0.	0.	0.	0.
-1.2982279336854097	-10.385280637404486	-19.469715054701894	-28.548868267824037	-37.6193993507013	-46.67697571319892	-55.71596276962744	-64.72911831623667	-73.70729327402628	-82.6391407929246	-91.51083612251358	-100.3058101341368	-109.00449993049696	-117.58412060096612	-126.01846287456993	-134.27772218466612	-142.3283654835068	-150.1330430290409	-157.6505532938566	-164.83587010573075	-171.64024209773459	-178.01137549478256	-183.89371215468464	-189.228815565444	-193.95587811296235	-198.01236329360455	-201.33479655297148	-203.85971795996443	-205.5248088198457	-206.27020240419395	-206.039986005078	-204.78389723954308	-202.45921162867205	-199.03281059836738	-194.48340880058802	-188.80390660653725	-182.00381733812696	-174.1116988655025	-165.1774952730735	-155.27466622437996	-144.50194958981797	-132.9845675111801	-120.87464884693651	-108.35060458291005	-95.6151618048105	-82.89174323690864	-70.41888361392826	-58.44241619008526	-47.20526283788625	-36.93484565618278	-27.828437894173703	-20.037219107239245	-13.650415683718633	-8.681682706323834	-5.06073122353086	-2.6338946954085487	-1.177379190785138	-0.4255279448251892	-0.11244732837222468	-0.018085989894357897	-0.001208929240829139	-0.000012562995426847703	-4.193032295453578e-10	0.	0.	0.	0.	0.	0.	0.	0.	0.	0.	0.	0.	0.	0.	0.	0.	0.	0.	0.	0.	0.	0.	0.	0.	0.	0.	0.	0.	0.	0.	0.	0.	0.	0.	0.	0.	0.	0.
-1.2648873876519953	-10.118957795233552	-18.97228852480388	-27.823881449491036	-36.67209845981341	-45.514364757354556	-54.34687454813058	-63.164300192706186	-71.95950611433352	-80.72326907238815	-89.44400677769238	-98.10751726048693	-106.69673190214766	-115.19148560947121	-123.56830824455696	-131.80024212509898	-139.85669117538094	-147.7033081310854	-155.30192707908728	-162.61054952897334	-169.58339315463581	-176.17101328785697	-182.32050816207231	-187.97581975422838	-193.07814280501105	-197.5664551476785	-201.37818276123153	-204.45001288189684	-206.71886793126313	-208.12305179446057	-208.6035779199155	-208.10568558887547	-206.58054625329197	-203.98715575730841	-200.29440019058262	-195.48327268283015	-189.54920522299892	-182.50446315244756	-174.3805299501299	-165.23038600232871	-155.13055712011456	-144.18277685397914	-132.51507191485283	-120.28204383790367	-107.66408526509878	-94.86524052878747	-82.10940477807051	-69.63456430196926	-57.68482795168276	-46.50010587434261	-36.3034828934029	-27.286639842843698	-19.594126720064004	-13.307904977525029	-8.434336490559051	-4.896610577229998	-2.5362274063737416	-1.1271109868285059	-0.4043941664357238	-0.10585323113161138	-0.016805410981879473	-0.0011018406188442063	-0.000011079419158692588	-3.4284624080890303e-10	0.	0.	0.	0.	0.	0.	0.	0.	0.	0.	0.	0.	0.	0.	0.	0.	0.	0.	0.	0.	0.	0.	0.	0.	0.	0.	0.	0.	0.	0.	0.	0.	0.	0.	0.	0.	0.
-1.2315862961667592	-9.852912268589062	-18.475198226450118	-27.098953768519713	-35.724085694379156	-44.349617970814045	-52.9734133072123	-61.59189711476449	-70.19978484331752	-78.78981396465366	-87.35248220345022	-95.8757940090083	-104.34501771375491	-112.7424563399282	-121.047235595119	-129.2351132392999	-137.27831471201222	-145.14540067403505	-152.80117293649351	-160.20662611996104	-167.31895328771714	-174.09161471938586	-180.47447990859422	-186.41405375103375	-191.85379869707666	-196.73456532399283	-200.9951442706399	-204.57295268875782	-207.40486819600306	-209.42822263835836	-210.58196662755344	-210.80801362424532	-210.05276906556617	-208.2688454225575	-205.41695781419963	-201.46798655513373	-196.40518239364172	-190.22647680203812	-182.9468431106976	-174.6006341663155	-165.24379828446143	-154.95584749579592	-143.84142074014864	-132.03125058638255	-119.6823069501119	-106.97685812053984	-94.12016299376882	-81.33649608124482	-68.86321934511702	-56.94266723627406	-45.81172356630141	-35.68916630105514	-26.761167966613005	-19.165792774589825	-12.977941568513414	-8.196940648897083	-4.739749813554777	-2.4433299241569557	-1.079572101597443	-0.3845495924469693	-0.09971810077173593	-0.015628889460772163	-0.0010052845198648432	-9.7841217918664e-6	-2.8088578811039756e-10	0.	0.	0.	0.	0.	0.	0.	0.	0.	0.	0.	0.	0.	0.	0.	0.	0.	0.	0.	0.	0.	0.	0.	0.	0.	0.	0.	0.	0.	0.	0.	0.	0.	0.	0.	0.
-1.1983844583096652	-9.587625014771387	-17.97935822509333	-26.37545472236738	-34.77721852545339	-43.18512331457873	-51.59854964323438	-60.01552361910285	-68.4324577827675	-76.84389515933547	-85.24225775665269	-93.61760113643919	-101.95737709341111	-110.24620694410204	-118.4656684534815	-126.59410001356528	-134.60642633588614	-142.47401062664773	-150.16453897490527	-157.64194350008847	-164.86637166119021	-171.7942100179456	-178.37817163518824	-184.56745721210376	-190.30800086676612	-195.54281227199937	-200.21242746810626	-204.25548110416133	-207.6094129975733	-210.2113216465173	-211.99897655243916	-212.91199975310894	-212.8932246423766	-211.89023673188814	-209.85709625159996	-206.7562360308139	-202.56051970966104	-197.255434510471	-190.84137925883329	-183.33599164390944	-174.7764385310739	-165.22156925850766	-154.75380425227593	-143.48060033256806	-131.5353006842567	-119.07714343420399	-106.29017121582214	-93.38075995113364	-80.57347582291177	-68.10498588487037	-56.2158050237994	-45.139779977751374	-35.091414592049595	-26.251457295575115	-18.751627492625932	-12.65996345495823	-7.969003401170934	-4.5897559597388184	-2.3549200106927692	-1.0345855167051605	-0.36590190528192346	-0.09400518513915987	-0.014546913112524488	-0.0009181237603289432	-8.651560676100812e-6	-2.3056830869273884e-10	0.	0.	0.	0.	0.	0.	0.	0.	0.	0.	0.	0.	0.	0.	0.	0.	0.	0.	0.	0.	0.	0.	0.	0.	0.	0.	0.	0.	0.	0.	0.	0.	0.	0.	0.
-1.165337981027959	-9.323547319545455	-17.485626311783456	-25.654669780238613	-33.833241044842495	-42.023123835530185	-50.22507528942571	-58.438578685263934	-66.66159808980252	-74.89033463352285	-83.11898573917051	-91.33950856069649	-99.5413893057954	-107.7114205364806	-115.83348901866975	-123.88837722549596	-131.85358218976614	-139.70315605074725	-147.40757334643484	-154.93363085970236	-162.24438663518484	-169.29914562792717	-176.0535003166081	-182.45943549352802	-188.46550730662113	-194.01710744315278	-199.05682406820054	-203.5249117095957	-207.35988264599564	-210.49923242051185	-212.88031176254157	-214.44135632496793	-215.12268407488142	-214.8680677246981	-213.62628602911565	-211.35285285885874	-208.01191634721252	-203.57831183968318	-198.03974139553753	-191.399038899184	-183.67646302505523	-174.91194006902577	-165.16715482034027	-154.52736023860876	-143.1027461353712	-131.02917434858324	-118.46805494951559	-105.60510805632754	-92.64773392460296	-79.82070775687143	-67.35993606242104	-55.504073475120464	-44.48392245546656	-34.5097475020234	-25.756957077046017	-18.35106393056421	-12.35343568750185	-7.750060279177624	-4.446260398902624	-2.270734652601707	-0.9919873951152698	-0.348366316516025	-0.08868104379552066	-0.013550933221705837	-0.0008393546941895137	-7.659880186725843e-6	-1.8962253256653502e-10	0.	0.	0.	0.	0.	0.	0.	0.	0.	0.	0.	0.	0.	0.	0.	0.	0.	0.	0.	0.	0.	0.	0.	0.	0.	0.	0.	0.	0.	0.	0.	0.	0.	0.
-1.1324993231163618	-9.061101154559587	-16.99480469947779	-24.937801463454292	-32.89378525060155	-40.86571970326146	-48.85560573126915	-56.8642489817706	-64.89102765641272	-72.93366117916894	-80.98798045695304	-89.04770075854952	-97.10419856750579	-105.14629414372413	-113.16004195880008	-121.12853165360035	-129.03170270506826	-136.84617658231838	-144.54511082199656	-152.09808015624327	-159.47099057818494	-166.62603302968978	-173.52168422756193	-180.11276299922247	-186.35055135632834	-192.18299037017437	-197.55496169269048	-202.40866624844557	-206.6841121509675	-210.3197242013881	-213.25308732192588	-215.4218358537094	-216.76469967676377	-217.22271643107365	-216.7406165420745	-215.2683840583053	-212.76299123369256	-209.19029803609405	-204.52709900769057	-198.7632887863376	-191.9041037548513	-183.97238037027125	-175.01075044833135	-165.0836699058197	-154.27915023191008	-142.71003183242982	-130.5146063557282	-117.85636325872376	-104.92260749643307	-91.9216755424915	-79.07847370707589	-66.62808694384029	-54.80727309455197	-43.84378636755578	-33.94368847276065	-25.27713179779829	-17.963557749973127	-12.057849298932155	-7.53967260786634	-4.3089172510512554	-2.1905286178205925	-0.9516259890397396	-0.3318648836732302	-0.0837152179703977	-0.012633257749927105	-0.0007680902911897687	-6.790347796094968e-6	-1.5623648002023346e-10	0.	0.	0.	0.	0.	0.	0.	0.	0.	0.	0.	0.	0.	0.	0.	0.	0.	0.	0.	0.	0.	0.	0.	0.	0.	0.	0.	0.	0.	0.	0.	0.	0.
-1.099917351792801	-8.800679635298941	-16.507640906816874	-24.225970698656372	-31.96037340647429	-39.71487068690685	-47.49258334680181	-55.29551272741206	-63.12432172535166	-70.97811576688424	-78.85422426500074	-86.7479833417907	-94.65252089407284	-102.5585454204693	-110.45414041546374	-118.32456657270009	-126.15207452810844	-133.9157314138165	-141.59126508937482	-149.15093056318915	-156.56340381840909	-163.79370900154987	-170.80318572274672	-177.5495040345839	-183.9867354939796	-190.06548954675054	-195.7331252820831	-200.9340493498712	-205.61011147380736	-209.7011094709878	-213.14541593393602	-215.88073865532238	-217.8450263708785	-218.9775303299894	-219.22003041700697	-218.51823184983465	-216.82333465289682	-214.09377288127334	-210.29711366875893	-205.4120972607173	-199.43078792610058	-192.36079166947385	-184.22747965408902	-175.07613594209278	-164.97392444087967	-154.0115429487304	-142.30440245817744	-129.99313857094882	-117.24323110851373	-104.24348121877804	-91.20307781157865	-78.34698485893409	-65.90940907960297	-54.12517883795425	-43.21899906837902	-33.39276680875528	-24.811461888412378	-17.588586838600918	-11.772720210321442	-7.3374260466098296	-4.177401858134457	-2.114073125964379	-0.9133606455893962	-0.3163258946208821	-0.07907993636951528	-0.011786957341408433	-0.0007035455134452868	-6.026881194812485e-6	-1.2896132017798856e-10	0.	0.	0.	0.	0.	0.	0.	0.	0.	0.	0.	0.	0.	0.	0.	0.	0.	0.	0.	0.	0.	0.	0.	0.	0.	0.	0.	0.	0.	0.	0.	0.
-1.0676374105929125	-8.542647569379785	-16.024828810362415	-23.520218416192222	-31.034419765520077	-38.572399027255614	-46.138281018266866	-53.7351441044738	-61.36481414797984	-69.02765765798634	-76.72237449246398	-84.44579068294834	-92.19265221856155	-99.9554209298521	-107.72407396072305	-115.4859087100192	-123.22535556549963	-130.92380124418275	-138.55942609468883	-146.1070593118659	-153.53805665971382	-160.82020599153333	-167.91766659775826	-174.79094918859073	-181.39694412486287	-187.68900632982673	-193.61710612754652	-199.12805603332174	-204.16582423330135	-208.67194608911933	-212.58604543180778	-215.84647759569071	-218.39110599832287	-220.15822348745797	-221.08762851753266	-221.12186432649818	-220.20762646928029	-218.29734010440066	-215.35090306914387	-211.33758372656132	-206.23805350594012	-200.0465226490025	-192.77293357737108	-184.44514920210702	-175.11105317008563	-164.84045540306656	-153.72666951372784	-141.88759937980302	-129.4661415689561	-116.6296806320454	-103.56842908179101	-90.49234859388514	-77.62639157218243	-65.20383388467846	-53.45754531581299	-42.60918320563653	-32.85651939203801	-24.359444167863245	-17.22565081712732	-11.497588130721024	-7.142929194456558	-4.05140936856823	-2.0411546237335214	-0.8770609010360848	-0.3016833124089506	-0.07474985264631881	-0.011005782505233014	-0.0006450246577517154	-5.355650997488677e-6	-1.0663603420796293e-10	0.	0.	0.	0.	0.	0.	0.	0.	0.	0.	0.	0.	0.	0.	0.	0.	0.	0.	0.	0.	0.	0.	0.	0.	0.	0.	0.	0.	0.	0.	0.
-1.0357013973425624	-8.287342085284724	-15.547009846824317	-22.821507366758205	-30.117233296234886	-37.43999266049897	-44.794806162792405	-52.18571816218511	-59.61560321156625	-67.08597117931566	-74.59677114595834	-82.14619446732326	-89.73047763053594	-97.3437058009319	-104.97761826915763	-112.62141736083943	-120.26158276869728	-127.88169371106895	-135.4622618137234	-142.9805781535788	-150.4105784963116	-157.72273140233574	-164.88395456313796	-171.85756546392844	-178.60327323459774	-185.07721934335376	-191.23207558900458	-197.01720863840757	-202.37892110777415	-207.260779864477	-211.6040427838803	-215.34819557534317	-218.43161042015012	-220.79233795163034	-222.36904344377035	-223.10209682549385	-222.93482414317089	-221.81492516409867	-219.6960577270518	-216.5395839481393	-212.31646619497104	-207.00929153656384	-200.614391830966	-193.14401240067474	-184.62846507509843	-175.11818104217116	-164.68555540101556	-153.42644877090217	-141.4611824499313	-128.93483375167983	-116.01660957008897	-102.89805259838496	-89.78982151465019	-76.91679190917165	-64.5112599989994	-52.8041112197324	-42.01395946838727	-32.334492027212406	-23.92059207684278	-16.874270460525572	-11.23201546375682	-6.955812261463434	-3.9306534162685027	-1.971573657193073	-0.8426056553955177	-0.28787627419270095	-0.07070181086613715	-0.01028409054672158	-0.0005919103820398962	-4.764746322628871e-6	-8.832823496834893e-11	0.	0.	0.	0.	0.	0.	0.	0.	0.	0.	0.	0.	0.	0.	0.	0.	0.	0.	0.	0.	0.	0.	0.	0.	0.	0.	0.	0.	0.	0.