18428.212427055623
18676.490853422656
19378.267108754502
20539.433182480498
22169.470889693126
24281.298652233847
26890.476399353647
30015.22609343863
33675.24308004539
37891.198983891925
42683.38714283185
48071.042440414894
54070.26953176694
60693.202117183464
67947.28933871097
75832.26245713921
84339.87114372451
93452.54755595303
103142.56557924996
113371.58481120542
124090.62779481948
135240.5263167337
146752.7745732341
158550.80874488395
170551.54572679472
182667.13329676582
194806.75005992255
206878.34475192858
218790.24461428888
230452.51543718696
241778.07926985444
252683.56743619175
263089.84706600755
272922.37643114023
282111.2838941071
290591.3750464403
298301.91477849253
305186.3925164348
311192.19598198985
316270.2725229884