88119.41205495025
88553.54675880734
89774.16721895854
91773.15850701056
94537.26185792798
98048.20389075672
102282.87778618398
107213.56739267925
112808.21150936467
119030.70150912202
125841.22012074842
133196.58631940285
141050.63036275507
149354.57322492835
158057.40803200187
167106.27893238823
176446.84844017075
186023.64776206997
195780.4150971292
205660.38789183545
215606.59819494333
225562.11668225323
235470.2777609026
245274.87255555837
254920.3157195255
264351.7836308438
273515.3295467121
282357.9738638426
290827.7752264392
298873.88249875023
306446.57093466376
313497.264241269
319978.5450565488
325844.15525701235
331048.98830683297
335549.074822595
339301.5625981893
342264.69353947125
344397.77591390896
345661.15560501866