371605.50659511326
371328.4280164056
370549.0815410115
369271.5375258044
367493.83798711427
365228.90609566186
362482.7773079131
359264.93419841776
355587.5435707684
351463.2887331114
346909.8669864934
341944.9203485094
336588.2185051196
330863.73622528923
324797.27066309116
318416.9604340983
311756.57178184605
304850.95616100024
297737.83294628427
290461.5293289973
283069.79170964874
275613.6802250996
268150.9300641891
260743.5287654056
253459.07042474655
246370.79621030338
239557.52102885855
233103.50573598023
227097.98440226552
221634.30758095672
216808.65772969695
212718.03012463305
209457.6880199337
207117.0808949179
205776.38059407176
205500.0865031425
206339.0114304602
208287.6160114713
211349.38133119588
215460.7827425379