2.0851338710231154e-12
2.2945317418091054e-11
4.382907185265108e-11
6.479270261016206e-11
8.580822088938386e-11
1.0690566380395551e-10
1.279899210440007e-10
1.495343168850518e-10
1.7106529005911215e-10
1.928017976321654e-10
2.1491756130262853e-10
2.370931880818703e-10
2.594968739437945e-10
2.818076925657589e-10
3.0476568561542443e-10
3.286966127653808e-10
3.5166889487828376e-10
3.7652419056488744e-10
4.018397305349821e-10
4.2693453697266186e-10
4.5181413026318546e-10
4.761058789141343e-10
5.054586650096747e-10
5.315437409711188e-10
5.611938558888928e-10
5.869335308069889e-10
6.178662811590463e-10
6.477201118477345e-10
6.797791252240502e-10
7.050493445251031e-10
7.388589999197638e-10
7.744627474784494e-10
8.063835932758967e-10
8.466971024043827e-10
8.759452100631843e-10
9.210228166801036e-10
9.549167567837029e-10
9.91200201445731e-10
1.0379642440417032e-9
1.070373361672589e-9
1.1131261787791267e-9
1.158363836539237e-9
1.2055085502725983e-9
1.2501143859046828e-9
1.2865443853783532e-9
1.3396173630261677e-9
1.388633984360387e-9
1.4712860104483433e-9
1.5050232387660527e-9
1.5644521039064452e-9
1.6000457154597442e-9
1.6787832597275008e-9
1.6405033331570268e-9
1.77388974894451e-9
1.854259324175387e-9
1.9120303258129595e-9
2.007341258748336e-9
2.0455833056545472e-9
2.1067500716833284e-9
2.182895582711648e-9
2.2676010952881524e-9
2.4040146562195347e-9
2.433812380480712e-9
2.5656748393217354e-9
2.5965698373913453e-9
2.7054088329645483e-9
2.795147893214893e-9
2.881029359727137e-9
2.9915585368900293e-9
3.089934570789853e-9
3.175408725059065e-9
3.2732816112178014e-9
3.4044726778760536e-9
3.4909925033552813e-9
3.630916910035379e-9
3.7944825627825815e-9
3.9478843450619695e-9
4.039408869654567e-9
4.099115101637475e-9
4.17115275740377e-9
4.4572053772454284e-9
4.6927029229453126e-9
4.7502047558167004e-9
4.850583648149243e-9
4.933317449192508e-9
5.16139560409973e-9
5.345313208286444e-9
5.475472552871934e-9
5.52940730240838e-9
5.816623970507808e-9
6.092497591821513e-9
6.155453223248641e-9
6.427644277111578e-9
6.669402033765002e-9
6.763467070218639e-9
7.134304491510462e-9
7.210573940962377e-9
7.573710131193422e-9
7.371084900068002e-9
8.10669114858174e-9
8.033831637557256e-9
8.458004860896248e-9
8.517518764122642e-9
8.707412308492199e-9
9.047811865614357e-9
9.452858932418978e-9
9.853229520818658e-9
9.793847352439782e-9
1.0151723868419527e-8
1.0477463643337666e-8
1.08327129320041e-8
1.0921007576997755e-8
1.1332402081829341e-8
1.1601863851849234e-8
1.2156800615229846e-8
1.2339327530832189e-8
1.2738953405393017e-8
1.2911812732359289e-8
1.3194848252232599e-8
1.4489742791122317e-8
1.3718726255364403e-8
1.456334113609323e-8
1.4624304713767174e-8
1.4613981455729353e-8
1.5389210064514794e-8
1.61029379497113e-8
1.614015890447947e-8
1.6191442928037833e-8
1.6615017267644904e-8
1.667065400314481e-8
1.715768234556797e-8
1.714974880762509e-8
1.7330828531500343e-8
1.739530492689371e-8
1.7211266387057734e-8
1.709018177380699e-8
1.7086913471329334e-8
1.6409670044807388e-8
1.5403053689720638e-8
1.3946194875923747e-8
1.2170360234686348e-8
9.940840628566588e-9
7.671936204751362e-9
7.143874203875175e-9
1.651455849516526e-8
3.115511881130438e-7
4.6902566448838756e-8
7.470990367273775e-9
2.6811248641310244e-9
1.2390234959855695e-9
5.804177168656951e-10
1.0065402489681369e-7
1.2362583576231478e-7
1.3107473155515037e-7
1.3230729397740368e-7
1.3124092003184786e-7
1.2855405025027534e-7
1.2510332502667055e-7
1.2121809986297036e-7
1.1748956592235063e-7
1.1407187098631397e-7
1.1067599389623235e-7
1.0806677758878094e-7
1.0392817019156023e-7
1.0260570511613042e-7
9.712598999813284e-8
9.58302758017139e-8
9.099727948692422e-8
9.098856426971569e-8
8.740584311788228e-8
8.64156860218357e-8
8.378445147329329e-8
8.17800753525134e-8
8.146223988802468e-8
7.727694394832762e-8
7.586409312805137e-8
7.461917895560367e-8
7.254375902399948e-8
6.995641377478874e-8
7.002748716852791e-8
6.856922334479435e-8
6.597103114056399e-8
6.561393277198915e-8
6.454481323477367e-8
6.35017969501034e-8
6.242305008094433e-8
6.037002468765151e-8
6.03777970855386e-8
5.905753266228247e-8
5.8853785675053184e-8
5.719879545374844e-8
5.586314970930632e-8
5.502612664602856e-8
5.443079897498337e-8
5.366734775116907e-8
5.2789982487692903e-8
5.190675644896525e-8
5.09047669033141e-8
5.116502580491199e-8
5.058018609199712e-8
4.932639707647499e-8