1.5487903766367513e-8
1.6841055995252402e-7
3.1175334208710127e-7
4.3765998369856486e-7
5.396161495176717e-7
6.125716458170078e-7
6.526654701169739e-7
6.566346514090135e-7
6.210778794935665e-7
5.418699242649668e-7
4.1479813384016387e-7
2.41930281602774e-7
6.365295932323069e-8
1.6017767337255145e-8
2.320600713241728e-8
3.589225348988453e-8
6.202608845746697e-8
1.312352114329226e-7
4.421597486512207e-7
0.000017609710655988968
9.173134392140624e-7
1.8151573124226159e-7
7.397269205594372e-8
3.940292177667137e-8
2.4149394439958098e-8
1.613142221044779e-8
1.1418475512621621e-8
8.424326917751418e-9
6.410125467042607e-9
4.994328911774894e-9
3.963935116779592e-9
3.192523537915027e-9
2.60126131214225e-9
2.1389356049371916e-9
1.7711002599427925e-9
1.4738687364740132e-9
1.2302009898094978e-9
1.0275760650614728e-9
8.564280438201085e-10
7.08901002079936e-10
5.771915317563784e-10
4.4638113092773525e-10
1.454768453835381e-7
2.114769047929116e-7
2.436780993569804e-7
2.615346461572318e-7
2.7110239600949624e-7
2.7535388223282727e-7
2.77058675124056e-7
2.7576329994908266e-7
2.7411047739633216e-7
2.7031838448422143e-7
2.666518310927107e-7
2.627433015728502e-7
2.582230222775962e-7
2.533546240649533e-7
2.484181682339982e-7
2.438627580548842e-7
2.3781819876756286e-7
2.341843562809392e-7
2.292584028449771e-7
2.2474730353316715e-7
2.2053646104259643e-7
2.1609776919750502e-7
2.1190983444268946e-7
2.0789054972815616e-7
2.038678050256901e-7
1.9988081980068346e-7
1.9597820694716454e-7
1.9218087252337076e-7
1.880665956205716e-7
1.8485128200492225e-7
1.820298478356736e-7
1.7849282579973924e-7
1.7537706478411483e-7
1.7236163986380693e-7
1.6915736775546614e-7
1.664166748544468e-7
1.6333707078543946e-7
1.6076123594912408e-7
1.5757885655393257e-7
1.5536063753955341e-7
1.5270369167085547e-7
1.5016616832566924e-7
1.477361779445258e-7
1.453278701992362e-7
1.428835709886215e-7
1.4076173248613003e-7
1.3829546949984615e-7
1.3636367864918306e-7
1.3414126289088864e-7
1.322013647228368e-7
1.3003779411591644e-7
1.2807583792990787e-7
1.2609931717167463e-7
1.2413581310315962e-7
1.2231321002422796e-7
1.203642325639047e-7
1.1870883480719302e-7
1.1690926198451861e-7
1.1526594899578417e-7
1.1332941992425159e-7
1.118902523547623e-7
1.1028601598620354e-7
1.0856321819725967e-7
1.0693993718677346e-7
1.0555178426393986e-7
1.0403375459108153e-7
1.023372244912391e-7
1.0090789964937507e-7
9.956871356726792e-8
9.829109856522028e-8
9.684610830659819e-8
9.541998228443925e-8
9.403702584431885e-8
9.262837435699804e-8
9.147265402078267e-8
9.029174641615265e-8
8.884516695611178e-8
8.763902002159728e-8
8.642853035066152e-8
8.519979456004076e-8
8.40856214502851e-8
8.29731118268599e-8
8.185633009510548e-8
8.061943608438976e-8
7.943938267999185e-8
7.848607503895362e-8
7.74478167010967e-8
7.63711928293666e-8
7.541519115914675e-8
7.432602889500021e-8
7.338702671816498e-8
7.241061188527821e-8
7.129892694704136e-8
7.046695636722399e-8
6.966461118422233e-8
6.860407997966947e-8
6.784882360834201e-8
6.68411592023355e-8
6.591730567862579e-8
6.513347662417005e-8
6.42963102953112e-8
6.34299096954921e-8
6.264036701399554e-8
6.177457606526648e-8
6.09760837164179e-8
6.023687109935847e-8
5.944652296781563e-8
5.8635542393416055e-8
5.7965125145717526e-8
5.725225509236783e-8
5.6552124983255336e-8
5.5895568241846794e-8
5.5049691199620054e-8
5.4330410420543794e-8
5.366173970030177e-8
5.301409583474303e-8
5.233491757949157e-8
5.165246193721814e-8
5.103711206397536e-8
5.0398657323733584e-8
4.978164944983795e-8
4.915795218400974e-8
4.8548963280100645e-8
4.796452191793534e-8
4.737355030838013e-8
4.680435033018783e-8
4.623105712675289e-8
4.5673061308133034e-8
4.511731360323779e-8
4.4570805034896e-8
4.403404958705909e-8
4.3505376775397107e-8
4.298158486973685e-8
4.2472715793119834e-8
4.196676386082837e-8
4.146813542739042e-8
4.0974186026288574e-8
4.0502229386993834e-8
4.001998675747416e-8
3.9554760033964614e-8
3.909986019559843e-8
3.8648687919227385e-8
3.8191721815762704e-8
3.7749622074173725e-8
3.7303115361210444e-8
3.687262504187709e-8
3.644965152681826e-8
3.604366768618902e-8
3.5625376356294626e-8
3.52153904937725e-8
3.481708016260178e-8
3.442231929263973e-8
3.4039873083508014e-8
3.365924002520338e-8
3.3278700092958035e-8
3.290698751707007e-8
3.252932220084912e-8
3.218250485953539e-8
3.1835412545621725e-8