5.381784546739664e-13
5.921995720337584e-12
1.131207996654894e-11
1.671643686978112e-11
2.2140243211830698e-11
2.7587865242754133e-11
3.307313359012017e-11
3.8606172052928906e-11
4.415296939126408e-11
4.9778575447676254e-11
5.542377284534215e-11
6.11722126393157e-11
6.701547221418077e-11
7.286611744695818e-11
7.886872992026096e-11
8.492007869775534e-11
9.102922626105613e-11
9.73018772313245e-11
1.037671775772014e-10
1.1022141988205172e-10
1.1682091909531422e-10
1.2347576012218867e-10
1.3050925486937144e-10
1.37730118590675e-10
1.4483863189448913e-10
1.5222673662292346e-10
1.5977945517851593e-10
1.6719728463855509e-10
1.753799707840513e-10
1.83612266938412e-10
1.9178238753686865e-10
1.9899383306237607e-10
2.091514169986682e-10
2.19015339900223e-10
2.2750461388261992e-10
2.371269916925806e-10
2.466766230962544e-10
2.570988927800534e-10
2.673477517702856e-10
2.7706995879630397e-10
2.886346207516486e-10
2.9986460082797006e-10
3.1148659785680505e-10
3.2474704410816055e-10
3.363865618078688e-10
3.4709741094716705e-10
3.6186962811021885e-10
3.7670010750702154e-10
3.9148501020189107e-10
4.042727801811452e-10
4.192566501469261e-10
4.340891855148194e-10
4.5124808485175964e-10
4.663416250851434e-10
4.844553204218666e-10
5.002097969030878e-10
5.178554805112598e-10
5.34892065317515e-10
5.596747675399606e-10
5.771827690651906e-10
5.986362111593087e-10
6.185917109620444e-10
6.361689769379597e-10
6.635420761782772e-10
6.875703165322567e-10
7.142536227251486e-10
7.35104025169029e-10
7.551095124057058e-10
7.917975261717621e-10
8.0491986458529e-10
8.343359751584455e-10
8.744866114905674e-10
9.006522939716384e-10
9.287190402913524e-10
9.596854303233922e-10
9.992252940994252e-10
1.0367181233192583e-9
1.0710910745600032e-9
1.1060421919103112e-9
1.1309935805681123e-9
1.1769134311971806e-9
1.221667286858144e-9
1.2622798988955301e-9
1.2921862338092606e-9
1.3451596749913103e-9
1.3948074490177767e-9
1.4379989510194882e-9
1.4770572574793928e-9
1.552228500045871e-9
1.5979607779492955e-9
1.6209794406916393e-9
1.6968557561929325e-9
1.745217445663653e-9
1.8489573811878854e-9
1.813203201500149e-9
1.93099128373195e-9
1.9935692874505658e-9
2.0626226900904967e-9
2.1278230236862332e-9
2.1725621888694338e-9
2.192578279799327e-9
2.319733807903321e-9
2.393236190180373e-9
2.512855196657807e-9
2.5997581325914045e-9
2.685039567563342e-9
2.743892087346148e-9
2.8331704363764145e-9
2.9628796885298458e-9
2.970798355252739e-9
3.0988386816344803e-9
3.205995005419318e-9
3.3773174484661123e-9
3.4569344240625162e-9
3.5794028947927818e-9
3.697745469932273e-9
3.73014348212922e-9
3.916057741452958e-9
4.049442262464795e-9
4.168408074447119e-9
4.243903914900272e-9
4.446455013667915e-9
4.597099771398565e-9
4.722563559959787e-9
4.8366170932174764e-9
4.993005275623052e-9
5.147016919701938e-9
5.333427699435426e-9
5.363687660195605e-9
5.64353212999575e-9
5.7543927882199795e-9
5.949370395596344e-9
6.026951794454071e-9
6.32340639677837e-9
6.371873049369922e-9
7.320475326378971e-9
6.948617933889327e-9
7.058482456532078e-9
7.3301844905314515e-9
7.539247571335917e-9
7.52137894736457e-9
7.851927496183071e-9
8.028422791728396e-9
8.207083973478117e-9
8.306906405727004e-9
8.689156536441671e-9
9.032322408021575e-9
9.31335634378015e-9
9.55424035929386e-9
9.546037826722054e-9
9.839469669758785e-9
9.972512137640345e-9
1.031621662173851e-8
1.051378664054876e-8
1.0699565412819588e-8
1.094988775751507e-8
1.1072272757012223e-8
1.124370911157622e-8
1.1274151488703088e-8
1.1245730745550097e-8
1.1249681597356246e-8
1.1115666689392945e-8
1.0884913305299338e-8
1.0467583099364496e-8
9.930563701024208e-9
9.010916956028912e-9
7.851824104090213e-9
6.446556631586789e-9
5.145935701535718e-9
5.362856002845462e-9
1.3999208567421571e-8
4.439146566863023e-7
2.7836381762691912e-8
4.928492613777199e-9
1.7772525105567737e-9
7.687530641065239e-10
8.648133521380491e-8
1.1232541237004741e-7
1.191541897912145e-7
1.1966932477958673e-7
1.1759916590188469e-7
1.1456677847097675e-7
1.1100546934601386e-7
1.0697411188166477e-7
1.037043816076356e-7
1.005879399326225e-7
9.600529817860584e-8
9.33671488691085e-8
9.054223737842122e-8
8.716299666905651e-8
8.532991300871331e-8
8.179730338153441e-8
7.647224293163727e-8
7.767790573591115e-8
7.649320973105336e-8
7.346973567569527e-8
7.175425753220307e-8
6.983153584516726e-8
7.055949842038195e-8
6.743574825872462e-8
6.450420553976583e-8