3.1131515304260933e-9
3.419865289724785e-8
6.505507681431948e-8
9.547588525360554e-8
1.2526530407980072e-7
1.542515018326904e-7
1.8224199604897956e-7
2.091173521843298e-7
2.3468922602859842e-7
2.589695617792806e-7
2.818084078463608e-7
3.027952313260327e-7
3.225896917414312e-7
3.4093473300312485e-7
3.5720835600523453e-7
3.7118093529020987e-7
3.845813159173914e-7
3.955293808000055e-7
4.056159077763697e-7
4.12552128574062e-7
4.176921536865416e-7
4.209853789925882e-7
4.2259121138714533e-7
4.212917754864083e-7
4.16118833914279e-7
4.0766159517475677e-7
3.9444538850448275e-7
3.7502667108945995e-7
3.474803925830007e-7
3.088355176898857e-7
2.5549560121575545e-7
1.8419991878291704e-7
9.879391682656825e-8
3.333965414403749e-8
4.384814151149014e-8
1.2554385141355888e-7
1.347221643097773e-6
7.878075897133285e-7
1.00494654461989e-7
3.650029300020788e-8
1.8375724663660363e-8
1.0863276558116959e-8
7.062094055089236e-9
4.885032590852822e-9
3.5277350043622554e-9
2.627345645079798e-9
2.0008352445068425e-9
1.5477600388171022e-9
1.2091262756179891e-9
9.480807559356859e-10
7.397390379524625e-10
5.636680259712264e-10
4.6031333020205436e-8
1.6363109054159705e-7
2.0493449035493886e-7
2.2674800387665276e-7
2.3827786519948917e-7
2.4429833884837284e-7
2.46350196523058e-7
2.467445937786065e-7
2.451372295209831e-7
2.4221677999017783e-7
2.392040408030584e-7
2.3502104546197304e-7
2.3085890915527165e-7
2.2682743732136228e-7
2.2163507799474157e-7
2.1807499228472896e-7
2.135859113217833e-7
2.0902158693191437e-7
2.0496751090978844e-7
2.0104234101973984e-7
1.9701689224889253e-7
1.9299861439695934e-7
1.890344773467739e-7
1.8512346788146133e-7
1.8124969121814879e-7
1.780745576542509e-7
1.7445376761081622e-7
1.7083321485817309e-7
1.6822492336429712e-7
1.6457128675542012e-7
1.6193323896391734e-7
1.5885990095329843e-7
1.5595509142337362e-7
1.5328291565904893e-7
1.5025162934924017e-7
1.4784390695898176e-7
1.451988673949188e-7
1.4271363767197042e-7
1.402930122642209e-7
1.3805881289673876e-7
1.354197860197846e-7
1.335584602896627e-7
1.313803375484685e-7
1.2894906957837253e-7
1.2691367896682163e-7
1.2432755661973102e-7
1.230612411436369e-7
1.207361421352018e-7
1.1899801436203411e-7
1.1716811304292348e-7
1.153507894702172e-7
1.1389510491878763e-7
1.1165522608074257e-7
1.1040479228566896e-7
1.0912115636330295e-7
1.0681865329238854e-7
1.0553366740893724e-7
1.0417815256410519e-7
1.0263792778037934e-7
1.0086775461229086e-7
9.88991335854115e-8
9.750766209070441e-8
9.638962460907736e-8
9.511069470030662e-8
9.37105399446758e-8
9.30285837003905e-8
9.122411325744495e-8
8.96684787953206e-8
8.826929229441826e-8
8.758540162283959e-8
8.610659764656576e-8
8.499182666269097e-8
8.394059322524856e-8
8.298743921027278e-8
8.168715372167164e-8
8.03219487156131e-8
7.932014373464408e-8
7.832287211743972e-8
7.743223975387734e-8
7.682275662737504e-8
7.509710534297056e-8
7.423684594106772e-8
7.332421122116303e-8
7.219885681832613e-8
7.114579028700241e-8
7.032948567939304e-8
6.960570542301847e-8
6.865113195592827e-8
6.778138156426047e-8
6.683511638051558e-8
6.597642020896849e-8
6.559039940149867e-8
6.428191114506236e-8
6.351738165365582e-8
6.282888193330773e-8
6.186350489429038e-8
6.124893040403252e-8
6.053888835850565e-8
5.966459724314118e-8
5.889263804029135e-8
5.810288641466179e-8
5.7098898862171915e-8
5.6675043650693834e-8
5.601742925711226e-8
5.52222145724491e-8
5.456629942763928e-8
5.3908732489036024e-8
5.317401697814872e-8
5.258178543265932e-8
5.195355420530546e-8
5.1304294300631285e-8
5.067140942481559e-8
5.001661660410236e-8
4.9458380461084774e-8
4.882546174177399e-8
4.812752292194389e-8
4.77075880632465e-8
4.709312789560972e-8
4.6547151899750853e-8
4.601891749191899e-8
4.546695981542751e-8
4.49419915762122e-8
4.442551893648641e-8
4.38603300538916e-8
4.335391336061307e-8
4.284802829732582e-8
4.23549183306403e-8
4.186062819987687e-8
4.1373117412637987e-8
4.0889012967200115e-8
4.041922942048286e-8
3.9965848405222315e-8
3.95061212483597e-8
3.9050494016976705e-8
3.86067145920874e-8
3.816989344990827e-8
3.773532161343435e-8
3.731556118537129e-8
3.689314259782475e-8
3.6472545007875536e-8
3.607040260434186e-8
3.567215706356884e-8
3.527304412175249e-8
3.488459643548664e-8
3.450063170828199e-8
3.4112871345307094e-8
3.3740103178437337e-8
3.3371306100798026e-8
3.3006788089109406e-8