1.9764631138335016e-12
2.1746197168794742e-11
4.153193444107694e-11
6.142855490294974e-11
8.13206377356878e-11
1.0128238291776292e-10
1.2144545551055862e-10
1.4169975080775403e-10
1.6226582338556605e-10
1.830664668572715e-10
2.0360306623861472e-10
2.2468692836459667e-10
2.4596966025621957e-10
2.6749756133701943e-10
2.892655021508584e-10
3.1123306692195956e-10
3.337601637191404e-10
3.5621938905811193e-10
3.80051914698237e-10
4.0405890703817156e-10
4.283642348207075e-10
4.522950788278322e-10
4.792815243751943e-10
5.041988352088812e-10
5.30141854348564e-10
5.599795587386789e-10
5.853199250629343e-10
6.118198725983378e-10
6.418825857108043e-10
6.66201552500709e-10
7.028706000963624e-10
7.325136206125141e-10
7.67301265580493e-10
8.000335057273621e-10
8.317558780332642e-10
8.692933269059565e-10
9.030002304499039e-10
9.40216798135952e-10
9.799475580800356e-10
1.0231765717992192e-9
1.0591123444500197e-9
1.0962910101415462e-9
1.1396941972165897e-9
1.186985734222088e-9
1.2112577183594291e-9
1.2711953535749595e-9
1.3180209433854286e-9
1.382600219926611e-9
1.4209453034239447e-9
1.4787714893517963e-9
1.5236281343782988e-9
1.5800099812714967e-9
1.627349468665827e-9
1.7246219092595013e-9
1.768522480881652e-9
1.8229229131149513e-9
1.850222102589675e-9
1.972632611834308e-9
2.0027230075970596e-9
2.0686125581838805e-9
2.159239249735043e-9
2.2264084494579753e-9
2.3305585583991537e-9
2.4001366593186e-9
2.5052170123178667e-9
2.5691505771178555e-9
2.632133762767212e-9
2.721765945400502e-9
2.840853972331559e-9
2.918918045110259e-9
3.08755350559383e-9
3.1697597590444093e-9
3.2111941971115586e-9
3.371804498319034e-9
3.460714433778471e-9
3.5019757064269438e-9
3.720473988828512e-9
3.801061457277534e-9
3.8945713219101195e-9
4.0113212612909055e-9
4.326461267969438e-9
4.4124451910906904e-9
4.5683775008697344e-9
4.789133013286604e-9
4.79259843723685e-9
4.887584052685027e-9
5.096999546780303e-9
5.357936478068586e-9
5.412451562379892e-9
5.606152870349994e-9
5.696230713852276e-9
5.971199400778124e-9
6.272860445493503e-9
6.309163750150348e-9
6.513079702409732e-9
6.609622263813323e-9
6.897170473648657e-9
7.138976353971092e-9
7.378869199209232e-9
7.698037192416493e-9
7.777856424036637e-9
8.13088818056941e-9
8.07080678097479e-9
8.58120319531854e-9
8.893903967655507e-9
8.986669287487322e-9
9.310268317525695e-9
9.334538459758261e-9
9.833569487777026e-9
1.0043630293044076e-8
1.0124295710718262e-8
1.1274294359062095e-8
1.0671819519187134e-8
1.109297900715672e-8
1.1436271229672568e-8
1.1849993756195398e-8
1.1889590738886462e-8
1.2407570892001843e-8
1.2718818015675606e-8
1.3207801893331124e-8
1.351643954658991e-8
1.3594226541605261e-8
1.4222597351932735e-8
1.3655864611664965e-8
1.4510791234155154e-8
1.4846968217887937e-8
1.5165082107126384e-8
1.5300563106743997e-8
1.5786929300585035e-8
1.6248715438698296e-8
1.6535508550311716e-8
1.6738856984135777e-8
1.6908890741993557e-8
1.7093368780448135e-8
1.705235167562626e-8
1.6834231392101555e-8
1.6848307480517994e-8
1.6772241879648e-8
1.606356239841277e-8
1.50999661543011e-8
1.3700073839204141e-8
1.1950531752968769e-8
9.762405010586337e-9
7.543756541790491e-9
7.057908360879111e-9
1.640799528291603e-8
3.1581530692836563e-7
4.5824943008893694e-8
7.339390711329591e-9
2.6355553679484442e-9
1.2162885218295361e-9
5.619033124007398e-10
1.0176038775339183e-7
1.2371119744825485e-7
1.3065285859178585e-7
1.3181780416384584e-7
1.3052110345208447e-7
1.276873134849295e-7
1.249384613237962e-7
1.2064371174822527e-7
1.1716266472561388e-7
1.1304796857323273e-7
1.102706264314272e-7
1.0597314869278805e-7
1.0348069219735436e-7
9.94721589268885e-8
9.677665939540341e-8
9.49316771460242e-8
9.230158369343747e-8
8.891086754723849e-8
8.69280563130312e-8
8.505220305546485e-8
8.342536683162588e-8
8.116489181157757e-8
8.018523591686396e-8
7.704504294633589e-8
7.597301175659318e-8
7.384857969451084e-8
7.219693522181066e-8
6.992770999246116e-8
6.949461136592577e-8
6.856586525951245e-8
6.630065414125507e-8
6.58555843218789e-8
6.389226831412588e-8
6.314048158499679e-8
6.214188019912646e-8
6.125099517234122e-8
5.999933022144407e-8
5.8820699950815746e-8
5.7579034855286284e-8
5.6875365707318904e-8
5.598581445506094e-8
5.329591688814171e-8
5.382686147327506e-8
5.3018073622606015e-8
5.32009286515548e-8
5.18774864254672e-8
5.063883863519905e-8
4.9489847936707944e-8
4.966385505890655e-8