1.0493957654624086e-12
1.1547275704678234e-11
2.205513579902376e-11
3.259037129115734e-11
4.317001621488715e-11
5.379152666281626e-11
6.446771657279405e-11
7.526942760531476e-11
8.608248690008388e-11
9.700825104510807e-11
1.0809244971965031e-10
1.1936784919493684e-10
1.3056880804534168e-10
1.4193724160297926e-10
1.536952320725995e-10
1.655577187725599e-10
1.7695745363962565e-10
1.892609115791651e-10
2.0211739562711827e-10
2.1456167039997608e-10
2.278263608175554e-10
2.403463794894352e-10
2.540203462514334e-10
2.674300881504406e-10
2.8285403940854654e-10
2.9647359652743067e-10
3.111917364835892e-10
3.2649600386513477e-10
3.420324939386419e-10
3.574781686543725e-10
3.7275147241924786e-10
3.9029379706248666e-10
4.0629087885920295e-10
4.247763584911058e-10
4.429927384328119e-10
4.613123427937782e-10
4.812720271186864e-10
5.018910638856543e-10
5.223714922068722e-10
5.418104903422386e-10
5.616996890221765e-10
5.85815660502538e-10
6.077363035104937e-10
6.305438687190634e-10
6.47412847871167e-10
6.714227590832133e-10
7.056417356845824e-10
7.328124006397403e-10
7.587605988008152e-10
7.929413093757528e-10
8.183888847568465e-10
8.467694296494625e-10
8.729382553361324e-10
9.032006414539071e-10
9.3363613817259e-10
9.676571086055845e-10
1.0041423265100115e-9
1.0489943576459905e-9
1.087211337238756e-9
1.1125719979663366e-9
1.158744440714196e-9
1.1923756321379032e-9
1.2476111737153392e-9
1.3015011341399674e-9
1.333574129371193e-9
1.3732219458561547e-9
1.4164992453979622e-9
1.462645477681622e-9
1.5286721564060561e-9
1.584662361290949e-9
1.611055028554973e-9
1.7084252065008025e-9
1.7470506017604702e-9
1.812887518714974e-9
1.877169267910015e-9
1.877331087325991e-9
1.975247255176825e-9
2.0348892916950247e-9
2.1204487069676302e-9
2.2099281532988623e-9
2.2426250417042195e-9
2.3306313962868167e-9
2.408244207704995e-9
2.4979770322300813e-9
2.5920131455233058e-9
2.6927328159143385e-9
2.802079651817278e-9
2.834395609662064e-9
2.951549112637991e-9
3.0318154507713354e-9
3.1338960783480145e-9
3.2414649283467724e-9
3.3491722598901844e-9
3.4715887304388776e-9
3.7005916905398568e-9
3.6911283811281197e-9
3.76864861921759e-9
3.8807672509500885e-9
4.044134455453112e-9
4.218516305437138e-9
4.372976292601191e-9
4.5489555440948765e-9
4.601100190500587e-9
4.767273555048535e-9
4.96293689319056e-9
5.101236611212403e-9
5.29974480605101e-9
5.3631672828028036e-9
5.485878229673099e-9
5.6801367189485646e-9
5.794573132758248e-9
6.00393655547451e-9
6.310179092840828e-9
6.3637221652662864e-9
6.457286504241782e-9
6.8441645599333955e-9
7.013620741336646e-9
7.243405952091003e-9
7.450043928165116e-9
7.3928543606128475e-9
7.970773912439195e-9
8.090374005284419e-9
8.425475728818902e-9
8.417990294235668e-9
8.756850487063194e-9
8.92983644733663e-9
9.08255867650096e-9
9.443642565610064e-9
9.580188473127962e-9
9.993815647255866e-9
1.0199443739555085e-8
1.0532601813332966e-8
1.1031888240727003e-8
1.126685733342363e-8
1.1692446919599303e-8
1.1093022775798124e-8
1.1849321890475471e-8
1.2423458405175398e-8
1.2438636596709897e-8
1.2530458645702046e-8
1.3038301848351322e-8
1.3139524731658543e-8
1.3475478846116395e-8
1.3772356451541856e-8
1.399592518788208e-8
1.4007235069388352e-8
1.3936583706517454e-8
1.3881805476491516e-8
1.3740278975242536e-8
1.3434655911728794e-8
1.2931197032696979e-8
1.2172500621682012e-8
1.1111861807162407e-8
9.686997476277023e-9
7.93022108905863e-9
6.223187929514847e-9
6.1472730844526935e-9
1.5191484199043583e-8
3.7172853658355863e-7
3.543490035222607e-8
6.000800721432784e-9
2.1648970416275112e-9
9.771065566919187e-10
6.298866449843835e-8
1.0994780666572863e-7
1.225539258788184e-7
1.2569031833195809e-7
1.249863840455009e-7
1.2225914705389534e-7
1.1909340222698881e-7
1.1541628068292497e-7
1.1190167205232487e-7
1.0807762873677682e-7
1.0509889037217585e-7
1.0144973992930145e-7
9.799665096937432e-8
9.567238923685641e-8
9.191497966336115e-8
8.988637553710112e-8
8.531250798618139e-8
8.468727352891667e-8
8.258961890676208e-8
8.062688707282919e-8
7.825614109494893e-8
7.573993518568855e-8
7.462979102410916e-8
7.314233108927792e-8
7.1034312552901e-8
6.901853886213494e-8
6.83872625238832e-8
6.718730564602565e-8
6.550328234075747e-8
6.333308030760285e-8
6.249941261799792e-8
6.05739610424463e-8
6.022670243998787e-8
5.9246629232272176e-8
5.799995151065819e-8
5.6955159193939136e-8
5.548734912917668e-8
5.536992341089558e-8