1.355987097530677e-13
1.4919114242853457e-12
2.8499418275161636e-12
4.2111378645583805e-12
5.577601123265135e-12
6.949851883949235e-12
8.32980649862426e-12
9.719413736193749e-12
1.1121251517463997e-11
1.2535466768545232e-11
1.396120166201844e-11
1.5269036062414967e-11
1.6874478394749894e-11
1.8353398181356493e-11
1.9851688918409745e-11
2.1378716567948836e-11
2.292732456319589e-11
2.4494393775372585e-11
2.6103615912977306e-11
2.7732932911265784e-11
2.939385846583846e-11
3.110679098869568e-11
3.283953357134066e-11
3.462649674736879e-11
3.6446216973105077e-11
3.8275654368947124e-11
4.017181641847379e-11
4.2107664934692126e-11
4.410160483359674e-11
4.614180740318205e-11
4.8243890507495704e-11
5.039756031798567e-11
5.2590047891444304e-11
5.4709659235932856e-11
5.7183594267847955e-11
5.959524194613551e-11
6.202283231508474e-11
6.460593515329298e-11
6.719505151795874e-11
6.989840367241555e-11
7.263295768263315e-11
7.546627599307631e-11
7.842717381824464e-11
8.148544204943728e-11
8.457353070857981e-11
8.777542800265477e-11
9.10576443236804e-11
9.454898584163389e-11
9.804206266324097e-11
1.0162307121372257e-10
1.0541170191323011e-10
1.0926667423385013e-10
1.1331671587460498e-10
1.172853778038055e-10
1.2144459351993704e-10
1.260790021501314e-10
1.301247169700859e-10
1.352614006761262e-10
1.3868404376600357e-10
1.4493410168421526e-10
1.501506673226077e-10
1.554612229437789e-10
1.6074179366585348e-10
1.6656871685453212e-10
1.7260420569668193e-10
1.78701413151026e-10
1.8510164116690597e-10
1.9109802311221216e-10
1.9791049880399935e-10
2.0399639894674967e-10
2.1150137045546474e-10
2.1872897083225538e-10
2.2642420028649605e-10
2.35058368969534e-10
2.428281545671553e-10
2.5068389220651836e-10
2.5956155010656517e-10
2.694650479649834e-10
2.774992608289569e-10
2.874796402633303e-10
2.9712181015656136e-10
3.0867466642614766e-10
3.19198111003284e-10
3.3022752024808917e-10
3.4103285033299643e-10
3.51805360006375e-10
3.6531242960636333e-10
3.7551093137478936e-10
3.8886608669206547e-10
4.032023086991952e-10
4.1763399905858576e-10
4.306217222899842e-10
4.4640805343027614e-10
4.5740976540688995e-10
4.762970996755842e-10
4.942435287019264e-10
5.050524173946551e-10
5.274248774861609e-10
5.460350274780309e-10
5.679465764628711e-10
5.803885390934421e-10
6.047520865370207e-10
6.249016783250862e-10
6.448872239522221e-10
6.644762704678073e-10
6.901047105561527e-10
7.135038845895601e-10
7.360091371907936e-10
7.612374603727225e-10
7.85175917069876e-10
8.054045007588635e-10
8.407831980123717e-10
8.58554492667009e-10
8.94087726445887e-10
9.249628065756387e-10
9.58253709631687e-10
9.902132002063779e-10
1.0398964169653414e-9
1.0653542530792499e-9
1.1004965208268374e-9
1.139559232583216e-9
1.1954244639635211e-9
1.2025191071609729e-9
1.2372010709739529e-9
1.2750136364885536e-9
1.3315565299516608e-9
1.364697582344484e-9
1.41760332958504e-9
1.4727193128377706e-9
1.520699611101645e-9
1.5855738808681716e-9
1.6111589249158657e-9
1.6465436895337506e-9
1.714652813941028e-9
1.7828272606918404e-9
1.825190166056263e-9
1.8894068509388105e-9
1.9345410961066554e-9
2.0293758878042912e-9
2.180406378345026e-9
2.1639596636494094e-9
2.2252984092979337e-9
2.2871506745953653e-9
2.4385596239985264e-9
2.4149503729643175e-9
2.5426077051462296e-9
2.633882944982724e-9
2.7536415890183007e-9
2.7865857869122593e-9
2.881222276489049e-9
2.9431141997626338e-9
2.839625181030148e-9
3.1616428547635767e-9
3.2317338934881414e-9
3.325442676620411e-9
3.4364644167737307e-9
3.5738686467904658e-9
3.6636696570571236e-9
3.762261519629605e-9
3.925528086486529e-9
3.9663055802705955e-9
4.149501996642693e-9
4.155526622491886e-9
4.312842740380317e-9
4.403693619872045e-9
4.6215210204553885e-9
4.732100043302787e-9
4.975779445451285e-9
5.043208223182397e-9
5.190774004030354e-9
5.392470401805376e-9
5.520286594684248e-9
5.716429050551343e-9
5.831265962897599e-9
6.021801977314936e-9
6.181874090809096e-9
6.290923643671495e-9
6.535190989920735e-9
6.582649542922696e-9
6.7396251883521074e-9
6.914299733654998e-9
6.9874421056668955e-9
7.148068742459356e-9
7.2757110873288005e-9
7.390891615069012e-9
7.476085129584006e-9
7.581211538547121e-9
7.5867989848967e-9
7.550880754649945e-9
7.495409903411622e-9
7.3091548569803894e-9
7.033799667357439e-9
6.616066740964483e-9
6.0308574092736166e-9
5.2578952294900265e-9
4.351107982825087e-9
3.6050761838563008e-9
4.146420268747277e-9
1.1829826085066036e-8
6.576709366170855e-7
1.815014633896005e-8