4.997947430005317e-12
5.5003761749078346e-11
1.0507208640864691e-10
1.552418058142131e-10
2.0550457490947625e-10
2.5618990793625224e-10
3.0699904953329026e-10
3.573830118314035e-10
4.099784209034972e-10
4.6232338883764887e-10
5.149556360367705e-10
5.666792345752816e-10
6.217318393826587e-10
6.758034812450763e-10
7.318881514706492e-10
7.859760206883467e-10
8.449157390948165e-10
9.049482382865885e-10
9.59848432774566e-10
1.018414168323503e-9
1.0794564114134164e-9
1.146247038958436e-9
1.2077675059475402e-9
1.2706956064454827e-9
1.3329884547266427e-9
1.4137762838432495e-9
1.4835696676967675e-9
1.5506537554405625e-9
1.623270198476631e-9
1.6980651021426135e-9
1.7673005721668337e-9
1.8500404839301653e-9
1.9273268521663497e-9
2.0085995083155926e-9
2.094628556549251e-9
2.180651785459138e-9
2.258415357528929e-9
2.4065173539250635e-9
2.4356799378847835e-9
2.5813625990001643e-9
2.6414049847840117e-9
2.748116625605501e-9
2.818403949841348e-9
2.9421737863777034e-9
3.080664205367044e-9
3.1585457874228374e-9
3.323711607739175e-9
3.4321063960005083e-9
3.7016008046576125e-9
3.735953565026126e-9
3.835141309930896e-9
3.916739255815258e-9
4.072421963519473e-9
4.177789394377197e-9
4.159813463549596e-9
4.3237771663802545e-9
4.830295878056324e-9
4.666542100878247e-9
4.98253085387664e-9
5.124953449165631e-9
5.462123088667936e-9
5.612960881229164e-9
5.7679081498365256e-9
5.936386343287339e-9
6.189952648077804e-9
6.295931349064381e-9
6.605748777173773e-9
7.018154663122035e-9
6.8866213068819325e-9
7.165055132523221e-9
7.47662638833771e-9
7.704530275950884e-9
7.913902280902626e-9
8.152572571549154e-9
8.520359589902181e-9
9.058012547769361e-9
8.858605182705799e-9
9.239696133191177e-9
9.504791647767127e-9
9.335215786758762e-9
9.684297946958324e-9
1.0308527362139468e-8
1.0820388956704416e-8
1.0967039021804683e-8
1.1172841183932957e-8
1.2364266923619848e-8
1.213851837901413e-8
1.1779926983857908e-8
1.1942220171283649e-8
1.306461948584914e-8
1.3165448623040418e-8
1.3714923234505911e-8
1.3959345490515243e-8
1.5055238055693447e-8
1.492041046295661e-8
1.5152823267621694e-8
1.5842231401619916e-8
1.582577458886747e-8
1.6936082433569365e-8
1.7164954873936812e-8
1.7161844806926376e-8
1.7778976806878545e-8
1.8261084210135458e-8
1.864585294212267e-8
1.9918149199270924e-8
1.969241927293054e-8
2.0207489511953394e-8
2.1375888113708445e-8
2.0339080717069033e-8
2.0904690403935538e-8
2.1535343521949535e-8
2.2200424196205957e-8
2.116383766535412e-8
2.2776613585925888e-8
2.3143011455595852e-8
2.3232846078272525e-8
2.3944056740194025e-8
2.3615559160550826e-8
2.3565646761802845e-8
2.3324596292345824e-8
2.27493097820388e-8
2.195360048461096e-8
2.0724426855791825e-8
1.8988570690658152e-8
1.6590240925714693e-8
1.3528428036300771e-8
1.0239022329380342e-8
8.797063871220519e-9
1.832851674510969e-8
2.5030875966912344e-7
7.147295858853919e-8
1.0180431627391422e-8
3.5949294649814506e-9
1.6854998968693627e-9
8.755443739051278e-10
6.067388636226645e-8
1.1725327983962251e-7
1.3461324452175244e-7
1.4074876806141703e-7
1.418576239754181e-7
1.4042428426283553e-7
1.3881764960656875e-7
1.3441940997295494e-7
1.3083439744063197e-7
1.267046941459731e-7
1.2357358902268043e-7
1.1946423785371906e-7
1.1663541438502573e-7
1.0979071618935351e-7
1.1031538958826387e-7
1.0580980800934788e-7
1.0534699588545159e-7
1.0186473237097804e-7
9.956034599521378e-8
9.609207793357012e-8
9.416123160300573e-8
9.160197378281282e-8
9.055127146203399e-8
8.738670878512308e-8
8.643419189609937e-8
8.42148492869568e-8
8.242589017624131e-8
7.909779538781975e-8
7.781426162254032e-8
7.561351333262184e-8
7.598527556039503e-8
7.461716161668566e-8
7.175469076466747e-8
7.090409516119853e-8
6.9972914281482e-8
6.906215321293668e-8
6.812560470296523e-8
6.595386116397168e-8
6.6057946404242e-8
6.409829910147516e-8
6.327380559879522e-8
6.143564201537339e-8
6.124674772282557e-8
6.039693679723375e-8
5.888488498191517e-8
5.900193467649909e-8
5.7377643747164945e-8
5.641187541942902e-8
5.582541601333363e-8
5.4888525316659376e-8
5.4715502586235836e-8
5.223901166979444e-8
5.228187041405816e-8
5.2049709758220725e-8
5.1166354461260265e-8
5.064681292244604e-8
4.9851447387794184e-8
4.9186795858141625e-8
4.859455364156649e-8
4.8104516904743755e-8
4.7657176445673755e-8
4.656578518854233e-8
4.621991518586798e-8
4.5583125600771295e-8
4.5133445576738855e-8
4.439686873795283e-8