2.9514626539422143e-13
3.247413087708819e-12
6.203457494197726e-12
9.167662955625612e-12
1.2141018216704781e-11
1.513072483262333e-11
1.8136111661420024e-11
2.1160849623746902e-11
2.420937312799865e-11
2.7301444610738635e-11
3.040068439135956e-11
3.3543375176597436e-11
3.672498690722914e-11
3.9945948395967917e-11
4.3231733488548626e-11
4.6559978381511685e-11
4.9932971511188234e-11
5.331150572866445e-11
5.688719295627961e-11
6.042586914887655e-11
6.405134248968378e-11
6.777803367358012e-11
7.153828788164527e-11
7.537942817456543e-11
7.93751513948748e-11
8.342573702181557e-11
8.752137814747729e-11
9.189223018582783e-11
9.61254200987263e-11
1.0060316779818087e-10
1.0532648373630758e-10
1.0985641079865728e-10
1.1457248926637822e-10
1.1960075546920461e-10
1.2473009355440027e-10
1.2995112388402124e-10
1.354384153101845e-10
1.4077005807682137e-10
1.4632028902867949e-10
1.517854822538584e-10
1.5841754472734773e-10
1.646647816701299e-10
1.7140317187171413e-10
1.7690876227020354e-10
1.8391951150773823e-10
1.902637567311881e-10
1.9773634051246503e-10
2.0604952655450587e-10
2.130459283303269e-10
2.2078265228952055e-10
2.2921236807700878e-10
2.389681211445172e-10
2.4725605131697076e-10
2.561392486735425e-10
2.6531058971304513e-10
2.745474211625308e-10
2.8580542413214987e-10
2.951500714165869e-10
3.066939799079795e-10
3.1702098699196264e-10
3.281396616564714e-10
3.3967240418806044e-10
3.512569182980714e-10
3.645431218379367e-10
3.7606672267549004e-10
3.882647169784669e-10
4.016326313885507e-10
4.146851248969585e-10
4.3048982193056056e-10
4.4483411402455474e-10
4.611867713455549e-10
4.819329502842996e-10
4.922888180232447e-10
5.119923791433687e-10
5.290278272980614e-10
5.485761841918786e-10
5.68572897211012e-10
5.913543701875539e-10
6.028485691743207e-10
6.273091620232095e-10
6.454968327842137e-10
6.762759434360474e-10
6.90840729084782e-10
7.183692720116739e-10
7.418949757171505e-10
7.649794495425388e-10
7.853743316940215e-10
8.174104470330406e-10
8.468291259101918e-10
8.728051120326292e-10
8.969092208543239e-10
9.296028043285527e-10
9.607502255232913e-10
9.95004169053331e-10
1.0408650802276752e-9
1.0680620584464522e-9
1.1159423726059485e-9
1.144161870411394e-9
1.1816870552125423e-9
1.2270096633641032e-9
1.2683640694580003e-9
1.313647516559898e-9
1.3408806651298767e-9
1.4005877494839283e-9
1.4647381848563232e-9
1.49181326946911e-9
1.5415132027216335e-9
1.5812921562048816e-9
1.643192882025967e-9
1.699991766477157e-9
1.7357892414984337e-9
1.796367387741301e-9
1.8566466898474668e-9
1.9510292010170465e-9
2.0287236309663656e-9
2.0946730950849237e-9
2.160725558212971e-9
2.2367669194202418e-9
2.3299942274473493e-9
2.330363040387823e-9
2.44884119269157e-9
2.497277278842445e-9
2.6004490133339936e-9
2.6630946383193193e-9
2.77855277902622e-9
2.7967553518311623e-9
2.8992692003188845e-9
3.0189847950509016e-9
3.1974716833638087e-9
3.0661069108892704e-9
3.3559877768692473e-9
3.3930547293754445e-9
3.5374194923869066e-9
3.824951648896969e-9
3.852859500034017e-9
3.988499158004493e-9
4.144441311459246e-9
4.0404685513346275e-9
4.283173512131337e-9
4.3798454060007426e-9
4.589104468426473e-9
4.650516833060119e-9
4.599823628575374e-9
4.886809572485469e-9
5.0499313971526245e-9
5.2451046895358016e-9
5.339081194648522e-9
5.549602455375031e-9
5.783843793417428e-9
5.846611614592448e-9
6.0364589926212836e-9
6.268570266412199e-9
6.16428669075233e-9
6.472042953681483e-9
6.7196859561730396e-9
6.860921615700865e-9
7.573516550593857e-9
7.211514227184388e-9
7.541495184310722e-9
7.681414194529604e-9
7.93403266005941e-9
8.105152281319146e-9
8.2501271009334e-9
8.495772372924846e-9
8.584406137554727e-9
8.877085630168051e-9
8.898304794157775e-9
9.104472502043927e-9
9.124287593946223e-9
9.339535147312462e-9
9.417473237107007e-9
9.462578299395127e-9
9.387523341128439e-9
9.280790637109852e-9
9.097247977094535e-9
8.767334877416796e-9
8.251534406056473e-9
7.52862750458235e-9
6.55981254418067e-9
5.402612175843563e-9
4.382135885706956e-9
4.776600959542169e-9
1.3006855564557601e-8
5.240969151483096e-7
2.2873152761802604e-8
4.175761752665963e-9
1.4980764872894048e-9
5.952377951466961e-10
9.552728768275344e-8
1.1162449489797625e-7
1.1505443133945484e-7
1.1407825907966591e-7
1.1132786856353911e-7
1.0768851962884247e-7
1.0414392899994268e-7
1.0039121610378179e-7
9.666411233474939e-8
9.317161856164665e-8
9.009881217395567e-8
8.743384304875342e-8
8.415640088345912e-8