4.200385989777396e-10
4.620158760018303e-9
8.819532823912794e-9
1.3014547469068574e-8
1.721451077427474e-8
2.139147085361107e-8
2.557885569197501e-8
2.9754034302220817e-8
3.391300864701365e-8
3.807379284193358e-8
4.221602155740472e-8
4.6311016826134456e-8
5.046364739743934e-8
5.4614053185708674e-8
5.85224124319709e-8
6.258768881833655e-8
6.672889419803187e-8
7.062993271989462e-8
7.444945204932328e-8
7.854410621474632e-8
8.255706917589461e-8
8.648815402905548e-8
9.023732670008604e-8
9.373706596534426e-8
9.759126346373867e-8
1.0184658093902255e-7
1.0568656803540638e-7
1.0992006858629526e-7
1.1171465224536367e-7
1.1370495594590875e-7
1.1867253343061307e-7
1.2453666691307084e-7
1.2657214344440538e-7
1.2799211372643228e-7
1.311205029928339e-7
1.3259993201645362e-7
1.3581565134316987e-7
1.3822757619071114e-7
1.4274905851425297e-7
1.4511992300540775e-7
1.475860686070428e-7
1.493019724324401e-7
1.5141271098241898e-7
1.5299922897409526e-7
1.542355202170809e-7
1.551301187236965e-7
1.556005277020338e-7
1.5555503371964343e-7
1.5492959644749062e-7
1.5287717247665184e-7
1.4967312714190362e-7
1.4493679194003156e-7
1.378882009109496e-7
1.2681054133801846e-7
1.1302532687324735e-7
9.292226398781926e-8
6.672955086735006e-8
3.840426365923807e-8
2.7565820223027182e-8
8.208892028298913e-8
2.6386304426140787e-6
1.820015946965454e-7
3.414490849938859e-8
1.3476704427727348e-8
6.966773428783505e-9
4.1358051283800785e-9
2.66462162064351e-9
1.8068710765534898e-9
1.2633554076884222e-9
8.941369901054421e-10
6.220059113546028e-10
6.265470809288381e-8
1.4788130640956489e-7
1.8021502119816098e-7
1.963887311974582e-7
2.0459091068777318e-7
2.0835127397493513e-7
2.0897444244326162e-7
2.0761591015870133e-7
2.0517702362459023e-7
2.0239390848518126e-7
1.9917389961106456e-7
1.9527846850295124e-7
1.9154891711382445e-7
1.8701419941755502e-7
1.832992198124553e-7
1.7991934615853494e-7
1.745871973222629e-7
1.701436683492291e-7
1.6803462779104225e-7
1.647601663306648e-7
1.6263801963501133e-7
1.5676468425779684e-7
1.5518207919897213e-7
1.545903447441424e-7
1.4683916526842556e-7
1.449068065882052e-7
1.397122752206245e-7
1.3912128498891556e-7
1.3921914766357297e-7
1.3730080236854487e-7
1.3121054007210076e-7
1.3017912667691704e-7
1.2688495085897552e-7
1.2473388748892555e-7
1.2217487078121857e-7
1.1953460718447943e-7
1.1976639038059242e-7
1.1695613733614698e-7
1.1382545031863068e-7
1.1265561731838105e-7
1.1107319969645378e-7
1.0354220182214448e-7
1.0873848327405277e-7
1.056627575359418e-7
1.0205271284932406e-7
1.003303003003346e-7
1.0062672433937461e-7
9.716038786952563e-8
9.818512777527009e-8
9.305303786429406e-8
9.314184539422022e-8
9.271773944517214e-8
9.109536256230923e-8
8.943817382109141e-8
8.644329977436972e-8
8.713328027623976e-8
8.507319457465105e-8
8.416055512623252e-8
8.403549362516159e-8
8.1239371573827e-8
8.152201234372096e-8
7.895058801816411e-8
7.825743348066285e-8
7.870866538723207e-8
7.68798372529328e-8
7.577337608657358e-8
7.46252614663949e-8
7.370198213642632e-8
7.24444597553323e-8
7.181585794269061e-8
7.082856947462844e-8
6.976193084144459e-8
6.970450261104669e-8
6.835929888991291e-8
6.683721019585861e-8
6.63102792478392e-8
6.53111477951078e-8
6.452601754383544e-8
6.377488871911099e-8
6.321325478402809e-8
6.217840833342891e-8
6.132381055008609e-8
6.056557387358116e-8
5.964552979314667e-8
5.911097588777951e-8
5.832835877648683e-8
5.7377968037127766e-8
5.697551995386262e-8
5.626583304316839e-8
5.550387537744232e-8
5.485272816529379e-8
5.428024598473158e-8
5.355402918023829e-8
5.293700130919933e-8
5.231361990485283e-8
5.1770929846150354e-8
5.093441201918203e-8
5.061761988505512e-8
4.9910874555061354e-8
4.9311290654905364e-8
4.873037498687741e-8
4.817978262570711e-8
4.773191210289347e-8
4.7016326866627486e-8
4.64643381345115e-8
4.586411468790427e-8
4.541043943346106e-8
4.491176474632451e-8
4.438442998115881e-8
4.387276621056128e-8
4.341766368165638e-8
4.2899132738527797e-8
4.241426201346017e-8
4.19502161738038e-8
4.149080976439505e-8
4.104558841273585e-8
4.0595872976961694e-8
4.009563117577062e-8
3.965279774717291e-8
3.919195526835676e-8
3.878384213456418e-8
3.8349944743246653e-8
3.793353922626619e-8
3.7519654064011064e-8
3.711738443730119e-8
3.6711730447164904e-8
3.632319916676544e-8
3.593538183761608e-8
3.5552427907652806e-8
3.51557423834815e-8