9.315634552850988e-12
1.0326315363782101e-10
1.9583310784765098e-10
2.8946579263828165e-10
3.8315892619828487e-10
4.774021576831146e-10
5.720487299526791e-10
6.671609918632779e-10
7.627916917508572e-10
8.609735980781394e-10
9.583543204227864e-10
1.0551213373852138e-9
1.1567698558858e-9
1.2563649253323756e-9
1.3622777310166372e-9
1.4659764001274475e-9
1.5723078159480698e-9
1.6785120054768501e-9
1.7880308691119135e-9
1.8888560766520232e-9
2.0047740882255943e-9
2.130848078164745e-9
2.2416612330775414e-9
2.3688774310785187e-9
2.4817153620886133e-9
2.5786998933237324e-9
2.7399221854779163e-9
2.8522563066737005e-9
2.983228193804264e-9
3.110521603508357e-9
3.180683197506564e-9
3.331068443135704e-9
3.5304774657410436e-9
3.776566271480908e-9
3.923314710731491e-9
4.126612218564593e-9
4.274340964865131e-9
4.361099442128243e-9
4.536224232025906e-9
4.701835480239395e-9
4.961913794169083e-9
5.0636067390920464e-9
5.383987642538855e-9
5.476963450300906e-9
5.501290126890878e-9
5.813659169849986e-9
6.055925408892334e-9
6.38368603760788e-9
6.486277946444452e-9
6.282246229102233e-9
7.080326141514454e-9
7.1037544583624715e-9
7.345309350761972e-9
8.010356479640372e-9
7.996695877765679e-9
8.364184850589197e-9
8.581430709055157e-9
8.908697500034882e-9
9.274037996170258e-9
9.448732941474088e-9
9.939739202056129e-9
1.0037216711640068e-8
1.0907212722240327e-8
1.0964492304043928e-8
1.0910054497083651e-8
1.122553633110587e-8
1.1806860179276806e-8
1.228450650240863e-8
1.2634678372266242e-8
1.2968420477122533e-8
1.354759307731717e-8
1.376752012341453e-8
1.4092965843665094e-8
1.506238207633904e-8
1.5743203233059967e-8
1.707627131951948e-8
1.5343004938464157e-8
1.598059664203832e-8
1.619347890352684e-8
1.6840198139923832e-8
1.7583929097358157e-8
1.8216751279415556e-8
1.8659983339507687e-8
1.8664138517765812e-8
1.923418084271986e-8
2.055236598916453e-8
1.887867845429558e-8
2.0802708294986828e-8
2.1228075154525445e-8
2.1608608928692772e-8
2.2177643425138665e-8
2.4034067470871614e-8
2.3890143902660582e-8
2.4134995786733766e-8
2.4920517506702163e-8
2.7033652196286952e-8
2.6183183027819896e-8
2.540111432584592e-8
2.661956243802351e-8
2.7786695391363766e-8
2.7879305176146142e-8
2.931785254518128e-8
2.879846221411128e-8
2.9204312803711333e-8
2.9504794462355577e-8
2.9120451170276648e-8
2.9621994602318124e-8
2.956267835962997e-8
2.9138348451494486e-8
2.8669439007085696e-8
2.7542393325037524e-8
2.614389966143001e-8
2.4081053370978196e-8
2.0977303045461506e-8
1.709783152962041e-8
1.2780808677938961e-8
1.0339384717827328e-8
1.9689461310567694e-8
2.1472240139192385e-7
1.0265506111048567e-7
1.3024426879461099e-8
4.510337516965301e-9
2.120222181615108e-9
1.1328208560765195e-9
6.041792070603419e-10
9.999432445415635e-8
1.3231204465900055e-7
1.445216754745484e-7
1.4881612482803662e-7
1.49106705569773e-7
1.474041123890059e-7
1.446801880361472e-7
1.4114853488222335e-7
1.374435975003345e-7
1.3407692825933064e-7
1.3099439571599985e-7
1.2684793058090034e-7
1.2443731712877712e-7
1.2036395752164215e-7
1.1794612005261769e-7
1.127061244551852e-7
1.1071002346091346e-7
1.0678341282877974e-7
1.0387414814977812e-7
1.0379298810108481e-7
9.931752339761073e-8
9.807363104936165e-8
9.622630896508066e-8
9.280642404827273e-8
9.067971485148367e-8
9.131528763265315e-8
8.841799879297733e-8
8.834424980271951e-8
8.255430918837717e-8
8.165880542733442e-8
8.01721008820671e-8
7.909613721243641e-8
7.766311273244389e-8
7.642316057944056e-8
7.544027696258358e-8
7.386383646586723e-8
7.194973502769946e-8
7.043630501917494e-8
7.012181366425379e-8
6.88287675005697e-8
6.798954324527157e-8
6.668880344942723e-8
6.532547322517117e-8
6.419809535304954e-8
6.369296408832725e-8
6.471027276333645e-8
6.204969065046471e-8
6.047588384003866e-8
5.971686430091686e-8
5.891606092590425e-8
5.7952398769460654e-8
5.699293694528833e-8
5.633907553110768e-8
5.604379807802273e-8
5.4853204061682574e-8
5.4394220086172984e-8
5.3351115133285696e-8
5.246415308571392e-8
5.155204208387403e-8
5.144206631136621e-8
5.112035322664253e-8
4.972677844027667e-8
4.955438873956547e-8
4.913398376624829e-8
4.847380390781674e-8
4.7722488592262846e-8
4.7128476587577084e-8
4.626877682576671e-8
4.58475610538931e-8
4.5641538375553264e-8
4.4993935019297265e-8
4.451537157065167e-8
4.38314892419788e-8
4.336999716318943e-8
4.293979089904339e-8
4.2380993477923294e-8