1.6030541106041553e-8
1.739753276617429e-7
3.203749671743207e-7
4.4581498791556636e-7
5.425509479111727e-7
6.045936936351989e-7
6.272883316682934e-7
6.065439835670088e-7
5.380951525473102e-7
4.178638564747793e-7
2.4776195851223343e-7
6.663210700099861e-8
1.4763104090849473e-8
2.097821107868495e-8
3.14939803628975e-8
5.182089135704877e-8
9.997971206081866e-8
2.674645588964808e-7
2.052853202210549e-6
3.2880319937253376e-6
3.02120327978421e-7
1.0330027304087928e-7
5.090300233114404e-8
2.986190973152087e-8
1.939916818887875e-8
1.3471010386674256e-8
9.801996649769283e-9
7.381625689040284e-9
5.7060185867927555e-9
4.501319111238446e-9
3.608413756559833e-9
2.9297922087809453e-9
2.403021524999878e-9
1.9866329339694836e-9
1.652195678943271e-9
1.3796566604242258e-9
1.1544787082967983e-9
9.65794056435457e-10
8.051004916188477e-10
6.650798928460789e-10
5.374555524414803e-10
3.9437962322065884e-10
1.7226979804374422e-7
2.241711547607296e-7
2.509758945685223e-7
2.6566864793100513e-7
2.7387003373168164e-7
2.7713364589059954e-7
2.778203431083927e-7
2.7648965896134437e-7
2.73778209752107e-7
2.703366428638219e-7
2.665115665640162e-7
2.613805446374795e-7
2.5652991465699876e-7
2.524256215852987e-7
2.473012077889282e-7
2.427716416904478e-7
2.382621609015364e-7
2.3373065606870518e-7
2.286343531507385e-7
2.241040071419856e-7
2.1972577020702407e-7
2.148990967388362e-7
2.1090322285511889e-7
2.0718244956512434e-7
2.0335658774537658e-7
1.994434460601912e-7
1.9533598803072472e-7
1.9153049726661863e-7
1.882448063407119e-7
1.8398553314623856e-7
1.8161475387084882e-7
1.7836170182124603e-7
1.7483525574175833e-7
1.7218538320064537e-7
1.6862454022214674e-7
1.6623288738415852e-7
1.6283370190242974e-7
1.605621614908114e-7
1.5723227446262587e-7
1.5509294364588526e-7
1.5243355433569313e-7
1.499878571838573e-7
1.475787193702569e-7
1.451662263486701e-7
1.426678036381996e-7
1.4063579597522743e-7
1.3829958300801347e-7
1.3617852723834022e-7
1.3406563320837185e-7
1.320595502904711e-7
1.2995600315811753e-7
1.2799591208032162e-7
1.2601899795375132e-7
1.239800266266762e-7
1.2219910735811675e-7
1.203661100143743e-7
1.1861209571183998e-7
1.1686348776928545e-7
1.1516512693027676e-7
1.1313750136025417e-7
1.118115293603853e-7
1.102000522191342e-7
1.0847681146446685e-7
1.0689481709217595e-7
1.0549784926515221e-7
1.0391968185399557e-7
1.0239557702233795e-7
1.0073017371908465e-7
9.971382273794571e-8
9.80437316685214e-8
9.66895190293793e-8
9.532383892241975e-8
9.396068522407959e-8
9.28278999800039e-8
9.158042216448898e-8
8.995065463427465e-8
8.880542193637364e-8
8.746787759968333e-8
8.640851383505321e-8
8.524119030208107e-8
8.387277114592706e-8
8.31382112013424e-8
8.169260094331822e-8
8.02949115676754e-8
7.95839615882083e-8
7.845031177178865e-8
7.747129337595729e-8
7.638965201927514e-8
7.549953210983878e-8
7.434434940508636e-8
7.330201514474932e-8
7.250445546811303e-8
7.12225090924768e-8
7.055302902593219e-8
6.94949228341799e-8
6.852441774052803e-8
6.765464064381064e-8
6.681589676920004e-8
6.584278408172945e-8
6.507008038574865e-8
6.42458329438136e-8
6.337985594130822e-8
6.251868391799632e-8
6.172353118144112e-8
6.096944555132711e-8
6.01682499535724e-8
5.9348510225587684e-8
5.8572928169102354e-8
5.78869514287357e-8
5.7209282174346846e-8
5.651967499199386e-8
5.568471716123765e-8
5.4992696159372634e-8
5.431049214736105e-8
5.3604863443500345e-8
5.295543063927247e-8
5.229933941880462e-8
5.162670520156404e-8
5.0998548665788014e-8
5.036835416501644e-8
4.973713238573893e-8
4.9129329912325276e-8
4.850872885016689e-8
4.790664957876282e-8
4.7336880012023795e-8
4.6745624853064e-8
4.618510406376785e-8
4.563327554461971e-8
4.507795987673162e-8
4.453052708868317e-8
4.3997148209752636e-8
4.346294152963493e-8
4.2943430211563506e-8
4.243450695459878e-8
4.1936693702704686e-8
4.1430221612162254e-8
4.0935930826303855e-8
4.046918827938791e-8
3.998695676122175e-8
3.953107635489199e-8
3.906480831227882e-8
3.860996668689818e-8
3.8153321536021994e-8
3.7706578938464945e-8
3.7276108219900894e-8
3.6831052048542046e-8
3.640842044200411e-8
3.600316547412844e-8
3.5588954155416054e-8
3.518116779256673e-8
3.4780800295480014e-8
3.4392387111858875e-8
3.399669950641195e-8
3.361814493177848e-8
3.3240687143139425e-8
3.286380222636139e-8
3.24989648218468e-8
3.2149722724084193e-8
3.1789984740212825e-8