1.1453798022459473e-10
1.2592893149868756e-9
2.416288366634744e-9
3.5485154568806036e-9
4.698674236899001e-9
5.855347305865007e-9
6.978207238259867e-9
8.121800816798094e-9
9.279780399218419e-9
1.0419545132167465e-8
1.1619092930862843e-8
1.2689011391814966e-8
1.3911024149207293e-8
1.5047803844423004e-8
1.6278931474920452e-8
1.726617813655783e-8
1.8462927616377188e-8
1.9711335862290712e-8
2.0873130807362357e-8
2.2177263637656423e-8
2.4492780277862146e-8
2.386515375667558e-8
2.5430539179775798e-8
2.661869746756206e-8
2.8122998941163446e-8
2.8683931051908566e-8
3.053837520130632e-8
3.08759206320446e-8
3.530191759099142e-8
3.339179114887936e-8
3.309774846464307e-8
3.6259787103350715e-8
3.659974063681552e-8
3.845078991556266e-8
3.629702418633937e-8
4.392910752198e-8
3.8949437331740246e-8
5.0411066649025094e-8
4.430846416816034e-8
4.640364740132152e-8
4.6720255765145285e-8
4.7975122057660554e-8
4.634714753855769e-8
4.900836994402656e-8
5.0683064985217596e-8
4.339339957951106e-8
4.701557120459501e-8
5.1990427717291685e-8
5.5428949320176925e-8
5.292053122847604e-8
6.143635558479038e-8
6.205397534224097e-8
6.058929899978166e-8
6.141247850939309e-8
6.242679189903479e-8
6.080651945642227e-8
6.185246789141472e-8
6.883581932461561e-8
6.651003584979323e-8
6.975261311827232e-8
7.403498595281325e-8
6.990632745904707e-8
6.13781346219779e-8
6.968598849834689e-8
7.06206673991764e-8
7.109755048838144e-8
7.48355489498209e-8
8.01210913275694e-8
7.170791470183145e-8
8.17270986162282e-8
8.74499802342011e-8
7.951766526091562e-8
8.327288972580161e-8
9.21350159170587e-8
1.0482083606583085e-7
7.532741697483173e-8
8.575864951715412e-8
8.942697992810894e-8
9.144281992046067e-8
8.654902277912694e-8
9.86282522768036e-8
9.136838929981085e-8
9.917790709626174e-8
9.474647894308879e-8
9.034667253157536e-8
9.509600042749476e-8
9.493928029755902e-8
9.56041441994257e-8
9.617308172509236e-8
9.290029361757905e-8
8.367591043447153e-8
5.795761763850457e-8
5.904735852913137e-9
2.6598651186847648e-6
3.4800825445646073e-6
1.8909446307164699e-6
1.2076483712962825e-6
9.025733354023476e-7
7.09005543118216e-7
5.811132578055111e-7
5.060284609196882e-7
4.544083805289549e-7
3.8531090397254115e-7
3.5238938009361045e-7
3.1098848495955726e-7
2.9480745336403973e-7
2.9522086711438157e-7
2.5692981466814374e-7
2.479644556291803e-7
2.2995189235510144e-7
2.1409098357029738e-7
2.0417850945012023e-7
2.1133483919763868e-7
1.9198503738771068e-7
1.8080857376083477e-7
1.6982517958839847e-7
1.6672749030924338e-7
1.572905032498114e-7
1.5587481885064328e-7
1.4145247793750443e-7
1.4900208298257096e-7
1.3936009862065112e-7
1.36791983332854e-7
1.31695076386338e-7
1.2176644799009397e-7
1.1540608228053546e-7
1.1450025052664575e-7
1.1401674311753636e-7
1.1627336819672208e-7
1.0685062524756833e-7
1.1053875401609972e-7
1.1179682431882593e-7
1.0052039668416422e-7
1.0017251458138103e-7
1.0076642586667414e-7
9.99277889906217e-8
9.397924975533613e-8
9.132860775600455e-8
8.919749817062173e-8
8.870656523561333e-8
7.960461810885654e-8
8.778714787771119e-8
7.997427007131258e-8
8.165773918745581e-8
8.455191618434231e-8
7.947545196880519e-8
7.662908466034848e-8
7.218159252096561e-8
7.444776928318767e-8
7.302781741827854e-8
6.936601526944253e-8
7.434220709063749e-8
6.905987746449099e-8
7.00844204504536e-8
6.84218944283052e-8
6.637032779495636e-8
6.723532364363303e-8
6.132498218142925e-8
6.448113173493986e-8
6.300487293535585e-8
6.21197350091226e-8
6.087517713008384e-8
6.164969584590314e-8
6.089116051389841e-8
5.8369043962048397e-8
5.82009724028911e-8
5.672765947901606e-8
5.61271013350024e-8
5.622144184793471e-8
5.547540719435668e-8
5.446776873240391e-8
5.3428185728336086e-8
5.304036114155125e-8
5.210591878572423e-8
5.154144567907202e-8
5.069494441668027e-8
4.955339124975144e-8
4.9743637073289213e-8
4.921253891937405e-8
4.853050730995432e-8
4.7456295533638145e-8
4.6237224104911043e-8
4.665938515287797e-8
4.618601981818703e-8
4.598755496825262e-8
4.541756914334915e-8
4.4649179276880326e-8
4.412298266451461e-8
4.3881652545860646e-8
4.308266438411825e-8
4.2356052155734004e-8
4.2039657943168756e-8
4.136738471520574e-8
4.109238726630997e-8
4.08346407432989e-8
4.0710621675052206e-8
3.994170008718692e-8
3.933292972200058e-8
3.924045151392209e-8
3.841560775643398e-8
3.801480325191016e-8