2.568315534572918e-10
2.826044164972649e-9
5.389751876167815e-9
7.949276949382507e-9
1.052177315473714e-8
1.3042397190214438e-8
1.561967066743058e-8
1.816213377981467e-8
2.065020325770459e-8
2.3217548022578975e-8
2.5703582080441305e-8
2.8213400602154023e-8
3.0729736973019886e-8
3.326552765318218e-8
3.5277668396203235e-8
3.83624356202079e-8
3.987669321988718e-8
4.265876585254801e-8
4.519583345189299e-8
4.883850166951168e-8
4.928071723277492e-8
5.246292386282129e-8
5.479896081573869e-8
5.661280460226784e-8
5.7114347353183794e-8
6.211403626579192e-8
6.225576279282408e-8
6.432156198479609e-8
6.724372244457414e-8
6.708551199987056e-8
6.894846457300252e-8
6.88573160454769e-8
7.572020884061934e-8
7.450552689950555e-8
8.179569210337805e-8
8.098648905773299e-8
8.348345108450984e-8
7.972051407628242e-8
8.652906333344229e-8
8.869880564192453e-8
9.11776686084639e-8
9.034740515386837e-8
9.200518372556802e-8
1.0757931067789962e-7
9.096308812922489e-8
9.518253498569137e-8
9.792863193184922e-8
1.0140875207302334e-7
9.977868112614173e-8
9.140556084186942e-8
1.0469963822623669e-7
1.0642562225305841e-7
9.985027116546887e-8
1.0791588527485962e-7
1.1061975585755886e-7
1.0091507199663741e-7
1.124208326740377e-7
1.1202494647513667e-7
1.0930545374115182e-7
1.1303779647145663e-7
1.2299258109885426e-7
1.1874049296869858e-7
1.2354522169610612e-7
1.169436996766625e-7
1.2327699266191916e-7
1.253088578856224e-7
1.2176602212019303e-7
1.2414753155581902e-7
1.245583626918019e-7
1.2574372190201498e-7
1.2273588652761757e-7
1.2510104180189927e-7
1.2454354698286077e-7
1.1864814346082125e-7
1.1264327545135869e-7
9.819243808408468e-8
6.419787310645511e-8
4.8191801356406e-9
1.6850149315086435e-6
3.941702843818966e-6
2.6170161745040025e-6
1.684194922091532e-6
1.2210323237181468e-6
9.442295539923691e-7
7.663880634687329e-7
6.577087795889799e-7
5.580883227539801e-7
5.029767851680212e-7
4.4236397838074716e-7
4.306727971680291e-7
3.6021261611926106e-7
3.449450138777135e-7
3.305445475975434e-7
3.150143948854948e-7
2.727837027238216e-7
2.5953765021273784e-7
2.4268304491648746e-7
2.4440275497419486e-7
2.200287849954595e-7
2.2015031751041063e-7
1.9972186293065481e-7
1.8994594856549536e-7
1.9076921644879386e-7
2.2477373512773272e-7
1.7365559653741455e-7
1.6618563914291716e-7
1.7243560761131413e-7
1.431447580489714e-7
1.6060389984142025e-7
1.5439736818537947e-7
1.4459518532523327e-7
1.3289664724138104e-7
1.3444503124068562e-7
1.338020830859854e-7
1.2930256384652333e-7
1.267434799924787e-7
1.2981598349873845e-7
1.2001922397503604e-7
1.1452671035535003e-7
1.1785955391552124e-7
1.1031335338887325e-7
1.1080607980477763e-7
1.0784731540287353e-7
1.0549361480553259e-7
1.0253906563217078e-7
1.0162803222080011e-7
1.0229923512368312e-7
9.67837866009905e-8
9.454376198590578e-8
9.411836277834903e-8
9.452032764541736e-8
9.330631993088592e-8
8.938157060325795e-8
8.6444027468576e-8
8.528831190548484e-8
8.458837770307138e-8
8.095579833842006e-8
8.089065947393876e-8
8.059153636258057e-8
8.101959073077352e-8
7.679280089433658e-8
7.622178966609144e-8
7.503487346577567e-8
7.379529544752322e-8
7.135435498338474e-8
7.076113243734929e-8
7.112716977658924e-8
7.045009116341882e-8
6.743379858634016e-8
6.861289807670718e-8
6.800797362570175e-8
6.527030266242308e-8
6.451398283103858e-8
6.335595384990712e-8
6.254817358258471e-8
6.176856355601995e-8
6.126505325179987e-8
6.055465383162542e-8
5.93894020354566e-8
5.889672253068645e-8
5.840749425237807e-8
5.751521083110073e-8
5.6646538108169644e-8
5.525357656181217e-8
5.473018403361714e-8
5.489273721348892e-8
5.401820863859705e-8
5.316547643648352e-8
5.200091118478053e-8
5.1616115686909155e-8
5.151810685964791e-8
5.065102330927013e-8
4.9380967793431845e-8
4.9767499530082994e-8
4.890180218527726e-8
4.823199749017795e-8
4.720232901035719e-8
4.730557052210697e-8
4.646340350396832e-8
4.585324037294111e-8
4.5723321174317916e-8
4.499628618516071e-8
4.4489561858740814e-8
4.391121075941139e-8
4.33175012220916e-8
4.252013112564044e-8
4.2475835052056785e-8
4.190079665524273e-8
4.135201995444029e-8
4.092800984173502e-8
4.038029482073146e-8
4.0171776848924715e-8
3.960119821706435e-8
3.9167117778679926e-8
3.881789501834341e-8
3.841699799270821e-8
3.8089215767845654e-8
3.762175996790098e-8
3.7140511079515444e-8
3.678381657722712e-8
3.6367076942722565e-8