8.696139779494385e-10
9.559807859849655e-9
1.820990501960949e-8
2.682662904527558e-8
3.535663323625692e-8
4.360648829817937e-8
5.2169616601037175e-8
6.008366890892354e-8
6.827011213390609e-8
7.599431374439989e-8
8.336120936776961e-8
9.173548417635511e-8
9.798320960870489e-8
1.0543733222852145e-7
1.1162393812360819e-7
1.1807161792245468e-7
1.2396285506396344e-7
1.305252534297186e-7
1.3569538606515332e-7
1.4042442089146626e-7
1.4756243460444943e-7
1.500650090948249e-7
1.5565210963638448e-7
1.5409238761053222e-7
1.6318216481055973e-7
1.653240652248875e-7
1.708461891099113e-7
1.755721243328267e-7
1.7769798802678172e-7
1.788698510758684e-7
1.8428414422188664e-7
1.8230930554688067e-7
1.8574582793243754e-7
1.8601358543130525e-7
1.90759168103743e-7
1.9053739348428744e-7
1.9741346831172499e-7
1.9320783443703223e-7
1.9295946068278757e-7
1.9676875365652935e-7
1.9707559059922182e-7
1.957323956433569e-7
1.955466790477939e-7
1.9410668792648367e-7
1.9500968610184128e-7
1.9341444624204495e-7
1.919844757975543e-7
1.897143450761313e-7
1.8649273363965362e-7
1.8181443289994495e-7
1.7504024662103254e-7
1.6487884206396437e-7
1.4894117967783343e-7
1.2225737023375004e-7
7.286897337848938e-8
3.328648894441305e-9
7.230961637509948e-7
2.6560164819791e-6
3.5857021976507852e-6
2.87421136807553e-6
2.1181267568861546e-6
1.614512199428813e-6
1.2863792871180734e-6
1.0629043550557458e-6
9.037473114585727e-7
7.864816986277832e-7
7.007592268155168e-7
6.20115585028696e-7
5.632128063027716e-7
5.124841727145428e-7
4.733524486576203e-7
4.331540709210339e-7
4.0756297962639684e-7
3.8068094153939023e-7
3.5175158095031525e-7
3.3866957574197756e-7
3.1645583373199607e-7
3.0053517067204284e-7
2.9304799832347467e-7
2.756290308609663e-7
2.6435657586504366e-7
2.4978609302436176e-7
2.4081370041530256e-7
2.280016496636869e-7
2.2073005866774785e-7
2.1233331530217382e-7
2.1196984719423118e-7
1.9936248625106933e-7
1.974405856839139e-7
1.8541914628235224e-7
1.8636937665344694e-7
1.7582003215204605e-7
1.7329981654617168e-7
1.6614701496444768e-7
1.653393126822016e-7
1.628055126802288e-7
1.5106916832207056e-7
1.5111928770805565e-7
1.501370027130365e-7
1.4224690985986643e-7
1.3970493207948672e-7
1.331961491825477e-7
1.3289750310751447e-7
1.354032984072054e-7
1.2742488775382997e-7
1.1453276741706679e-7
1.1886764902272368e-7
1.2903612026825094e-7
1.1719548489834532e-7
1.1442316672661175e-7
1.1342200305321441e-7
1.0678364988693056e-7
1.1088222161821161e-7
1.0815436406183581e-7
1.0731045746646756e-7
1.0264123474321171e-7
1.0011929618949559e-7
9.834754134063696e-8
9.844915221887098e-8
9.687756810633698e-8
9.550954003778697e-8
9.196431614316704e-8
8.873971066894244e-8
9.224180099302861e-8
8.670359992945113e-8
8.541688393351806e-8
8.48923209985923e-8
8.373989887366392e-8
8.312024623723603e-8
8.043993854191226e-8
8.059747294424609e-8
7.513501783601814e-8
7.529108532614577e-8
7.634233355277915e-8
7.747131674156849e-8
7.47165844317591e-8
7.413153423279465e-8
7.343145925042733e-8
7.150640253084996e-8
7.107923938778598e-8
6.991535445188473e-8
6.953841445482133e-8
6.788868465545856e-8
6.679688146336967e-8
6.598468230602173e-8
6.451087548752132e-8
6.465745788890557e-8
6.297524259514423e-8
5.894434637844348e-8
6.164636893407205e-8
6.122796548936303e-8
6.062630921778468e-8
6.031980163532911e-8
5.901436256912374e-8
5.7687227544141425e-8
5.687283492066224e-8
5.6403364688554415e-8
5.5723026569838534e-8
5.5104613636070956e-8
5.410417913186106e-8
5.415054931428789e-8
5.3127084423558677e-8
5.257024718009633e-8
5.218151675563299e-8
5.15895612270976e-8
5.0776286593277364e-8
5.074932262251036e-8
4.9238678236005625e-8
4.856396286858738e-8
4.838148659242671e-8
4.7600057871243476e-8
4.726114107630425e-8
4.636894533213262e-8
4.6022147070576874e-8
4.56222163546346e-8
4.5031546923946997e-8
4.447140342124385e-8
4.396865461108621e-8
4.3672302336599094e-8
4.305185509410926e-8
4.245562933202364e-8
4.219082753621827e-8
4.162002314624339e-8
4.1101582797504144e-8
4.0567021872117555e-8
4.020150356276781e-8
3.971568604827773e-8
3.924144943791874e-8
3.8883447751612864e-8
3.8404656083349413e-8
3.797365170354154e-8
3.7577126018674145e-8
3.719870139191878e-8
3.671510494333866e-8
3.6380163060123055e-8
3.5984247669316815e-8
3.5611106138144815e-8
3.521529281558455e-8
3.4842789977327815e-8
3.4487027649640894e-8
3.410918134988522e-8