2.9330631128055766e-11
3.2284631719596616e-10
6.166193679679323e-10
9.108499133402242e-10
1.202479046008516e-9
1.496495416918869e-9
1.8062398547024625e-9
2.090000024167858e-9
2.3834806907548434e-9
2.6833588669112677e-9
2.9770872853273806e-9
3.2750116238136637e-9
3.5878992751067536e-9
3.827734456275303e-9
4.1639214209159705e-9
4.488942320588725e-9
4.840617860602779e-9
5.093972459751405e-9
5.350250419489028e-9
5.806853506973128e-9
6.081633683904427e-9
6.132742062928721e-9
6.650576046308894e-9
6.9237681524991105e-9
7.330056148749779e-9
7.143005124962528e-9
7.930534374884938e-9
8.414241289811028e-9
8.737261466859265e-9
9.195547670266139e-9
8.531544786936474e-9
9.619239348251068e-9
9.413226600271955e-9
1.034642762863189e-8
1.0169727223719553e-8
1.1222568935339732e-8
1.1638264043686748e-8
1.1808800625004273e-8
1.2386609568547549e-8
1.2694806038748389e-8
1.30579891145627e-8
1.3744727723640821e-8
1.499425217353364e-8
1.4083453839751928e-8
1.5483411668384963e-8
1.4755717846510729e-8
1.595604570376102e-8
1.6779868524165746e-8
1.6004354018229207e-8
1.716566691790016e-8
1.7164533889038957e-8
1.7758048679545928e-8
1.811907877095623e-8
1.8569408200150183e-8
1.839044462139991e-8
1.873211395988386e-8
2.2006828226705074e-8
1.972744568610965e-8
2.1282257488694412e-8
2.1382315975080983e-8
2.464599167399468e-8
2.2953097779849462e-8
2.3447207874247492e-8
2.1794136480269117e-8
2.2760186084532697e-8
2.3636396883765138e-8
2.4654661421690412e-8
2.617762313820765e-8
2.5358885428319758e-8
2.5015080987398428e-8
2.850929913189983e-8
2.6595549324984367e-8
3.10034883207609e-8
2.927930388121359e-8
2.9148551050964584e-8
3.078603138930634e-8
3.031080476444841e-8
3.0169931456998375e-8
3.036167262912416e-8
3.20739749475688e-8
3.251224111608072e-8
3.320375070895887e-8
3.290411892828618e-8
3.317446543819109e-8
3.712803302308686e-8
3.785069571479504e-8
3.8073545633777035e-8
4.006300580486135e-8
4.514806989996323e-8
3.6206143935573284e-8
3.359706925467627e-8
4.005904751406616e-8
3.9920084665992085e-8
4.4835944684971e-8
4.163526867329588e-8
4.091100540379388e-8
4.246447197343283e-8
4.655630483068114e-8
4.674501882567366e-8
4.9562883484186576e-8
4.854714305059422e-8
4.338031582934009e-8
4.802849947334361e-8
4.910810352887399e-8
5.028975526769173e-8
5.433645078555226e-8
5.471336700410174e-8
5.4926727886134246e-8
5.237218534842643e-8
5.816006292858613e-8
5.908101034891486e-8
6.4762804955198e-8
6.29295518332104e-8
6.451308290246528e-8
6.535215595084289e-8
6.58483958884455e-8
6.627810762835073e-8
6.33872785576288e-8
4.804666918958505e-8
8.025214927175259e-9
4.375151823462002e-6
2.189089647401595e-6
1.1666161756911917e-6
7.776243568721939e-7
6.011907772792482e-7
4.757400453473716e-7
4.083752440413165e-7
3.524282465017582e-7
3.095355599187579e-7
2.8521249931022884e-7
2.456282746788323e-7
2.422773740313762e-7
2.1799258426771287e-7
2.0474518625612957e-7
1.9627515027271972e-7
1.762440015588759e-7
1.7026214400073307e-7
1.585987885769589e-7
1.5087714494643714e-7
1.4629771036247005e-7
1.428167254488752e-7
1.3686876266585092e-7
1.2269909920886323e-7
1.3123928652148296e-7
1.2226791252413464e-7
1.1825157612504691e-7
1.1577649067362731e-7
1.0920554287913188e-7
1.103643034294862e-7
1.0261018706066776e-7
9.928502309685722e-8
9.650347007976459e-8
9.321668137897092e-8
9.8001507214966e-8
9.16138076792154e-8
8.642857921311068e-8
8.709262212598522e-8
8.219544271490929e-8
8.122841069482921e-8
8.027185325062789e-8
7.900381876556653e-8
7.632041138414462e-8
7.65370878378872e-8
7.431560736165183e-8
7.352730432566576e-8
7.168312405517372e-8
6.989327006556573e-8
7.213929875335381e-8
6.740334535457708e-8
6.668992689958693e-8
6.560657189989857e-8
5.891195864212193e-8
6.249028407895458e-8
6.16469145903292e-8
6.084541683371376e-8
6.005251084952484e-8
5.762866624867662e-8
5.990355892588484e-8
5.663970068410384e-8
5.6406013614812595e-8
5.582935654049936e-8
5.4644661665049624e-8
5.163960121346946e-8
5.2457804983924585e-8
5.218358528179654e-8
5.129617697216115e-8
5.112934271402642e-8
4.9770355911037634e-8
4.933103316383558e-8
4.845596955795353e-8
4.770735641823594e-8
4.780387196998301e-8
4.724356166174691e-8
4.566462788348248e-8
4.595229657780458e-8
4.4907456500195904e-8
4.396938367111129e-8
4.366563137679252e-8
4.3739543586825164e-8
4.296200817704979e-8
4.2880964518985465e-8