1.2667782946257289e-9
1.3923847765129936e-8
2.6517098787468528e-8
3.8969151284492766e-8
5.130425896877728e-8
6.338713056378012e-8
7.519134390454545e-8
8.668602222499368e-8
9.788539062844747e-8
1.0874451252144856e-7
1.1917845314197258e-7
1.2932924764701065e-7
1.3866698627238685e-7
1.4714421870958444e-7
1.5571098610275572e-7
1.6487202733865226e-7
1.7267247441739766e-7
1.7898901573386844e-7
1.850213740500792e-7
1.9020979264941637e-7
1.9366962862268927e-7
1.9140156845879408e-7
2.0490226914463677e-7
2.0854709944522575e-7
2.143930189614857e-7
2.181094443429281e-7
2.1996289398100323e-7
2.2314233137215172e-7
2.2433599003084025e-7
2.1990657985797568e-7
2.2889537914013412e-7
2.2754205628796016e-7
2.766041039187504e-7
2.2878386976744144e-7
2.2785292110754076e-7
2.2824109725513738e-7
2.2329560555978768e-7
2.2553781061101904e-7
2.2320610743338347e-7
2.2042711490124817e-7
2.1651491163566612e-7
2.1135786235509387e-7
2.0434315434157368e-7
1.947967497819748e-7
1.8121811526362428e-7
1.6109195219484758e-7
1.2938173001038744e-7
7.472786160086187e-8
2.87677043071463e-9
5.182888445419803e-7
1.9850917715976107e-6
3.348711494710516e-6
3.251143281852067e-6
2.571911042916179e-6
1.9923589697488617e-6
1.585477379533371e-6
1.3005905880270513e-6
1.0978276748160482e-6
9.463034088875493e-7
8.27140049002566e-7
7.601479664087213e-7
6.631684811471843e-7
6.005896246188971e-7
5.510069963723544e-7
5.075262091275156e-7
4.719253281593304e-7
4.415003427261986e-7
4.098510130293386e-7
3.869349092274491e-7
3.711503008324931e-7
3.4946851164886167e-7
3.2704555080503913e-7
3.1403404661836806e-7
2.9888023449746943e-7
2.8448272624984185e-7
2.6962789489357523e-7
2.648030679150659e-7
2.5100703964549086e-7
2.433037901361123e-7
2.3444875656532008e-7
2.2305864339464145e-7
2.1715656211217362e-7
2.1145350879670556e-7
2.0752619509427804e-7
1.978165863302477e-7
1.945119775830063e-7
1.8696753577136486e-7
1.8199990971734898e-7
1.743260059659216e-7
1.764303376181703e-7
1.6522889656063946e-7
1.617143644628201e-7
1.5717516350891202e-7
1.5463148742831465e-7
1.5124817305550967e-7
1.4692371713257903e-7
1.3660897235313013e-7
1.4369083635205852e-7
1.3821553983414798e-7
1.3389660058354678e-7
1.422387646332437e-7
1.290952019376389e-7
1.240281088312443e-7
1.228190224286133e-7
1.2077024128977353e-7
1.2004547833511575e-7
1.1540720264989811e-7
1.143672280381076e-7
1.1417955236039159e-7
1.0956712955508058e-7
1.0985302056609698e-7
1.0980937188908849e-7
1.0643604333855385e-7
1.0458880697108915e-7
1.0209139237472592e-7
9.934123855816332e-8
9.813019167502553e-8
9.636034650170743e-8
9.566636778866856e-8
9.246507208212443e-8
9.303005725852924e-8
8.645021650728546e-8
8.952493474843309e-8
8.48008550200042e-8
8.72604425179713e-8
8.25615200858339e-8
8.444429938266794e-8
8.127239391828459e-8
8.219214177460468e-8
7.993318978426621e-8
7.857778284412776e-8
7.767284809926189e-8
7.61373550826176e-8
7.642962513796043e-8
7.40813118695356e-8
7.262785560109873e-8
7.275292058690645e-8
6.875170467212986e-8
6.965275497049956e-8
6.938195202759538e-8
6.726057128503404e-8
6.732482702522674e-8
6.622082566654569e-8
6.475216065985023e-8
6.481144237591788e-8
6.674855002629802e-8
6.269401376769824e-8
6.235369147029373e-8
6.103042438985137e-8
6.077689074409156e-8
6.016481061988316e-8
5.9539057154635324e-8
5.821773150701373e-8
5.800272679317347e-8
5.700753750396744e-8
5.644957093939161e-8
5.578224237075278e-8
5.503219489160828e-8
5.4526411476623385e-8
5.390267794470113e-8
5.287165252845146e-8
5.1996021799265776e-8
5.150644626659876e-8
5.096044126726655e-8
5.025980212846578e-8
4.954228494584579e-8
4.897753543699582e-8
4.847962614398441e-8
4.801217628846111e-8
4.7451809415757515e-8
4.6860344252528276e-8
4.643239529592316e-8
4.5918906137893204e-8
4.546207392311739e-8
4.470033086562243e-8
4.4278403766653015e-8
4.372207361840967e-8
4.3252955752999504e-8
4.2707115396294794e-8
4.219021931680364e-8
4.173637441553363e-8
4.1288788842775547e-8
4.0824858722696615e-8
4.029550181430366e-8
3.990266697502137e-8
3.9418148018342145e-8
3.902943067795952e-8
3.849167065616023e-8
3.815950107243986e-8
3.772245211861404e-8
3.730498638449513e-8
3.6898314217797103e-8
3.649799432820462e-8
3.610902105750166e-8
3.571572336876078e-8
3.532424455056199e-8
3.4943875102113006e-8
3.4566884665977845e-8
3.419608101237278e-8
3.383120722773052e-8
3.346730494584746e-8