1.9358270939053225e-12
2.129863087960667e-11
4.0680332221433716e-11
6.007441174553804e-11
7.95152023209297e-11
9.900055579949135e-11
1.1852736494020102e-10
1.3810327306810136e-10
1.580033341225913e-10
1.7785707478241615e-10
1.9780941929570928e-10
2.175965666449666e-10
2.379621506010058e-10
2.5765343512021636e-10
2.7893454886344566e-10
2.988992607144712e-10
3.1940020060795264e-10
3.4046522692136545e-10
3.6138952151753005e-10
3.834597992966899e-10
4.051913933297716e-10
4.3974324869124934e-10
4.5090527562988283e-10
4.728554780589897e-10
4.956747023999549e-10
5.158517536605751e-10
5.437790011941673e-10
5.652823710751379e-10
5.938301210484722e-10
6.1450491008052e-10
6.353026493191937e-10
6.6115452644348e-10
6.8892745530002e-10
7.170919374366099e-10
7.431954220352365e-10
7.719406510879061e-10
8.051378706697578e-10
8.17304869227186e-10
8.460125994001209e-10
8.834967633425939e-10
9.165595298363523e-10
9.415727673012877e-10
9.699837777684481e-10
1.0043955086166747e-9
1.0451742901466917e-9
1.0715101642048796e-9
1.09711830836712e-9
1.1361657779392015e-9
1.173018687859289e-9
1.1884804265805051e-9
1.2353407665149116e-9
1.2879404749497605e-9
1.3071291262162183e-9
1.3622402145405333e-9
1.3175387841904462e-9
1.43203562619244e-9
1.489467428700623e-9
1.515294759172299e-9
1.5597530115986697e-9
1.6070956743552636e-9
1.6420453864579438e-9
1.6742753458647284e-9
1.6591350833162239e-9
1.8204555542557474e-9
1.8341085323655114e-9
1.861722152069991e-9
1.938052936938584e-9
1.9338307706248668e-9
2.051418792877456e-9
2.178489404287728e-9
2.1577848526559767e-9
2.184058357247743e-9
2.2372069445361063e-9
2.2767266396573845e-9
2.4094457747158615e-9
2.4031548877776353e-9
2.5652420959571386e-9
2.4708723149152275e-9
2.588571764473277e-9
2.7320117290268125e-9
2.8694167561618748e-9
2.8833608640194947e-9
2.896757082323356e-9
2.9993948750300984e-9
3.10278559613406e-9
3.110780650664708e-9
3.223504456710138e-9
3.2514464906436283e-9
3.3320491799740348e-9
3.391100198844193e-9
3.5030118579820494e-9
3.5439638311922387e-9
3.730509907478158e-9
3.789987410296708e-9
3.728794939229286e-9
4.004001063707409e-9
4.154866018679805e-9
4.157576711409491e-9
4.244358612509534e-9
4.5662879795353136e-9
4.397142020528845e-9
4.6978955793545785e-9
4.7586399079727414e-9
4.92972258949082e-9
5.00208576572059e-9
5.079827943070989e-9
5.02382088670217e-9
5.313152970629665e-9
5.420413305046535e-9
5.5367331901809355e-9
5.812687735410983e-9
5.858864760656077e-9
6.018080832426367e-9
6.206341942634348e-9
6.3229241534079754e-9
6.4414355506900244e-9
6.835297273876042e-9
6.774312814494698e-9
6.877534770893483e-9
7.079222545053544e-9
7.404100735209888e-9
7.70980149321641e-9
7.974042157507682e-9
7.239641346920056e-9
7.61570283655825e-9
8.316511914936431e-9
8.224528599942264e-9
8.316367622602204e-9
8.810626102192437e-9
9.035632768984601e-9
9.10434826289968e-9
9.156885382371221e-9
9.785881024614398e-9
9.775404142821395e-9
9.845107566993941e-9
1.0238356597291867e-8
1.0659689535360778e-8
1.109955096169408e-8
1.0567603301049126e-8
1.1302120340786514e-8
1.1465379134270532e-8
1.2183411392455316e-8
1.1728445714646729e-8
1.2377509165945713e-8
1.1957683624318429e-8
1.2430751876273576e-8
1.308751715433106e-8
1.2470962321708231e-8
1.373533804529185e-8
1.4346420610740866e-8
1.4693402024593916e-8
1.4623207696671066e-8
1.4428747165005759e-8
1.4945177441588116e-8
1.6552176475189234e-8
1.6124138516650284e-8
1.614460107228949e-8
1.445213168664035e-8
1.7151351104480014e-8
1.7172440702176173e-8
1.8334676286185312e-8
1.9214491994442406e-8
1.9028604411098617e-8
1.9885322372991146e-8
2.047886758983349e-8
2.0837234240551178e-8
2.1562844213081712e-8
2.291991046884335e-8
2.2740658372977527e-8
2.4086702079625723e-8
2.558198590220919e-8
2.649391544392368e-8
2.722718496927706e-8
2.8780774470050213e-8
2.992928222794688e-8
3.1817463252425405e-8
3.360193129762245e-8
3.536764078616105e-8
3.650615574330577e-8
3.243186796753821e-8
1.3812168971019123e-8
2.9019257943508087e-6
9.215809717608642e-7
5.446407929072382e-7
3.9587045430608813e-7
3.18597203871385e-7
2.5874592471185093e-7
2.2529934868800966e-7
2.0076873171164619e-7
1.8306411064663936e-7
1.6436942397843852e-7
1.4813681373743338e-7
1.4188605593336947e-7
1.3462384165236639e-7
1.21732265620508e-7
1.1203482944843126e-7
1.0960722318056379e-7
1.082877188099718e-7
9.83925750685874e-8
9.70325007530224e-8
9.086101949166996e-8