1.5552950417661928e-9
1.708906999198361e-8
3.2527710449635785e-8
4.7776190570914134e-8
6.279197822287921e-8
7.74412963685307e-8
9.175976718597925e-8
1.053938126643282e-7
1.1875933841135393e-7
1.3153892438661518e-7
1.434580805502085e-7
1.5569013928192527e-7
1.6534749899671305e-7
1.7608509223511286e-7
1.8495478927414722e-7
1.9390416024693717e-7
2.018590140307155e-7
2.0849476253019831e-7
2.1550516980295844e-7
2.2090506705496154e-7
2.2550336708262606e-7
2.3159631768377597e-7
2.3537302185576784e-7
2.3021214665755297e-7
2.408777948819664e-7
2.3225271302315582e-7
2.507745455451503e-7
2.4479831371788895e-7
2.4772195004957914e-7
2.544283614685141e-7
2.5054260542190546e-7
2.4980331432755074e-7
2.4709409587988025e-7
2.4518225318507447e-7
2.422131398292956e-7
2.371970028412746e-7
2.3247216255114144e-7
2.2604926196037065e-7
2.1752430328454708e-7
2.0610403907020883e-7
1.9029498828923386e-7
1.675364585059845e-7
1.3281951739840678e-7
7.533583672624239e-8
2.6229321021387594e-9
4.175447815394151e-7
1.6314346978071984e-6
3.0260573816870805e-6
3.3467683000407318e-6
2.8392784446705496e-6
2.2557144453875596e-6
1.8042807654141276e-6
1.479250587655855e-6
1.2424995970012598e-6
1.0698603960205831e-6
9.307639707192897e-7
8.236492989547291e-7
7.366050304358284e-7
6.68937651998115e-7
6.101787209506944e-7
5.571036668938482e-7
5.200383572010322e-7
4.899133335772212e-7
4.5185116021541375e-7
4.207662876264109e-7
3.9759912951961483e-7
3.7495155050393216e-7
3.557547392410845e-7
3.384287026595695e-7
3.232315603245778e-7
3.087325299430475e-7
2.942649050505658e-7
2.812206567772508e-7
2.702227273477127e-7
2.6073714852419605e-7
2.4944939119712777e-7
2.426704934801876e-7
2.3458655570837229e-7
2.249034686484348e-7
2.2317188550054458e-7
2.1315476829454992e-7
2.0363303294822127e-7
1.9945147561452627e-7
1.9471778082383156e-7
1.8636501569852593e-7
1.8632915047320868e-7
1.7573614680926786e-7
1.713530289932248e-7
1.655645616078407e-7
1.6013772137141343e-7
1.6373915605425137e-7
1.5405875655759512e-7
1.5236746110892773e-7
1.4484429975008055e-7
1.451942821982616e-7
1.4260974525472547e-7
1.376700329932759e-7
1.3544971118701492e-7
1.3310606697549963e-7
1.3110542871509004e-7
1.2649715115966676e-7
1.2612737768966939e-7
1.2344912831469637e-7
1.214634328473553e-7
1.2005428944142568e-7
1.1443445958972845e-7
1.1354888387778831e-7
1.1204330389234515e-7
1.1142472326598412e-7
1.0974908689833018e-7
1.0670565304821939e-7
1.031720383969194e-7
1.0094199698707616e-7
1.012877298205451e-7
1.0091095034257947e-7
9.673295761306813e-8
9.92086135860143e-8
9.396421519543358e-8
9.334598607570748e-8
9.05883534738132e-8
9.041402799053664e-8
8.58420962759995e-8
8.795084339621706e-8
8.527038664672321e-8
8.55173705805468e-8
8.248023794596823e-8
8.144946044942527e-8
8.113136477801081e-8
8.334934540086919e-8
7.882256727061961e-8
7.893399573955573e-8
7.564686908021279e-8
7.579795811378573e-8
7.392759705802205e-8
7.36207792460696e-8
7.308370168174692e-8
7.085154335373675e-8
7.071933000540856e-8
6.863709108808378e-8
6.740641203198955e-8
6.744020650377427e-8
6.626762220028208e-8
6.590246540272053e-8
6.482426392146597e-8
6.301374762489251e-8
6.152081736803089e-8
6.222189065316893e-8
6.169646198258976e-8
6.142850408418756e-8
6.031258912770264e-8
5.954717083138239e-8
5.8327964543721096e-8
5.815828780836012e-8
5.739664821550462e-8
5.6557978561769643e-8
5.5534077778806224e-8
5.518693616100375e-8
5.411735225311367e-8
5.398981604724434e-8
5.2865226710087224e-8
5.2311467946716454e-8
5.184101259964082e-8
5.102297036798379e-8
5.069096867645238e-8
4.953651333615912e-8
4.934194717242839e-8
4.873444052959867e-8
4.805431367607425e-8
4.762684656007015e-8
4.7039929561702584e-8
4.4703530513494484e-8
4.590306334692671e-8
4.5414986120569895e-8
4.481430872184403e-8
4.4296660088802604e-8
4.37898305859865e-8
4.339723526824341e-8
4.278554531202562e-8
4.2307811307116544e-8
4.17428697320174e-8
4.131742623323189e-8
4.0865240183595e-8
4.035890727600477e-8
3.9949041619725593e-8
3.9502138972890684e-8
3.904808753744029e-8
3.85880282725156e-8
3.818403263881249e-8
3.7760349867002534e-8
3.73402389959491e-8
3.6935975213635185e-8
3.652595576905106e-8
3.6127830169256555e-8
3.57349152824681e-8
3.5348271580119826e-8
3.496387678279316e-8
3.4585309646791014e-8
3.4212867592278693e-8
3.3805015614259716e-8
3.347567525662155e-8
3.31234621107221e-8