1.7168450134265252e-9
1.8860440236510365e-8
3.588424928914403e-8
5.2691776158018405e-8
6.916822782140139e-8
8.525063675417696e-8
1.0082235150013093e-7
1.1603832732284124e-7
1.3011434584310274e-7
1.438658130517032e-7
1.5667417643820857e-7
1.6900092245526803e-7
1.7919051362661262e-7
1.9073512258423755e-7
2.0143535802303242e-7
2.0877513208243448e-7
2.1794395103209333e-7
2.245796227545838e-7
2.299118289336757e-7
2.3449505764596115e-7
2.258260884586614e-7
2.5011638409422106e-7
2.485277401768314e-7
2.533933054400887e-7
2.4906905715821465e-7
2.5657293891077905e-7
2.561193117539676e-7
2.576477736805093e-7
2.5757616456009097e-7
2.529707018907981e-7
2.583810959587926e-7
2.539522771294786e-7
2.503032145924372e-7
2.457715100544451e-7
2.4058505706675586e-7
2.3323597137332706e-7
2.2394189929700555e-7
2.1156231190738536e-7
1.9459132569115582e-7
1.7047858763731139e-7
1.3426467539140212e-7
7.54705328116631e-8
2.4971565603876434e-9
3.705770356875412e-7
1.4678923103222272e-6
2.8256579355471747e-6
3.338301482332113e-6
2.9613324491545117e-6
2.395885747622236e-6
1.9291348604260763e-6
1.5816986896903933e-6
1.3276205318104784e-6
1.1388852994476306e-6
9.89063828918898e-7
8.751726340478479e-7
7.812409426594855e-7
7.069051415675708e-7
6.423299568387111e-7
5.88650525803588e-7
5.445864419263372e-7
5.116008141939683e-7
4.7336998047661717e-7
4.4299995692629467e-7
4.167138091401437e-7
3.933481132649369e-7
3.712364479265158e-7
3.5266544028620864e-7
3.371347025999299e-7
3.208392746105868e-7
3.058470410230651e-7
2.9352258077353424e-7
2.8034516799203804e-7
2.7072358995290013e-7
2.5923208973287004e-7
2.510835682244338e-7
2.4115514305569166e-7
2.3132727058964996e-7
2.2463823849681123e-7
2.1858982231798942e-7
2.1034817320725527e-7
2.0654258438685395e-7
2.008890409679175e-7
1.923522892335411e-7
1.8856148808146992e-7
1.8316764461450384e-7
1.803669599289671e-7
1.7451157100121586e-7
1.7083117777688894e-7
1.6635733348243045e-7
1.605553529098931e-7
1.578889559756692e-7
1.5626194701541343e-7
1.4994693921019785e-7
1.4530789195211156e-7
1.3585253940549613e-7
1.4235337878344698e-7
1.3712465722550897e-7
1.384840321179602e-7
1.3249774403216816e-7
1.2890280171802786e-7
1.2589259397323703e-7
1.240021550128838e-7
1.2119810355052944e-7
1.2001203043738132e-7
1.160291012215345e-7
1.1554151758063819e-7
1.1296250377918876e-7
1.11701649479162e-7
1.1009884958284229e-7
1.0464660558191204e-7
1.057950393751943e-7
1.0221652224937622e-7
1.0056273838175186e-7
9.92271051423855e-8
9.763265487063454e-8
9.619796089133816e-8
9.544928682236658e-8
9.55636814370036e-8
9.427836694708185e-8
9.099246683117793e-8
9.28872114080245e-8
8.66675695964718e-8
8.639370818987593e-8
8.62783673464404e-8
8.323651250236708e-8
8.363967510733702e-8
8.116950214494044e-8
8.11473119902073e-8
7.91676700233577e-8
7.854407519625706e-8
7.73878568807845e-8
7.603397330389356e-8
7.552221422282633e-8
7.322906143276193e-8
7.31184863128647e-8
7.254927639058744e-8
7.063101924870398e-8
6.952397587949759e-8
6.854434102161068e-8
6.776684200219482e-8
6.749197425527486e-8
6.639006988530536e-8
6.56595479999816e-8
6.394429316481118e-8
6.426700179882182e-8
6.309000197292327e-8
6.221662540744676e-8
6.160980314136713e-8
6.09229240485493e-8
6.05200287328864e-8
5.8677443525743916e-8
5.873076716654469e-8
5.7889846063892656e-8
5.720266903771577e-8
5.616632524954642e-8
5.551936643705644e-8
5.4798669427154775e-8
5.3777291759605e-8
5.3321864959454425e-8
5.288308560072838e-8
5.2064424169256855e-8
5.139930956020623e-8
5.080257955612997e-8
5.0127416067349975e-8
4.9509872250542244e-8
4.915731386413275e-8
4.8451350019369394e-8
4.8047665036518625e-8
4.713802917499536e-8
4.6788969952930366e-8
4.619854136457726e-8
4.5738289629532845e-8
4.5131459498353455e-8
4.4594465060979346e-8
4.416658519574208e-8
4.360652708648804e-8
4.307551195952224e-8
4.2628282936224405e-8
4.208553127744463e-8
4.159602032305725e-8
4.1141342516325464e-8
4.067401474945052e-8
4.0218074639029244e-8
3.974533588460784e-8
3.930212205173411e-8
3.886201050858965e-8
3.8427668148697876e-8
3.800230409068083e-8
3.757977023272449e-8
3.716129422665614e-8
3.675173368962067e-8
3.634672151560385e-8
3.595136009707802e-8
3.55538100601374e-8
3.5167847790558265e-8
3.477752866334759e-8
3.439351050853393e-8
3.404799014213974e-8
3.369423777359771e-8
3.327740478197856e-8
3.292541686173491e-8