2.943731044267082e-12
3.2388774529465625e-11
6.184933607055631e-11
9.135708945983637e-11
1.208635752943919e-10
1.5056086074842265e-10
1.7947472407056382e-10
2.0975155702492684e-10
2.4033918534175666e-10
2.7004654847597214e-10
2.998859093743241e-10
3.708713939009077e-10
3.6206904353612803e-10
3.9144678520588497e-10
4.2472646875011415e-10
4.5556828661695273e-10
5.476763510783707e-10
5.173342406010134e-10
5.413398558126958e-10
5.8633655979247e-10
6.207054540980311e-10
6.49416996382083e-10
6.824159467938979e-10
7.166507893867318e-10
7.549654653765642e-10
7.897558486598402e-10
8.272518997787131e-10
8.524050563209052e-10
9.024970354267009e-10
9.306839177949347e-10
9.764199839340316e-10
1.0093215003217311e-9
1.0496768330433118e-9
1.0950923065742883e-9
1.1324538151838428e-9
1.1629920161090132e-9
1.1992775710675158e-9
1.249950050779857e-9
1.292924315248965e-9
1.3425598026721035e-9
1.394840907575609e-9
1.442864813980244e-9
1.4878531422530608e-9
1.5332145251949629e-9
1.572916643339775e-9
1.5977374246745866e-9
1.6551973693556678e-9
1.7349951532217504e-9
1.7725664923652463e-9
1.8458287532746842e-9
1.8723264716718603e-9
1.948934656852869e-9
1.9472970291131667e-9
2.046636893410415e-9
2.105310425556923e-9
2.1493407874342722e-9
2.2130405196702712e-9
2.2531451728746636e-9
2.3021088159847013e-9
2.4056917602704725e-9
2.5317297897711878e-9
2.6317694983474298e-9
2.464973915145516e-9
2.6495523876527624e-9
2.73083604988721e-9
2.779171398499542e-9
2.913526331334379e-9
3.0153881515421994e-9
3.028222389047043e-9
3.09004733517099e-9
3.2158622733978574e-9
3.329658946684855e-9
3.324360385548253e-9
3.4749180846172063e-9
3.6369367559710846e-9
3.6315994177175267e-9
3.699383732511484e-9
3.992133685593775e-9
4.155483286263029e-9
3.985836290950314e-9
4.165936913701344e-9
4.1996093719316045e-9
4.301641226118421e-9
4.4372917667057916e-9
4.271816476732313e-9
4.4866780027254756e-9
4.800068643639484e-9
4.643735047175334e-9
5.1056444780470504e-9
5.086586620616463e-9
5.2235475920015124e-9
5.270985697769339e-9
5.541775001045355e-9
5.7170754745555845e-9
5.943731327168614e-9
5.884351574304239e-9
6.206463046733716e-9
6.149387170647421e-9
6.410441043329579e-9
6.705835742659235e-9
6.7023790694123196e-9
6.806683445915303e-9
6.991205553254333e-9
7.521281877867809e-9
7.56237536700636e-9
7.368322778348235e-9
7.487625675073857e-9
8.066712003348316e-9
7.88286292392637e-9
8.003215577113527e-9
8.430245057315927e-9
8.330577571864293e-9
8.880785787655646e-9
8.957236376276198e-9
9.324067715334006e-9
9.843294075848406e-9
9.88958395391244e-9
9.704100659273699e-9
1.0250693495640634e-8
1.095331608445414e-8
1.0293164411745335e-8
1.0956054615903498e-8
1.0659724812643638e-8
1.1205666617025007e-8
1.2267693399446225e-8
1.1966108653214179e-8
1.2013027873727293e-8
1.2231130248764235e-8
1.2584854017672449e-8
1.2279302441954749e-8
1.3512232758247038e-8
1.4520147186187372e-8
1.4184986460835716e-8
1.3170002938199684e-8
1.352780005959793e-8
1.4951990806908074e-8
1.476459463966848e-8
1.579177777755408e-8
1.5614904322589143e-8
1.597736962392985e-8
1.6301522729718003e-8
1.6284122599217247e-8
1.8580518723238362e-8
1.758497586006801e-8
1.8599037788409084e-8
1.741017924821803e-8
1.892453109736078e-8
1.809546933394202e-8
2.0101888503771304e-8
1.9461350061722034e-8
1.997510889055596e-8
2.0348603218491277e-8
2.1318586944047255e-8
2.2693460942817654e-8
2.3032717009362825e-8
2.34550310374004e-8
2.5010295578522247e-8
2.535533968119555e-8
2.6572037626398463e-8
2.6996408868558496e-8
2.8210167786078126e-8
2.9253401782578752e-8
2.984157869296007e-8
3.282482900127136e-8
3.3100814871255145e-8
3.531870484883402e-8
3.706785846239474e-8
3.8245948414350036e-8
3.9670308831116586e-8
3.446301560042671e-8
1.275280982449199e-8
3.3036459183435976e-6
1.0353942361635414e-6
6.001290566748128e-7
4.326651323686898e-7
3.4227486496920514e-7
2.7815414509955616e-7
2.473223059508391e-7
2.1597145959312695e-7
1.8517103859724144e-7
1.796890825932215e-7
1.6014580614022193e-7
1.5350648387929387e-7
1.4396558107784942e-7
1.324198021536318e-7
1.2136101007626e-7
1.1724070295102643e-7
1.1354324591524985e-7
1.0299346150875517e-7
9.964593475135622e-8
9.786875504970821e-8
9.399877464911276e-8
9.047208109108927e-8
8.616135888851271e-8
8.502060518262085e-8
8.123398868515671e-8
7.978398694402154e-8
7.612567755988161e-8
7.443639769359257e-8
7.012095499882095e-8
6.966375673792982e-8