2.0988212687611115e-11
2.3102544853012637e-10
4.424673070999807e-10
6.526522089683166e-10
8.621211714747958e-10
1.0786114132736278e-9
1.2826769721122978e-9
1.4951921085462915e-9
1.7171568144460546e-9
1.9259311496450776e-9
2.140916289061917e-9
2.362968798699619e-9
2.571505563698517e-9
2.780270327243004e-9
2.9623653996429472e-9
3.191897856431281e-9
3.4807786917102127e-9
3.69229313159237e-9
3.6832020295260334e-9
4.161655249189112e-9
4.372561673464332e-9
4.380192878925372e-9
4.7629812295248645e-9
5.111145954789049e-9
5.252022345767682e-9
5.503848562207013e-9
5.8875402782740535e-9
5.891053626807003e-9
5.5973354460758624e-9
6.371483027644803e-9
6.5020196900041755e-9
7.284239892254337e-9
7.291406924144617e-9
7.786499011881678e-9
7.873114976557722e-9
8.078566748239557e-9
8.59062160643523e-9
8.425513643500051e-9
8.41363255138346e-9
9.746139208222461e-9
9.73995907329408e-9
9.891237322385853e-9
9.917803151589016e-9
1.0868817102923029e-8
1.2827693223316146e-8
1.1071021740582428e-8
1.1221755675055058e-8
1.2141306866636136e-8
1.2491856523796897e-8
1.2246317451823346e-8
1.2596624282209047e-8
1.2715548509408956e-8
1.3753793038130494e-8
1.4113180258159903e-8
1.396366853738379e-8
1.506989656565299e-8
1.5360629235739353e-8
1.4586926978695285e-8
1.5854281131524802e-8
1.4903798648846287e-8
1.589947732649047e-8
1.6561694473375822e-8
1.703404044440977e-8
1.7540196272450235e-8
1.718480941654924e-8
1.7672039146586506e-8
1.951561544897533e-8
2.0462320916348437e-8
2.0726686154402016e-8
1.8498770937059197e-8
2.1311838919237183e-8
2.170585543783522e-8
1.8054832985467543e-8
2.16459721804808e-8
2.186555041403077e-8
2.341489537059403e-8
2.363515500111185e-8
2.3073643908915706e-8
2.443022405687297e-8
2.4364847448452132e-8
2.561554115559913e-8
2.1688636858132632e-8
2.826944855517035e-8
3.214933833519924e-8
2.6109270054653116e-8
2.793474150630573e-8
3.0313971137265795e-8
2.8467593325031953e-8
2.896456304733684e-8
2.9105815857056358e-8
3.122539096153705e-8
2.961332536809044e-8
3.109675989420929e-8
3.24045863390007e-8
3.039429454007229e-8
3.191597965422621e-8
3.3963502850372036e-8
3.7493474016022134e-8
3.6384536422985624e-8
3.494330590572291e-8
3.620266646989499e-8
3.615409128664366e-8
3.778627677512221e-8
3.7582394384914044e-8
4.319899992664587e-8
4.2729664165147e-8
4.184545803306337e-8
4.089458540582643e-8
4.165516321427425e-8
4.159441135581437e-8
4.575558234819847e-8
4.706233814943635e-8
4.767759364737039e-8
4.599492638082757e-8
4.852809800440965e-8
5.1453974606749424e-8
5.1936109221851827e-8
5.333436825293479e-8
5.4757559013536236e-8
5.7333374474235484e-8
5.834638190888178e-8
5.878325202662254e-8
6.132946942250886e-8
6.16822008055033e-8
5.9135303649218825e-8
4.580768639303049e-8
8.614116195880057e-9
4.561922615905204e-6
1.9422649374277014e-6
1.0174152110866705e-6
6.676122850114361e-7
5.635910874461777e-7
4.3431712981736414e-7
3.735262005331269e-7
3.20132132301056e-7
2.8841411478841336e-7
2.665250764964176e-7
2.450848628620857e-7
2.1999464667398202e-7
2.089785263640188e-7
1.918829547584695e-7
1.806710461554043e-7
1.7154065890665244e-7
1.5465537763985096e-7
1.4665358023465155e-7
1.4465157096367875e-7
1.4389219982522554e-7
1.3389884378266364e-7
1.3096883696031985e-7
1.2609220730580534e-7
1.2085810811413878e-7
1.1306936203971084e-7
1.1086427232924913e-7
1.118797624549893e-7
1.0186382789289469e-7
9.75072645073149e-8
9.941951623139898e-8
9.452568749179467e-8
9.215289613512101e-8
8.988240677815979e-8
8.669235752232099e-8
8.926027212173388e-8
8.505809856209897e-8
8.090272750979378e-8
7.76794337705088e-8
7.802008414626945e-8
8.002178571322571e-8
7.429043506602818e-8
7.253668722466121e-8
7.402668190647655e-8
7.083147082096119e-8
6.828752546540587e-8
6.663673423548726e-8
6.67858794042367e-8
6.62000248691817e-8
6.366337990245178e-8
6.416748523550402e-8
6.111695145363485e-8
6.12138799730568e-8
5.981521017649032e-8
5.917023161632696e-8
5.715943057477034e-8
5.6090873893068683e-8
5.5106350524084784e-8
5.3669031225463596e-8
5.414533131192475e-8
5.3270123213049316e-8
5.216434734621438e-8
5.2456557786255884e-8
5.022025046294296e-8
5.015183286745225e-8
4.953437358443486e-8
4.87619258381251e-8
4.814204064046478e-8
4.756288403280136e-8
4.668910020153996e-8
4.6398992663935455e-8
4.6038490127338694e-8
4.532528394973861e-8
4.4496996529628854e-8
4.379499063136614e-8