9.289563992263592e-11
1.0213090477224636e-9
1.9509858331207394e-9
2.8921306330876143e-9
3.809693553248684e-9
4.73108910549902e-9
5.672269638112785e-9
6.61546892889851e-9
7.543293732315335e-9
8.472566360303482e-9
9.494475813292797e-9
1.032395755464532e-8
1.1118769403623565e-8
1.2086993982454964e-8
1.3202662304286861e-8
1.4186884221786643e-8
1.507434616047169e-8
1.6039577659339212e-8
1.7298317485948733e-8
1.7854146676919697e-8
1.886364193927291e-8
1.962930755410518e-8
2.096029031834041e-8
2.1548132038223084e-8
2.206968409463607e-8
2.2543160928275954e-8
2.465104829643796e-8
2.56346981990234e-8
2.7614180192917606e-8
2.7224546143667318e-8
2.8339497960302093e-8
2.8899550017739563e-8
2.965283784084604e-8
3.3626670710845284e-8
3.683753907384762e-8
3.834687300859886e-8
3.345928082320496e-8
3.457467276454167e-8
2.5820726841816365e-8
3.55912541448823e-8
3.5747232649861144e-8
3.8660220264585095e-8
3.871186419344971e-8
4.298045768486973e-8
4.4064682383930775e-8
4.532573311880524e-8
4.239871368630284e-8
4.542203875433677e-8
5.1108393407055976e-8
4.881008589274422e-8
4.6953185583212134e-8
4.9324766147594205e-8
4.0309264294929803e-8
4.900764601508002e-8
4.246624547746361e-8
5.520717694058667e-8
5.592451989514786e-8
6.672818514972444e-8
5.7908672637855376e-8
6.428721216015878e-8
5.523100011271414e-8
5.8815051700276926e-8
6.106714912927119e-8
5.480424627188603e-8
6.349376631856898e-8
6.160283176807984e-8
6.786915102086786e-8
6.464874858359061e-8
6.680930591892441e-8
8.410670714992308e-8
6.601591527714804e-8
7.043799755859212e-8
6.702066037815746e-8
7.092137549219465e-8
7.004867700633038e-8
7.637187668638405e-8
7.809048171323559e-8
8.822379793101441e-8
8.292049859937974e-8
7.000006515781247e-8
7.705782726957462e-8
8.056139042843722e-8
6.986965489628628e-8
8.263783432334581e-8
8.760364055857251e-8
8.855378919832161e-8
8.434779089636495e-8
8.801888382957032e-8
8.828486222916842e-8
9.00937690174392e-8
9.079670543037431e-8
9.132770892713732e-8
9.10665287969002e-8
8.835751389487551e-8
8.026997658501259e-8
5.6364950790204156e-8
6.204757763251774e-9
2.9494460630696596e-6
3.2759823855820506e-6
1.7501480817575e-6
1.1497925549794774e-6
8.326906650347919e-7
6.788959080644926e-7
5.543597463955559e-7
4.755124054765619e-7
4.1223547848267685e-7
3.6540920431415913e-7
3.175947923477006e-7
3.1445188002189506e-7
2.821198682050863e-7
2.5995536964578876e-7
2.41848108162004e-7
2.281184542643307e-7
2.245557710587592e-7
2.0421211174595736e-7
1.9887270430406444e-7
2.0763433629250088e-7
1.8559617277511273e-7
1.708334620830882e-7
1.6340024964332994e-7
1.554788425160272e-7
1.5900354444387954e-7
1.4392255946308652e-7
1.4560650215923503e-7
1.3891162056365338e-7
1.3397310530630216e-7
1.1983698267686806e-7
1.2250678895052108e-7
1.1749728806513029e-7
1.1314506371023129e-7
1.1392311334906226e-7
1.1024436353667621e-7
1.1060465472976927e-7
1.1652980525366689e-7
1.0690892111913923e-7
1.0050634581973476e-7
9.907417452669931e-8
9.596058798634081e-8
8.649247637752518e-8
9.249844322065333e-8
9.099087488589223e-8
8.737003421594705e-8
8.68471386898908e-8
8.587219779744302e-8
8.47067727375508e-8
8.53162486476343e-8
8.096804526996799e-8
7.956516981242032e-8
7.644068277666242e-8
7.855946447221662e-8
7.260174937413086e-8
7.107373014151238e-8
7.252558672150105e-8
6.985828979875337e-8
6.965673017278555e-8
6.787691743096656e-8
6.713202645981334e-8
6.655604433574208e-8
6.796321936798629e-8
6.437872291547187e-8
6.401962332992821e-8
6.332375119061344e-8
6.11188297587884e-8
6.09638491025229e-8
6.010648709408153e-8
5.996861703022878e-8
5.8774399705405034e-8
5.77415495145991e-8
5.637251263582266e-8
5.6371513514849486e-8
5.534537220767174e-8
5.465032466915892e-8
5.393172587487069e-8
5.279153777020924e-8
5.309518513673078e-8
5.1726505315631404e-8
5.1888364578444614e-8
5.0305483109182975e-8
5.050539048338044e-8
4.850525783910229e-8
4.8880912250928506e-8
4.839185018633499e-8
4.7547382944193124e-8
4.655347585857466e-8
4.719279066366143e-8
4.522843902383617e-8
4.5235176725171804e-8
4.508079660139885e-8
4.45789872050465e-8
4.3586762912191e-8
4.3447982539590005e-8
4.2773194199723795e-8
4.237052770323925e-8
4.180367674495128e-8
4.135223540096775e-8
4.0677730598696945e-8
4.0249859999501834e-8
3.995319285667997e-8
3.955008732867117e-8
3.913395835352392e-8
3.846718336996013e-8