6.378545967563006e-10
4.818525027139491e-9
1.1871729134379304e-10
1.781481376432191e-10
2.408156824368612e-10
3.082224387570512e-10
3.8223937481857507e-10
4.6558779040683e-10
4.408848136874267e-8
1.7967580736467687e-7
3.0288599016119894e-7
4.4513972680488357e-7
6.143161430995174e-7
8.153343392325775e-7
1.0498977635169213e-6
1.315339997539363e-6
1.6032494199960942e-6
1.8914425808390603e-6
2.1562112345779396e-6
2.3658545126450904e-6
2.4970273533692365e-6
2.5429525398249956e-6
2.508457439104567e-6
2.4109432963414195e-6
2.273172924976313e-6
2.1146515038352357e-6
1.950354040902332e-6
1.789275129384305e-6
1.6385699601575434e-6
1.4995363469485133e-6
1.3742424734313802e-6
1.2619292080087166e-6
1.1593545019013874e-6
1.0712064310302634e-6
9.916321536117173e-7
9.194074893616485e-7
8.551365902516286e-7
7.990674846008808e-7
7.47613843011463e-7
7.012518118762217e-7
6.594787545151242e-7
6.20419241413914e-7
5.868435259932199e-7
5.55811924771625e-7
5.27362411815337e-7
5.011404229471623e-7
4.768904605667666e-7
4.544167584406269e-7
4.33770771314866e-7
4.1535903038346485e-7
3.9793451759617487e-7
3.8163826622877214e-7
3.665974421181023e-7
3.52351265198496e-7
3.391708260342235e-7
3.267902879856896e-7
3.149965355699371e-7
3.043440831801438e-7
2.9422246969379204e-7
2.84674518574256e-7
2.75637819157693e-7
2.6704927472899447e-7
2.589653010685879e-7
2.512538557526125e-7
2.4398079227247663e-7
2.371316588252891e-7
2.3061680114423777e-7
2.243921915413217e-7
2.1843228383298342e-7
2.1279380355031995e-7
2.0739574254151823e-7
2.0224822720791035e-7
1.9735438492113385e-7
1.9264181219717727e-7
1.8813803642952783e-7
1.8380616164917664e-7
1.7957870907380754e-7
1.7559248615319527e-7
1.718174210153567e-7
1.681403250069927e-7
1.6459614527645818e-7
1.6117680951374656e-7
1.5788886762101614e-7
1.546958168661571e-7
1.516064635200146e-7
1.4865957331195265e-7
1.457734735710149e-7
1.4297510862959648e-7
1.4028512450164938e-7
1.376879028559103e-7
1.3515036713757972e-7
1.326832864697577e-7
1.302581583076053e-7
1.280114064300808e-7
1.2578610329272608e-7
1.2361254440470154e-7
1.2150595075244394e-7
1.1944000213216895e-7
1.1743629737103238e-7
1.154957764952371e-7
1.1358031791374174e-7
1.1172821576631366e-7
1.0993267606371134e-7
1.0817756567621577e-7
1.0644357942124587e-7
1.0478363061255369e-7
1.0313725243976911e-7
1.015813260514211e-7
1.0001516818506366e-7
9.847088354197089e-8
9.70235148843052e-8
9.552815537353268e-8
9.40824050704622e-8
9.268019434493038e-8
9.127369797891918e-8
9.001454269195017e-8
8.869803775015465e-8
8.738147418063269e-8
8.614240433655848e-8
8.487588763149657e-8
8.359328470327773e-8
8.170724280895459e-8
8.105383848016474e-8
8.011071355426462e-8
7.906931585850149e-8
7.799881891490781e-8
7.703830035455745e-8
7.542822342492801e-8
7.487480757311585e-8
7.377286618185703e-8
7.322656911778725e-8
7.153701931835743e-8
7.070339772712083e-8
6.950306825348401e-8
6.87936732436485e-8
6.759341796685209e-8
6.70539465823113e-8
6.589391782953646e-8
6.533584053394796e-8
6.473444222491851e-8
6.389541396536158e-8
6.312247684478039e-8
6.202836225305148e-8
6.122221750312497e-8
6.016752045705122e-8
5.964902305047903e-8
5.8865969500817514e-8
5.810180544226482e-8
5.7405539465499026e-8
5.657659437895337e-8
5.593434534704171e-8
5.522693491672167e-8
5.4501226037586517e-8
5.373873461843259e-8
5.3151633497257154e-8
5.254360106361425e-8
5.181557777505414e-8
5.1190926057394444e-8
5.053503110138566e-8
4.992073851431882e-8
4.93037902890452e-8
4.869548703988897e-8
4.808615666747335e-8
4.7506123390605926e-8
4.6930509332594366e-8
4.635971900772601e-8
4.576556082177426e-8
4.524043360942083e-8
4.470064163340569e-8
4.4183756356107496e-8
4.365024581826725e-8
4.307532589859996e-8
4.2592483028951844e-8
4.2113507124327755e-8
4.160492222366321e-8
4.114993232251153e-8
4.065988849501166e-8
4.016017974145179e-8
3.964966129242344e-8
3.925885624410294e-8
3.8775511005839745e-8
3.834624501689441e-8
3.7900936325157336e-8
3.747046571270857e-8
3.705608469654113e-8
3.6541392385114126e-8
3.622049721237249e-8
3.5748650227685956e-8
3.53214352897205e-8
3.496868401976563e-8
3.461453605855833e-8
3.423648373899762e-8
3.375542513950796e-8
3.3363917028501544e-8
3.306958929207497e-8
3.26438899113504e-8
3.2320639957790747e-8
3.202185222222758e-8
3.1679577216684234e-8
3.12315498304583e-8
3.0881961276493625e-8