9.785766644655775e-11
1.0764329666061153e-9
2.055998186439878e-9
3.043488388139446e-9
4.0161286591911444e-9
4.995740550396429e-9
5.9783919421101394e-9
6.953047831036378e-9
7.93685558547463e-9
8.909288987606209e-9
9.901860056342883e-9
1.0665887859915651e-8
1.1928218872210425e-8
1.2891991610893288e-8
1.3872800945475605e-8
1.466516162410763e-8
1.59730117693808e-8
1.6966207621873982e-8
1.7724272081029373e-8
1.8900747440040667e-8
2.0013813672849753e-8
2.1054114270141277e-8
2.1693199219809442e-8
2.3087737924119937e-8
2.4102726373799365e-8
2.5265193527667228e-8
2.586063001091863e-8
2.7875241141714026e-8
2.790022147273884e-8
2.8728435629018658e-8
2.898239808850554e-8
2.5445880871566433e-8
3.166898534267886e-8
3.4770130610619025e-8
3.768818506575448e-8
4.1682855791048053e-8
3.637716533399018e-8
3.6622261597853115e-8
3.6111499750689714e-8
3.021348417255705e-8
3.863495663138826e-8
4.137616330800921e-8
3.984045099009787e-8
4.1337593266127973e-8
4.7539077278598415e-8
3.7640705667639205e-8
5.256614247926391e-8
4.820111830927658e-8
4.953425085019245e-8
5.030726744605581e-8
5.967211431137611e-8
5.423526431578337e-8
5.1985217580487056e-8
5.163862227751785e-8
5.1672704064163176e-8
5.3724861731402235e-8
6.446812975668531e-8
5.617946251891972e-8
5.991170768014464e-8
4.7813360295572016e-8
5.846818876852725e-8
7.49736623433644e-8
6.307874796844134e-8
6.402626555345965e-8
6.956233500637204e-8
6.486835427088862e-8
7.464168711627169e-8
5.891726143523002e-8
5.869228519595239e-8
7.089575183482364e-8
7.441465490497133e-8
6.9632617120313e-8
7.063076022194891e-8
9.133095123424643e-8
7.57351046869765e-8
7.917090739083929e-8
8.671108336105686e-8
8.265661036482581e-8
7.406054009459087e-8
7.844745840518145e-8
8.374481254669961e-8
7.990205691708531e-8
8.213147812698164e-8
8.590999858355277e-8
8.599001585006356e-8
9.216453150733525e-8
8.48990090809439e-8
8.890404133430157e-8
9.534207711283914e-8
9.038067992131223e-8
9.32487753828951e-8
9.226566137662513e-8
8.853802435044447e-8
8.114332744757725e-8
5.675982956994802e-8
6.129317172778519e-9
2.8765369342524788e-6
3.328849181387791e-6
1.7821081170196715e-6
1.1564453477046646e-6
8.545632990021074e-7
6.875801291865036e-7
5.588169953572328e-7
4.901642551763132e-7
4.252876896077515e-7
3.7012209063915337e-7
3.432965286631006e-7
3.079787724776654e-7
3.0011948495751066e-7
2.528624226332297e-7
2.594157353168608e-7
2.4071170696671636e-7
2.2813311052944678e-7
2.099712267704581e-7
1.8801607749773741e-7
1.9660613808050903e-7
1.8582815771752775e-7
1.6446466285612476e-7
1.8087688631438956e-7
1.532302869823303e-7
1.5340096279921572e-7
1.4910621149004004e-7
1.4209958534371264e-7
1.3642994771932447e-7
1.299436816334843e-7
1.26607680752888e-7
1.1502480257189213e-7
1.1474577829089822e-7
1.1181070742936807e-7
1.1393837998099062e-7
1.123261779830551e-7
1.1279804886612997e-7
1.0278013351363049e-7
1.0521416355222396e-7
1.0501839450697762e-7
9.637606721259859e-8
9.730509836192403e-8
8.933050556027697e-8
9.725830171188956e-8
9.257971146734202e-8
8.988222830766139e-8
8.808413529214697e-8
8.665660523087788e-8
8.512573471862713e-8
8.246603161530867e-8
8.359234943174523e-8
8.180160907823639e-8
8.015508885017121e-8
7.743878021939281e-8
7.593241129418388e-8
7.317916529744962e-8
7.334073853383973e-8
7.173294720337345e-8
6.961861345730349e-8
6.935110315679944e-8
6.985225057911986e-8
6.8643122018709e-8
6.555229664526191e-8
6.591923965021268e-8
6.565837302311797e-8
6.31418022628316e-8
6.149771475049943e-8
6.139065089642958e-8
6.087810354594479e-8
5.921431072550001e-8
5.846714653961375e-8
5.908322349100123e-8
5.683341104969111e-8
5.667529029347372e-8
5.586092990465895e-8
5.539036676869367e-8
5.424361936458593e-8
5.344336352773174e-8
5.2407802919062186e-8
5.299155202476658e-8
5.3291379289783506e-8
5.13660993082043e-8
4.994164466726238e-8
4.979197819631108e-8
4.81375399278122e-8
4.956765975259417e-8
4.789060178344359e-8
4.716296395308283e-8
4.6646327325815354e-8
4.616735683792847e-8
4.5661810993138105e-8
4.5275350750176105e-8
4.448769028757865e-8
4.4361772037273675e-8
4.370301875771506e-8
4.322936336491406e-8
4.259956868823457e-8
4.237877016454355e-8
4.143192814279959e-8
4.086543544214568e-8
4.084388801570736e-8
4.033440473354191e-8
4.0398312967965094e-8
3.9509995797741595e-8
3.896311261848089e-8
3.8437802219998365e-8