1.493299339317391e-10
1.642744672701493e-9
3.1323855538504406e-9
4.6336957118869065e-9
6.117008281184176e-9
7.605668441260908e-9
9.03074251771203e-9
1.0596320857761818e-8
1.2073046454321596e-8
1.343900198886407e-8
1.509453291880885e-8
1.655916278601579e-8
1.7999363568596635e-8
1.944334420076986e-8
2.0879257722642897e-8
2.2619554433108755e-8
2.4556279480389036e-8
2.547232824530603e-8
2.7118503351886805e-8
2.8306899270104405e-8
2.967566034080364e-8
3.019257680538362e-8
3.240756032913566e-8
3.391956866178988e-8
3.519928581161813e-8
3.712835892436682e-8
3.8386323377262874e-8
4.100873730927505e-8
4.262273264803492e-8
4.592357625089035e-8
4.4756320808053156e-8
4.5755869954787626e-8
4.700855831285324e-8
5.09429040961637e-8
4.878872838740197e-8
4.969318932337786e-8
5.3976693976193665e-8
5.4289391672943595e-8
5.583126366525007e-8
5.528349046333093e-8
5.8396115612259584e-8
8.070026791254547e-8
6.334951230287213e-8
6.470384533835267e-8
6.089292204127579e-8
6.122538584831943e-8
6.391833439892493e-8
7.191363813307523e-8
6.066772961458733e-8
6.926552531270403e-8
8.252455306337001e-8
7.170702755365165e-8
6.61491985870382e-8
7.737220964957476e-8
7.589045094019513e-8
7.677425812017176e-8
7.760114391370264e-8
5.7872148335351995e-8
7.473396103330607e-8
7.351271289986662e-8
8.270008908831873e-8
7.948276072787365e-8
8.54955645434791e-8
8.817072948475723e-8
9.753175052160147e-8
1.1213175489035229e-7
7.052223782591249e-8
8.717703916812022e-8
9.51138947231481e-8
9.297561595561577e-8
1.0106451731983881e-7
9.775405807150831e-8
9.778718571459263e-8
9.466663024134928e-8
1.0012275569992283e-7
9.761806385478473e-8
1.0531171499607736e-7
9.93653692003606e-8
1.0397154590877973e-7
9.870694065039208e-8
1.019833778269936e-7
1.0541248307250329e-7
1.0501997522240633e-7
1.032262229279303e-7
9.850782896521544e-8
8.822926807234644e-8
5.999844137401771e-8
5.536102329120412e-9
2.3098479762194466e-6
3.7093620161710522e-6
2.0902115668094926e-6
1.3519998024013893e-6
9.53917700978609e-7
8.030399092228526e-7
6.284212202532441e-7
5.361193851192078e-7
4.851081997395555e-7
4.298195733909054e-7
3.776632684438751e-7
3.556180556283529e-7
3.087774778589307e-7
3.0050160962417645e-7
2.791016530776711e-7
2.5907595750794995e-7
2.5068518828135924e-7
2.2825853317466283e-7
2.141935378793912e-7
2.224228451892145e-7
2.0311864798644043e-7
1.798148621497271e-7
1.9206019250809782e-7
1.8214041955767283e-7
1.686398975427604e-7
1.616278767543653e-7
1.5875075003887183e-7
1.545322939014078e-7
1.369280524383577e-7
1.4254739125753113e-7
1.426270388893571e-7
1.329676507744642e-7
1.2856956264646096e-7
1.3359259147261402e-7
1.2392561393886587e-7
1.215626527145396e-7
1.1719284645724634e-7
1.1282521811556852e-7
1.1277311339165084e-7
1.0834180052046875e-7
1.0354152563986262e-7
9.486519431864481e-8
9.941828060070976e-8
1.0573321653870639e-7
1.0017871612525689e-7
9.513354059689727e-8
9.362779752453962e-8
9.105497098044339e-8
9.281026878881026e-8
8.633112797154334e-8
8.393439355330099e-8
8.749433568325706e-8
8.615592244813886e-8
8.08689175410214e-8
7.782950171126982e-8
8.283517873001139e-8
7.53100945282027e-8
7.507410264585746e-8
7.660229256546776e-8
7.280021005440404e-8
7.27922200259888e-8
7.314702554108275e-8
6.994610872680179e-8
6.983900814430684e-8
6.834179043094083e-8
6.580258877913034e-8
6.437137463008074e-8
6.789971049686372e-8
6.395279205428813e-8
6.224604033250416e-8
5.988644725633621e-8
6.164724735594233e-8
6.095832978095573e-8
5.925635571722175e-8
5.999448279472803e-8
5.833387728255451e-8
5.600524389511919e-8
5.6708673548867344e-8
5.541395564797461e-8
5.6006135797028376e-8
5.4724259339027075e-8
5.3857884299414667e-8
5.257166688967619e-8
5.302667841988201e-8
5.194530554759267e-8
5.104488338044316e-8
5.068980442221416e-8
4.9879523100123984e-8
4.904255530995428e-8
4.818558088206003e-8
4.498689086176943e-8
4.759196371880225e-8
4.6970095577503414e-8
4.7141458047373413e-8
4.5527123476463104e-8
4.542037685253765e-8
4.480204196372035e-8
4.4194651700069744e-8
4.362362333884967e-8
4.312766154249469e-8
4.269301754166429e-8
4.2317567084555395e-8
4.178924911149544e-8
4.135602878846813e-8
4.110613954507313e-8
4.055172387465384e-8
4.011454908892083e-8
3.950814474681641e-8
3.919821268564887e-8
3.865856082312706e-8
3.835282317943477e-8
3.79239066437886e-8
3.7513570766992803e-8