1.7932897303498767e-9
1.9019383423626528e-8
3.274965333072468e-8
3.995589462560411e-8
3.779365714987146e-8
2.3518126884952713e-8
3.462844506232505e-10
4.229819696084456e-10
5.083354891557754e-10
6.076793559182761e-10
9.120722785872184e-8
2.388748432276936e-7
3.9394822383562613e-7
5.774153453517884e-7
7.957052398995173e-7
1.0521615536754421e-6
1.3421000051026752e-6
1.653933302852372e-6
1.962983225568509e-6
2.233866125472707e-6
2.4392160293294224e-6
2.5496985990377006e-6
2.5718284685366356e-6
2.5030222645257884e-6
2.381380516080753e-6
2.2233513683324074e-6
2.052766134845433e-6
1.8825875280244048e-6
1.7207281739897077e-6
1.5715353475271714e-6
1.4353362950789948e-6
1.3153396935776026e-6
1.2063430972273512e-6
1.1095096401027785e-6
1.0252610510495718e-6
9.490035153070568e-7
8.800720100320558e-7
8.205537429506622e-7
7.667029822035379e-7
7.182400506189783e-7
6.740729366673531e-7
6.340587567454513e-7
5.981816935012102e-7
5.659640328511584e-7
5.363703533274887e-7
5.092088032676785e-7
4.841805569232233e-7
4.6067134106945787e-7
4.3948370348616515e-7
4.204948356413989e-7
4.0270054398400006e-7
3.859913239345991e-7
3.7055721810728755e-7
3.560526774810308e-7
3.4248064678053757e-7
3.298066217050301e-7
3.1776234091552263e-7
3.0687622307117196e-7
2.9654610887257666e-7
2.8679762592295687e-7
2.7760562758244656e-7
2.6889237420050917e-7
2.606619747017978e-7
2.5283735465847014e-7
2.4539754115833983e-7
2.3846479205247295e-7
2.3186667637778787e-7
2.2556249029617894e-7
2.195357512705662e-7
2.137996486867252e-7
2.083623014344773e-7
2.0311480377395013e-7
1.9818343578169715e-7
1.9342983401227905e-7
1.8887282367368617e-7
1.844920458795182e-7
1.8030654300154368e-7
1.7619220670159117e-7
1.7238626665143354e-7
1.6868563516958283e-7
1.6511208789821293e-7
1.6165669366771107e-7
1.5834291776061226e-7
1.5512583753090773e-7
1.5201427241013193e-7
1.4902052855252277e-7
1.4613919664681678e-7
1.4331758850146238e-7
1.4061276125489926e-7
1.3800028776733435e-7
1.3544854081051583e-7
1.329694251216149e-7
1.3052501548493665e-7
1.2826363176690114e-7
1.260289040054496e-7
1.2384523461329305e-7
1.2172800528999905e-7
1.1965365066035906e-7
1.1764354521061163e-7
1.1568963192083212e-7
1.1376811009160416e-7
1.1190717240044033e-7
1.1011103845492666e-7
1.0836354540201329e-7
1.0668588973938485e-7
1.0498737187829557e-7
1.0324643183400758e-7
1.0151001487835282e-7
1.0014936832753486e-7
9.859452766679234e-8
9.712610448700315e-8
9.574245520736577e-8
9.41502572400131e-8
9.2678109447899e-8
9.135669833636468e-8
9.03761745137706e-8
8.775472643756778e-8
8.7664697662105e-8
8.647820204724028e-8
8.486630432909294e-8
8.391491550581712e-8
8.25449340381156e-8
8.136332058862846e-8
8.027076481421928e-8
7.954373043644915e-8
7.805168721960714e-8
7.664624725369293e-8
7.637474961656302e-8
7.364449699901117e-8
7.380367650843454e-8
7.278602290504682e-8
7.178471404343958e-8
7.088161610666773e-8
6.976485999809986e-8
6.927995692198919e-8
6.791515115853478e-8
6.688985230705102e-8
6.672343247609948e-8
6.546032440265098e-8
6.433409379546613e-8
6.376748109074766e-8
6.266957356562192e-8
6.199982067797851e-8
6.115138514475198e-8
6.010303982460964e-8
5.949415908428715e-8
5.893027463344061e-8
5.826502068027788e-8
5.717590542887296e-8
5.6497540397987615e-8
5.591749665984362e-8
5.538732564089262e-8
5.4469922477412425e-8
5.38027718637773e-8
5.318217641527972e-8
5.261365994906028e-8
5.1830743455207176e-8
5.128075167937329e-8
5.057601372176341e-8
4.994617422509337e-8
4.93460919444193e-8
4.8758574637955474e-8
4.8154384697408884e-8
4.7560915872136444e-8
4.696950284584808e-8
4.641545183237197e-8
4.585790730686781e-8
4.5310118733932844e-8
4.4771098750584306e-8
4.421675638323696e-8
4.370915594462693e-8
4.313932968742245e-8
4.267844815073556e-8
4.2168976932921034e-8
4.167722482118459e-8
4.115614582635168e-8
4.0678809752646437e-8
4.018019234835209e-8
3.9798463549501966e-8
3.926944472821677e-8
3.888005427159808e-8
3.839225355235352e-8
3.79208278011483e-8
3.7430352027426594e-8
3.7148509619086154e-8
3.656064703756112e-8
3.61797177059349e-8
3.57803644901601e-8
3.54392071567201e-8
3.497956408492455e-8
3.462900949828937e-8
3.419764829902999e-8
3.392340572177848e-8
3.352780454845356e-8
3.313759417762664e-8
3.2763104997806586e-8
3.2394056824198914e-8
3.201420689308538e-8
3.161672025966235e-8
3.126465036259429e-8
3.1015489993402216e-8