6.6960543160062134e-12
7.363100981387941e-11
1.4072619184794917e-10
2.07838636741448e-10
2.76006365471124e-10
3.4211842114872965e-10
4.101648244270696e-10
4.767186392454752e-10
5.465026413341828e-10
6.144069070189912e-10
6.82986289134728e-10
7.509181509869492e-10
8.806095325883528e-10
8.90350088983002e-10
9.707291580646685e-10
1.0347054592539469e-9
1.105870966837926e-9
1.1660081370095946e-9
1.248238747500796e-9
1.3272071734032847e-9
1.389003560919259e-9
1.4421604349890772e-9
1.5409288424495347e-9
1.625019075419761e-9
1.7188035156043548e-9
1.8071958256744678e-9
1.8593905515038903e-9
1.924390141859869e-9
2.08245117144356e-9
2.12092913599953e-9
2.21232673190393e-9
2.303290645229378e-9
2.405775114467376e-9
2.4618417205742028e-9
2.4931895747861523e-9
2.7916044691485044e-9
2.6794832286740395e-9
2.8488829656502935e-9
2.9508120266392014e-9
2.9867797959820457e-9
3.1472023569248e-9
3.178039860522145e-9
3.3790313213932866e-9
3.4941211232333224e-9
3.482011181245549e-9
3.632021421706347e-9
3.742211401307609e-9
3.848130739301152e-9
3.9409261176621564e-9
4.066107075525238e-9
4.283212311735733e-9
4.247268256685198e-9
4.405038928562957e-9
4.6852325686903295e-9
4.754514673686767e-9
4.771747458626999e-9
4.969841419638963e-9
5.05014008352396e-9
5.411819308321548e-9
5.31011515820164e-9
5.339453070369732e-9
5.670432099213457e-9
5.6841512226020866e-9
5.511434164946219e-9
6.549868826753298e-9
5.618247796161119e-9
6.2804528177264965e-9
6.610611613373416e-9
6.741431623633441e-9
7.025306999735834e-9
6.869031211211032e-9
7.28715161091304e-9
7.677281172893536e-9
8.10755762852879e-9
7.767639994438562e-9
7.934247344402188e-9
8.482739413275809e-9
8.457038465554118e-9
8.412118827058189e-9
8.866019085269492e-9
8.705595443711958e-9
9.403797838629794e-9
9.946419944550955e-9
9.878670738248667e-9
9.668971479315888e-9
1.0001237791318888e-8
1.0203309750945832e-8
1.025252746480371e-8
1.1249158149050715e-8
1.1807750295703472e-8
1.2552943807901104e-8
1.2625493487605784e-8
1.2150435264295602e-8
1.1865839125707422e-8
1.270629531243658e-8
1.3653956855210442e-8
1.2710286282576492e-8
1.3195096820982011e-8
1.3476337203647815e-8
1.3914504319144199e-8
1.4162607604626596e-8
1.401511449003696e-8
1.5091693252216714e-8
1.4751250866408663e-8
1.4954604370500536e-8
1.5959513960955886e-8
1.5993028924115135e-8
1.6618880832824866e-8
1.654268658844762e-8
1.7309121991246115e-8
1.6872085061681698e-8
1.7980057725837843e-8
1.8556613832198026e-8
1.888447949614216e-8
1.962792603319814e-8
1.9001448504903826e-8
1.8531711223315807e-8
2.015090990099542e-8
2.0610467370811603e-8
2.2626788279230125e-8
2.0001490396076887e-8
2.0564685930786226e-8
2.1793623690041616e-8
2.2501129855257156e-8
2.422627250354716e-8
2.5474004616513508e-8
2.5745017520009907e-8
2.497449409379412e-8
2.50474998572893e-8
2.5383228501075866e-8
2.8678834954718865e-8
2.7049044200696023e-8
2.6473986922837428e-8
2.875125864998297e-8
2.9138780905154525e-8
3.06097196614116e-8
2.8865012601556444e-8
3.191586976759139e-8
3.398044609236059e-8
3.41754083320782e-8
3.5845158663807364e-8
3.62945109209021e-8
3.792166234670322e-8
3.884313545338611e-8
4.10797196105507e-8
4.091561638376739e-8
4.40631926222048e-8
4.561173856195283e-8
4.713206611055232e-8
4.680787485647011e-8
3.88352482850022e-8
1.0866971115067581e-8
4.118001867628394e-6
1.3219613352289232e-6
7.528159269352925e-7
5.289333597413666e-7
4.148277537685419e-7
3.4052594451978674e-7
2.882133273432755e-7
2.5681039278045015e-7
2.2706842770974748e-7
2.0605202213838956e-7
1.9062545293111222e-7
1.7673418163115985e-7
1.6523028086382388e-7
1.521784081649653e-7
1.3882414483597445e-7
1.5287868094379786e-7
1.2826288785528453e-7
1.1657253191633358e-7
1.2174514213360274e-7
1.1274817469846615e-7
1.0508986618534295e-7
1.0475672962475637e-7
1.0069914293881805e-7
9.5709905122863e-8
9.401743317389071e-8
8.803199823008556e-8
8.586901048977084e-8
8.586187559439244e-8
8.377018875545887e-8
8.011676510726158e-8
7.672341004070551e-8
7.58407094909442e-8
7.731306969436006e-8
7.268207762992436e-8
7.023948739174984e-8
6.809560497077646e-8
6.751920047240425e-8
6.577405451747135e-8
5.760220032642678e-8
6.043935672512162e-8
5.696340945273571e-8
6.096316589322528e-8
5.844403640266669e-8
5.957359549255367e-8
5.714448399984665e-8
5.6306695313442565e-8
5.437398250328425e-8
5.363870983401977e-8
5.28602698846033e-8