2.0427283366749305e-9
2.1871965139056113e-8
3.8743325045275174e-8
5.009829308812837e-8
5.355427882327357e-8
4.683787944327995e-8
2.7617859628194753e-8
4.0348949781874315e-10
4.873895244840417e-10
5.819521750077986e-10
6.951208870496221e-10
1.5381832266955944e-7
3.084133464275177e-7
4.847077932323416e-7
6.951475991151089e-7
9.447109329495769e-7
1.2327254376370921e-6
1.5482903449698125e-6
1.869507228443299e-6
2.164767580996823e-6
2.3978748226856256e-6
2.539602589639262e-6
2.5810469725375513e-6
2.53444994040415e-6
2.4213818897305385e-6
2.2673085297874567e-6
2.0961851171371004e-6
1.922418555297141e-6
1.7563379985042957e-6
1.6023548265002224e-6
1.4621376597653384e-6
1.338003252034254e-6
1.226019313894156e-6
1.126727890973429e-6
1.0395336145256438e-6
9.614701169558509e-7
8.905181375208269e-7
8.295971758754785e-7
7.747726619576925e-7
7.25302314856291e-7
6.802268010864648e-7
6.395815797518664e-7
6.028113429357556e-7
5.701810272428357e-7
5.400550462965171e-7
5.125265774153415e-7
4.871757594874284e-7
4.632793937624661e-7
4.420313475101155e-7
4.2268820631371997e-7
4.046495573250658e-7
3.87773168058996e-7
3.721742659748889e-7
3.5753234470686724e-7
3.438253463653665e-7
3.3104824543827145e-7
3.189663777287569e-7
3.0790097821938095e-7
2.9746905803757385e-7
2.876720222488932e-7
2.7841584352379483e-7
2.6964041734990354e-7
2.613630522134316e-7
2.5349069984236195e-7
2.459656915659523e-7
2.390118026935344e-7
2.323799849672253e-7
2.2604296035778494e-7
2.1998742719912713e-7
2.1420984334542027e-7
2.0875356249432784e-7
2.0346213789607406e-7
1.9852328728103772e-7
1.9376204683296258e-7
1.891740503058198e-7
1.847810170433546e-7
1.8057162147083876e-7
1.764206499104713e-7
1.7261806266028453e-7
1.689053660775716e-7
1.65319901758993e-7
1.6186668849422444e-7
1.5852884121430067e-7
1.553018737091431e-7
1.5218115111019732e-7
1.4917914785567148e-7
1.4628883188516776e-7
1.4348612505947378e-7
1.407467204491656e-7
1.3812800684268566e-7
1.3557040887273655e-7
1.3308621582132305e-7
1.3064816719458672e-7
1.2836648662823713e-7
1.2612806625199114e-7
1.2394028467571144e-7
1.2181912528247028e-7
1.197414939704827e-7
1.1772868437411749e-7
1.1575017959661576e-7
1.138692682704167e-7
1.1197516672987473e-7
1.1018273901661443e-7
1.083937711685394e-7
1.0669704987812889e-7
1.0502859273853375e-7
1.0337695846296655e-7
1.0207358694144999e-7
9.996707236547757e-8
9.846203221346803e-8
9.724399206853848e-8
9.547821890653832e-8
9.422658345216359e-8
9.276377281591443e-8
9.134550980656221e-8
9.025608484961158e-8
8.871517081731733e-8
8.702881912979864e-8
8.625589621578243e-8
8.486304714973309e-8
8.407192615405717e-8
8.264121722595211e-8
8.155874413048133e-8
7.997434621242163e-8
7.903332235451035e-8
7.763297585806762e-8
7.7452146207522e-8
7.618729381161584e-8
7.453914944910764e-8
7.372079842324145e-8
7.285123231345202e-8
7.128704907899818e-8
7.033953347106744e-8
7.011698050304331e-8
6.895317081173243e-8
6.856454476041742e-8
6.68475580730249e-8
6.62175402848238e-8
6.506923109997479e-8
6.457088841781378e-8
6.354003664798138e-8
6.299132216979355e-8
6.222559458645423e-8
6.10480311969497e-8
6.033254169590982e-8
5.9584065086764156e-8
5.8866847044135904e-8
5.8126551077718814e-8
5.735273525587385e-8
5.660568990188416e-8
5.6073961487221855e-8
5.545048736245317e-8
5.4721683276867966e-8
5.401064071806174e-8
5.3215994683432375e-8
5.259405341572677e-8
5.179512663660647e-8
5.1252118796212114e-8
5.065175531918319e-8
5.001789740177103e-8
4.9392804408796644e-8
4.8775451622104896e-8
4.816922602730098e-8
4.756904207249142e-8
4.700479228552385e-8
4.6435782400962524e-8
4.5879236352499305e-8
4.531971294245036e-8
4.4776063213748454e-8
4.4256310387785437e-8
4.3724208533262676e-8
4.3209668371461205e-8
4.267369649283344e-8
4.2199699163954424e-8
4.1702949843771156e-8
4.11999014663644e-8
4.0740953111070175e-8
4.025834820806949e-8
3.978940866944664e-8
3.929422588846286e-8
3.886725674011444e-8
3.844384292664908e-8
3.7918295102783955e-8
3.75598203489829e-8
3.7050679296134364e-8
3.667805142067633e-8
3.624335873895775e-8
3.584990021037219e-8
3.542506573773941e-8
3.5010410730690344e-8
3.465572438432207e-8
3.4307588613461256e-8
3.3909687469661015e-8
3.346799694701238e-8
3.313413348281859e-8
3.270043735168279e-8
3.2361128560044846e-8
3.2055929640189705e-8
3.1645391563779384e-8
3.13638255656096e-8
3.094692229105045e-8