1.7575615697878938e-9
1.9290447891494206e-8
3.661058673426913e-8
5.353239148210049e-8
6.988291011094513e-8
8.548828737190306e-8
1.0022371829201286e-7
1.139391603366525e-7
1.2658288615704893e-7
1.3801189968312668e-7
1.4820211797154578e-7
1.5702537908710507e-7
1.647331349190464e-7
1.710352306319399e-7
1.7601046864612047e-7
1.7962731384749743e-7
1.8183634684785317e-7
1.8271333574345689e-7
1.8240420395987655e-7
1.801140912761126e-7
1.7725451934025923e-7
1.7267805435123898e-7
1.6640647458775927e-7
1.5805917497366664e-7
1.4814125584613025e-7
1.353037494089088e-7
1.194186217919529e-7
9.945017491101319e-8
7.381822487436908e-8
3.972897289925869e-8
7.187005273337378e-10
1.011531253763744e-7
2.6072099592416015e-7
4.7072068486458073e-7
7.285342781211432e-7
1.0160518588384588e-6
1.2971545271867794e-6
1.5214596912331642e-6
1.6563784822251596e-6
1.7040777044515631e-6
1.657173504430941e-6
1.5661874858777126e-6
1.4532794789489516e-6
1.333860389755101e-6
1.2181675059455996e-6
1.1111104199612065e-6
1.0142811575080662e-6
9.262106958715072e-7
8.536457073785648e-7
7.862109022817811e-7
7.264519637918301e-7
6.748943346887955e-7
6.302495160661069e-7
5.877630865567469e-7
5.509054093799437e-7
5.177808785068338e-7
4.8801779579466e-7
4.6080213613060254e-7
4.3656888674255713e-7
4.1442293172355123e-7
3.9442907803327644e-7
3.7581278848389423e-7
3.584078345500411e-7
3.4264171678189737e-7
3.2826270831341567e-7
3.146644501539358e-7
3.023766852421064e-7
2.907274617771431e-7
2.798937114465115e-7
2.6975792019251664e-7
2.603313418725252e-7
2.515265982936784e-7
2.431910669403394e-7
2.353589921938354e-7
2.279864986420077e-7
2.210164976590151e-7
2.144438306836446e-7
2.0811896776087932e-7
2.0236753882224288e-7
1.9668626350646757e-7
1.9132004374649434e-7
1.863327874921707e-7
1.813730240077882e-7
1.7708076351299532e-7
1.7179676605822384e-7
1.674669540744619e-7
1.6411262335005579e-7
1.5987655042867846e-7
1.5670387533828013e-7
1.5233524223997918e-7
1.4977770155247285e-7
1.4647584107460547e-7
1.4290286900366598e-7
1.3934235248265429e-7
1.4017284827166506e-7
1.3830689104458932e-7
1.3242983236126786e-7
1.2924609387589187e-7
1.2687293606309086e-7
1.247974654651851e-7
1.2244641993250293e-7
1.2168274490695594e-7
1.1718323171804075e-7
1.1518874073404943e-7
1.1180174523018685e-7
1.1196660828675696e-7
1.0994914345051842e-7
1.1066669904850272e-7
1.0637686900663083e-7
1.0308946403431969e-7
1.02233074813847e-7
1.0084625681311683e-7
9.968109717977479e-8
9.840591064330263e-8
9.668181091962303e-8
9.334133852418348e-8
9.280807981928208e-8
9.102185898776e-8
8.964501879229835e-8
8.877125655421246e-8
8.782056329640279e-8
8.655542296149147e-8
8.365290891799681e-8
8.360613633357276e-8
8.187060776172162e-8
8.064175312402073e-8
7.96590024808207e-8
7.913880857518191e-8
7.538234551024045e-8
7.586139501960453e-8
7.60800732414206e-8
7.416320181954234e-8
7.312300107140667e-8
7.223144701390812e-8
7.04381691423829e-8
7.062347685982519e-8
7.025151367741127e-8
6.864914394991793e-8
6.730855408616871e-8
6.645371880189766e-8
6.572234712521e-8
6.461360603841797e-8
6.388959091775555e-8
6.301127643221671e-8
6.212432887530016e-8
6.154568993459721e-8
6.052095366459317e-8
5.983170944542516e-8
5.90872089075311e-8
5.8390881194495925e-8
5.753653413418608e-8
5.740168227557685e-8
5.623502484224836e-8
5.547021106958534e-8
5.4408721835140394e-8
5.406973046872218e-8
5.343459179508888e-8
5.2702291898021136e-8
5.2185626972755316e-8
5.1586158333467746e-8
4.982594313263704e-8
5.016730074546905e-8
4.9490888689708105e-8
4.892664736201321e-8
4.837788774338402e-8
4.7902053236747556e-8
4.731401971031902e-8
4.6693728647352355e-8
4.6115236135832025e-8
4.5502108860020504e-8
4.4962011232658897e-8
4.445509661527064e-8
4.3937471818202586e-8
4.344079970163801e-8
4.29276442350983e-8
4.242194720610676e-8
4.192979694676907e-8
4.1444712477644234e-8
4.09660022364453e-8
4.049682188472618e-8
4.0032642122845106e-8
3.958036381955216e-8
3.9133012435055565e-8
3.85796251677087e-8
3.820718411398677e-8
3.783506739345908e-8
3.740849353914583e-8
3.697279376785215e-8
3.655179781364017e-8
3.615526025310275e-8
3.576719233730593e-8
3.535715206771396e-8
3.5019267021895034e-8
3.457475241833056e-8
3.4212599146698276e-8
3.386347991820331e-8
3.349860140342139e-8
3.308244416956447e-8
3.2738862067453186e-8
3.233468853173246e-8
3.212742074769389e-8