3.4706142907851537e-10
3.814100849297749e-9
7.282736329483578e-9
1.0722685926736084e-8
1.4151902870528718e-8
1.755953266077007e-8
2.0976389872060683e-8
2.42849300383536e-8
2.7623072735598654e-8
3.13174585240734e-8
3.426051521776454e-8
3.765324514628837e-8
4.0600068313824e-8
4.387327117093933e-8
4.6752243123585894e-8
4.992660243804887e-8
5.2611760366769605e-8
5.614666796052777e-8
5.8795639157412054e-8
6.161103834054155e-8
6.384624726730844e-8
7.009575204130765e-8
6.880198930998156e-8
7.154854774742147e-8
7.439942200757472e-8
7.716421481606508e-8
8.009954609685534e-8
8.038743759104788e-8
7.950259826625405e-8
7.678365725130874e-8
8.257214564079999e-8
9.063075230529583e-8
8.97918074968248e-8
9.212146092065415e-8
9.43878842783046e-8
9.702463964427132e-8
9.875667012756292e-8
9.90916731790642e-8
9.848245676991758e-8
1.0049850835974481e-7
1.0151838047987705e-7
9.962844034498044e-8
1.0328398240117241e-7
1.0628787543077884e-7
1.0883647591385109e-7
1.1058195364624604e-7
1.1593266953816117e-7
1.0776533766291272e-7
1.068510777304912e-7
1.1127417019311266e-7
1.1320360066221687e-7
1.1465729324921097e-7
1.1072845256201565e-7
1.152321755037261e-7
1.1379664005173892e-7
1.1854209603001623e-7
1.1435171427927682e-7
1.1007695526960645e-7
1.1182791617091525e-7
1.1233837114807485e-7
1.1083314036742598e-7
1.1014972380233209e-7
1.0961867291855512e-7
1.1212609731534312e-7
1.0914676020174224e-7
1.0950976074480886e-7
1.0624176840215388e-7
1.0325968936602437e-7
9.83094583233012e-8
9.269145198286029e-8
8.341171326227658e-8
6.881031770189126e-8
4.308208000017152e-8
1.8266627405846457e-9
4.267378949620185e-7
1.2761282630241094e-6
2.0304533566415598e-6
2.012860165118713e-6
1.6562028210796392e-6
1.3334727183301634e-6
1.0720079077530117e-6
8.910672503143307e-7
7.79386605149548e-7
6.326775638199976e-7
5.814052304143515e-7
5.320159560556142e-7
4.831368169753007e-7
4.2700745467275924e-7
3.844964635267863e-7
3.6698677266962875e-7
3.344135104815869e-7
3.350692414022145e-7
2.9435135395758983e-7
2.531862319859499e-7
2.729633138647604e-7
2.5536714163367286e-7
2.4021824084791183e-7
2.0966897858227903e-7
2.1767268986179234e-7
2.0825673554388274e-7
2.0423662034710616e-7
2.106649443697065e-7
1.830862782847268e-7
1.762810746039568e-7
1.7720400941954226e-7
1.5725155044908868e-7
1.5417117489313423e-7
1.4899487044855675e-7
1.5226938803817377e-7
1.4582688632658145e-7
1.3950451089111802e-7
1.4050945925177769e-7
1.2965296812890658e-7
1.323665415987397e-7
1.299413706980108e-7
1.283619800478426e-7
1.2719958652709278e-7
1.1724376013611903e-7
1.1580156519378432e-7
1.12445000208216e-7
1.1385465324988995e-7
1.0515976313818062e-7
1.1658065381134912e-7
1.0127218228159195e-7
1.0201660177039161e-7
1.0256193594567163e-7
1.0221928079421014e-7
9.622092914689536e-8
9.410743799900505e-8
9.11523840476404e-8
8.834126080390756e-8
8.94301418343811e-8
8.712676360126937e-8
8.302335484383123e-8
8.385629957884618e-8
8.194772500942596e-8
8.303872722386289e-8
8.200036483101321e-8
7.923585863496287e-8
7.775741560021927e-8
7.620062467072843e-8
7.413271812219548e-8
7.28221814015027e-8
7.204087138277713e-8
7.10685894506209e-8
7.037818611610051e-8
7.103043692358857e-8
6.869572434883067e-8
6.777428495161837e-8
6.660564119772456e-8
6.619305923732613e-8
6.427573806703506e-8
6.346246854222124e-8
6.233893999493021e-8
6.229691009198822e-8
6.088473399951225e-8
5.991804463253674e-8
5.9521739498956346e-8
5.96523232851608e-8
5.923971234233246e-8
5.7031565810790976e-8
5.63845090358482e-8
5.6999160186924837e-8
5.463028258848456e-8
5.327985320603676e-8
5.35561543517069e-8
5.2853135326760995e-8
5.211795086195339e-8
5.211781141122696e-8
5.1203594300158496e-8
5.0395515859422436e-8
5.017872303813611e-8
4.924823060742965e-8
4.84667779192792e-8
4.8323444979504445e-8
4.769262611285952e-8
4.695166680760456e-8
4.651005986397455e-8
4.605975529861893e-8
4.501340853632385e-8
4.4836864159154185e-8
4.4320317241868605e-8
4.37073191394445e-8
4.351378703989563e-8
4.270697235112741e-8
4.2215558408332035e-8
4.2115151430944094e-8
4.1028705649572036e-8
4.1084884618774234e-8
4.05865429504715e-8
4.012940943015132e-8
3.9590368804037764e-8
3.922011898923823e-8
3.87616613284889e-8
3.8174255406140294e-8
3.7780212493008016e-8
3.7470375740957e-8
3.6935953872548606e-8
3.657471777200694e-8
3.608347076539253e-8
3.590178076708227e-8