8.208083668331313e-11
9.016546856376861e-10
1.7243618477387142e-9
2.54472524361685e-9
3.3659356892334196e-9
4.17485666320877e-9
5.004728083373672e-9
5.8220296871645585e-9
6.614179421662418e-9
7.4677058010758e-9
8.290775779410251e-9
9.133109510647785e-9
9.93683443653286e-9
1.071100523489334e-8
1.1736536694972016e-8
1.2675934757742315e-8
1.3350800032273435e-8
1.3701029326480923e-8
1.3906962611043761e-8
1.5388708766190173e-8
1.641996496731886e-8
1.7521000689286847e-8
1.9638432843865966e-8
1.863380710236015e-8
2.072673788463076e-8
2.0462275739666356e-8
2.097329919150241e-8
2.2517016798106307e-8
2.4076480325205797e-8
2.4421439419598634e-8
2.306293996847305e-8
2.618119963608836e-8
2.6475834534551176e-8
2.5801991196034753e-8
2.8285996498781503e-8
2.9693803614091983e-8
2.9301365977570306e-8
2.8047576444815995e-8
3.065986313573989e-8
3.126092153498031e-8
3.2206582124996934e-8
2.7027165956961744e-8
3.538721327635983e-8
3.617151569140749e-8
3.698457303775696e-8
3.0608916782832634e-8
3.564689857441956e-8
4.1997093051564926e-8
4.0116189105892285e-8
4.390706513401738e-8
4.373749598214278e-8
4.1983060551627684e-8
4.459935750272311e-8
5.111847612441973e-8
4.378784989574358e-8
4.1807780594637036e-8
4.61003130316104e-8
4.244336572640614e-8
4.5930485780800835e-8
4.714600384465047e-8
4.9774668361701744e-8
4.123830043915274e-8
4.9070398070237305e-8
4.953344530229209e-8
4.929927801741163e-8
5.227213228049243e-8
6.216962374988748e-8
5.290678964578371e-8
5.262773734759893e-8
5.36082327734868e-8
5.435621639619475e-8
5.4650244178454365e-8
5.4602044102422505e-8
5.7926881244679256e-8
5.779769133514031e-8
5.714177020979451e-8
5.609654809718685e-8
6.321902469440314e-8
5.662078343471274e-8
5.360556705278612e-8
5.941383442859802e-8
7.516356698867447e-8
6.46462447994332e-8
6.101929946581019e-8
6.259675923847074e-8
6.51503683654739e-8
6.189462153971572e-8
6.440495533280874e-8
6.333363251683911e-8
6.511169369998736e-8
6.805756817880816e-8
6.83234473240744e-8
6.53055948318004e-8
7.57235578683499e-8
7.05610254106515e-8
6.848495085421417e-8
6.900216647306086e-8
6.724896620879562e-8
6.761908045096997e-8
6.593865202973659e-8
6.213161542185009e-8
5.4836249171915824e-8
3.783442335267879e-8
2.67130092636285e-9
8.460166789572134e-7
2.235923230539932e-6
1.977817001247512e-6
1.371422232197464e-6
9.86309194059586e-7
7.650674951441785e-7
6.099178053973877e-7
5.327573430601059e-7
4.554969959695307e-7
3.9709261308471846e-7
3.526743378654196e-7
3.278201519150597e-7
2.8520132175180925e-7
2.6835468982427863e-7
2.431083067866047e-7
2.3034068876139142e-7
2.185821757978881e-7
2.1455179620903243e-7
1.734130548620112e-7
1.836043872613927e-7
1.82802998804113e-7
1.7166126101573526e-7
1.5812821043070224e-7
1.6340023371264425e-7
1.4320216384742332e-7
1.1864200231667721e-7
1.3495987689484013e-7
1.3394607746910264e-7
1.3485690383430622e-7
1.2857741333772613e-7
1.1953581906384892e-7
1.1278099504351529e-7
1.1142890104922931e-7
1.1453577997062501e-7
1.056071506909084e-7
1.0819129192018944e-7
1.0224710804367178e-7
9.967504281784256e-8
9.771871546740301e-8
9.468835694171236e-8
9.593783554580093e-8
9.301210219729589e-8
8.910142673527953e-8
8.808014135777985e-8
8.62262791831222e-8
8.351428542893847e-8
8.14632166599454e-8
8.15303849266176e-8
7.78678718854304e-8
7.656057536589053e-8
7.89502233736725e-8
7.500809374757468e-8
7.234353674194209e-8
7.139276133463409e-8
7.046713094448327e-8
6.843796210686159e-8
6.702519449335676e-8
6.936962652806048e-8
6.67244599953491e-8
6.406843191181252e-8
6.174347068215838e-8
6.243983138945997e-8
6.236166639690122e-8
6.056233780659057e-8
5.8498097325260804e-8
5.8737088402781736e-8
5.7850109008752944e-8
5.6842239354969956e-8
5.6424096788095356e-8
5.4989651028484013e-8
5.476921809370167e-8
5.3733520631969015e-8
5.335949527094465e-8
5.213612828937848e-8
5.196079405998297e-8
5.1259319035030776e-8
4.9827343742096855e-8
4.998588565547836e-8
5.006310975004508e-8
4.8311070799117e-8
4.7995862529979354e-8
4.732252858864149e-8
4.867957525456174e-8
4.674846590510956e-8
4.5490042515589874e-8
4.435867986246576e-8
4.456205224625218e-8
4.234969327639742e-8
4.348573665787413e-8
4.323331399955801e-8
4.2120633082916025e-8
4.1898470953266595e-8
4.125632459918835e-8
4.098085516645431e-8
4.0759387078423606e-8
4.022338530478189e-8
3.953756258867307e-8