4.29708256449464e-11
4.733150545813375e-10
9.056416932428032e-10
1.3326428507604633e-9
1.766294464890685e-9
2.1915602524686977e-9
2.684686328534257e-9
3.0705308200223546e-9
3.5198195343878194e-9
3.965892263476144e-9
4.371516843649209e-9
4.683150560417645e-9
5.184482763882034e-9
5.650022682795255e-9
6.110416869686365e-9
6.499307784773421e-9
6.902956676771004e-9
7.30323270461228e-9
7.943257180964481e-9
8.299519503945437e-9
8.779604804599304e-9
8.854059046454068e-9
9.417095481043838e-9
9.549994681850309e-9
1.0378011328127123e-8
1.1056195031245096e-8
1.1720672470512359e-8
1.2017780421861527e-8
1.2152912765448573e-8
1.3008187087995943e-8
1.288446690125154e-8
1.326745485883915e-8
1.3517346562935106e-8
1.4193902158034552e-8
1.5058378849709518e-8
1.5510730003356933e-8
1.700981626360122e-8
1.5515691057207975e-8
1.7916798544310108e-8
1.8130804210050833e-8
1.886315744377062e-8
1.7635595870616598e-8
1.8755491540832925e-8
2.0752721199351607e-8
1.9339272695463213e-8
2.0449451857943527e-8
2.0842830926645338e-8
2.0943550355504894e-8
2.240738858683847e-8
2.483002204137836e-8
2.0410909966971764e-8
2.4515131250883327e-8
2.5182775974530933e-8
2.3798324073910646e-8
2.310737809923869e-8
2.49232796507526e-8
2.622138931789468e-8
2.5405423016774317e-8
3.1328453880806874e-8
3.186416024715049e-8
2.796072044610683e-8
2.8320848743074175e-8
2.964484946153547e-8
3.20356498140686e-8
3.199854291822146e-8
3.574908747821433e-8
3.031017127078041e-8
3.0505710343328396e-8
3.195580044848644e-8
3.111330923176103e-8
3.519608814118871e-8
3.447245989328919e-8
3.29652070545166e-8
3.620710880151581e-8
3.6379074484228276e-8
3.233434559211829e-8
3.3705502739234834e-8
3.7033744110355877e-8
4.058583584262025e-8
3.920642465391234e-8
3.649397626120331e-8
3.6211348214665404e-8
3.745129180643387e-8
4.095062248807468e-8
4.1026222044354064e-8
3.859091158529727e-8
4.516555006518256e-8
4.366114089196785e-8
3.545483217968612e-8
3.814666064085223e-8
4.4316422295408584e-8
4.180778966402209e-8
4.7460585262375835e-8
5.201445277937909e-8
4.6376084329784686e-8
4.9370101777221194e-8
4.865118245800063e-8
4.6547352409691486e-8
4.271394264592214e-8
4.606333935602915e-8
4.6967702292243154e-8
5.263020691905089e-8
5.051721448474983e-8
5.1318989059590824e-8
5.148962388306675e-8
5.397419551967508e-8
5.5305079692524e-8
5.556642575609495e-8
5.2450000841331135e-8
5.646640985724753e-8
5.765372647838808e-8
5.686946430140732e-8
5.713070932670423e-8
5.6020586335951574e-8
5.43471620610007e-8
4.9084022774462895e-8
3.533427396100965e-8
3.0863169082054286e-9
1.1207300649188653e-6
2.396365346745098e-6
1.6815529982782818e-6
1.0912994077558032e-6
8.030321063765219e-7
6.405716541522106e-7
4.943361248987609e-7
4.274224079526052e-7
3.6168885220493943e-7
3.354775167746274e-7
2.7230421364868807e-7
2.6432541901404094e-7
2.5363871132604725e-7
2.43600122665562e-7
2.2542218882507405e-7
2.0320536664811605e-7
1.7486675870877565e-7
1.7386034668826444e-7
1.7399758579227838e-7
1.6515760812494012e-7
1.618966150012463e-7
1.2940819632315065e-7
1.3987196276064812e-7
1.361496947304954e-7
1.3086241587403543e-7
1.2729125492034536e-7
1.2248937523838026e-7
1.1656224097852158e-7
1.139409490950527e-7
1.0907367283732248e-7
9.968544172406908e-8
1.0358722581346051e-7
9.201905468639326e-8
9.686744105455187e-8
9.654091975664597e-8
9.61058808271611e-8
9.06389764941487e-8
8.625716059754482e-8
8.255683628231014e-8
8.204856093400247e-8
7.96922901002566e-8
7.944678006886482e-8
7.674782133723077e-8
7.709838861399278e-8
7.807429537527162e-8
7.382421652450009e-8
7.293116595273781e-8
7.593592839714763e-8
7.051996212291096e-8
6.90629757351137e-8
6.565627370988317e-8
6.221667757935166e-8
6.505946827716945e-8
6.243192522856152e-8
6.124879883430731e-8
6.239625072560834e-8
5.757378890875891e-8
5.878733121902152e-8
5.8300194331165816e-8
5.7513897802136705e-8
5.7953494668680686e-8
5.735860695698483e-8
5.358966968753557e-8
5.376358051682802e-8
5.3539638243228064e-8
5.177867841857431e-8
5.2447324189651064e-8
5.122301178847987e-8
4.9210340070016185e-8
4.846527861387058e-8
4.9406754073057116e-8
4.860934859518366e-8
4.7116558602768976e-8
4.7134078993587966e-8
4.65320712745455e-8
4.3790784884583204e-8
4.5683501436246886e-8
4.494018644092233e-8
4.443542273397077e-8
4.372267402956057e-8
4.305894656736242e-8
4.2650319183539394e-8
4.2441615354108003e-8