3.135922288069831e-11
3.4528684390492657e-10
6.604630509289272e-10
9.739821302964813e-10
1.2794814971464236e-9
1.5959688437450857e-9
1.9485633898013523e-9
2.2318016261316155e-9
2.552851960212865e-9
2.928777165962477e-9
3.1688177379968056e-9
3.4421827988508214e-9
3.866114048502071e-9
4.129706412899269e-9
4.451675728206783e-9
4.4744522813723685e-9
5.0786104269260866e-9
5.411958712786658e-9
5.7560873299571525e-9
5.932106201310965e-9
6.245152995250593e-9
6.686224756576977e-9
7.166438574701177e-9
7.344967281662494e-9
7.708162390368674e-9
7.991686434684097e-9
8.561986314755722e-9
8.195513348335508e-9
9.059369384208054e-9
9.423553937779682e-9
9.7260474651083e-9
1.0320719561108764e-8
1.057966268770597e-8
1.0705670228431434e-8
1.2515324757951924e-8
1.1770501590786015e-8
1.1713294218574233e-8
1.1977655334713525e-8
1.2162843974493296e-8
1.1928495198975497e-8
1.2981745992361697e-8
1.381493483590367e-8
1.3632332917972024e-8
1.4931810680502567e-8
1.5026715275555145e-8
1.5703202839573667e-8
1.4610799116612882e-8
1.698930111426973e-8
1.6256202799572234e-8
1.689292941575495e-8
1.658710277748269e-8
1.937639908316466e-8
1.7814812185420496e-8
1.8057395672393826e-8
1.8762237910152677e-8
2.0207496684833956e-8
1.9798933873755926e-8
2.0008258773256294e-8
2.3317857278786172e-8
2.043426000861778e-8
2.4517632409444212e-8
1.8120457840360716e-8
2.003644121240273e-8
2.3509733480869962e-8
2.3036448645356575e-8
2.8086307318651187e-8
3.0789724115090335e-8
2.751288812029101e-8
2.4039721914453894e-8
2.6296635334766492e-8
2.474038942726357e-8
2.3784785340635076e-8
2.7686635644849407e-8
2.8583349837417986e-8
2.7939998828731858e-8
2.9262811858072547e-8
2.6931026354816033e-8
2.921481704213717e-8
3.0420445219721614e-8
2.787977166072396e-8
3.0626903488350446e-8
3.073723464258977e-8
4.3299410817772864e-8
2.968151702697413e-8
3.5712591947047245e-8
3.328034427481046e-8
3.363340827044278e-8
3.552460163651462e-8
3.5900217338864276e-8
3.0220263166205754e-8
3.603747971402588e-8
3.8077342690521145e-8
3.27970544743364e-8
3.960523061769696e-8
3.773544564623545e-8
3.291226486226735e-8
3.58907901414536e-8
3.6598566147544295e-8
4.018145100840896e-8
3.959466204988443e-8
4.245374753400103e-8
4.271596166608387e-8
4.4721873627604117e-8
3.98306277021938e-8
4.3721914687195764e-8
4.121119682631471e-8
4.3205322718654965e-8
4.3781047791941334e-8
4.708322146191841e-8
4.184018274594715e-8
4.6016865143403255e-8
4.701453338835866e-8
4.3704565717274663e-8
4.9302349297561955e-8
5.1313851876491576e-8
5.097808150086329e-8
5.117244645165839e-8
5.2089603803542684e-8
5.265584351466873e-8
5.250804697045741e-8
5.31280636066788e-8
5.065083038031153e-8
4.645060105313476e-8
3.413073550484665e-8
1.1349228201363716e-8
1.2774337602964491e-6
2.3759442027998236e-6
1.535530651202111e-6
9.837309007048028e-7
7.385597488549943e-7
5.860275393852981e-7
4.629862179743054e-7
3.9024887672111847e-7
3.395386639062497e-7
2.999379399712604e-7
2.72997647791133e-7
2.49994837050625e-7
2.3631478761634588e-7
2.1607763420257598e-7
2.039172785735984e-7
1.8843815634252627e-7
1.820192007775353e-7
1.6188788714853838e-7
1.5852557850922668e-7
1.5643403222418892e-7
1.4213095383060136e-7
1.4253915070676942e-7
1.2684395168099527e-7
1.367610017447252e-7
1.207510278444379e-7
1.1954002764013932e-7
1.1317364030219991e-7
1.0835513817731639e-7
1.049743961647655e-7
1.045940976622265e-7
9.597702893914554e-8
9.523921879725156e-8
9.400220419291908e-8
9.057422639439179e-8
9.056360404351181e-8
8.970090475880126e-8
8.230082766697833e-8
7.647538124844861e-8
8.185275785363606e-8
8.017416058715969e-8
7.9030083864403e-8
7.464519657915657e-8
7.406277711563239e-8
7.180150964160714e-8
7.185254349006704e-8
6.904416435968245e-8
6.623833880591149e-8
6.927390561214672e-8
6.742566887291742e-8
6.578251849433678e-8
6.393922547261819e-8
6.080933106625274e-8
6.315068257940588e-8
5.964897708996867e-8
5.9095306749407615e-8
5.96461968170159e-8
5.3993118041017945e-8
5.504731577328145e-8
5.44537202000886e-8
5.4574188065982606e-8
5.1001034045810327e-8
5.361747444330395e-8
5.328077753161102e-8
5.03778293313282e-8
5.1378102847884e-8
4.9639832412613154e-8
4.919921139482372e-8
4.879005468874782e-8
4.87287025723269e-8
4.7187537588378864e-8
4.6824681935286784e-8
4.6637776459356375e-8
4.488894810186739e-8
4.488723976481972e-8
4.329683205981809e-8
4.2607978007676256e-8