1.5878507499800899e-12
1.7469229446724227e-11
3.3361359246406155e-11
4.928408255051341e-11
6.51999312560478e-11
8.111668448689875e-11
9.717977702788078e-11
1.1321779936625027e-10
1.2937606065833873e-10
1.416657312540002e-10
1.6157629729406157e-10
1.7847592934998767e-10
1.8976761747952546e-10
2.1077698410931234e-10
2.2835326276842383e-10
2.4372211694490084e-10
2.6202388454196474e-10
2.729058728551367e-10
2.958396979461225e-10
3.12139412268881e-10
3.30007116464611e-10
3.4829660972232645e-10
3.639736299691261e-10
3.828472240325972e-10
3.979313383330842e-10
4.199788411982593e-10
4.3801292120270407e-10
4.5781641571616313e-10
4.776005919062196e-10
4.965352898098539e-10
5.113077265324034e-10
5.354347294393676e-10
5.557573704239779e-10
5.766267132069794e-10
5.952785902956357e-10
6.117837380679256e-10
6.329485295625664e-10
6.572338605351839e-10
6.859078173864615e-10
7.041870940896788e-10
7.188766883566489e-10
7.204518336855359e-10
7.703229770517605e-10
8.010469017759281e-10
8.107328397836423e-10
8.364671745154222e-10
8.702795414653653e-10
8.900777980841046e-10
9.229784035189373e-10
9.605975954185124e-10
9.646242714273813e-10
1.0018685992536167e-9
1.021489104394176e-9
1.0436299334522767e-9
1.088725683183995e-9
1.1066606068011201e-9
1.14359685248238e-9
1.1734209334194983e-9
1.1996547341054993e-9
1.25962459016228e-9
1.283752834646217e-9
1.2940180600802188e-9
1.3282454107021914e-9
1.3729260313286856e-9
1.3957670335952508e-9
1.4323674998157144e-9
1.4678919536550191e-9
1.4924824466991752e-9
1.5420500976433015e-9
1.542316991441447e-9
1.6009956106667827e-9
1.6619534020459449e-9
1.6763802725507247e-9
1.7655600480992606e-9
1.8066155375372013e-9
1.8211897877866424e-9
1.8484738481175463e-9
1.8881009801394696e-9
1.963254071589053e-9
1.97192063974449e-9
2.02363768132301e-9
2.071106999791911e-9
2.142204712426377e-9
2.211732220908732e-9
2.2233494131994753e-9
2.287964533677718e-9
2.358263080928832e-9
2.434231873990939e-9
2.420868252747553e-9
2.514102527215712e-9
2.580641031062738e-9
2.613773854367141e-9
2.6134482071268076e-9
2.6814756356241212e-9
2.9416065589338677e-9
2.905323887156703e-9
2.986656637302022e-9
3.0097226934927867e-9
3.0476343899562145e-9
3.1328343131062355e-9
3.2194684675973185e-9
3.270796140778953e-9
3.3099567426275305e-9
3.3730120044293296e-9
3.5493106971123305e-9
3.5591839259477386e-9
3.585893582616904e-9
3.7788861524968095e-9
3.861953575170525e-9
3.963054363755162e-9
4.109374469238419e-9
3.839893948043569e-9
4.079736633605243e-9
4.1040122708794784e-9
4.399202116278268e-9
4.416056040890455e-9
4.478281443714856e-9
4.378970034767222e-9
4.640461073137357e-9
5.135471090898905e-9
4.820618057430435e-9
4.960637947615771e-9
5.0762296067717305e-9
5.810992271978945e-9
5.2997148068349094e-9
5.319358684400115e-9
5.615174230237074e-9
5.4743689132701914e-9
5.657730178875795e-9
5.967005784657105e-9
5.99644262837182e-9
6.402888439974293e-9
6.381942585620642e-9
6.861049871999889e-9
6.752308670056991e-9
6.564478457694493e-9
6.654266040587049e-9
6.874102997504725e-9
7.453211409867861e-9
7.383474430968331e-9
7.248756838660604e-9
7.448531509782242e-9
7.609042642330752e-9
7.844300929440808e-9
8.089575468031516e-9
8.61163140563716e-9
8.357066710432426e-9
8.31997958938257e-9
8.888073202435872e-9
8.656746744944769e-9
8.768331998585254e-9
8.897952524331406e-9
9.596897498859636e-9
9.99205981667783e-9
1.0088390819823553e-8
9.67709449296803e-9
1.0321673111662866e-8
1.0064140318580968e-8
1.065674287762745e-8
1.0876249258714039e-8
1.136973307554686e-8
1.2122494975787628e-8
1.166846776723072e-8
1.1156185490371267e-8
1.1490667531241598e-8
1.2110516130761105e-8
1.290701942149236e-8
1.2755602948855506e-8
1.2955603824967729e-8
1.3079222024783301e-8
1.3376892337400055e-8
1.3494742465146029e-8
1.42875458151628e-8
1.4182745068776658e-8
1.4516795848711291e-8
1.4851824507738172e-8
1.5291860176039953e-8
1.5391104024991593e-8
1.6182811274339456e-8
1.7526155224739123e-8
1.7470897962114908e-8
1.7531940119404268e-8
1.7859200770893254e-8
1.8318587233604875e-8
1.8967565985257225e-8
1.985824600638232e-8
2.0041543128796986e-8
2.03837384039665e-8
2.2118590921707355e-8
2.512137853207766e-8
2.335467377682781e-8
2.453206430997616e-8
2.593227803603083e-8
2.64117803784105e-8
2.730026728472855e-8
2.7516712443813327e-8
2.405436283819313e-8
5.0960558983898496e-8
2.75979505290239e-6
1.1564686063458324e-6
6.258524914339272e-7