1.452095093890768e-9
1.5842874165071307e-8
2.958782625666626e-8
4.212186088150368e-8
5.291733698747206e-8
6.149299121028445e-8
6.741452943550912e-8
7.028423020809815e-8
6.971858933952156e-8
6.531076817316697e-8
5.657227291122475e-8
4.283579592650868e-8
2.309245970144018e-8
3.0814990216007374e-10
2.1707323257194564e-8
7.87098521071623e-8
1.4269743185645224e-7
2.1832441595031264e-7
3.0752677092746496e-7
4.1174200453689556e-7
5.310750763730753e-7
6.650006983393853e-7
8.101863536084387e-7
9.624311894302216e-7
1.1161806043457812e-6
1.2534517456080527e-6
1.3761512915720495e-6
1.4610529444483164e-6
1.5149746251269311e-6
1.5350022247036935e-6
1.5195439252307826e-6
1.4797080602839183e-6
1.4224174588382165e-6
1.3528528544798392e-6
1.2769462749638275e-6
1.1997472647802707e-6
1.1235862137014773e-6
1.0506192621774603e-6
9.818319620054612e-7
9.179150632235695e-7
8.587421747433371e-7
8.042112669841424e-7
7.540689022562648e-7
7.086619899143705e-7
6.66902749252376e-7
6.286262415729817e-7
5.937380351326389e-7
5.617555257282402e-7
5.324280049665614e-7
5.054403056371938e-7
4.803696042937864e-7
4.5765428954234886e-7
4.3654161507680455e-7
4.169942509344323e-7
3.988351952441217e-7
3.8193465044672117e-7
3.662837137653143e-7
3.516206289828548e-7
3.37968778089673e-7
3.251496678753543e-7
3.1325157507661696e-7
3.020951492804877e-7
2.9159078812259153e-7
2.817148564943671e-7
2.724352471385684e-7
2.636073592496821e-7
2.5534260270083106e-7
2.474933032731174e-7
2.400587041798945e-7
2.3302632082741752e-7
2.2633542787104705e-7
2.1997261459606816e-7
2.1392469979240093e-7
2.0815449283268658e-7
2.026911726215815e-7
1.9743128266543708e-7
1.9243142825925887e-7
1.8766123210952498e-7
1.8307734576506162e-7
1.7869659518938332e-7
1.7447553185154456e-7
1.7041914359026378e-7
1.6661255351326722e-7
1.6291140277077475e-7
1.5935127898429912e-7
1.5592242308571445e-7
1.5258804640750638e-7
1.4940362848625338e-7
1.4637033015044733e-7
1.434091736059867e-7
1.40554516443356e-7
1.3778887546788987e-7
1.351097388783498e-7
1.3253709532702994e-7
1.3002335954749354e-7
1.2762351873777978e-7
1.2525846325392513e-7
1.229937529260249e-7
1.20789531333594e-7
1.1864966701365793e-7
1.1658585864246768e-7
1.1448772367184152e-7
1.1260974899709005e-7
1.1131111333436593e-7
1.0905764274182307e-7
1.0689160800459613e-7
1.0539231566056265e-7
1.035002552972427e-7
1.0191041821059092e-7
1.0021854100806109e-7
9.753788182989289e-8
9.692072097986668e-8
9.552872726327611e-8
9.359332085553947e-8
9.258410164903546e-8
9.124991874361775e-8
8.952378945236061e-8
8.80327037949628e-8
8.641798519055335e-8
8.654528999298029e-8
8.400594869640542e-8
8.327649395472918e-8
8.305470068742479e-8
8.096077923401249e-8
7.970196340210263e-8
7.821270216940646e-8
7.727706852710635e-8
7.782463052342518e-8
7.549327512292963e-8
7.483473054595278e-8
7.346102883663621e-8
7.243313939251225e-8
7.127751736237476e-8
7.032045813382177e-8
7.006736486700803e-8
6.825398128185301e-8
6.7697800003998e-8
6.629314400229921e-8
6.497760840657449e-8
6.483885460855493e-8
6.383193739215814e-8
6.310841833960877e-8
6.228894457546946e-8
6.150648309862104e-8
6.079162190956188e-8
6.027729237036629e-8
5.955911065580216e-8
5.880024510957353e-8
5.7950343911723924e-8
5.685054750256143e-8
5.6040721709536444e-8
5.5415500332049804e-8
5.485469117678709e-8
5.410101612027268e-8
5.3167288028298174e-8
5.281117253696542e-8
5.19627315413297e-8
5.146324115878416e-8
5.080785505882777e-8
5.0204589629502766e-8
4.951955282390861e-8
4.884202068687656e-8
4.8366815552448265e-8
4.774879111207082e-8
4.7167557125219286e-8
4.660992535040072e-8
4.6041036460971265e-8
4.549438205988451e-8
4.491084171286278e-8
4.4390749900476365e-8
4.387682409339439e-8
4.3383054069902475e-8
4.2856192590263563e-8
4.235266243426083e-8
4.1837920985167796e-8
4.13438516682787e-8
4.093417219241786e-8
4.0454006936105266e-8
3.996763238210085e-8
3.94346724027778e-8
3.895133030671673e-8
3.8493284931797775e-8
3.807531523878411e-8
3.769867150012428e-8
3.7316175080529905e-8
3.6625307161449166e-8
3.644179009956502e-8
3.596018307858943e-8
3.551780427551105e-8
3.517076618420129e-8
3.481153631237618e-8
3.449785623530296e-8
3.407909093137428e-8
3.364134841037533e-8
3.328082521412205e-8
3.285327804560067e-8
3.245463490332469e-8
3.218192144916809e-8
3.182690318793102e-8
3.1551917640527956e-8
3.113582068828341e-8