5.310866825595415e-12
5.845279015531815e-11
1.1167512306076671e-10
1.648647905742746e-10
2.1774244106940484e-10
2.716075760981524e-10
3.266143479947104e-10
3.79802939654815e-10
4.324540410979187e-10
4.875387238785298e-10
5.401545216802284e-10
5.969971506636278e-10
6.511791481859929e-10
7.052908777705411e-10
7.637593995364208e-10
8.152770635700238e-10
8.65642398934172e-10
9.254749369588794e-10
9.86273062989861e-10
1.0419317725256988e-9
1.1055159541252313e-9
1.1603813680507691e-9
1.1970212141288572e-9
1.2970164175384374e-9
1.3513109377681067e-9
1.3964026102001212e-9
1.451439536124146e-9
1.529599449634967e-9
1.5974617381431947e-9
1.6556615535497678e-9
1.7250585107224418e-9
1.7679687009292365e-9
1.8768550318245363e-9
1.91076753189436e-9
1.9963768443491474e-9
2.0448488698240055e-9
2.0905210816799163e-9
2.155217507572205e-9
2.286681018741865e-9
2.260459361065149e-9
2.4131533372098384e-9
2.476263958825858e-9
2.4857733746585262e-9
2.6375053208259425e-9
2.7201076241800114e-9
2.8283607924837053e-9
2.8124029335996286e-9
2.965997239224785e-9
3.0418667271002746e-9
3.1453577920397693e-9
3.1332578911405397e-9
3.2464715642363e-9
3.3759408992449922e-9
3.3449778848245705e-9
3.538758831205844e-9
3.5635569317302813e-9
3.679776926646597e-9
3.865199365916953e-9
3.884629662779778e-9
3.929512271285615e-9
4.078037219208747e-9
4.213370181098292e-9
4.3049558889224174e-9
4.471450349556143e-9
4.35220666931184e-9
4.624349427011222e-9
4.786389847327542e-9
4.65511439225881e-9
4.616332093386018e-9
5.097311814386596e-9
5.194598572160171e-9
5.296672099872006e-9
5.6512533897060915e-9
5.629702539505106e-9
5.812058964914143e-9
5.9896908652634775e-9
5.849717029397029e-9
6.304894061294824e-9
6.689923017241937e-9
6.637851333102434e-9
6.41881855492907e-9
6.5198657958354046e-9
6.911742618923089e-9
6.247151470401426e-9
6.8192193658118165e-9
7.457663961519427e-9
6.912455094811041e-9
7.337633783740275e-9
7.918505575810118e-9
7.9869653013736e-9
7.937990092926003e-9
8.389755577363168e-9
8.109343239531147e-9
8.416558254630427e-9
9.08364043248943e-9
9.215967985695009e-9
9.334631708794107e-9
9.547443164561548e-9
9.437988812465901e-9
1.0489468508735639e-8
9.804327335703519e-9
9.806575918258927e-9
1.0892469153426836e-8
1.0644655909477559e-8
1.1404530572308729e-8
1.162522147786554e-8
1.0313898823946255e-8
1.0482750974968011e-8
1.0817513889898373e-8
1.1387147569772655e-8
1.1851929712151975e-8
1.2003072742462635e-8
1.2204279557809318e-8
1.2671145189885328e-8
1.2709541896938648e-8
1.3301669167280324e-8
1.3413357342404923e-8
1.3204227294192507e-8
1.330240514906835e-8
1.4088934885380693e-8
1.515951677029616e-8
1.5299310802585237e-8
1.569580230259483e-8
1.560655048976148e-8
1.556435707499279e-8
1.5093044633120212e-8
1.6712905582209752e-8
1.486378035486076e-8
1.6292231750396403e-8
1.6102278664392365e-8
1.6732536233314417e-8
1.879021875434099e-8
1.8343545605631898e-8
1.8381351327744576e-8
1.8156952016124764e-8
1.7794986263176836e-8
2.508992726048787e-8
2.0349366747334698e-8
2.0017234342391395e-8
2.0579299839750907e-8
2.0562072326733545e-8
2.0940911874902035e-8
2.0236532150209555e-8
2.2291304438877454e-8
2.1954978946097653e-8
2.243636514292623e-8
2.3204338460535316e-8
2.3027886205042486e-8
2.4914119622635945e-8
2.4185694640958626e-8
2.2551380987494313e-8
2.565060742837723e-8
2.5844508538627596e-8
2.6195182805791812e-8
2.6435280850378054e-8
2.7285486288344936e-8
2.9277636190769712e-8
2.980759015201086e-8
3.072615400206096e-8
3.1999456883054883e-8
3.284818595435886e-8
3.385510186328997e-8
3.5355301114183715e-8
3.5012764840632715e-8
3.397532421879381e-8
2.7795299726192214e-8
3.56595305299961e-8
2.3521230372961692e-6
1.6474189544050548e-6
8.81638088138134e-7
5.765538800079127e-7
4.2465904459177975e-7
3.41718897626451e-7
2.8977655935593675e-7
2.501976933754177e-7
2.293182636446144e-7
1.993388523447438e-7
1.8034455322194056e-7
1.697027369455644e-7
1.552874537266131e-7
1.4866916525136686e-7
1.273317832738874e-7
1.2710850455962766e-7
1.205598693257145e-7
1.1455457597330604e-7
1.0829570468954183e-7
1.0251346576737017e-7
9.620463056609961e-8
9.62222296274461e-8
9.052829110341752e-8
8.652410442018334e-8
8.748009612107094e-8
8.247276276337984e-8
8.12365405784369e-8
7.9275837819949e-8
7.640648682537116e-8
7.04601990880709e-8
7.030365273629621e-8
7.062126045736763e-8
6.7958777090751e-8
6.719945459201283e-8