9.407952284047058e-12
1.0354551869693524e-10
1.9770886934772473e-10
2.9211586702249093e-10
3.8595370316715063e-10
4.804110424865816e-10
5.748100849171548e-10
6.707863645808031e-10
7.688933758016933e-10
8.6011470014952e-10
9.67867167204636e-10
1.0503846775935554e-9
1.1425701271787077e-9
1.2449429204374837e-9
1.3396785419594986e-9
1.4381994014843184e-9
1.5270361788528027e-9
1.6333225979579186e-9
1.7300224798022425e-9
1.8467760604597213e-9
1.937675386463515e-9
2.0243827226935442e-9
2.1108955203655325e-9
2.240476493964941e-9
2.395701779527886e-9
2.490917280374054e-9
2.554365420771314e-9
2.7378297311548443e-9
2.7713319281368153e-9
2.8495355918938065e-9
3.0401721162844215e-9
3.1041565185367075e-9
3.2436356177822515e-9
3.2151648006311613e-9
3.423192648406651e-9
3.556184221198673e-9
3.742413519277651e-9
3.839270116974095e-9
3.913223987808475e-9
4.193330991786187e-9
4.262083187520848e-9
4.241675626760039e-9
3.886023804965572e-9
4.648381501024628e-9
4.800889801541048e-9
4.907603266460216e-9
5.0745461846380525e-9
5.057210607112124e-9
5.363186118896544e-9
5.398260854483959e-9
5.3548605205777944e-9
5.755247234840983e-9
5.869080043602247e-9
6.390217090083144e-9
6.129607980455459e-9
6.121096099495065e-9
6.485598856375624e-9
6.583469053304163e-9
6.905733470041742e-9
7.000127179753119e-9
6.532727039314924e-9
7.540468865297638e-9
7.748075491682507e-9
7.56083465395447e-9
7.879996988859549e-9
8.093723025566277e-9
7.99511218283251e-9
7.958760372973308e-9
8.535675244329701e-9
8.52336626975851e-9
9.11765690920053e-9
7.845470396300332e-9
9.314321265477546e-9
1.0191082837944413e-8
9.902281585735028e-9
1.0576801336633904e-8
9.623262046557772e-9
1.0660415342174256e-8
1.1060973609074913e-8
1.1246698042991613e-8
1.0885936804498518e-8
1.1779603607595938e-8
1.1838788906523024e-8
1.1956200810104179e-8
1.2251517390523904e-8
1.2709274949302815e-8
1.2495017353821469e-8
1.2459560193633312e-8
1.3708846854012121e-8
1.3400341395690613e-8
1.359102479037666e-8
1.558573007715897e-8
1.401082764224058e-8
1.4695616001599322e-8
1.3922446082339785e-8
1.600193410217115e-8
1.6595199781193147e-8
1.4009318055591426e-8
1.650529585239528e-8
1.6098298616389097e-8
1.5406777543822444e-8
1.6593057853065827e-8
1.7262138077226936e-8
1.666818233749701e-8
1.7906371135452365e-8
1.756134058340329e-8
1.9289899392556523e-8
1.9428047635607606e-8
1.9459372395590054e-8
1.8307212059360633e-8
1.9699993080130672e-8
1.7744002360035282e-8
1.8850437720339487e-8
1.9490886025923042e-8
2.1639516278274733e-8
2.1817511595858572e-8
2.076553468040026e-8
2.1648755396771523e-8
2.266790638664588e-8
2.1614835046754414e-8
2.1881335512452114e-8
2.076227480351138e-8
2.5194719469484735e-8
2.282901035221529e-8
2.4048025413211526e-8
2.4040595822142375e-8
2.613710838531149e-8
2.6724497575788157e-8
3.0210419647613104e-8
2.755416300505954e-8
2.725987865422535e-8
2.6948208263882488e-8
2.5574419831755586e-8
2.776348507345104e-8
2.945524560459588e-8
2.9436335277496878e-8
3.0781770041945346e-8
3.114520999869161e-8
3.090129067325392e-8
3.102100394792971e-8
3.4116980720213296e-8
3.417156688343371e-8
3.364449379226262e-8
3.5070388248672634e-8
3.675871292559964e-8
3.702639998542704e-8
3.6990873989903814e-8
3.8716122847403365e-8
3.9237376966500516e-8
3.940732082945692e-8
3.756921783087884e-8
2.973753551928079e-8
2.8613882545410328e-8
1.999793768851767e-6
1.967421434934286e-6
1.0749827658464872e-6
6.753790491761637e-7
5.206857038106528e-7
4.057949436014519e-7
3.239969944782395e-7
2.936537373962035e-7
2.4900425829790695e-7
2.272881391309866e-7
2.1059978926200195e-7
1.8780893480198123e-7
1.8143411800315476e-7
1.6750001921919127e-7
1.5259671022552743e-7
1.4544515055730684e-7
1.3152927773063544e-7
1.2912944265054254e-7
1.2337032727185543e-7
1.186491914223584e-7
1.1243555147611497e-7
1.0935809070240017e-7
1.0651922486389952e-7
1.003020118986016e-7
9.671172275049289e-8
9.197159593363977e-8
8.75237203073916e-8
8.311651972457303e-8
8.517825293107971e-8
7.978626644259442e-8
7.859748427555671e-8
7.61629306841277e-8
7.400905307488121e-8
7.302343713320929e-8
7.00735000805502e-8
6.888288780867862e-8
6.931883952193441e-8
6.670526775119571e-8
6.252309295194362e-8
6.215088181197968e-8
6.32367744086298e-8
6.068937922735236e-8
5.826387440684825e-8
5.860481734262221e-8
5.6215004279755195e-8
5.8324634988105607e-8
5.468516570978904e-8
5.460518346281714e-8