9.807294801367538e-12
1.0781032109616855e-10
2.0613243174075299e-10
3.0433340002245374e-10
4.0426337279047e-10
4.997274976214331e-10
6.000167198839214e-10
6.971883582411286e-10
7.99223190261613e-10
8.970705144231089e-10
1.0058195940085505e-9
1.0970318613836934e-9
1.1914761146988906e-9
1.2870032468218573e-9
1.421313895332965e-9
1.5023414999034637e-9
1.6138499816506905e-9
1.6881598545922506e-9
1.81872004987682e-9
1.921186408512719e-9
1.993321908270958e-9
2.1019533825519414e-9
2.2309995718321184e-9
2.357918585703088e-9
2.4651200747991604e-9
2.620742651341141e-9
2.676675841605555e-9
2.7546957281896373e-9
3.067742448259718e-9
3.024321293542075e-9
3.2117334698652336e-9
3.3167730975248796e-9
3.4372488743697785e-9
3.5411561482131904e-9
3.5738704287564517e-9
4.032897720593529e-9
3.75142665890743e-9
4.0198808285760766e-9
4.130318429265715e-9
4.328332448616125e-9
4.416030507275751e-9
4.488171341234312e-9
4.759824952333071e-9
4.811470808306269e-9
4.8652896780722565e-9
4.997317158626067e-9
5.357898049417335e-9
5.503901167895044e-9
5.50207384005205e-9
5.634099977210137e-9
5.754077789621387e-9
5.926740321331554e-9
6.100681237367798e-9
6.281052885580645e-9
6.434385108527175e-9
6.364200588291799e-9
6.6376306973463965e-9
6.778716850343818e-9
7.200411949676805e-9
7.089409639294978e-9
7.514524640107141e-9
7.847942052148131e-9
7.619380619651372e-9
7.625275462362566e-9
8.595919195233235e-9
7.885353817682768e-9
8.530081853847558e-9
8.777224738513205e-9
8.927778609006263e-9
9.354645061458022e-9
9.372885467365588e-9
9.35886299442051e-9
1.0830501422843272e-8
1.1270663686958421e-8
9.837682284066104e-9
1.031040958129166e-8
1.0894103913389283e-8
1.0908278321093283e-8
1.1688095927177055e-8
1.111466058041737e-8
1.1262456251437045e-8
1.185285608082357e-8
1.7173309781622764e-8
1.2275628834947422e-8
1.2562779731841989e-8
1.2508304415939823e-8
1.2654315440363151e-8
1.3754586199739078e-8
1.4259166508153677e-8
1.4377773095639882e-8
1.6521242935177238e-8
1.5132363157673955e-8
1.644517213347601e-8
1.4496398073265659e-8
1.4630597347393119e-8
1.561276220790087e-8
1.5059458107833544e-8
1.6540694191339684e-8
1.6537842154547453e-8
1.6452652609449983e-8
1.6833217229278775e-8
1.6814418882489814e-8
1.759967144014734e-8
1.757797165444946e-8
1.860612685715457e-8
1.841932789265964e-8
1.9507393144940443e-8
1.9419524945077357e-8
1.9395324192724354e-8
1.979844390863643e-8
1.9171523783015767e-8
2.0613859551064203e-8
1.9464194515536155e-8
2.0335805777172014e-8
2.208868045403099e-8
2.2387959708009733e-8
2.3257150846535914e-8
2.2295503745338926e-8
2.2039258800904025e-8
2.4231921438975288e-8
2.2883540195427793e-8
2.4131106082355134e-8
2.392589998045584e-8
2.482571333391571e-8
2.7826244509116603e-8
2.751603092588626e-8
2.8285829762706276e-8
2.6829678656556108e-8
2.7940616530160253e-8
2.6669200760878347e-8
2.9638214810211154e-8
2.633120368470263e-8
2.693116497383053e-8
3.005366782064982e-8
3.01434698458979e-8
2.99266413880617e-8
3.170134976313581e-8
3.428020580317217e-8
3.292549872862936e-8
3.354503130176906e-8
2.5099222510654194e-8
3.520364642272297e-8
3.5506433697971496e-8
3.746681584844303e-8
3.775860078490409e-8
3.897876277565937e-8
3.9855332591245774e-8
3.9933619777894664e-8
3.9639491219549824e-8
3.783066419790208e-8
2.987984433457331e-8
2.8078433429703534e-8
1.9726850461116596e-6
1.984432828287797e-6
1.0823266425668197e-6
6.834927685119644e-7
5.171463478829067e-7
4.0575812438078183e-7
3.245062453202879e-7
2.9371731421714633e-7
2.563702920327863e-7
2.2766006304782176e-7
2.1208326637650174e-7
1.9314538658320704e-7
1.7708943318604818e-7
1.6584766169919534e-7
1.5047464994904922e-7
1.4647189675609621e-7
1.3330157270431324e-7
1.2583931996610943e-7
1.2831028114190476e-7
1.1884644745449273e-7
1.1198308666970027e-7
1.1045520281831356e-7
1.0472250569917848e-7
9.948726215851752e-8
9.801362822652157e-8
9.326599646125146e-8
8.854211687512187e-8
8.735961739918215e-8
8.630165363034244e-8
8.211264340281602e-8
7.973339159188277e-8
7.640795636723891e-8
7.449464636228194e-8
7.421937640534e-8
6.986486268858172e-8
6.958515821457143e-8
6.890198362565924e-8
6.744827942447905e-8
6.642019008678535e-8
6.115996962948503e-8
5.7779400686999604e-8
5.670677399632225e-8
5.932557412269442e-8
6.110227589380368e-8
6.019439093507744e-8
5.951339033478797e-8
5.651220889958188e-8
5.441921656910125e-8
5.245870884723872e-8