1.2951383551794272e-9
1.4089946967676479e-8
2.6107897373209594e-8
3.666871342848691e-8
4.51349409065438e-8
5.091906603572356e-8
5.34766693951754e-8
5.2282163107211726e-8
4.678079147700322e-8
3.630709626364826e-8
1.9950153561728156e-8
2.606775539390865e-10
1.0161241649358034e-8
6.194797739750728e-8
1.1531409231198991e-7
1.7778054153233842e-7
2.512464481787717e-7
3.3706648502801646e-7
4.362531345155887e-7
5.493312140592883e-7
6.754629296376179e-7
8.117676894858889e-7
9.54395549924223e-7
1.0991805573122287e-6
1.229877075749878e-6
1.348929583823351e-6
1.4345794200930833e-6
1.4929175028917185e-6
1.520588875019254e-6
1.513270526814222e-6
1.481414600506916e-6
1.4313502508919142e-6
1.3685859933777602e-6
1.2966064020493917e-6
1.2223319934189775e-6
1.1480465930134197e-6
1.075715568684984e-6
1.0070283079465019e-6
9.42636452675931e-7
8.828887647463609e-7
8.273439549021429e-7
7.762911032756238e-7
7.29375641329347e-7
6.866699776253444e-7
6.472731911355731e-7
6.112476505427218e-7
5.78141752535348e-7
5.478977341701377e-7
5.198810423216569e-7
4.942342451855293e-7
4.704127467762544e-7
4.485838911416874e-7
4.2834476407229236e-7
4.0950754837372657e-7
3.920199558055079e-7
3.7579608045523816e-7
3.606125858265465e-7
3.46508680476083e-7
3.332744019442732e-7
3.2074587882296566e-7
3.0933062196722206e-7
2.9848560029769354e-7
2.882580795427161e-7
2.7860097797943184e-7
2.695364192845288e-7
2.609876985555351e-7
2.5288677547021254e-7
2.4523554834377853e-7
2.3796031889840987e-7
2.3105919473696723e-7
2.2450700138586802e-7
2.1826743780754337e-7
2.123263781478413e-7
2.0666970689094126e-7
2.013074303662898e-7
1.961400144995704e-7
1.9121858427960633e-7
1.865220944689164e-7
1.8200590247719712e-7
1.7768757184397185e-7
1.735150802462178e-7
1.6955487836551202e-7
1.6576855482188118e-7
1.6212326303459661e-7
1.586024647185967e-7
1.5519098347276543e-7
1.5190553440353538e-7
1.4878025850349343e-7
1.457742598105649e-7
1.4284345910701473e-7
1.4001784091386658e-7
1.37276959867216e-7
1.3463339191101374e-7
1.320737296414818e-7
1.295883087633083e-7
1.2718807590705285e-7
1.248752875208138e-7
1.2259602255471668e-7
1.2043463356807408e-7
1.1828580393138434e-7
1.1618788056696773e-7
1.1416450566958236e-7
1.123085319565235e-7
1.1052707072605336e-7
1.084747660807413e-7
1.0659085489305577e-7
1.0484642693097855e-7
1.0323341281998976e-7
1.0140703796420003e-7
9.973621428606658e-8
9.845068809774904e-8
9.641917812511583e-8
9.494177673811101e-8
9.239912308266733e-8
9.253235086527855e-8
9.096427218245429e-8
9.02230926044256e-8
8.786557923617273e-8
8.58642260819074e-8
8.578615334834107e-8
8.413118421704836e-8
8.339750253029183e-8
8.190288247932074e-8
8.106063992891294e-8
7.90752704649547e-8
7.781630642605923e-8
7.71904257927478e-8
7.592318612599625e-8
7.470918349755701e-8
7.415743982785511e-8
7.301693262892795e-8
7.256980989070697e-8
7.078780972662952e-8
7.013653467066674e-8
6.931052401659123e-8
6.693031525817103e-8
6.766471623615326e-8
6.663136997369744e-8
6.574046362430737e-8
6.462641474493839e-8
6.40573928660962e-8
6.30244003328918e-8
6.222572283637252e-8
6.131302290646136e-8
6.039550007281282e-8
5.96473693575327e-8
5.923754556618146e-8
5.814238641808519e-8
5.742222898938909e-8
5.682627625865732e-8
5.594334047710376e-8
5.522651464739189e-8
5.484458741163078e-8
5.394054911247349e-8
5.343705032928638e-8
5.2713029477175134e-8
5.200319182166989e-8
5.135192477155268e-8
5.072487181925421e-8
5.004176758933426e-8
4.9369316076909306e-8
4.886738780428856e-8
4.827780298051485e-8
4.767637550223531e-8
4.710456066360978e-8
4.653198717018878e-8
4.5970703823801014e-8
4.5419855051796504e-8
4.486813872462845e-8
4.4336589238035766e-8
4.381680310037249e-8
4.329645225081346e-8
4.279203765529149e-8
4.2308517864780736e-8
4.178185976243921e-8
4.1292686616914435e-8
4.087723996609057e-8
4.037650644223599e-8
3.985279031599483e-8
3.9401814741106797e-8
3.903172351355828e-8
3.8608408022492406e-8
3.807113082220777e-8
3.770561971958674e-8
3.7255217142825046e-8
3.676915642772688e-8
3.631086681629396e-8
3.6029408854743093e-8
3.5532094941173744e-8
3.5079354926836235e-8
3.4766753259870595e-8
3.436726364558154e-8
3.398510883536908e-8
3.359369894349696e-8
3.3338144549491194e-8
3.2986553830888204e-8
3.2468376925476964e-8
3.2149879357379e-8
3.187188803162412e-8
3.1464568195487255e-8
3.107641514987963e-8