2.9336706419461208e-12
3.227957631390039e-11
6.166796980014663e-11
9.108727098669642e-11
1.1953870684528889e-10
1.4997749722468925e-10
1.7988388658259004e-10
2.0929915571984465e-10
2.3905575492867993e-10
2.690089960303888e-10
2.9896005489701633e-10
3.2887350078914344e-10
3.634660310084542e-10
3.8876923536669557e-10
4.2104470036530795e-10
4.474143460769284e-10
4.810384222570646e-10
5.142584465605076e-10
5.453431154725781e-10
5.79709291419223e-10
6.090606702137371e-10
6.421544711054224e-10
6.709779569682741e-10
7.28333593094812e-10
7.429188186788893e-10
7.745577827687352e-10
8.130645504487677e-10
8.408518618416639e-10
8.756944695269106e-10
9.005870000790776e-10
9.467845656094572e-10
9.776917397693509e-10
1.023415245331046e-9
1.0589533343144418e-9
1.0989663502896363e-9
1.1319378343837106e-9
1.1725700653430636e-9
1.2159155584891117e-9
1.2482519513169734e-9
1.291779048221938e-9
1.336410852537633e-9
1.3836361430516512e-9
1.4174328843766171e-9
1.47090354128553e-9
1.4893532159275207e-9
1.5646483247695837e-9
1.6124476158005334e-9
1.6442165452385514e-9
1.6523804830220776e-9
1.7297300283440023e-9
1.7911672943452913e-9
1.86540993298447e-9
1.890929742745902e-9
1.7279959269164825e-9
1.9631809132167416e-9
2.0177092135511303e-9
2.0335844038428885e-9
2.106426825546755e-9
2.1938911812670617e-9
2.2747034965067024e-9
2.32100731778837e-9
2.433733968314659e-9
2.4412192324696574e-9
2.466877910660783e-9
2.5196625801383367e-9
2.5644338280011725e-9
2.50745081761966e-9
2.6547517406486614e-9
2.77940873101184e-9
2.8315456606824024e-9
3.058095372549545e-9
3.0327430458102646e-9
3.055374594677495e-9
3.1513344460537334e-9
3.192517171880584e-9
3.3141689269533167e-9
3.1179565289067566e-9
3.2450712005998824e-9
3.473098332012179e-9
3.560904014848567e-9
3.788496748813307e-9
3.9156505427847355e-9
3.942567122829091e-9
3.983526843157081e-9
3.881640283814006e-9
4.063510017175701e-9
4.241939911568728e-9
4.30585781927662e-9
4.378209259541795e-9
4.384613724619268e-9
4.4881817642260774e-9
4.5791735417864405e-9
4.7621816741959965e-9
4.997811879232587e-9
5.211537845730339e-9
4.874284850436167e-9
5.2381060396453186e-9
5.430886824778195e-9
5.898080274717809e-9
5.525337192087235e-9
5.630303926762404e-9
5.933372443434667e-9
6.051976905242716e-9
5.9762891205869145e-9
6.129144915799006e-9
6.301786689230258e-9
6.477259410608377e-9
6.674604859953323e-9
6.7490522589936336e-9
6.88530916547712e-9
6.985668053258399e-9
7.145840251479516e-9
7.48519009709514e-9
7.489342055374215e-9
7.677795520234079e-9
7.799789947791686e-9
7.838138312297064e-9
8.6226573127094e-9
9.490194852032609e-9
8.244756869662326e-9
8.619620279814406e-9
8.854007590309394e-9
9.312291575283027e-9
9.600884331413481e-9
9.313781792853561e-9
9.499217863788788e-9
9.264239868706604e-9
9.984988256901312e-9
1.0247801205931508e-8
1.0312325671354606e-8
1.0691623165168658e-8
1.0409620992667798e-8
1.0231367781929778e-8
1.0821082719405829e-8
1.0822766044722572e-8
1.109157793181547e-8
1.547551222904269e-8
1.1708944260583821e-8
1.1908331660722283e-8
1.3142233430171652e-8
1.253778886102511e-8
1.2899651460955794e-8
1.2975694876035114e-8
1.357901678343997e-8
1.3989476572965976e-8
1.415091303845282e-8
1.4297113060232002e-8
1.4316690684006952e-8
1.4434855912855787e-8
1.5459914305246666e-8
1.613689014211866e-8
1.6732982660273325e-8
1.5772709617957537e-8
1.6549284071321788e-8
1.6531913773748696e-8
1.7531259998778178e-8
1.7510077340642936e-8
1.7457486967638883e-8
1.4906684221380542e-8
1.7665222088454887e-8
1.8417801227819678e-8
1.9293924510641323e-8
1.9307641685297814e-8
2.1334576011978915e-8
2.066842721334177e-8
2.0946460715475084e-8
2.2403268708424878e-8
2.2241831593868048e-8
2.255580128502442e-8
2.363375015194415e-8
2.3518055290921066e-8
2.4361397448233272e-8
2.549633865161297e-8
2.6192817416662567e-8
2.7572941399291718e-8
2.814160519064895e-8
3.124548533565837e-8
3.006233169115818e-8
3.079863494429192e-8
3.0624215935658616e-8
2.5894845936675518e-8
4.306646045863893e-8
2.6369106406624557e-6
1.4068463949448434e-6
7.537966439811661e-7
4.924541618078088e-7
3.741664815830642e-7
2.9920024367965126e-7
2.537689741824142e-7
2.2600994284570115e-7
1.996634910355788e-7
1.7735383542382013e-7
1.6155704891337446e-7
1.4956518177699992e-7
1.3838410229715626e-7
1.2846950685544665e-7
1.2181496755467862e-7
1.1450008528576257e-7
1.0949874072547741e-7
1.0145147191990932e-7
1.005145026171086e-7