0.	0.	0.	0.	0.	0.	-2932.3985616072277	-7344.782705372766	-11561.765165763323	-16102.611726710933	-21070.015857693765	-26494.200426928575	-32406.738793470784	-38806.009195982384	-45703.92896010115	-53095.63994292733	-60979.74281945363	-69379.22823070284	-78266.50584203046	-87645.56406815336	-97567.52700980418	-107928.02947216196	-118840.49426546959	-130252.04009848596	-142144.51881976562	-154563.9284435747	-167458.3282780708	-180899.23350403726	-194833.48916343783	-209272.78373145315	-224181.8953278958	-239626.64730865942	-255531.2842667615	-272000.22699195036	-288960.7029012402	-306401.13616403437	-324374.20963764546	-342800.285572491	-361770.0734623316	-381224.69007790205	-401200.4981599385	-421675.27134945005	-442660.56950676034	-464128.44651880366	-486167.0240536879	-508591.98763636174	-531653.8681247117	-555156.7605248648	-579100.2647831008	-603710.8428635632	-628692.7258484171	-654167.7842554589	-680229.8610830132	-706758.0850802469	-733763.0667674766	-761295.110816607	-789360.2812080483	-817894.4864587972	-846937.114850009	-876525.4284457316	-906562.1222301999	-937098.6148413329	-968177.2846320705	-999785.1654314661	-1.0319088417102309e6	-1.0643568853468955e6	-1.0974910812911186e6	-1.1311129793113354e6	-1.1652066727109326e6	-1.1997881916471322e6	-1.2348771135246188e6
-25.476294515380367	0.	0.	0.	0.	0.	-2360.8133196037084	-6993.192638658864	-11239.341247207827	-15788.869921082238	-20759.759646497758	-26194.006478446612	-32104.102569535626	-38504.853910231875	-45401.29631581168	-52792.23052763035	-60672.04844182726	-69066.21025523654	-77947.70576284332	-87357.25862827514	-97242.59720844819	-107637.12029389225	-118548.50467241375	-129959.12112086732	-141847.91709426313	-154269.5223753848	-167163.3354729821	-180603.64774477584	-194537.39077783472	-208976.22440698885	-223884.96666635666	-239329.34471616836	-255233.6943698807	-271702.3086283667	-288662.49862834334	-306089.1711091411	-324075.523224499	-342501.41938285343	-361471.00817735534	-380925.4562301196	-400901.0953768841	-421375.71570061165	-442360.8675439338	-463828.6224390786	-485867.0448770298	-508291.93382203474	-531353.668748535	-554856.45977455	-578799.9019766458	-603410.3400918057	-628392.1559913611	-653867.1560344088	-679929.140886088	-706457.2946238377	-733462.2212199499	-760994.2039651683	-789059.3052913394	-817593.4582257539	-846636.0354553083	-876224.2862157876	-906260.9390593836	-936797.3940645634	-967876.0161414284	-999483.8440370489	-1.0316074666919047e6	-1.064055510328626e6	-1.0971896557756162e6	-1.130811510174932e6	-1.164905170409825e6	-1.1994866617622904e6	-1.2345755564224196e6
-48.76789571325753	-385.1634034764271	0.	0.	0.	0.	0.	-6030.240254211991	-10370.360993174447	-14948.967262543618	-19934.868480863028	-25373.520096251243	-31290.746540682594	-37694.8753046774	-44594.636520055385	-51974.03556473127	-59874.09969694795	-68263.42911142753	-77150.55959674492	-86551.49605130672	-96443.05597790409	-106816.4673699989	-117728.27817773906	-129143.20339720906	-141064.77187223255	-153484.43952609785	-166376.68799213044	-179815.41905292295	-193747.79508250082	-208112.6163274477	-223093.1569019938	-238536.53780264696	-254440.12131135687	-270907.859658665	-287867.2872338304	-305293.36114519753	-323279.0261226893	-341704.4428770804	-360673.50075069006	-380127.49930264684	-400102.6879553602	-420576.90063700353	-441561.6623096959	-463029.09155978216	-485067.10040591576	-507491.79031714046	-530553.1370787104	-554055.6577736936	-577998.9344927507	-602608.9993671052	-627590.6363725329	-653065.480778265	-679104.6063231163	-705655.1867400716	-732659.966426538	-760191.7856946585	-788256.7028467765	-816790.7162709655	-845833.1570694358	-875421.2402692656	-905457.7839372023	-935994.1386598411	-967072.6334997128	-998680.3203185998	-1.0308037999763654e6	-1.063251843613238e6	-1.0963858544009402e6	-1.1300075924778539e6	-1.1641011642735363e6	-1.1986678651881688e6	-1.2337714041498867e6
-71.68655475006494	-686.6708617300278	-794.648322899754	0.	0.	0.	0.	-4333.729118957089	-8937.63096373878	-13586.763895733844	-18594.2162479149	-24039.124745230933	-29972.71156291995	-36372.957657008155	-43268.51958904359	-50660.96260962049	-58548.43218954743	-66956.29332449444	-75829.07739387269	-85236.59313457001	-95116.31192342725	-105513.58111003965	-116416.8109230439	-127829.70322578606	-139744.3352377472	-152150.8276952976	-165064.22294921507	-178489.92158183554	-192403.94137681008	-206827.97519902347	-221754.48489135108	-237168.7567176166	-253150.56509070803	-269616.8800824452	-286513.2067727496	-303980.519202119	-321954.8804198993	-340409.3560549718	-359361.49725372554	-378830.8192953381	-398805.2758952419	-419278.82615851803	-440262.95380395354	-461729.8538808337	-483767.19064027537	-506191.5571216174	-529198.4137685751	-552754.3545222484	-576697.3623313738	-601306.8206894253	-626288.1669919002	-651762.7584869985	-677801.5288619794	-704351.7614289258	-731356.3023872203	-758887.8560050592	-786952.4738743427	-815486.260594418	-844528.4796923775	-874116.2906061537	-904152.6568636454	-934688.8486271562	-965767.136706915	-997374.5942761111	-1.0294978415636058e6	-1.0619458852007247e6	-1.0950796771670848e6	-1.1287012262200962e6	-1.1627946543020615e6	-1.1973465508904008e6	-1.2324646567070163e6
-94.1797632535906	-959.6334488638477	-1444.0482288411422	-1206.2436592605068	0.	0.	0.	-270.49685802131165	-6875.216579269769	-11665.297808074294	-16725.73796868227	-22201.1372199035	-28134.514785999072	-34545.882810969306	-41445.830540194154	-48833.81474309	-56735.948838413125	-65129.2048734642	-74029.17127501563	-83422.00702849565	-93307.8552961365	-103703.48959127587	-114618.50328505533	-126023.48327022723	-137929.2923767761	-150325.58862600048	-163267.46619817373	-176669.32347293818	-190563.24642999916	-205049.2413268241	-219973.33043794628	-235385.53867756278	-251292.10014107928	-267753.52050523995	-284696.6316462689	-302162.19256288913	-320096.69779649476	-338616.15891619725	-357551.19361149636	-377035.4162079534	-397008.85919632326	-417481.4922649779	-438449.4068397253	-459930.90940210054	-481967.3155799932	-504391.2342353648	-527397.4008102269	-550952.5500201365	-574895.1854924469	-599362.7388883341	-624484.7478494095	-649958.9891605618	-675974.7123723509	-702547.0186903625	-729551.2291019633	-757082.4148963405	-785146.6183740117	-813680.0911960867	-842722.0033241117	-872240.4795157476	-902345.5578386955	-932881.5239664926	-963959.52576302	-995566.6659095691	-1.0276895914536137e6	-1.0601376350910757e6	-1.0932711240740402e6	-1.126892411401649e6	-1.160985640495392e6	-1.195537416005923e6	-1.2306553140938005e6
-116.18672784611962	-1217.3291216193243	-2015.0979778495894	-2235.2757168383705	-1610.4846038706232	0.	0.	0.	-3897.845908576242	-9159.631586927428	-14320.831194517263	-19835.81414491602	-25786.585651735946	-32204.036882903438	-39118.84514401387	-46512.8071361906	-54406.292121148086	-62807.90866207275	-71698.11624552261	-81085.54014760163	-90981.7121433576	-101400.4347529508	-112297.47914829312	-123680.16793586775	-135624.6189728215	-148013.58692957732	-160912.0340305499	-174333.39269076823	-188290.92781481546	-202713.47229676088	-217631.27930411816	-233037.58810941456	-249011.2395066271	-265470.1265568941	-282411.11506654177	-299841.79109275556	-317807.45449334296	-336226.0122817583	-355215.4450480333	-374648.12398791	-394713.4378583139	-415184.8989561333	-436118.5781766047	-457632.25812339544	-479542.02357935463	-502090.82165824104	-525096.1064743446	-548561.3573998845	-572592.4039758741	-597059.4264095726	-622154.2243103335	-647654.1727988888	-673669.344557015	-700233.2137978519	-727244.7465707201	-754775.4623684603	-782786.0312816511	-811372.208075938	-840413.7279646081	-869931.9049311663	-900036.4868623272	-930572.1646778279	-961649.800668008	-993256.5352189555	-1.0251870809636117e6	-1.057827093284275e6	-1.0909601951217921e6	-1.1245811480225e6	-1.1586741228535166e6	-1.1932257436535163e6	-1.2283433763102305e6
-137.66399610093174	-1464.125493409097	-2539.800308293001	-3137.306471976546	-3031.260448737963	-2004.5050540954185	0.	0.	0.	-5910.061218984994	-11343.288697258831	-16936.00374139434	-22919.948263583206	-29351.292059409097	-36270.97564328953	-43675.62613537305	-51582.013027596666	-59968.092512151976	-68876.46981630981	-78266.50584203046	-88162.33435417946	-98573.79708807591	-109465.92490563805	-120875.83778616002	-132788.95950254975	-145184.4882297516	-158092.48147425504	-171521.21384876873	-185459.80801050685	-199869.2437410034	-214787.15583512743	-230260.3904842664	-246153.15592309838	-262632.3510704337	-279537.1608865779	-296994.3816544686	-314931.4203435716	-333437.4142643198	-352424.75733907864	-371855.96908299834	-391807.0286496649	-412290.89169451734	-433303.82186959166	-454833.90004447434	-476742.95018817927	-499290.3193900608	-522294.5307607668	-545759.004479694	-569789.0177815307	-594255.3938265078	-619279.9031324832	-644848.3094018933	-670851.5951887796	-697333.1973519967	-724436.85479343	-751966.9984213641	-779977.1132856719	-808492.3222867696	-837603.6536138274	-867121.466306386	-897155.5245475715	-927760.7707611327	-958837.9614218522	-990444.2022042467	-1.022384270011074e6	-1.0550142597803029e6	-1.0881468903103229e6	-1.1217674360826327e6	-1.155806526320575e6	-1.1904115338331668e6	-1.2255288433562927e6
-158.5833170034632	-1701.8395384104522	-3032.2589530344408	-3956.6152330731056	-4282.436877969065	-3819.546860558834	-2387.28827956725	0.	0.	0.	-7690.107540333568	-13476.081739054522	-19520.669713195653	-25991.10013574002	-32914.42447911407	-40331.86442655238	-48241.27208640194	-56642.326266580014	-65525.57510981778	-74934.96336815653	-84828.7299773803	-95239.48110090567	-106137.9644603165	-117533.68718801765	-129436.04346295432	-141847.91709426313	-154760.1991556133	-168211.514255614	-182140.12177871034	-196559.28819860416	-211447.55210890618	-226911.06446394848	-242881.6983634279	-259295.1649404009	-276259.0154787871	-293713.23354045383	-311652.7953245637	-330150.8523133914	-349066.6577568385	-368565.21508662077	-388514.539067789	-408996.56383964623	-429980.9841298044	-451432.6590263222	-473444.0422622449	-495989.7274305936	-518906.3802186712	-542456.2313947693	-566485.0269092621	-590950.6411390032	-615931.2889127649	-641541.3989694685	-667494.5375020418	-694024.978561122	-721127.5537700175	-748657.0230549849	-776666.6027902684	-805181.299577803	-834291.7802717207	-863809.1636413627	-893842.767846597	-924447.3422163719	-955524.0080245206	-987129.6668654128	-1.0190697346729359e6	-1.0516991345791356e6	-1.08483120963961e6	-1.118451275582027e6	-1.1524267658413486e6	-1.1870947865448575e6	-1.2221864365987591e6
-178.9272039436508	-1931.36135451211	-3499.628443810573	-4716.4229434527715	-5414.759432650082	-5428.492241810709	-4594.016965161387	-2758.483392969667	0.	0.	-2561.2548917972554	-9385.919904776829	-15576.611630888881	-22090.84842240569	-29052.768366506643	-36475.481755485634	-44376.669347858486	-52792.23052763035	-61685.36724149618	-71097.70062792952	-80989.80834629199	-91399.97096596735	-102299.7464951893	-113697.87434789298	-125633.31995671014	-138027.11404684014	-150913.94419174845	-164348.7027618916	-178292.9136643644	-192699.9462849821	-207618.52358589286	-223093.1569019938	-239032.04212363405	-255432.08763447186	-272397.4514766826	-289855.315719783	-307812.4445203179	-326265.8902538354	-345280.04517473833	-364704.99678981607	-384723.1874265205	-405182.260134706	-426146.63899277546	-447635.7551399802	-469645.29980122886	-492066.6145269152	-515104.87393550604	-538598.7629357222	-562564.1790315276	-587145.1683468934	-612124.9204716797	-637609.6316066601	-663686.014535244	-690215.5144986322	-717185.487568055	-744798.7179068977	-772889.7837657525	-801368.6067612437	-830478.1079382298	-859994.9969360435	-890028.0783120147	-920631.8790435022	-951707.940475974	-983217.4747235011	-1.0152529970107516e6	-1.0478817176807438e6	-1.081013153109627e6	-1.1144713853303713e6	-1.1485981892220294e6	-1.183221335424984e6	-1.2183118522954043e6
-198.68537670237708	-2153.1873283746872	-3945.940308383881	-5429.9532860135005	-6458.375646161527	-6884.701339736379	-6563.3244765963045	-5351.400675253772	-3118.02085232697	0.	0.	-4190.364324342587	-11021.34111067561	-17662.3314782808	-24661.24300873038	-32104.102569535626	-40022.88813736139	-48444.622666894	-57339.77792258276	-66739.63246605042	-76641.58363321987	-87031.80008188522	-97953.9302132975	-109368.88128890148	-121265.44328758356	-133668.35171185507	-146591.58827153593	-160027.90606469987	-173939.64306855772	-188389.56069984322	-203306.1995466879	-218719.4319252512	-234692.06499487994	-251093.7644338238	-268051.3544983673	-285491.5939345124	-303475.91198831756	-321954.8804198993	-340907.4663712009	-360374.43546566716	-380326.98853452224	-400801.29444919724	-421775.1232323943	-443259.9734323925	-465227.8014777444	-487766.91299577703	-510803.1694563353	-534255.5960514108	-558259.8682779114	-582838.9754499824	-607817.7140773113	-633301.4636563093	-659376.3701250473	-685854.7008406088	-712874.1576935316	-740381.6688126805	-768416.5729669264	-797054.243837015	-826022.2487505596	-855678.9661903669	-885685.7969059407	-916199.9836959023	-947389.7587761671	-978822.1046343351	-1.010934057024484e6	-1.0435620090850933e6	-1.0766927207203433e6	-1.1101509529418198e6	-1.1442771316005485e6	-1.17887477702741e6	-1.2139898181306145e6
-217.85233299374102	-2367.626551253784	-4373.659021227129	-6105.296305055147	-7431.942342192319	-8223.143893128175	-8348.803683998914	-7679.773321557712	-6089.867114823744	-3465.9646997637983	0.	0.	-5529.669325493917	-12626.737600888588	-19730.234177097635	-27217.22573715038	-35157.79048958927	-43573.08215791828	-52480.67174356185	-61890.846154990504	-71797.12967233639	-82199.79163747534	-93115.07194818264	-104507.18777179495	-116416.8109230439	-128850.36333119462	-141750.02394158917	-155152.7405794807	-169096.8340873406	-183519.96551001284	-198464.79491452195	-213897.15693472486	-229815.07381936352	-246252.29100058807	-263227.8875576313	-280721.82020226866	-298648.39396705874	-317110.7282704288	-336026.8267091299	-355514.44730249484	-375539.2469681593	-396010.8499189976	-416982.23285005323	-438449.4068397253	-460430.61620177084	-482967.24616906256	-505891.50330725365	-529398.5263194937	-553455.0562730349	-577898.8135572622	-603009.6697294579	-628492.3459437134	-654468.4124765065	-681031.7816081375	-708061.5103913333	-735568.1400526047	-763602.0633442582	-792169.3897639388	-821205.7970222036	-850750.7871827955	-880841.8004081658	-911381.0529631533	-942420.1818974741	-974001.8087843544	-1.0061129147140897e6	-1.038740008792145e6	-1.07183621347859e6	-1.1053281446940273e6	-1.1394536254183324e6	-1.1740507402099178e6	-1.2091652218535577e6
-236.42577863635353	-2574.891047382401	-4784.39413392347	-6747.70032501737	-8347.59063954621	-9466.89632572575	-9988.586483235229	-9795.991807915918	-8773.433420525624	-6808.380718265006	-3802.448675380769	0.	0.	-6756.212329889085	-14217.778448846379	-21789.997172343188	-29763.01537147899	-38203.80516628911	-47119.4136588927	-56528.81310552353	-66427.52193617748	-76862.3815725901	-87741.6658812587	-99153.63872462392	-111075.22946285538	-123485.24368706603	-136406.87640366858	-149835.2923206859	-163758.9373637222	-178185.73069203846	-193094.61949575014	-208580.81197426908	-224478.82398938248	-240914.9585422915	-257870.47119063986	-275364.97582152934	-293315.5186173515	-311752.3010816459	-330748.4090318897	-350162.7824512328	-370160.7321759518	-390609.75971094193	-411592.09487690474	-433095.1184727337	-455133.7241243851	-477542.6854428497	-500590.55258605356	-524095.5437195373	-548060.9372355882	-572592.4039758741	-597560.1465136653	-623182.2784686664	-649157.3139043425	-675674.012222531	-702747.5456613171	-730253.2020462365	-758286.0423021585	-786852.14856877	-815887.6315718195	-845431.7178764966	-875521.6210125812	-906060.1502788387	-937098.6148413329	-968679.3987831393	-1.0007895700795192e6	-1.0334157168018537e6	-1.0663660521353467e6	-1.100002960586956e6	-1.1341276706753469e6	-1.1687241995571589e6	-1.2038085901116563e6
-254.40562916721183	-2775.139187003832	-5179.257557111446	-7360.740980900928	-9213.563182293827	-10631.701778276332	-11509.173134688084	-11740.123396340787	-11219.062840626713	-9841.52854852831	-7506.377950065511	-4127.64602189592	0.	0.	-7919.603287551741	-15788.869921082238	-23841.290016759223	-32308.17703632159	-41247.228534812995	-50660.96260962049	-60577.98430108306	-70982.70889227273	-81899.99000650195	-93307.8552961365	-105222.91207928023	-117630.98268289807	-130544.95907584211	-143978.21457959226	-157896.09422224556	-172308.45638177477	-187234.5358390515	-202713.47229676088	-218620.5089597252	-235088.3356707291	-252059.40213423796	-269517.5739611741	-287469.6815365074	-305890.2186181691	-324872.02032618405	-344294.61652045714	-364306.1950078847	-384822.95983815426	-405802.06410057726	-427245.2104857428	-449234.4515133061	-471744.6048455882	-494673.2874678991	-518206.10274550895	-542256.0633290017	-566785.3897158484	-591751.7933057031	-617233.4675898829	-643345.1682962797	-669818.8881853909	-696831.952080666	-724436.85479343	-752468.5098404974	-780980.2982842486	-810067.7523993028	-839610.8495786798	-869630.7865070867	-900237.2756428829	-931275.0131569912	-962854.874630628	-994964.0231207168	-1.027589133114169e6	-1.060539468448777e6	-1.0941754006205648e6	-1.1282992673715537e6	-1.1628951550690983e6	-1.1979643040949833e6
-271.79337370407177	-2968.4982801920064	-5559.056386684548	-7946.959099686157	-10035.6788138291	-11728.667045821972	-12929.364763606634	-13541.238452542675	-13467.87485345201	-12613.22548013422	-10882.300988853545	-8183.59248958922	-4441.754131851349	0.	0.	-9051.458047033902	-17350.98804491666	-25889.089710066066	-34844.602221218265	-44285.881341385015	-54208.95411721895	-64626.143041835574	-75529.80390935732	-86935.73927596165	-98863.7179066455	-111276.41794495446	-124216.73991539494	-137635.827366436	-151562.2393557582	-165983.36425136612	-180899.23350403726	-196361.84115042895	-212314.93666599615	-228725.90643888427	-245657.48053558366	-263128.6314764408	-281119.3013468806	-299543.44181136467	-318504.18071615585	-338018.42653648305	-357949.91167867277	-378431.84083150927	-399404.08146147226	-420876.4562858633	-442860.3708153075	-465327.74283764407	-488366.8713490223	-511903.60548597795	-535876.7294254118	-560361.9735297653	-585442.7199923744	-610922.909384934	-636908.3019403566	-663485.565958035	-690516.2616614709	-717987.5954516502	-746149.4659591272	-774627.6424575453	-803676.2892554993	-833288.1822892393	-863307.2996011977	-893842.767846597	-924949.3768443718	-956528.2363267512	-988636.2738376193	-1.0210785439687854e6	-1.0542105930648742e6	-1.087845464794806e6	-1.1219684155069103e6	-1.1565099990817842e6	-1.1916176237561775e6
-288.5916648253726	-3155.077124518794	-5924.403315285793	-8508.228804566214	-10818.185840898292	-12765.87186676287	-14262.84751855004	-15220.647450360473	-15550.817917533052	-15165.015198888788	-13975.259715741817	-11894.660078277164	-8839.954749512184	-4744.98621357027	0.	0.	-10148.504299582808	-18902.855374851686	-27932.699681145325	-37389.458752512015	-47328.65595842462	-57750.71043960075	-68661.89661750918	-80076.47204804528	-92003.88759651216	-104410.33284559949	-117339.09619813832	-130761.94353362946	-144675.59388153354	-159118.48202949157	-174038.08047412886	-189474.52243450593	-205444.51552085698	-221853.43791648254	-238833.84039525373	-256282.97008070318	-274184.961657334	-292718.94623261923	-311652.7953245637	-331146.78017751855	-351059.61174650706	-371556.80962884094	-392505.43553051294	-413987.96967995464	-436018.68861911824	-458531.73036293226	-481567.3433443488	-504991.3418641344	-528998.3012176547	-553555.1565231456	-578499.5391701877	-604111.5132259026	-630095.3851813136	-656580.4437374378	-683638.0233146978	-711169.6784407189	-739178.2866226976	-767714.4569803086	-796853.5757940217	-826323.2769835728	-856481.9486546938	-886990.7844665195	-918121.7059033886	-949699.4838714309	-981633.943880081	-1.0142485923627933e6	-1.0473794259835806e6	-1.081013153109627e6	-1.1149737611894994e6	-1.1496030863432921e6	-1.184768525153974e6
-304.80404942418403	-3334.9733601479397	-6275.7830072739835	-9045.980069979942	-11564.280906953278	-13749.35891651003	-15519.835961229612	-16794.28063763766	-17491.219846433007	-17529.177978651438	-16826.77890451411	-15303.00912957754	-12877.969639993025	-9475.531039484955	-5037.566465155332	0.	0.	-11239.341247207827	-20448.89006609356	-29972.71156291995	-39932.13470279385	-50363.099272774816	-61286.788556408595	-72699.78351550951	-84622.09232314987	-97049.46537231044	-109951.14298859314	-123387.78156261402	-137342.36235587278	-151758.43546901218	-166671.68079755513	-182140.12177871034	-198069.84159538223	-214490.48953505317	-231452.97727250337	-248912.07165290453	-266860.01852567185	-285292.8533624686	-304278.9286480474	-323776.83681133506	-343696.88414131483	-364206.49456239847	-385222.0494846775	-406700.51715229254	-428643.3923857336	-451132.90345638624	-474143.81061022717	-497690.0323794837	-521694.19310780976	-546159.3406111693	-571190.7108787375	-596658.8503262928	-622781.5186591975	-649257.5233113706	-676286.6952337031	-703850.4440015533	-731857.7116331151	-760392.3902622869	-789460.6065136176	-818998.2566466142	-849044.6706128841	-879637.2314884352	-910678.292231277	-942219.3680463029	-974303.077274983	-1.0069164384324994e6	-1.0400459672048321e6	-1.073644709711894e6	-1.1076390736461089e6	-1.1422673373579711e6	-1.1773672655219538e6
-320.43478816180425	-3508.2779719418713	-6613.593651055311	-9561.338690237	-12276.436519772611	-14683.762698420895	-16708.132655725745	-18274.29331905187	-19306.921843737073	-19730.638036684177	-19470.045158827532	-18449.835331895876	-16595.061196918505	-13831.913837901442	-10090.485011476296	-5319.727081687746	0.	0.	-12310.327805120247	-21992.77093557233	-32000.21170154348	-42462.76397920186	-53389.43979181188	-64826.24455736958	-76737.02682589216	-89170.63013596146	-102094.16089347436	-115514.94446269672	-129436.04346295432	-143875.9425834828	-158805.13919875148	-174234.95528523414	-190164.9526286842	-206630.3381022322	-223588.03800476476	-241014.05940638395	-258997.46757519976	-277451.0683547362	-296397.80927030963	-315916.3404594814	-335827.6411364946	-356311.7866476604	-377334.6500558787	-398805.2758952419	-420776.604402911	-443259.9734323925	-466249.9724625388	-489766.7741731812	-513804.3586279461	-538298.5410907618	-563264.8807820501	-588847.6167013168	-614829.4454167042	-641441.189562421	-668396.5560993934	-695929.7105922581	-724035.7273966629	-752568.8121243237	-781582.2092833878	-811171.5225872262	-841216.6063505291	-871738.6154756258	-902847.5297900734	-934387.6278503808	-966470.096518423	-999082.0821778249	-1.0322102167285567e6	-1.0656628437593915e6	-1.0998020102432903e6	-1.1344291398117456e6	-1.169528205693432e6
-335.4887312518413	-3675.078143523489	-6938.173872202109	-10055.217274950352	-12956.614582096397	-15572.721156921676	-17833.82705742433	-19670.145014721875	-21011.802391221718	-21788.84047604529	-21931.227812265177	-21368.90259781739	-20031.881358455037	-17850.538613941855	-14756.409305016416	-10685.052195350017	-5591.706256643769	0.	-1913.1119220424082	-13366.963963681848	-23533.598621534646	-34039.07071765134	-44994.98274580778	-56435.22346446004	-68358.23847187714	-80798.34474331868	-93714.7347525356	-107152.27166241784	-121070.64053694416	-135523.9554400365	-150423.647887006	-165885.03331613948	-181811.69810246068	-198267.3182549689	-215182.71090180028	-232641.43540031262	-250597.92516561193	-269044.134475236	-288066.0900824752	-307513.9845843242	-327460.6359058099	-347970.5330622551	-368964.09435898525	-390410.2148878058	-412390.7198113153	-434919.9034867141	-457932.08220324735	-481467.35028543626	-505391.413616637	-529952.7383263232	-554956.5600246553	-580461.5971989536	-606515.5353998361	-633000.8937992898	-660077.9401453411	-687609.0390872855	-715581.27180083	-744196.9420317897	-773223.2425457449	-802773.2830621031	-832886.7430962436	-863407.6724092308	-894445.0872467818	-926053.8530259645	-958135.001610304	-990745.5235986821	-1.0236899960533519e6	-1.0573248015871402e6	-1.091462570980979e6	-1.1260884937045567e6	-1.1611866420294673e6
-349.9712305396052	-3835.459124215547	-7249.820672602764	-10528.376133117858	-13606.409590501298	-16419.15238847646	-18901.76746028426	-20989.335136919395	-22616.84139606842	-23719.170281505445	-24231.103813779377	-24087.336246601793	-23222.51803650037	-21571.367635429233	-19068.95870999481	-15651.54562718511	-11259.522524735381	-5853.7467406657515	0.	-2932.3985616072277	-14427.38325968195	-25071.073537031698	-36067.384987279394	-47532.55114499523	-59464.18503104478	-71892.22428881144	-84828.7299773803	-98243.7326152081	-112200.33662889803	-126608.72823953982	-141554.23763617297	-157012.3515873823	-172955.26901216086	-189375.88954958497	-206333.8824569895	-223785.99044583188	-241707.7654548994	-260201.44328387058	-279139.8099282357	-298648.39396705874	-318603.7130336924	-339114.26923257875	-360075.3701806316	-381523.92392567365	-403495.9194963822	-426046.7688570461	-449034.6144666507	-472544.34010050824	-496589.83505963156	-521065.0079815387	-546059.2565783011	-571591.1946207837	-597560.1465136653	-624184.1779923191	-651161.5020448616	-678703.6594120011	-706758.0850802469	-735267.2945050872	-764304.1793309187	-793874.9199585348	-823915.051119438	-854464.0997171996	-885585.4132474338	-917103.5332082701	-949297.7925505182	-981734.3667102851	-1.0148512351515692e6	-1.0484844677173377e6	-1.082620755859103e6	-1.117245399036339e6	-1.1522158188585548e6
-363.88807529477236	-3989.5054639741847	-7548.801681443892	-10981.465022755521	-14227.14697239717	-17225.445144230325	-19915.886843943805	-22237.913618691266	-24130.86736619898	-25533.978972974146	-26386.36123152118	-26627.009409110484	-26194.81644585845	-25028.618459022833	-23067.309517021687	-20250.13599354181	-16517.543782637695	-11814.227907515842	-6106.09472327007	0.	-3748.7250780214854	-15477.49201887885	-26593.675549170104	-38102.82564239326	-50064.76603195013	-62502.6167884089	-75434.43887735564	-88867.60454727066	-102801.32499061215	-117241.80070313918	-132167.22827829391	-147621.49991981924	-163562.34889754746	-180012.47622595323	-196954.18229485114	-214391.60076834846	-232344.32086843136	-250796.2608729092	-269815.4923249775	-289258.90717411233	-309246.8287365871	-329757.84800414	-350661.0209486227	-372155.12853714405	-394152.20526059193	-416682.67720108735	-439663.5498781817	-463129.03291969653	-487166.9546425111	-511703.52620786557	-536697.357917574	-562163.7780312207	-588246.752576237	-614729.2778261515	-641842.0271906094	-669317.7523835805	-697333.1973519967	-725941.082531281	-754976.0669361053	-784544.6665405581	-814583.1758952573	-845130.6384817912	-876224.2862157876	-907766.8549134576	-939809.6018322256	-972395.0435009904	-1.0055102719252799e6	-1.039141842149896e6	-1.0732428216600502e6	-1.1077395488179377e6	-1.1428702756307463e6
-377.2454437107615	-4137.30184672215	-7835.3636939869775	-11415.05239664955	-14819.952190447288	-17993.592783328728	-20879.432456911163	-23420.84186249032	-25561.0888564572	-27243.32504938343	-28410.574743406043	-29005.72853307643	-28971.54448753632	-28250.66431025959	-26785.660342397154	-24519.153188422453	-21394.112819140726	-17354.726287480084	-12349.533079663033	-6348.998908885128	0.	-4471.370416729136	-16520.00445877066	-28134.514785999076	-40127.851659791995	-52591.90599886954	-65525.57510981778	-78964.1749404623	-92922.28859991545	-107346.2111151622	-122272.76670846232	-137733.64903657406	-153680.71023852663	-170100.0906237467	-187037.34385826314	-204491.65404570175	-222451.21373075809	-240914.9585422915	-259890.55967070104	-279338.48540741287	-299344.5422904251	-319798.10084397084	-340807.8443079584	-362268.5156039306	-384324.0977799739	-406800.3452691448	-429757.1563953973	-453231.19244580145	-477242.78472235287	-501790.76784381305	-526797.0631574113	-552353.9535217901	-578299.2972992139	-604912.8539505664	-631898.8043235322	-659476.5944136613	-687508.7900330003	-715982.3257426406	-745099.6058444496	-774627.6424575453	-804679.6294703716	-835295.3782541906	-866318.4838421482	-897928.2046664702	-929969.7231242558	-962553.6061399739	-995667.1063743775	-1.0292969248847188e6	-1.063251843613238e6	-1.0978929819784549e6	-1.1330222838418807e6
-390.04986494551997	-4278.933651864795	-8109.73872465665	-11829.646270769215	-15385.800122986637	-18725.289245870496	-21795.130568377383	-24542.25233153388	-26913.47818819993	-28855.512396044433	-30314.926794839645	-31238.150207646522	-31571.46263411772	-31260.997127916344	-30252.75690691064	-28492.663819555688	-25926.678700055687	-22501.108862150846	-18163.49517470113	-12865.82865719187	-6582.709715632666	0.	-5145.827924848655	-17552.267248533593	-29663.00359356701	-42154.2158332996	-55117.69223824903	-68567.06069677288	-82498.83499879135	-96952.8994541376	-111878.05627813618	-127341.80639562423	-143272.3156237295	-159707.80698525134	-176669.32347293818	-194142.59293023936	-212117.15913228234	-230561.63367614546	-249507.07877517637	-268944.8564775645	-288960.7029012402	-309445.8287782574	-330449.63067264884	-351926.42024806933	-373850.3654437517	-396410.0536299407	-419378.67804148386	-442860.3708153075	-466909.3149314101	-491366.6631149408	-516405.38924298325	-541955.8112303473	-567986.8409421607	-594455.6818681636	-621553.1098662905	-649057.1044973138	-677099.871767506	-705655.1867400716	-734665.6034100476	-764203.8770471105	-794276.2211807871	-824818.1358184966	-855980.0846144904	-887492.7027590454	-919627.8097874632	-952210.054627105	-985312.5867965631	-1.0187684132785564e6	-1.0529046346522947e6	-1.0875440392792886e6	-1.12267184349188e6
-402.30818832578507	-4414.4873296644655	-8372.14835759042	-12225.709353592489	-15925.550995678934	-19421.998970859786	-22665.30666429926	-25605.63824937123	-28193.052343626347	-30377.48646566108	-32108.742650403376	-33336.474801534	-34010.17877500724	-34079.187004768566	-33492.67118316645	-32199.660300865205	-30149.090540088306	-27289.92824377092	-23571.483465941365	-18944.31534271612	-13363.525699740489	-6807.478556744421	0.	-5783.014290442566	-18594.2162479149	-31183.577142377657	-44177.83897309463	-57636.60721159423	-71594.52658245918	-86035.77057784869	-100977.05812324601	-116416.8109230439	-132362.59633851005	-148797.76094813668	-165786.70238089858	-183224.28471062405	-201183.0474409402	-219676.4713621856	-238635.6386668541	-258068.9088293123	-278047.0947925432	-298548.9442065679	-319499.5038914287	-341007.0884344417	-363010.08921645535	-385521.3667195577	-408497.423255483	-431987.4914105025	-456033.19636407954	-480511.22732222115	-505491.43155476137	-531053.469372354	-557058.6652767763	-583640.1276168964	-610622.4066132408	-638110.5813682976	-666191.6217502796	-694726.7219410226	-723835.1636982784	-753371.2303949277	-783387.9422807752	-813981.1194291447	-845030.2786835559	-876625.8091890462	-908670.4044258924	-941215.2987904431	-974303.077274983	-1.0079208430805054e6	-1.0420551339935617e6	-1.0766927207203433e6	-1.111658080519232e6
-414.02755747412493	-4544.050645960644	-8622.806906630844	-12603.67016617755	-16439.976892472514	-20085.0085939072	-23491.974448858855	-26613.99426139905	-29404.081864267806	-31815.12913189928	-33799.89083736371	-35310.970711164766	-36300.8092836642	-36721.67451314627	-36525.6570289588	-35664.673543363664	-34090.485832661754	-31754.752020888343	-28609.152052920064	-24605.706987789217	-19697.70166751853	-13843.051341303402	-7023.557182195084	0.	-6396.389506164586	-19628.393504156953	-32714.979843452784	-46204.43251107552	-60177.47571770533	-74627.9318212883	-89570.94775509396	-105029.13272516744	-120973.23916157022	-137440.1840260854	-154367.65773146576	-171816.42979874226	-189770.42108921116	-208243.8934799583	-227208.06748516098	-246648.8313105027	-266661.4625301741	-287154.46595044143	-308110.9044562912	-329658.2535967988	-351557.85024382785	-374049.8050797988	-397108.66012405	-420576.90063700353	-444592.31219038676	-469145.4652668159	-494066.4757038341	-519606.6576918101	-545658.920446824	-572191.9202338421	-599162.4508467093	-626789.1167536874	-654769.0406975523	-683337.3031177943	-712372.8402662391	-741914.8426038886	-772095.6976570701	-802572.6150191246	-833689.6214822333	-865214.3829538106	-897255.9111142661	-929869.3161986602	-962955.2974608457	-996571.0705576506	-1.0307033416369228e6	-1.0651605520622788e6	-1.1003043861024543e6
-425.21538787862596	-4667.712833002119	-8861.923728359543	-12963.931309973803	-16929.781568876206	-20715.46568046335	-24276.90263211034	-27569.922126722136	-30550.247855566653	-33173.48125922172	-35395.08593785383	-37170.372943947485	-38454.487315993676	-39202.39643784902	-39368.88123333597	-38908.53204268588	-37775.752772980195	-35924.78081294736	-33309.73967028876	-29884.76684321228	-25604.3385606297	-20424.208809781587	-14304.845194319456	-7231.19706817874	0.	-6993.192638658864	-20652.537714855967	-34238.06842518422	-48241.272086401936	-62691.15958114461	-77661.1358928368	-93115.07194818264	-109038.81081208804	-125512.73145476019	-142472.9714251827	-159929.66962397096	-177871.4012543107	-196361.84115042895	-215281.59966845202	-234791.13266384986	-254737.71120833317	-275265.63808181835	-296198.95180890296	-317707.92217579	-339712.0016121803	-362168.8271756136	-385222.0494846775	-408697.0794891512	-432686.66067049216	-457232.49268358323	-482267.2947567203	-507691.82619336713	-533755.2637578379	-560261.8732796808	-587345.4563885952	-614829.4454167042	-642944.3306681066	-671464.2101248467	-700534.0009275244	-730052.6383478736	-760091.4834108441	-790664.5101804392	-821707.5107439203	-853259.7821384902	-885384.6459304203	-918021.298977783	-951105.4034946143	-984709.94960504	-1.018667972813763e6	-1.0533064680100125e6	-1.0884483158258393e6
-435.8793468377901	-4785.56467223123	-9089.70492183479	-13306.875673204067	-17395.61542481188	-21314.408087638833	-25021.665651806656	-28475.71109449819	-31634.761604269494	-34456.912213022355	-36900.11995273171	-38922.18869685191	-40480.7549189041	-41533.27472730527	-42037.01276388057	-41949.0339826617	-41226.200171594464	-39825.17484536174	-37702.444083875234	-34814.37048581167	-31117.323336722846	-26568.008515239075	-21124.422991929823	-14749.356329234437	-7430.648847770755	0.	-7580.062292122743	-21680.99749624557	-35765.458352061636	-50250.18866298501	-65223.73102704288	-80673.2441880493	-96636.13373302887	-113114.81205545299	-130056.76078010279	-147523.47816732945	-165491.70957509006	-183914.2065757166	-202911.0480467679	-222348.2030420497	-242390.44193482623	-262830.8632328474	-283802.29907177563	-305293.36114519753	-327261.51163049974	-349764.191653293	-372753.4474454008	-396310.25270220655	-420277.3449881358	-444831.905233549	-469845.2336149896	-495334.8678289427	-521394.02428132476	-547860.7691698668	-574895.1854924469	-602508.8317765164	-630496.144990703	-659075.6972592035	-688110.2843587092	-717586.541509854	-747754.3025004877	-778271.6987880592	-809294.9944586195	-840915.5269558096	-872943.0891719138	-905558.1783274752	-938604.7187251697	-972194.1978405686	-1.0063137956436926e6	-1.0409500922597632e6	-1.0760898696892725e6
-446.027335160092	-4897.698526156206	-9306.354578399627	-13632.87112524838	-17838.086928241406	-21882.786453776185	-25727.682609657473	-29333.399697055014	-32660.45664225652	-35669.25058121038	-38320.04088636421	-40572.93375134913	-42387.86749224167	-43724.598797304236	-44542.690284730284	-44801.49991294312	-44460.17358422561	-43477.64186623492	-41812.626081661205	-39423.65983117935	-36269.144270408	-32307.480475747638	-27497.404248866907	-21798.95524481199	-15177.040693928628	-7622.161779354796	0.	-8152.731389189221	-22712.348365508384	-37286.64334488287	-52274.12925838426	-67757.32241943912	-83709.66668427314	-100162.43631883609	-117144.50520810025	-134594.25230243907	-152543.21992128828	-171029.18726522085	-189967.68685896674	-209470.48994772686	-229419.01295381103	-249903.75018993928	-270907.859658665	-292340.35132569796	-314339.45076502033	-336823.5689996016	-359859.91712929675	-383319.3270120778	-407399.3139702378	-431887.6100876435	-456932.66860371677	-482467.2808745353	-508391.9517601442	-534976.097565885	-561963.577531065	-589548.6248472282	-617533.9703615188	-646151.0316933797	-675172.84530616	-704752.8153708202	-734765.8852592212	-765307.2021689925	-796452.2397080335	-827928.7608929578	-860095.3697440802	-892638.1290462173	-925752.6322491677	-959340.0755729558	-993457.4161485756	-1.0280914248113914e6	-1.0630509269343903e6
-455.6674700830333	-5004.2083325342355	-9512.075696133488	-13942.2740876856	-18257.771401682556	-22421.481581823464	-26396.247448578586	-30144.823725550013	-33629.86031765588	-36813.88590400673	-39659.29191656141	-42128.3169924409	-44183.032013980854	-45785.32589408534	-46896.89233814997	-47479.21794243413	-47493.572172477005	-46901.00059071387	-45662.32220462023	-43738.13632903542	-41088.84498989992	-37674.709443436346	-33455.9846433389	-28393.25868731845	-22448.435773063662	-15588.358878527553	-7805.983251107973	0.	-8715.97181092765	-23741.08286935447	-38806.009195982384	-54302.255819211656	-70292.07541276385	-86743.61766382697	-103703.48959127582	-121168.04191228194	-139146.9341351724	-157601.51334410752	-176570.84600611098	-196017.88270505698	-216034.37129850057	-236475.28303556543	-257473.59591324878	-278941.1344490464	-300962.5112881492	-323478.15039815346	-346475.8175693339	-369961.2925398039	-393952.63491290243	-418480.0110947588	-443459.7747409305	-469045.4983599314	-495034.8471773214	-521594.1368323152	-548561.3573998845	-576096.6367184106	-604211.6808164865	-632700.3239422682	-661781.7530517216	-691318.2540956987	-721428.3993176084	-751966.9984213641	-782986.6682813596	-814583.1758952573	-846636.0354553083	-879235.7085151885	-912284.6024755592	-945834.0173673322	-979926.7557665992	-1.0145499137571814e6	-1.049689967790519e6
-464.8080691077373	-5105.1895696903275	-9707.07084261966	-14235.432259529425	-18655.217826124397	-22931.317982803397	-27028.552541903256	-30911.65380934547	-34545.249938477806	-37893.84857036512	-40921.820819909335	-43593.38567777244	-45872.594914305395	-47723.31859811643	-49109.23138566536	-49993.79981246895	-50340.27094603665	-50111.66299471365	-49270.758907074975	-47780.104866244146	-45602.01740201891	-42698.606917500925	-39031.83535881371	-34563.65268933767	-29256.34073224515	-23073.509189344604	-15983.774158683405	-7982.358320837309	0.	-9272.790791291545	-24762.374188160495	-40331.86442655238	-56320.44641575049	-72800.615689723	-89774.0359856345	-107249.24138881586	-125191.74782257182	-143675.73790142217	-162623.87343599196	-182140.12177871034	-202071.92355951833	-222550.16856085812	-243575.64390680016	-265073.0145656881	-287055.0704144003	-309545.32879908924	-332541.07918698975	-356012.78439323435	-380027.7546867073	-404583.322232099	-429557.40906263835	-455133.7241243851	-481167.3711086949	-507591.808255254	-534675.886946035	-562163.7780312207	-590249.6329931236	-618735.9814480364	-647854.5916129525	-677400.581950853	-707459.9294785281	-737974.9044326906	-769018.3866697359	-800666.2686108042	-832786.3832979943	-865314.7557618419	-898430.1766178685	-931977.8616361507	-966068.4051975618	-1.0006891296147144e6	-1.0358267169484218e6
-473.4576345177552	-5200.739199930718	-9891.542625659964	-14512.686700546703	-19030.954136350098	-23413.07449954848	-27625.70727259212	-31635.425087188683	-35408.697175972644	-38911.87308828156	-42111.1667228577	-44972.64073508054	-47462.19138707344	-49545.5339253102	-51188.18859691067	-52355.467459818276	-53012.462216711785	-53124.033432902565	-52654.80173417723	-51569.14202431103	-49831.18263862592	-47404.81318394252	-44253.70892641005	-40341.389619536334	-35631.35789294272	-30087.447253896386	-23674.830437023753	-16363.750769162221	-8151.529290769723	0.	-9822.006775193282	-25786.58565173595	-41851.65429317399	-58360.77911755556	-75334.23559374262	-92786.40677479142	-110776.97764249609	-129240.81675248727	-148209.6304343363	-167719.66990417667	-187699.1305044427	-208112.61632744773	-229121.9673045896	-250597.92516561193	-272596.06371902913	-295105.23577098385	-318106.0514459894	-341604.8208138513	-365602.30079908174	-390110.8976530933	-415184.8989561333	-440662.556421119	-466649.75741540705	-493166.5381742482	-520206.89552591066	-547760.6851370055	-575796.2739119246	-604412.0159976537	-633401.6536086485	-662984.4445150085	-693022.4880183897	-723634.5999998931	-754675.1600846375	-786250.1967353304	-818295.857436187	-850851.1469810245	-883979.274711313	-917543.8598650242	-951707.940475974	-986326.1431468963	-1.0212794248983689e6
-481.624838426039	-5290.9555961450005	-10065.694016808126	-14774.373420758388	-19385.49135936326	-23867.492688270802	-28188.752763590863	-32317.560801729644	-36222.10344369736	-39870.448568909924	-43230.52940218146	-46270.12896533735	-48956.864929298645	-51258.174933366594	-53141.30245476372	-54573.28333817538	-55520.933139275105	-55950.835511311474	-55829.33199504006	-55122.513809542026	-53796.21668831611	-51816.02068814768	-49147.25874669764	-45755.041910828695	-41604.31928129925	-36660.018225085805	-30887.396307179297	-24253.061269176826	-16728.752372363066	-8313.73531707519	0.	-10370.360993174447	-26799.85399267468	-43375.914861193705	-60370.14276447599	-77852.18247297357	-95835.01043699028	-114326.85500151869	-133277.51073021427	-152739.41603417377	-172758.39420073087	-193193.28779841942	-214193.82323491914	-235682.741684351	-257672.03355195202	-280133.18732400046	-303173.88244757673	-326664.138804524	-350661.0209486227	-375240.01312016667	-400202.48888305435	-425747.1584498526	-451732.4145962516	-478242.45379065414	-505291.39567851205	-532854.6656293792	-560862.4747801818	-589448.4808263847	-618435.4786764109	-648055.0104270153	-678102.2390453219	-708663.0913041317	-739679.6958685266	-771313.4780408125	-803375.287191035	-835997.8968419125	-869028.5496589242	-902646.7410095227	-936696.9871389735	-971290.3923686667	-1.0064142361084939e6
-489.318508244188	-5375.938455512749	-10229.728561005631	-15020.824587802073	-19719.32685493887	-24295.283460844654	-28718.6736242241	-32959.39118080675	-36987.228275159956	-40771.859286674364	-44282.82503345428	-47489.517295794736	-50361.16370930929	-52866.81308181399	-54975.32119909329	-56655.33720104258	-57875.29063649052	-58603.37934946608	-58807.55842517875	-58455.530555945	-57514.7384259964	-55952.36016382628	-53735.309799883275	-50830.246529363234	-47203.60075857724	-42821.635123958884	-37650.58643838987	-31657.021332018456	-24808.867185610707	-17079.240695430824	-8469.212053831143	0.	-10912.915114096335	-27826.42417178617	-44896.09186780773	-62391.047217302585	-80386.15329747663	-98863.7179066455	-117825.57367254082	-137342.36235587278	-157306.93246582005	-177772.9125206362	-198761.00990378868	-220270.18951365142	-242249.49598862804	-264716.7287750571	-287767.88580950384	-311236.8291528897	-335230.0844185464	-359760.23315418535	-384822.95983815426	-410294.3293583569	-436318.3572915752	-462829.2088399514	-489866.7672320454	-517405.78563329467	-545458.7523810831	-573994.0970729407	-603109.8373200453	-632600.1339899271	-662683.7716491899	-693222.9861269377	-724336.5729442384	-755878.7874905001	-787955.726930063	-820503.3978117952	-853560.8615331689	-887191.5517835302	-921334.7275227243	-955925.6993454136	-991046.8449931174
-496.547612503211	-5455.788703355201	-10383.850497555868	-15252.369435911258	-20032.94685505762	-24697.132368696293	-29216.407361461752	-33562.168632014116	-37705.712222279995	-41618.21747054157	-45270.73132578577	-48634.15296577572	-51679.21875851255	-54376.48761580295	-56696.32679130262	-58608.89818657258	-60084.1452450965	-61091.78054113219	-61601.274214943565	-61581.84348185041	-61002.443575205645	-59831.76072345977	-58038.208213872414	-55589.92749018068	-52454.79810620312	-48600.46456614327	-43994.39837481551	-38604.0416300629	-32397.166158275344	-25342.91475396406	-17415.674315724507	-8618.191331004376	0.	-11450.919623578991	-28844.771270846606	-46413.31115993773	-64419.24070308876	-82912.39569877958	-101884.21201478214	-121362.84466284922	-141358.4513306656	-161837.7797622995	-182830.04364462354	-204294.07829594327	-226305.0356432622	-248812.9037991776	-271801.6147495645	-295304.0932324468	-319300.4392563905	-343796.50620450935	-368864.3745408961	-394414.0350750533	-420377.1968710926	-446936.32547659037	-473943.8767965211	-501490.7140293803	-529498.5825949522	-558059.6677777261	-587145.1683468934	-616632.4620466037	-646752.28813559	-677300.3452230709	-708362.3008477333	-739880.2595668571	-772095.6976570701	-804579.2954488848	-837704.013412071	-871236.7514355015	-905357.3895469293	-939910.0087578133	-975006.0370864475
-503.32124698041173	-5530.608389528114	-10528.264811754842	-15469.334940381035	-20326.82845127304	-25073.703815247856	-29682.85195216712	-34127.075912196335	-38379.09543230786	-42411.489964695356	-46196.724277936155	-49707.112601991146	-52914.80779702397	-55791.7867707706	-58309.83630797788	-60440.5393625616	-62155.26187445512	-63425.14018957177	-64221.06918834438	-64513.69127318016	-64273.38644142368	-63470.263803722075	-62074.15514922018	-60054.61161318788	-57380.905403900535	-54022.04043054578	-49946.77991234019	-45123.70941625115	-39521.38200876953	-33108.68067860608	-25855.869258063896	-17738.507578870696	-8760.900865852203	0.	-11986.583600218617	-29866.7444129793	-47929.03939006843	-66427.52193617748	-85428.56584780202	-104932.2430480286	-124899.24545076641	-145380.417714574	-166376.68799213044	-187896.39627460635	-209865.90238018867	-232344.32086843136	-255332.89100217825	-278841.79670944705	-302871.8600470342	-327361.07376815577	-352424.75733907864	-377933.1177516957	-403929.3669345104	-430489.2715675308	-457532.3167634434	-485067.10040591576	-513104.0811546102	-541655.5591316889	-570690.1062011719	-600156.4964576104	-630295.7650860088	-660879.7344542344	-691919.7484213611	-723534.3181507002	-755577.8806390365	-788156.3775412054	-821205.7970222036	-854765.1791118744	-888923.8260782942	-923543.6798859666	-958637.1157614102
-509.64862110464276	-5600.500579271026	-10663.177232126807	-15672.046306661872	-20601.441144556033	-25425.6444186453	-30118.871953677466	-34655.25668495298	-39008.832788464955	-43153.520016254304	-47063.108270945835	-50711.242454183375	-54071.40762299148	-57116.914494026365	-59820.8853313703	-62156.240263953056	-64095.684081556436	-65611.69356983586	-66676.5054612318	-67262.10510621697	-67340.21601308358	-66882.29048332278	-65859.50170126956	-64242.73788059727	-62002.59952693479	-59109.40178077684	-55533.18570193897	-51243.74662079852	-46210.69811963817	-40403.6186584762	-33792.4170836607	-26348.392629401555	-18048.189636706473	-8897.564006960438	0.	-12522.467105992802	-30880.879795857774	-49448.454059330266	-68469.05854122603	-87970.05164198478	-107928.02947216196	-128415.17942096388	-149443.05527608743	-170930.7819484723	-192897.28289038435	-215380.48843509716	-238437.43693843504	-261901.74172296925	-285889.0750785658	-310440.8289864751	-335429.2699912028	-360972.56603570015	-387017.9528938025	-413488.8290960308	-440562.6557668288	-468145.7961979414	-496189.7633069417	-524695.8813724272	-553755.357023366	-583339.6955543061	-613326.9315583833	-643946.4247385319	-674972.3785396103	-706557.5581093075	-738576.595527697	-771213.1642547221	-804278.2933844242	-837904.7330085582	-871939.3610916748	-906562.1222301999	-941616.9264927881
-515.5390446254326	-5665.569240064588	-10788.794184948872	-15860.827312246085	-20857.248046375404	-25753.585695875867	-30525.303446617334	-35147.78248786069	-39596.30630340806	-43846.0451600585	-47872.04082564321	-51649.19154912859	-55152.23733601961	-58355.7455514109	-61234.096889426306	-63761.47174271871	-65911.83701676648	-67658.93343674266	-68976.26340464946	-69837.0794839134	-70214.37361284376	-70080.86719549556	-69409.00229474042	-68170.93428696576	-66338.52658136064	-63883.34846605963	-60776.67805269818	-56989.51419805216	-52492.605569862135	-47256.515527602474	-41251.7701385689	-34449.22657718351	-26821.14162671085	-18345.163594634054	-9028.399509958082	0.	-13050.71455712594	-31902.015291145137	-50970.314997605106	-70482.05212370466	-90474.88025740765	-110978.13636550454	-131971.86021796608	-153484.43952609785	-175460.39189824866	-197941.41753487024	-220962.86069008175	-244467.85960509354	-268448.4664891557	-293017.2324249972	-318006.5191284427	-343497.6400149211	-369562.41326749226	-396110.650846735	-423079.2356457003	-450633.3108398117	-478642.32141795754	-507191.7365027967	-536297.0621242598	-565884.3012960794	-595857.6981597181	-626488.5468966159	-657531.1580079373	-689112.7749015408	-721227.8356192146	-753772.4395302257	-786852.14856877	-820403.0550674506	-854464.0997171996	-889124.5992116987	-924246.5283651714
-521.0019145401684	-5725.91912576858	-10905.322715287302	-16036.000531250374	-21094.706800380067	-26058.14620191817	-30902.9580385621	-35605.70053549307	-40142.83529848357	-44490.7119619618	-48625.55305784356	-52523.43913596471	-56160.294167129774	-59511.87126041875	-62553.73872616545	-65261.26652028198	-67609.61310422185	-69573.71276217597	-71128.26342200022	-72247.71503721923	-72906.25860417954	-73077.8159157878	-72736.03019869342	-71854.25785798184	-70405.56168849311	-68362.70615640403	-65698.15581597632	-62384.07883975924	-58392.35955689788	-53694.62820520878	-48262.32666711042	-42066.857793712246	-35079.95650557494	-27274.766235385912	-18629.865759497698	-9153.621343788087	0.	-13586.763895733851	-32914.42447911407	-52480.671743561856	-72509.4717659166	-93018.68027408833	-113989.4054935237	-135523.9554400365	-157503.31971802833	-180012.47622595323	-203009.83592175963	-226503.0271388612	-250498.757311957	-275066.96260238654	-300040.6906136705	-325568.95529005677	-351557.85024382785	-378132.60698362486	-405182.260134706	-432686.66067049216	-460730.4402815647	-489266.8088788516	-518306.1423845336	-547860.7691698668	-577898.8135572622	-608518.8872113155	-639513.2407008485	-671163.5099749973	-703248.8630887001	-735768.7037509489	-768817.7821021331	-802472.2809976353	-836600.055631384	-871136.3786274763	-906260.9390593836
-526.0467022803537	-5781.655659097127	-11012.970381891886	-16197.887465321717	-21314.27027933076	-26339.933229071117	-31252.626108394605	-36030.01857688977	-40649.68479028509	-45089.08821387598	-49325.56664848396	-53336.31749821588	-57098.383310275574	-60588.63761419465	-63783.7710937919	-66660.27811859976	-69194.44367210072	-71362.33070641637	-73139.76796585304	-74502.33832341369	-75425.36768636414	-75883.91454357671	-75852.76025483414	-75306.400227865	-74219.03620636034	-72564.57002775345	-70316.59945497109	-67448.41714941122	-63933.01476954638	-59743.09610439826	-54851.10748293007	-49229.304320966025	-42849.901672654174	-35685.447849243224	-27709.908263484853	-18902.724980244686	-9273.438526275015	0.	-14106.12228898605	-33934.48030769118	-54010.53323237422	-74532.62245436524	-95528.96062864945	-117047.20971302144	-139049.08167654366	-161542.99463441237	-184518.28639768553	-208013.79777915135	-232047.2063365028	-256580.62653889222	-281616.1527775787	-307116.03800296725	-333138.63590522594	-359660.54917907255	-386718.6356589743	-414187.62591351755	-442260.9668896568	-470844.9026837545	-499890.42701899173	-529398.5263194937	-559461.0712789914	-590049.3449514408	-621152.3669035895	-652664.6431501872	-684740.6640366614	-717285.7510535051	-750462.4641639404	-783989.8532798942	-818095.1719474924	-852657.6233491296	-887819.5738445622
-530.6829411620231	-5832.884813316647	-11111.945131851862	-16346.808599683736	-21516.38710066254	-26599.54414980437	-31575.079433791074	-36421.713470631046	-41118.07241719938	-45642.673053026534	-49973.90796961053	-54090.030990958025	-57969.14285668998	-61589.1771931408	-64927.88680161805	-67962.8302925335	-70671.35909286013	-73030.60486219403	-75017.46734536273	-76608.60270285736	-77780.4123616881	-78509.03244141361	-78770.32382677418	-78539.86298591498	-77792.93367892396	-76504.5197791396	-74649.29956565611	-72201.64209170072	-69135.60669822563	-65424.947662624094	-61043.127905079775	-55963.35002592122	-50158.6236196044	-43601.91697464169	-36266.53303269297	-28127.20011481699	-19164.162074475676	-9388.054987616242	0.	-14633.36031614315	-34950.680608696224	-55525.86392848148	-76546.14044040912	-98050.5310140016	-120061.48384065213	-142570.89048520103	-165590.04051037392	-189079.99089476423	-213106.04680057766	-237580.180162844	-262632.3510704337	-288165.4915067934	-314140.4392509663	-340708.22224471427	-367767.4565418281	-395312.2434248059	-423278.94226166257	-451832.33311956	-480967.3849908642	-510503.05053914955	-540500.1679537165	-571090.5899432251	-602208.3290047477	-633702.2234656645	-665790.7245958833	-698335.6878946434	-731456.5842363996	-765006.2953175718	-799161.2582884127	-833789.9812804814	-868827.8040428695
-534.9202141088276	-5879.712993916394	-11202.455159796315	-16483.083399422714	-21701.501995364186	-26837.567469656733	-31871.073315431524	-36781.73484328308	-41549.17417104301	-46152.90538186977	-50572.319881329895	-54786.671977829814	-58775.0647142534	-62516.435977258894	-65989.54491082419	-69172.9586607604	-72045.03947770126	-74583.93220447205	-76767.55218205552	-78573.57360028714	-79979.41833349175	-80962.24530221269	-81498.9404145107	-81566.10715703221	-81140.057933693	-80196.80629570279	-78712.06028461426	-76661.21724645341	-74019.36072197289	-70761.2604842066	-66861.37771816697	-62293.879277174914	-57032.6693185778	-51051.45734126266	-44323.91095695764	-36824.03401761543	-28527.263722449192	-19414.589334620225	-9497.669460333876	0.	-15157.835187871915	-35968.84456963546	-57041.98386596847	-78553.19376905776	-100590.17560219133	-123095.39518905242	-146090.9878714039	-169588.67843782713	-193587.9610090058	-218125.89413200077	-243179.10359632922	-268647.0224845294	-294707.52084802714	-321191.553288927	-348269.4761607967	-375838.4808161406	-403829.5575453451	-432387.0167019301	-461430.0298010601	-490966.6908795144	-521065.0079815387	-551653.2517709732	-582738.8314291165	-614228.4398733836	-646351.4505074508	-678904.1328675591	-711971.786324402	-745601.085740366	-779676.1577860962	-814282.1476622015	-849345.7500075769
-538.7681416578596	-5922.246920890944	-11284.708755543601	-16607.03025821395	-21870.05605809574	-27054.583643638587	-32141.348288976063	-37111.008091849784	-41944.129147420244	-46621.17088745194	-51122.4716087407	-55428.2342176493	-59518.512216270086	-63373.19595566363	-66971.99918145913	-70294.44589704729	-73319.85756972438	-76027.34070596128	-78395.77482020174	-80403.8008304032	-82029.809904706	-83251.93279844068	-84048.02972124395	-84395.68078655348	-84272.17711251685	-83654.51267107931	-82519.37702802494	-80843.14919490935	-78601.89295055416	-75771.35423742182	-72326.96170563783	-68243.83240388046	-63496.78656237367	-58060.379797287285	-51908.97182878402	-45016.88024850447	-37358.76064886124	-28910.70962813957	-19654.410107953732	-9602.475394159084	0.	-15683.45396073154	-36979.72012888736	-58548.43218954743	-80577.54722464482	-103104.81282447079	-126121.02409852593	-149639.17379842536	-173644.33085176974	-198168.5799251798	-223192.13312255978	-248713.73594544642	-274764.2207785145	-301260.8871122304	-328257.1330069749	-355813.449556943	-383919.25229819235	-412390.7198113153	-441461.7616554127	-471044.8364974997	-501090.64227679593	-531653.8681247117	-562664.2792816033	-594255.3938265078	-626388.3569442582	-658975.4729705885	-692019.9974756372	-725640.2369837139	-759690.274275585	-794276.2211807871	-829333.5593136449
-542.236370259546	-5960.593512183533	-11358.914143409967	-16718.966409413173	-22022.48690103391	-27251.165699233836	-32386.631499366944	-37410.43684345209	-42304.04348414712	-47048.80790665082	-51625.967033604975	-56016.624137926105	-60201.734988218006	-64162.09425114606	-67878.32217491686	-71330.85157783546	-74499.91516585654	-77365.53320317395	-79907.50156074227	-82105.38016569475	-83938.48188392719	-85385.8618585541	-86426.30734251195	-87038.32806376921	-87200.14717427583	-86889.692850588	-86084.59064191478	-84762.15670745619	-82899.39216325493	-80472.97889583054	-77459.27744810382	-73834.32805173309	-69573.85680892564	-64653.290978515724	-59047.79171943667	-52732.32344697048	-45681.808523217594	-37871.509227531584	-29278.13619489347	-19884.018445052105	-9702.660894277298	0.	-16203.176273955933	-37998.94190911742	-60060.80121030368	-82609.68313988995	-105610.4707868508	-129143.20339720906	-153135.0027105037	-177674.42378695006	-202713.47229676088	-228230.83035662887	-254241.72804668595	-280821.1904884261	-307812.4445203179	-335329.67720487545	-363408.89099845843	-391906.8010612179	-420976.3081688147	-450533.39231649466	-480674.0652737529	-511203.328012576	-542256.0633290017	-573793.8552019354	-605914.529856369	-638411.1512252771	-671564.4435081293	-705153.8693127116	-739178.2866226976	-773825.1282222342	-808893.6583726957
-545.3345608833579	-5994.859768763996	-11425.2793158332	-16819.207807532934	-22159.228730689916	-27427.879701942216	-32607.63779495764	-37680.90496987586	-42629.99363024308	-47437.11233184455	-52084.35166768388	-56553.67035308705	-60826.88153462077	-64885.639346223266	-68711.42573566563	-72285.53758421922	-75589.07414223277	-78602.92480326866	-81307.75723958478	-83684.00592263289	-85711.86105016209	-87371.2579113168	-88641.8667108275	-89503.08288970328	-89934.01797964599	-89913.49104125054	-89420.0207528969	-88431.81824512011	-86926.78082147424	-84882.48678542109	-82276.19173010145	-79084.82689659909	-75285.00067594918	-70853.00526128025	-65764.83241329332	-59996.20671340515	-53522.6555166536	-46319.6644940242	-38363.06128883845	-29630.128941167004	-20103.798811589502	-9798.408681340434	0.	-16725.73796868227	-39014.64259446544	-61591.19214555231	-84622.09232314987	-108165.73005206685	-132167.22827829391	-156677.21894263895	-181687.4621949169	-207223.24939251714	-233235.66446393434	-259791.32721566045	-286856.2793423098	-314339.45076502033	-342401.79731963755	-370958.49072049116	-400002.8870276651	-429557.40906263835	-459631.08532229	-490166.74640863464	-521293.96800582885	-552854.4547723619	-584941.9998880859	-617433.8027709736	-650560.2456027161	-684139.2236428662	-718188.1224225471	-752869.7189758014	-787955.726930063
-548.07237794117	-6025.152661703236	-11484.01186344964	-16908.068987420847	-22280.71236071421	-27585.285090082354	-32805.07059357628	-37923.27823096399	-42923.02905669375	-47787.341718966985	-52499.11852824906	-57041.13171828137	-61396.00992237174	-65546.22488744014	-69474.07844799831	-73161.68978195774	-76590.98296991907	-79743.67487942701	-82601.26339562988	-85145.01601992965	-87355.95885913455	-89214.86602539392	-90702.24947749011	-91798.34932305277	-92483.12461830588	-92736.2447014018	-92537.0811084079	-91864.70013788738	-90697.85615796054	-89014.9857960564	-86794.20323022094	-84013.29693841671	-80649.72851144517	-76680.63460565377	-72082.83404464737	-66832.84404051666	-60906.91392758755	-54281.09567132865	-46931.40019354625	-38834.18256509735	-29967.25998631433	-20314.125858649375	-9889.896071647681	0.	-17250.1842075532	-40022.88813736139	-63116.41234331612	-86647.5568576152	-110679.89065589705	-135180.71642356538	-160224.37894611023	-185755.595982159	-211744.1114328417	-238338.33607421818	-265370.84855909785	-292917.8036942072	-320892.95633646956	-349465.24855482177	-378531.58544746833	-408098.11078813486	-438149.71535881475	-468745.5976392739	-499790.40908083797	-531353.668748535	-563364.9810321232	-595957.8421805411	-629093.4856578216	-662683.7716491899	-696731.7030263992	-731356.3023872203	-766410.5272908563
-550.4594785305173	-6051.579021895766	-11535.318803912745	-16985.862905034126	-22387.36517602179	-27723.934905289687	-32979.62255815488	-38138.40561100787	-43184.17450325094	-48100.718729661894	-52871.71309561512	-57480.704157339176	-61911.09686911131	-66146.14145899404	-70168.92055441428	-73962.33657858378	-77509.09943847878	-80791.71452485942	-83792.47104464992	-86493.4307059665	-88876.41677624223	-90923.00353486635	-92614.50613937987	-93931.97093505345	-94856.1662259549	-95367.57354338956	-95446.37944667033	-95072.46790435718	-94225.41332100591	-92884.47430247276	-91028.5882992241	-88636.36734587842	-85686.09525298118	-82155.72685658498	-78022.89040249643	-73264.89507676069	-67858.74765914516	-61781.18670888033	-55008.75358990275	-47517.949512130566	-39285.6221164003	-30290.087597753292	-20515.364246952595	-9977.294975908499	0.	-17763.961999022784	-41037.384870003865	-64626.14304183556	-88675.25196470015	-113211.98910430288	-138222.75738689458	-163758.9373637222	-189770.42108921116	-216345.28075087472	-243377.37375157382	-270907.859658665	-298946.7432485162	-327460.6359058099	-356554.3984434533	-386120.0011892868	-416183.4177861258	-446736.4884299009	-477742.61925651116	-509402.6145094297	-541455.3910659146	-573994.0970729407	-607116.5409432924	-640747.1733414577	-674771.9117730595	-709364.9357023878	-744497.8299693444
-552.5055020651891	-6074.245431920368	-11579.406409862397	-17052.900766661318	-22479.611056288224	-27844.3759360521	-33131.97611608131	-38327.12039987692	-43414.43183793633	-48378.434016215106	-53203.53750098393	-57874.02646139967	-62374.04549084429	-66687.58664780174	-70798.47673674196	-74690.36484917786	-78346.71018476228	-81750.77017201655	-84885.58890805533	-87733.98593652423	-90278.54538294808	-92501.60546686704	-94385.24841115189	-95911.29076637173	-97061.27417936007	-97816.45662270352	-98157.80412037564	-98065.98300345009	-97521.35274317033	-96503.95942558032	-94993.52995997871	-92969.46715992758	-90410.84591443095	-87296.41080483451	-83604.57577288407	-79313.42691729878	-74400.73043231966	-68843.9496702251	-62620.27975099829	-55706.71906530936	-48080.22696733358	-39718.11161330342	-30599.155831063734	-20707.86852062239	-10060.771915027259	0.	-18287.872400641987	-42058.24274329882	-66143.6465719794	-90692.88357485831	-115736.01512026564	-141260.55817787757	-167261.66640802557	-193846.4945444489	-220863.90766489579	-248416.2323842271	-276457.69095814315	-304994.9324086804	-334034.9709824594	-363608.29188945174	-393597.03112971527	-424249.106413768	-455333.6068443221	-486866.9754658702	-518906.3802186712	-551553.1515208548	-584641.5678255088	-618134.9759047827	-652263.8055221058	-686887.9132991622	-722030.0904127855
-554.2200601569988	-6093.258121689316	-11616.48003882134	-17109.491848666294	-22557.870268309693	-27947.148791381565	-33262.80384953766	-38490.24106190418	-43614.781592869505	-48621.64863922012	-53495.95406732167	-58222.685220824394	-62786.691919124554	-67172.67366654529	-71365.16709191233	-75348.53363790346	-79106.94751924922	-82624.38396857225	-85884.60778838702	-88871.16222756701	-91567.35820045453	-93956.26386678511	-96020.69459079982	-97743.20329897731	-99106.07125316322	-100091.29926762651	-100680.59938546171	-100855.3870489636	-100596.77379695466	-99885.56053554753	-98702.23144577027	-97026.94861958662	-94839.54756236872	-92119.533778844	-88846.08079760778	-84998.03023942825	-80553.8950069951	-75491.8676110201	-69789.83761892977	-63425.42666103196	-56376.06037378217	-48619.12668189462	-40132.36475735013	-30894.99425486782	-20891.983026309776	-10140.488051386441	0.	-18804.303012104592	-43069.19457651928	-67656.21249947516	-92690.05610788624	-118256.5150790114	-144283.78655815593	-170832.37663171062	-197842.69401090653	-225402.0905904469	-253448.15498784144	-282013.6339220839	-311037.8291112993	-340608.6001814685	-370659.3312662987	-401200.4981599385	-432287.1353790745	-463828.6224390786	-495989.7274305936	-528498.019840346	-561563.1765307492	-595156.6900139486	-629293.8655625221	-663886.4631124521	-698979.7580399897
-555.6127269597175	-6108.722866448423	-11646.743965527687	-17155.943311535862	-22622.559334202553	-28032.787917950398	-33372.76877966183	-38628.57192830645	-43786.18422931679	-48831.49609275229	-53750.28830526722	-58528.21902554012	-63150.81096259528	-67603.43875619606	-71871.31657822116	-75939.48597365063	-79792.80395949684	-83415.93139972353	-86793.32167391498	-89909.20965720707	-92747.60102879128	-95292.26192618744	-97526.70896249983	-99434.19962409098	-100997.72306721413	-102199.991329357	-103023.43098327509	-103450.17524790115	-103462.05659022625	-103040.5998502459	-102167.01593471953	-100822.1961424552	-98986.70721196987	-96640.78722894998	-93764.34260995834	-90336.9465170087	-86337.83930794426	-81745.9321003808	-76539.81546513816	-70697.7772387128	-64197.837899227394	-57017.82291372563	-49135.52154964297	-40529.07682650831	-31178.117752902006	-21068.04187370113	-10216.599234152796	0.	-19315.75269756247	-44086.185029932385	-69161.08047441821	-94730.44743751838	-120761.87286171128	-147327.43466228928	-174333.39269076823	-201874.39553322352	-229936.62349134128	-258501.3052997885	-287569.08296084235	-317110.7282704288	-347173.35146607494	-377733.62851976155	-408796.90760598384	-440362.8544582461	-472444.37319364544	-504991.3418641344	-538098.3931941193	-571691.3155562944	-605814.3622657901	-640446.5416250182	-675473.5454559834
-556.6930298262491	-6120.744888834336	-11670.40121649445	-17192.56001174907	-22674.09088120737	-28101.82157196349	-33462.524563607345	-38742.90374301189	-43929.5811761155	-49009.083999460076	-53967.83144919174	-58792.12204658504	-63468.12095873694	-67981.8475528479	-72319.16316225892	-76465.75908214822	-80407.14481251503	-84128.63254068332	-87615.34605616608	-90852.1695873559	-93823.77745548818	-96514.6036833692	-98908.836102484	-100990.40679902628	-102742.98294092473	-104149.95800079215	-105194.44339796342	-105859.26057316369	-106126.93352278051	-105979.68181799827	-105399.41414285309	-104367.72239588528	-102865.87641743907	-100874.81943282747	-98375.1643481873	-95347.19111491677	-91770.84551682699	-87625.73998458488	-82891.1575151279	-77546.0607125831	-71569.10994265054	-64938.69905239633	-57633.028086566635	-49630.26257081673	-40908.924333682065	-31449.02639619236	-21236.368933623686	-10289.256057186041	0.	-19835.81414491602	-45093.36677977146	-70699.18080944462	-96732.67261048581	-123290.3194381278	-150325.58862600048	-177871.40125431068	-205938.60826322797	-234493.92965692483	-263525.6558011812	-293116.66115578456	-323179.4639849543	-353720.4337755253	-384822.95983815426	-416383.12155211315	-448435.1033266668	-481067.3780497798	-514104.4775450827	-547660.6011041438	-581837.5352413093	-616331.9592749602	-651462.1302659311
-557.4704403510434	-6129.428764187527	-11687.65340976178	-17219.644311248478	-22712.873479394533	-28154.771754952657	-33532.71562048611	-38834.0140869242	-44045.895678464905	-49155.495527853156	-54149.84260471291	-59015.847093326156	-63740.28793799935	-68309.80057368956	-72710.86485933604	-76929.79323110112	-80952.71909246626	-84765.58545786276	-88354.13386624647	-91703.89358075749	-94800.17109035686	-97628.03992911172	-100172.3308286386	-102417.62221913724	-104348.23109450779	-105948.20425772431	-107201.30996051923	-108091.02995999777	-108600.55200472464	-108712.76277673783	-108410.24131399055	-107675.25294663536	-106489.74379119114	-104835.33586403266	-102693.32290383292	-100044.66703921728	-96869.99651698174	-93149.60484450248	-88863.45195048169	-83991.16844145316	-78512.06497079131	-72405.1507137306	-65649.16940588862	-58222.67239487273	-50104.17834000528	-41272.56478740632	-31708.205378705065	-21397.277870156824	-10358.603928191433	0.	-20346.84129449064	-46112.393093070015	-72197.80152519242	-98767.07763385492	-125828.4016135333	-153386.30416985648	-181391.87643591917	-209964.75548828632	-239032.04212363405	-268547.7444868443	-298648.39396705874	-329153.19224564213	-360274.7470373234	-391807.0286496649	-423949.4960065275	-456532.903163885	-489566.788055451	-523195.037240171	-557258.8657769694	-591851.9373265393	-626989.4966584004
-557.954365792557	-6134.878329639694	-11698.700598724685	-17237.495889833146	-22739.311468148186	-28192.1541230617	-33583.97719931147	-38902.667701662634	-44136.033488179426	-49271.79057573649	-54297.55056760606	-59200.808225765955	-63968.92920303465	-68589.13795229341	-73048.50582953604	-77333.9394072675	-81432.16901453877	-85329.7375196589	-89012.9893713718	-92468.05991402752	-95680.86499202784	-98637.09085859286	-101322.18440369326	-103721.34371585152	-105819.50899245817	-107601.35381333264	-109051.27679297468	-110153.39362475422	-110891.5295391716	-111249.21218779744	-111209.6649788844	-110755.8008884576	-109870.21677970563	-108535.18827413218	-106732.66523534455	-104444.26795456323	-101651.28417357538	-98334.66715995662	-94475.03518766825	-90052.67302667051	-85047.53651854667	-79439.26225471287	-73207.18635144242	-66330.38078287458	-58787.726735495016	-50558.07467143108	-41620.63654467537	-31956.1250102711	-21551.072203348565	-10424.78314782352	0.	-20863.461856437185	-47119.4136588927	-73713.03056176109	-100783.61686284284	-128317.60005517732	-156382.7142890225	-184966.82805754803	-213996.04570146298	-243575.64390680016	-273589.1249305665	-304179.45883274026	-335230.0844185464	-366798.706144598	-398905.0768229496	-431488.0847961994	-464528.21195842774	-498190.12207030394	-532254.2668770534	-566885.5106513763	-602007.9938235672