1.893911515467892e-13
2.0840275607425314e-12
3.981687918840241e-12
5.88570419056091e-12
7.798350154679507e-12
9.72319142476078e-12
1.1662188112030334e-11
1.3619554781709307e-11
1.559726201399185e-11
1.7598686332891803e-11
1.9622982610987836e-11
2.16866986381929e-11
2.377502493001985e-11
2.589916581721222e-11
2.8066163723761957e-11
3.027968747324684e-11
3.253162629449245e-11
3.4820696957255536e-11
3.7191011170876947e-11
3.9602421564801306e-11
4.2050051293239815e-11
4.4609731777864494e-11
4.7208442579830574e-11
4.9796037119882735e-11
5.261820486373044e-11
5.546881558734117e-11
5.839056942160904e-11
6.13075343080994e-11
6.443060509418548e-11
6.761568920293741e-11
7.096127382716881e-11
7.430617313894921e-11
7.784651864558332e-11
8.14984749699579e-11
8.520411887723728e-11
8.906045065727248e-11
9.309367132772733e-11
9.727981650597149e-11
1.0167511600163072e-10
1.0593001357519328e-10
1.105970317028369e-10
1.1523795197715654e-10
1.2017184479978138e-10
1.2534171036083363e-10
1.307082980169124e-10
1.361367646206635e-10
1.418491472125953e-10
1.4776779383830607e-10
1.538080512374209e-10
1.6017381133426726e-10
1.669169791743424e-10
1.7374083064428355e-10
1.8072734753129511e-10
1.881812742812223e-10
1.9550555856472402e-10
2.0367293554108285e-10
2.11580983178449e-10
2.2062102187614342e-10
2.2937013013424908e-10
2.385801701308949e-10
2.4798848923285226e-10
2.577072655327969e-10
2.6823183254465127e-10
2.78775704014354e-10
2.902264029376302e-10
3.01632666376452e-10
3.1200278012227305e-10
3.272926307306533e-10
3.380408727614878e-10
3.5206946541063174e-10
3.660241991435916e-10
3.796261900589043e-10
3.9442455732899013e-10
4.1032843291417566e-10
4.2615834481290015e-10
4.4266982867970895e-10
4.5307842231631214e-10
4.784649675453938e-10
4.958957473891378e-10
5.153375786931196e-10
5.371280126109889e-10
5.546688684235396e-10
5.769244417149928e-10
5.9863331254369e-10
6.244482967605001e-10
6.495933405710166e-10
6.746942293933503e-10
7.017548882467628e-10
7.26889244728203e-10
7.592764564677965e-10
7.825238585273425e-10
8.044750777788992e-10
8.427768542380698e-10
8.73697186431917e-10
9.081329972363209e-10
9.416172540699011e-10
9.75705889701632e-10
1.0082915774181539e-9
1.0505215942802625e-9
1.092474516965117e-9
1.132348757229657e-9
1.1785914263267967e-9
1.2063707878118962e-9
1.2710462114348053e-9
1.31453073119799e-9
1.3567206827747066e-9
1.4174396431803656e-9
1.4552102862979623e-9
1.5070453547923729e-9
1.5724020431651945e-9
1.6279872625253562e-9
1.6815023033370841e-9
1.7649994165305383e-9
1.8189369821320244e-9
1.8792557417891156e-9
1.949136476813543e-9
2.0351488055535723e-9
2.090148868701175e-9
2.155732844415543e-9
2.2441380813452676e-9
2.312221886510946e-9
2.382320653853804e-9
2.4726135422483806e-9
2.651660099755771e-9
2.670960149369806e-9
2.704804240280553e-9
2.8131865491758093e-9
2.913438066486861e-9
2.9590873537080802e-9
3.088923679577913e-9
3.1775145530508294e-9
3.244273612335189e-9
3.4215637172272107e-9
3.456238739704609e-9
3.5820650946190163e-9
3.693511932552111e-9
3.8513081443732146e-9
3.980268546089628e-9
4.045489480964235e-9
4.1465143491903975e-9
4.289358506304597e-9
4.375487881116876e-9
4.448093487801026e-9
4.597662275309889e-9
4.711172692147994e-9
4.804621308721367e-9
4.893514519818427e-9
4.966607057566683e-9
5.07729410116758e-9
5.123617072621655e-9
5.220721485414468e-9
5.2568519682895915e-9
5.291184372695628e-9
5.33072687296728e-9
5.346767804389964e-9
5.328050262989554e-9
5.251521965723938e-9
5.179822877673275e-9
5.04711085135471e-9
4.900436839419551e-9
4.64968483190585e-9
4.3671702624576295e-9
4.026406011021429e-9
3.6307500909917063e-9
3.1978112126789046e-9
2.7719634514344696e-9
2.4451347702553926e-9
2.4129749771247864e-9
3.117380408918135e-9
5.9113162758849065e-9
1.9329316017883382e-8
8.884425750762346e-7
3.417398799180385e-8
6.621705119544337e-9
2.5800735869988124e-9
1.296018602340201e-9
7.352144916821317e-10
4.383813131563646e-10
2.380408421592556e-10
5.885038422830234e-8
7.3855551294415e-8
8.055726975938099e-8
8.355597981267132e-8
8.466250621376592e-8
8.454294059257092e-8
8.388015917143868e-8
8.282850941132056e-8
8.135202389769762e-8
7.992283019286956e-8
7.842824345842491e-8
7.632015878834225e-8
7.502895080937444e-8
7.360056795179066e-8
7.201803269886956e-8
7.048257365195718e-8
6.81885726898528e-8
6.741765831665823e-8
6.578966131109973e-8
6.45839870567497e-8
6.358166538362146e-8
6.234130879669718e-8