7.007470061115718e-10
7.70605428963534e-9
1.4702870854585137e-8
2.1666859316915755e-8
2.863910164648934e-8
3.556037774031254e-8
4.244419286632594e-8
4.927014721582561e-8
5.603242298286601e-8
6.274793594517487e-8
6.936992875103989e-8
7.589976135034023e-8
8.237581718956341e-8
8.882969966743474e-8
9.486935583374307e-8
1.0093019063667345e-7
1.0693595721120284e-7
1.1269656415854022e-7
1.1836721919418532e-7
1.2366838157867443e-7
1.286879815485023e-7
1.3386724302503774e-7
1.382875228066193e-7
1.428209589409483e-7
1.468230663265587e-7
1.50683195824638e-7
1.540305733357836e-7
1.5698922942235605e-7
1.5900292533770394e-7
1.6105572178873511e-7
1.6244655735172176e-7
1.6256940652911744e-7
1.6259776494052021e-7
1.6124786993559595e-7
1.5879026638939089e-7
1.5493577855367759e-7
1.493810247098899e-7
1.4183752814241558e-7
1.3191972383582427e-7
1.1917880057310117e-7
1.0328618849966115e-7
8.417371294427648e-8
6.271870757001176e-8
4.204968052246029e-8
3.0008333595085025e-8
4.109618143399511e-8
1.0662502747956835e-7
7.627599370426743e-7
1.5216986591863581e-6
1.2660914185230178e-7
4.2298322594760763e-8
2.056674531656144e-8
1.1945046621127328e-8
7.694374615902016e-9
5.302190385842593e-9
3.830013448694082e-9
2.8635865841440075e-9
2.197371493444877e-9
1.7201356236129547e-9
1.367491635179722e-9
1.1001039344116486e-9
8.928469857337699e-10
7.290472635232225e-10
5.972476125133834e-10
4.89283283349542e-10
3.99035812044569e-10
3.2141181788057294e-10
2.5053771539836796e-10
3.421133791570017e-8
8.961054622206339e-8
1.1442434282881306e-7
1.2983678424305596e-7
1.3989269790491736e-7
1.4684204738073437e-7
1.5131607556108363e-7
1.5424831466294079e-7
1.5603866050180357e-7
1.5723342060553777e-7
1.5702783027125384e-7
1.569639959294186e-7
1.5603297387255269e-7
1.5536705631197625e-7
1.542026770579384e-7
1.5258971829977343e-7
1.5114345966616808e-7
1.496469900522618e-7
1.4748009256452103e-7
1.4567392549340996e-7
1.4396654071964248e-7
1.4222793091597826e-7
1.4005643209793125e-7
1.3802695255449125e-7
1.3640642366299319e-7
1.348361085217876e-7
1.3307359455777548e-7
1.3078168064072427e-7
1.2869882954180377e-7
1.271132194278266e-7
1.2506569329758402e-7
1.236705333647246e-7
1.2130934978238645e-7
1.2028781189176592e-7
1.1824484242638678e-7
1.1714305675043312e-7
1.1490991400738138e-7
1.1378071693817799e-7
1.1145574275749739e-7
1.1069038480128722e-7
1.0919483741132638e-7
1.0682276693153945e-7
1.057438902603862e-7
1.047016032700321e-7
1.0250907139013059e-7
1.0150694344186693e-7
1.0007917382517324e-7
9.833173431262695e-8
9.69479421230316e-8
9.571036057776235e-8
9.41398347163642e-8
9.331936261367055e-8
9.181096387489009e-8
9.108637227466626e-8
8.931290398456716e-8
8.833687230162857e-8
8.718880268982093e-8
8.605685768642647e-8
8.507104696733188e-8
8.33733434121635e-8
8.251508429919077e-8
8.150689603501585e-8
8.056009225254728e-8
7.915206090186795e-8
7.782403763044948e-8
7.708919518221614e-8
7.584310597803485e-8
7.497603567263812e-8
7.465451435613512e-8
7.327422614921614e-8
7.221147855193592e-8
7.140211581905374e-8
7.029948099891535e-8
6.952335650678377e-8
6.860832797094564e-8
6.777580230669378e-8
6.677740594240245e-8
6.587721433407343e-8
6.49655438204595e-8
6.431879854081106e-8
6.349286272317393e-8
6.280630300778787e-8
6.198401756082785e-8
6.114188265497205e-8
6.052331336663489e-8
5.9592864527608444e-8
5.895147987657434e-8
5.820625755076916e-8
5.7477380293773196e-8
5.676546126004207e-8
5.604622977875876e-8
5.540456769607989e-8
5.4738346375727544e-8
5.409644992427104e-8
5.3425113872733445e-8
5.277379856668668e-8
5.2119938798391954e-8
5.146952506418932e-8
5.0874093222371006e-8
5.027277115122092e-8
4.9662162343099904e-8
4.906462983818163e-8
4.845209648923653e-8
4.791106517309142e-8
4.734321097079538e-8
4.6778463047305826e-8
4.625246350340596e-8
4.572116013218806e-8
4.517413236437034e-8
4.46457547345518e-8
4.414269817747178e-8
4.361494307663487e-8
4.3124230514549186e-8
4.2616687400312694e-8
4.212517540336234e-8
4.164961179315598e-8
4.1173095005589195e-8
4.070967394501151e-8
4.0260063015275916e-8
3.979588141277479e-8
3.9341764957644604e-8
3.89046027103316e-8
3.846574881896311e-8
3.804602730400547e-8
3.761508601021003e-8
3.719520997417915e-8
3.678472793513836e-8
3.637516275492999e-8
3.598152085472945e-8
3.5586144068827784e-8
3.5201397712228735e-8
3.4822074752142145e-8
3.4441964188131987e-8