3.378995659089367e-11
3.717687506847044e-10
7.102111954540945e-10
1.0494925166604493e-9
1.3903322948804803e-9
1.7327249199476113e-9
2.0785892537626433e-9
2.4239340115400426e-9
2.7752242031583434e-9
3.1289289279071105e-9
3.485777215772149e-9
3.843441606388243e-9
4.214212562912488e-9
4.587670696128166e-9
4.9509774242868105e-9
5.3441829332584775e-9
5.739317639864868e-9
6.128969803467308e-9
6.529268823038774e-9
6.950139999231433e-9
7.399170700487797e-9
7.78161178750948e-9
8.234923004217793e-9
8.668180845721752e-9
9.141229855302675e-9
9.595453781916909e-9
1.0048470259744863e-8
1.0570998148120447e-8
1.1046690144164053e-8
1.1548852364610326e-8
1.2062536628811074e-8
1.2560689101558303e-8
1.309033301323042e-8
1.366833442960518e-8
1.4205723000164714e-8
1.4967439197718545e-8
1.5374427464414384e-8
1.6066454622845894e-8
1.656098356543585e-8
1.7182820189054754e-8
1.768473064720623e-8
1.8561143694107444e-8
1.9163729351458933e-8
1.966823325463637e-8
2.059061377581703e-8
2.1423354081257938e-8
2.241591755057454e-8
2.290691324683248e-8
2.4065974269737712e-8
2.40948311184003e-8
2.407488789788411e-8
2.4246927651292665e-8
2.609546600501869e-8
2.6503406799322767e-8
2.9145672518627434e-8
2.8541711061446595e-8
2.889164676957012e-8
2.9509080999799404e-8
3.063093449647461e-8
3.124726038410109e-8
3.2000179461574236e-8
3.2689945802842394e-8
3.438938119751766e-8
3.3454844272939646e-8
3.442835794752362e-8
3.476572335179724e-8
3.505646022951189e-8
3.5677708407144766e-8
3.579638601280458e-8
3.572440486268788e-8
3.625019382321752e-8
3.5813445091892405e-8
3.54955026396527e-8
3.481302628810252e-8
3.3922962325898176e-8
3.2660415673101064e-8
3.103524062770414e-8
2.8986865449276357e-8
2.64684028360793e-8
2.3441374370498903e-8
1.9955163529305173e-8
1.6250363890209194e-8
1.2935502102717023e-8
1.1444290195611656e-8
1.5230584378577507e-8
3.647107451039763e-8
2.3648624634151546e-7
6.572918425392493e-7
4.632259364883938e-8
1.4868570433461659e-8
7.0404304026647685e-9
3.99455728581723e-9
2.5137146714729125e-9
1.6894594172185522e-9
1.1865733211251955e-9
8.583728657513201e-10
6.32430384481178e-10
4.693521649704589e-10
3.4524425415710324e-10
2.397605017630184e-10
5.936895972346786e-8
8.82338817044295e-8
1.0347040168114862e-7
1.1266526898745627e-7
1.1829957088109494e-7
1.218825043939754e-7
1.235707790818054e-7
1.2470314554351804e-7
1.249553478844397e-7
1.2505086431556356e-7
1.2334204236205533e-7
1.222984921146361e-7
1.2052879031981035e-7
1.1878778189425023e-7
1.184617167573436e-7
1.1631531264495954e-7
1.1473135132241215e-7
1.1388259699474924e-7
1.1206953415084623e-7
1.1116966477091888e-7
1.0887644989979883e-7
1.0809350727284624e-7
1.0599022448378806e-7
1.0322747861015914e-7
1.0150643016255512e-7
9.923261760089962e-8
9.810308644498734e-8
9.696917248146605e-8
9.630820365853269e-8
9.38521241862499e-8
9.254414951166728e-8
8.977256714703331e-8
8.869823176305398e-8
8.878389122148396e-8
8.725420006743743e-8
8.538529084359724e-8
8.44899786827143e-8
8.280116271921432e-8
8.17670004846839e-8
8.06513089682692e-8
7.965542034766362e-8
7.825861091562063e-8
7.743644889821653e-8
7.612925386718598e-8
7.453073793336843e-8
7.44200112392745e-8
7.316952058550749e-8
7.19076397119296e-8
7.085614323092255e-8
7.027524779269325e-8
6.927639681835035e-8
6.833969777429828e-8
6.723666896806642e-8
6.627819346307318e-8
6.582241518445428e-8
6.497264844437727e-8
6.396756065239216e-8
6.300249468771845e-8
6.240251387464342e-8
6.174819959700203e-8
6.08818516142092e-8
5.992870892718666e-8
5.9131905541277475e-8
5.855965251834148e-8
5.7869516845033975e-8
5.710069223358134e-8
5.6048428218768e-8
5.553184588643394e-8
5.483294594230293e-8
5.451967504389923e-8
5.3695449241605176e-8
5.308783516772146e-8
5.242060222726999e-8
5.178195035318307e-8
5.1071872650497396e-8
5.0622440087992856e-8
5.006992600826991e-8
4.953289050871818e-8
4.891339448823671e-8
4.829692175804859e-8
4.773108982312423e-8
4.724858007895433e-8
4.67309135683665e-8
4.613438160422052e-8
4.553360600390482e-8
4.500388811183928e-8
4.458182423417464e-8
4.4131442614418094e-8
4.3620248900588156e-8
4.315604793410708e-8
4.265479918990926e-8
4.218407496482699e-8
4.17120868461738e-8
4.1289619705769314e-8
4.085453892287963e-8
4.040215122338682e-8
3.998806558913314e-8
3.952684599073947e-8
3.908991231651849e-8
3.870980125692447e-8
3.829759121475555e-8