1.6785750275931391e-9
1.845015134912782e-8
3.5149100748944446e-8
5.171180210177687e-8
6.807550224843405e-8
8.417252499569258e-8
9.993742542858154e-8
1.1531783689015366e-7
1.302518350897064e-7
1.4469135354323115e-7
1.5854679580168296e-7
1.718285130002309e-7
1.8460388809235054e-7
1.9620284595752304e-7
2.0728054231369428e-7
2.1741979256016802e-7
2.267602639707196e-7
2.3509077008409251e-7
2.4220021991464935e-7
2.4820517274842146e-7
2.531148131036193e-7
2.563279662559629e-7
2.5798606014314587e-7
2.5802026711554085e-7
2.559637203214595e-7
2.513505706591909e-7
2.4412369550191393e-7
2.3342645717102686e-7
2.1874557678575516e-7
1.9928721216867436e-7
1.743056275413934e-7
1.433074144548072e-7
1.0692382422174298e-7
6.889749496772445e-8
3.987204126608658e-8
3.903766073017024e-8
8.08930313591983e-8
2.761865656490958e-7
0.000013709386939711042
5.161208555343493e-7
1.0499339444186417e-7
4.305784613676636e-8
2.2982874335219087e-8
1.40958160581797e-8
9.41795840483285e-9
6.666977234151223e-9
4.9192016409066305e-9
3.74367098202232e-9
2.9176304579003968e-9
2.3166634015501927e-9
1.8669183136641038e-9
1.5223493699640242e-9
1.2530562699465874e-9
1.0389440712889702e-9
8.660995904157456e-10
7.246287421266579e-10
6.073130833838746e-10
5.087372296746877e-10
4.246797271298166e-10
3.516036208820884e-10
2.859539749758102e-10
2.2146285491026107e-10
6.290024069137489e-8
1.035591691886374e-7
1.2560930884828616e-7
1.3973097294219e-7
1.4919712655717456e-7
1.555037207033135e-7
1.601859646767674e-7
1.6294886469797238e-7
1.6470969246738512e-7
1.656376826163338e-7
1.6620906313091926e-7
1.6550168496249115e-7
1.6518966524331618e-7
1.6433131773274364e-7
1.6247153167281446e-7
1.6116196877078462e-7
1.599339319871168e-7
1.582747925457296e-7
1.566966139001537e-7
1.546854532256543e-7
1.522348411785925e-7
1.508975397672325e-7
1.4871467916097548e-7
1.4713828388088912e-7
1.4523829959678142e-7
1.432930273670007e-7
1.4109022481542233e-7
1.3872900411681867e-7
1.374157380112567e-7
1.3555255357334389e-7
1.3364633813258973e-7
1.315890230928543e-7
1.2987587500717965e-7
1.2820187093965558e-7
1.2590912662234274e-7
1.2451416411901362e-7
1.2246179978118618e-7
1.2101817069127554e-7
1.1900874389961884e-7
1.1779325082259294e-7
1.1598377698003133e-7
1.1407340600230607e-7
1.1287922405874227e-7
1.1122794804271566e-7
1.0967977460199795e-7
1.0809657664795526e-7
1.0661606666318116e-7
1.0519404347668233e-7
1.0368565459286891e-7
1.0211340040381844e-7
1.0068968247553154e-7
9.94288032722337e-8
9.778275015333654e-8
9.678823515420875e-8
9.510820986641269e-8
9.41605481967509e-8
9.276544631806014e-8
9.160952498231388e-8
9.038720649458544e-8
8.900782370636864e-8
8.81336499460601e-8
8.675120675334447e-8
8.552325356792148e-8
8.436994808169796e-8
8.33120995711524e-8
8.211172471141682e-8
8.106843456248445e-8
7.983956873853483e-8
7.89707213098615e-8
7.78278860985134e-8
7.699073370897383e-8
7.600683640560103e-8
7.493490664262883e-8
7.399302140126431e-8
7.251342076225278e-8
7.193503063779906e-8
7.090327622457586e-8
7.008149335804595e-8
6.912171103669942e-8
6.825365479245938e-8
6.730787061349879e-8
6.65081728261876e-8
6.571036221385153e-8
6.49073338599517e-8
6.411900047570504e-8
6.324806390492196e-8
6.23722801467722e-8
6.158715394704466e-8
6.085054942979751e-8
6.008944172804e-8
5.9361339190379784e-8
5.864903867671896e-8
5.777187016748498e-8
5.708528852694655e-8
5.638609937027296e-8
5.5694607167985606e-8
5.50265742638796e-8
5.4309178186052194e-8
5.36655367798302e-8
5.3002370318212285e-8
5.234638360609149e-8
5.1721163901339266e-8
5.1089278205936206e-8
5.046155334606149e-8
4.9870923376241e-8
4.9240156003105864e-8
4.86748562355437e-8
4.806445873931575e-8
4.750321241994645e-8
4.6935177471538626e-8
4.6374518272895436e-8
4.58359912200669e-8
4.527474358003359e-8
4.474955928469894e-8
4.423013586016826e-8
4.371544137286593e-8
4.319554964570632e-8
4.268619442507707e-8
4.219017616317291e-8
4.1696829251776144e-8
4.121412175139602e-8
4.074985313888624e-8
4.027103451914201e-8
3.981272557703577e-8
3.935782676930782e-8
3.891257788921488e-8
3.8467507642392946e-8
3.802852162383635e-8
3.7601254459140815e-8
3.717820892078313e-8
3.676092877335633e-8
3.6351204202071745e-8
3.594510203495544e-8
3.5543615486638405e-8
3.5149835790967946e-8
3.475317219087292e-8
3.437261930592836e-8
3.400290410776679e-8
3.362529013715325e-8