1.8816115304485456e-12
2.070384704150199e-11
3.9565094327296276e-11
5.847234280278489e-11
7.745502647837586e-11
9.656292881800431e-11
1.1586182114569301e-10
1.3528634135284923e-10
1.5490688696986623e-10
1.7469538179874084e-10
1.9502883419765484e-10
2.1524895188490596e-10
2.362107167045662e-10
2.573740396161765e-10
2.791196954195102e-10
3.006930405282723e-10
3.2317049509968825e-10
3.4577621331399634e-10
3.686940731773719e-10
3.928843620647551e-10
4.1738068680040194e-10
4.4307067447120133e-10
4.690415798814156e-10
4.956134667745065e-10
5.226689618076459e-10
5.504153311153532e-10
5.793414682538568e-10
6.087742606108384e-10
6.414481444844689e-10
6.729054594931695e-10
7.037819981493385e-10
7.395164786138908e-10
7.73548152737881e-10
8.133821732722911e-10
8.45633241487749e-10
8.861596030153218e-10
9.21049467157256e-10
9.612496905077986e-10
1.0048543756027219e-9
1.0516958307519699e-9
1.0888056518287947e-9
1.1399739846689398e-9
1.1790936751041808e-9
1.235401204985428e-9
1.2917276890459643e-9
1.339661329747718e-9
1.3940219122511778e-9
1.462837650675991e-9
1.5127071569989898e-9
1.5870547905294573e-9
1.6424636858835667e-9
1.7058271527375503e-9
1.7718216798713662e-9
1.8459177693486802e-9
1.917798713428905e-9
1.9745969171001663e-9
2.07260859074367e-9
2.150233468654991e-9
2.2493062878735327e-9
2.2714318879850313e-9
2.397371552383586e-9
2.498024243421357e-9
2.5838430223354165e-9
2.683603865839427e-9
2.808548347891509e-9
2.928818340640067e-9
3.0614102309698123e-9
3.152142347922353e-9
3.2411658507182358e-9
3.4326228917099117e-9
3.5087104673721984e-9
3.694117173453668e-9
3.719545837164361e-9
3.855265604280506e-9
4.0120862406354585e-9
4.171301068510325e-9
4.268153203872201e-9
4.47018781725862e-9
4.566211652207383e-9
4.805664384458633e-9
4.94391825590416e-9
4.995940397942909e-9
5.3000840504025464e-9
5.55617506938154e-9
5.69609873055429e-9
5.839627204520543e-9
6.001395535488995e-9
6.209716474726133e-9
6.305403031913135e-9
6.476985948539392e-9
6.744153559039089e-9
6.937071123531804e-9
7.183703508229579e-9
7.356826374556077e-9
7.840752672156142e-9
7.963494466195031e-9
8.1676512042423e-9
8.328301486084612e-9
8.634691945802731e-9
8.686156662181452e-9
8.947117717685383e-9
9.245391807392598e-9
9.473661897428356e-9
9.964148525625533e-9
9.866587877924762e-9
1.0154628171380222e-8
1.024297552365084e-8
1.0684994898027463e-8
1.0564255842242244e-8
1.0684115230699758e-8
1.0955528196886314e-8
1.0855092639839042e-8
1.1127073026705502e-8
1.1321263084134375e-8
1.126911616341655e-8
1.1253054854390617e-8
1.1183037810575973e-8
1.0996942768914821e-8
1.0762103663490219e-8
1.0415264841386049e-8
9.993567952270884e-9
9.391611632435293e-9
8.692185665741581e-9
7.85669938732609e-9
6.9053040144474255e-9
5.898962894618059e-9
4.982150985554322e-9
4.472085439838723e-9
5.080203646772858e-9
8.785388392293961e-9
2.612118958101264e-8
4.792736385708472e-7
8.073734665498566e-8
1.3091240914711743e-8
4.912208091624379e-9
2.4576974836847995e-9
1.4185991094892342e-9
8.875994046144594e-10
5.803116912452632e-10
3.8318314260483093e-10
2.3066517168572322e-10
6.194570713353582e-8
8.094301435872761e-8
9.049989991064424e-8
9.567908736465796e-8
9.834330429996853e-8
9.938753952935154e-8
9.946618715343338e-8
9.900728691959814e-8
9.814191147994156e-8
9.699700766074301e-8
9.534894362030465e-8
9.436363978083103e-8
9.277603897008911e-8
9.036558430081485e-8
8.901766750794671e-8
8.743459649159958e-8
8.592995446118249e-8
8.454854086224002e-8
8.280093789435096e-8
8.189431643077496e-8
7.970078959171532e-8
7.841668001845614e-8
7.707873205230028e-8
7.620422897356451e-8
7.42080635250088e-8
7.308715173079594e-8
7.193742174308583e-8
6.996366675918456e-8
6.928811784635151e-8
6.827549564946535e-8
6.722101814769015e-8
6.628607707171175e-8
6.50915097896829e-8
6.398235156107629e-8
6.267687388795848e-8
6.21816955362183e-8
6.0956912157043e-8
6.0137476144567e-8
5.941085608049898e-8
5.8499631943198304e-8
5.757155517873057e-8
5.674922242151821e-8
5.6135586348817036e-8
5.513406824674653e-8
5.434092849661722e-8
5.367866115280826e-8
5.305238526782423e-8
5.2574552386019095e-8
5.15145070775815e-8
5.0796262550894074e-8
5.047195583935519e-8
4.955829313692014e-8
4.905654249616005e-8
4.826529110747358e-8
4.7599263590191696e-8
4.719969764356818e-8
4.663087443669756e-8
4.5949981274594425e-8
4.5348139244134236e-8
4.481451046277296e-8