6.355719134160445e-11
6.992711589522196e-10
1.3357223544929495e-9
1.9737505879766356e-9
2.6138060290184083e-9
3.2568415702157716e-9
3.9033655661316384e-9
4.5547049513099624e-9
5.2108932559901725e-9
5.871552318492915e-9
6.536122370375763e-9
7.212245622637138e-9
7.893861005427226e-9
8.575608805638925e-9
9.270566104686487e-9
9.984249287963485e-9
1.0714045663830139e-8
1.1428256374493137e-8
1.217728628741824e-8
1.2910113247332678e-8
1.3711396924885047e-8
1.4479243785671025e-8
1.5305964468861552e-8
1.605605084980098e-8
1.6893447530339383e-8
1.7666946212413785e-8
1.8534046497834338e-8
1.9505809579178592e-8
1.9908658022800565e-8
2.1099084001547793e-8
2.1944997886962016e-8
2.2929587438438562e-8
2.388974766710223e-8
2.4790053093095677e-8
2.6117576394206857e-8
2.6654744270281974e-8
2.7737053714131614e-8
2.9055895657360888e-8
2.9663054420236907e-8
3.0764679005437625e-8
3.177265748899367e-8
3.281531528142578e-8
3.3802418745292744e-8
3.474240374566138e-8
3.5619656549200566e-8
3.7211570413187626e-8
3.8401668127702196e-8
3.866490230172586e-8
3.999564298763828e-8
4.089842616299097e-8
4.181092034714596e-8
4.138689185284404e-8
4.3703185230975966e-8
4.4175848967837186e-8
4.552536608717652e-8
4.631758616405822e-8
4.514253987966439e-8
4.7071473924249014e-8
4.780413676859166e-8
4.851858732691117e-8
4.792182123450502e-8
4.8201646936798214e-8
4.803033190704031e-8
4.717626769289666e-8
4.700399471314141e-8
4.545836167053177e-8
4.4158113388073515e-8
4.202973295170835e-8
3.933037054435825e-8
3.603687473759801e-8
3.2003146099858725e-8
2.7295245743535053e-8
2.214907126734608e-8
1.725772225323095e-8
1.4312684369257456e-8
1.7296258908023797e-8
3.847857837024146e-8
2.0241048602238206e-7
1.8089785381147885e-6
6.888016790254662e-8
2.0446160397441886e-8
9.410085272171888e-9
5.270497168226548e-9
3.2978478892453954e-9
2.2136786647007413e-9
1.558174959618836e-9
1.1335972405790868e-9
8.436688407459095e-10
6.369301165716866e-10
4.836375599315936e-10
3.649999567370687e-10
2.661584728333349e-10
4.251048919766109e-8
8.33215704120827e-8
1.027583800123491e-7
1.1437940089771783e-7
1.2161751660835255e-7
1.263092589129945e-7
1.29157793712783e-7
1.3080496968124854e-7
1.3141421742534673e-7
1.3135714851329054e-7
1.3048822544043145e-7
1.2964955347600093e-7
1.2840851333966e-7
1.2779286798422423e-7
1.258852089296952e-7
1.2479705956559853e-7
1.2353285641058237e-7
1.2130763157198692e-7
1.1875528854923997e-7
1.1520999350894595e-7
1.153505180758443e-7
1.1450283861036417e-7
1.1277429526801568e-7
1.1235864707438141e-7
1.1069194042787119e-7
1.0734782891591285e-7
1.0625929785783156e-7
1.0332727369851494e-7
1.0374786480964525e-7
1.015623217608794e-7
1.0037634724057229e-7
9.773805050773732e-8
9.579778446608649e-8
9.532503034938883e-8
9.241720362275262e-8
9.149381346326452e-8
9.09332269744419e-8
8.88955633826108e-8
8.609488010583218e-8
8.693854717495928e-8
8.557693729329257e-8
8.418012362253679e-8
8.29194576557491e-8
8.197323929299567e-8
8.10362002839897e-8
7.942005958621318e-8
7.829912624591117e-8
7.78075779963072e-8
7.639469596621801e-8
7.598149399354516e-8
7.460894735649519e-8
7.346301988057057e-8
7.239234957402184e-8
7.113952992513222e-8
7.008859998431747e-8
6.969913508232491e-8
6.882104634299198e-8
6.796412237551813e-8
6.691943811991492e-8
6.603955266844781e-8
6.53089906012852e-8
6.427302315625152e-8
6.351197786518198e-8
6.303857020274865e-8
6.224925966051514e-8
6.129205014952166e-8
6.053542976238167e-8
5.968660260988164e-8
5.9106405548970206e-8
5.835930767274803e-8
5.757291492333934e-8
5.679141844718641e-8
5.6174732985478364e-8
5.5567297278813305e-8
5.4888001391304167e-8
5.423390975634064e-8
5.3594044216475175e-8
5.285149398854726e-8
5.239971668720626e-8
5.176214598473102e-8
5.1119567563418306e-8
5.0554443911812276e-8
4.9919759585484544e-8
4.9042290414000015e-8
4.857512340570428e-8
4.822646197642684e-8
4.763944336323762e-8
4.709939262146908e-8
4.6549823425253675e-8
4.599668181589466e-8
4.5530644795149914e-8
4.497554541033562e-8
4.451389950598102e-8
4.391446754220134e-8
4.3497710050637824e-8
4.303188283437867e-8
4.256579332449111e-8
4.2110183191194216e-8
4.163399714041727e-8
4.118549386548993e-8
4.0730666703536065e-8
4.0308207363778267e-8
3.9820229937636077e-8
3.9379803049541785e-8
3.898712962212547e-8
3.856642694898579e-8
3.81778510085837e-8
3.7759855599229394e-8
3.736168266439647e-8