4.172555762381559e-12
4.591338254871493e-11
8.773044066575072e-11
1.2966408929621723e-10
1.7182260121806224e-10
2.1414751135871517e-10
2.5683235749558196e-10
2.999366781773521e-10
3.432353756320419e-10
3.8742614348938624e-10
4.3205225340078757e-10
4.771608215753558e-10
5.234345645384493e-10
5.699985927610459e-10
6.178112560023708e-10
6.657687533026909e-10
7.157184256112065e-10
7.66804869578861e-10
8.14050348256939e-10
8.671192606916037e-10
9.226480234135422e-10
9.772745611276458e-10
1.0364972700469867e-9
1.0924148814636543e-9
1.1560736956101217e-9
1.2157137408233279e-9
1.2769979576508294e-9
1.3304662447827563e-9
1.413770940878422e-9
1.4832969441221374e-9
1.5362489864379744e-9
1.617461933977347e-9
1.6932786419351703e-9
1.779122729742754e-9
1.8504399998193287e-9
1.9401797897329893e-9
2.036962831662807e-9
2.123244998542246e-9
2.2115589960506124e-9
2.305729981174443e-9
2.405105555362153e-9
2.5038108541310046e-9
2.5977093383338242e-9
2.704678610252046e-9
2.8085608175808433e-9
2.9569157137628383e-9
3.0431214544857353e-9
3.1156283991298083e-9
3.316590484352115e-9
3.421005566352897e-9
3.5452697904513596e-9
3.6603488932285698e-9
3.880991623710819e-9
4.0188654511355415e-9
4.168773433655728e-9
4.315769486740407e-9
4.475000067618236e-9
4.724901616708308e-9
4.846975516505406e-9
4.9705681264997524e-9
5.156536411015441e-9
5.309482237742118e-9
5.506415358699568e-9
5.798352827882383e-9
5.970586298341254e-9
6.238891646398274e-9
6.402124454691401e-9
6.621543042833916e-9
6.884111333325864e-9
7.0121426623760565e-9
7.399108737636848e-9
7.766916784526904e-9
7.920703243187793e-9
8.095357718091559e-9
8.416333412178194e-9
8.46638533955093e-9
8.885446333154967e-9
9.070253507282109e-9
9.404659180695808e-9
9.400013355927763e-9
1.0013644350786671e-8
1.0375261299442069e-8
1.065471084301141e-8
1.089683304246634e-8
1.1196604472503e-8
1.1555626775458676e-8
1.1788897761048872e-8
1.2086841741822186e-8
1.2518258430702858e-8
1.2666902933569268e-8
1.2982468304774408e-8
1.3091273697543183e-8
1.354397659402704e-8
1.4048822777432875e-8
1.4180621911684596e-8
1.4502896545740366e-8
1.4160229098130065e-8
1.463432795021258e-8
1.484129887075561e-8
1.4974549660262055e-8
1.5214556628088193e-8
1.515737391769802e-8
1.518431189512722e-8
1.4939030884909202e-8
1.4774972861261659e-8
1.4458961332965432e-8
1.4040491624530706e-8
1.3430473603625166e-8
1.2678241581984933e-8
1.1765788890793978e-8
1.0656105872549108e-8
9.371647395158263e-9
7.983548296032998e-9
6.657396727033151e-9
5.772596741810871e-9
6.182705624497402e-9
1.0170013123403658e-8
2.8892569491366934e-8
3.93280062635389e-7
1.2053750913146484e-7
1.7453190702513627e-8
6.388616530409016e-9
3.1723681233628724e-9
1.8313527801555264e-9
1.1529096363001795e-9
7.644464055217773e-10
5.207306305296821e-10
3.5402349143950677e-10
2.134678216144251e-10
6.54043264816057e-8
8.480893606694726e-8
9.496815590527071e-8
1.0061736854562814e-7
1.0377343069424313e-7
1.0513168252915484e-7
1.0581411604985694e-7
1.056243995326974e-7
1.0482037594549418e-7
1.0393897144278665e-7
1.0257625381724197e-7
1.0046599734138777e-7
9.972015338028401e-8
9.81266544191579e-8
9.706553620180728e-8
9.460445026494309e-8
9.306703393662142e-8
9.147902706788444e-8
9.011719095853749e-8
8.739168709503175e-8
8.630503973856495e-8
8.5394004610072e-8
8.405588504813716e-8
8.182966300531767e-8
8.077222143054679e-8
7.891308592956263e-8
7.834808748640388e-8
7.650166620887799e-8
7.580893096155555e-8
7.449608145616562e-8
7.33813538952874e-8
7.184899765649214e-8
7.093627013052485e-8
7.009035724689545e-8
6.869658638400277e-8
6.717486861485816e-8
6.639438834160596e-8
6.557677624257078e-8
6.4546698295095e-8
6.362170662966627e-8
6.292558444907912e-8
6.194773105924908e-8
6.099037324195494e-8
6.019209804370188e-8
5.885348172287772e-8
5.854420878199346e-8
5.792539558820034e-8
5.729182577516036e-8
5.6174536977261215e-8
5.5445925886912176e-8
5.4733915337486767e-8
5.4061670797275385e-8
5.317731970533771e-8
5.2721412081652664e-8
5.1834055344761905e-8
5.12040210627152e-8
5.071254109012081e-8
4.995025854887667e-8
4.945338869215679e-8
4.882548824224255e-8
4.8137750156657947e-8
4.7634788255214304e-8
4.700573815604655e-8
4.650493479193234e-8
4.59131363285942e-8
4.534306098158793e-8
4.493037137221081e-8
4.4432788788017836e-8
4.38434442478134e-8
4.338264206611784e-8
4.288668723550992e-8
4.243934088505663e-8