1.0226781735003939e-8
1.1166928695961452e-7
2.0903050520678702e-7
2.9879593124978325e-7
3.7777815890880645e-7
4.4317952473636766e-7
4.925867923062326e-7
5.238762676716761e-7
5.350660952109658e-7
5.241445309914098e-7
4.889712431832428e-7
4.2745431694687735e-7
3.3860188566154013e-7
2.2607695481390918e-7
1.0794702190955284e-7
3.307873085345229e-8
3.425038966639313e-8
5.394077358765489e-8
9.629384237097081e-8
2.17657650282965e-7
8.875188049639068e-7
0.0009126484879369648
7.809485069417451e-7
1.974597003549333e-7
8.70731798953127e-8
4.829892221488859e-8
3.037862518209213e-8
2.068195027378976e-8
1.4866509149356136e-8
1.1116362123113022e-8
8.564066434802323e-9
6.753147348700751e-9
5.424991636210646e-9
4.424293678448454e-9
3.6532792275881602e-9
3.0479419331537703e-9
2.5649817906795106e-9
2.174272616332864e-9
1.8543394605580426e-9
1.58954676815234e-9
1.3682942467975311e-9
1.1818307197933467e-9
1.0234528089353682e-9
8.879528525542537e-10
7.712301141021606e-10
6.700108986452094e-10
5.816414749712522e-10
5.039278933367511e-10
4.3500062252392344e-10
3.731752750089721e-10
3.1674415775828854e-10
2.6343765378578196e-10
2.0732890868132702e-10
7.434917491168261e-8
1.1461152046498097e-7
1.370795059256977e-7
1.5179560833758556e-7
1.619076229954542e-7
1.6876524910384263e-7
1.7352468153348511e-7
1.7692801333260864e-7
1.789162727480031e-7
1.8021811167796119e-7
1.806814226026969e-7
1.8032870642053758e-7
1.796316319431324e-7
1.7891679465658345e-7
1.777289022966406e-7
1.7627344721686514e-7
1.7512041306392914e-7
1.7294449435407937e-7
1.7154456699424855e-7
1.692709892463013e-7
1.6793229834623668e-7
1.6605610149498105e-7
1.64052867830275e-7
1.6192381298676288e-7
1.5975105757482105e-7
1.577373339842171e-7
1.554498978360339e-7
1.5368609676023168e-7
1.5188481437842592e-7
1.4972494826050334e-7
1.4690982431243245e-7
1.4576661034013553e-7
1.4380600742417013e-7
1.4173106193586227e-7
1.3975993171130837e-7
1.3787266193559773e-7
1.3590005238215847e-7
1.3400630516381348e-7
1.3242379568025522e-7
1.301732002873337e-7
1.2878101425077153e-7
1.2682920660069005e-7
1.2509401976349235e-7
1.235059182839684e-7
1.2151876523876468e-7
1.2010469998078193e-7
1.1825699339565377e-7
1.1670183066725047e-7
1.1510522191949727e-7
1.1338620129764119e-7
1.1189039543767719e-7
1.1032919260173202e-7
1.0874826371085757e-7
1.0719848524673199e-7
1.0580510875816054e-7
1.0432853581293656e-7
1.028444898245313e-7
1.0144828269600912e-7
1.00117734503256e-7
9.869368809036933e-8
9.739645829948282e-8
9.589574182417066e-8
9.473255746675076e-8
9.336385541495208e-8
9.208313663650544e-8
9.086747046167023e-8
8.957026385378632e-8
8.844797409594362e-8
8.71644343235816e-8
8.605860587958057e-8
8.476534961347372e-8
8.371299790584757e-8
8.249833789931737e-8
8.146211327623869e-8
8.032372960065096e-8
7.905645513236053e-8
7.815545334161953e-8
7.717598293557655e-8
7.614946098168377e-8
7.509893729984662e-8
7.405495752386685e-8
7.305689406377207e-8
7.227079401035099e-8
7.119223808361434e-8
7.022838268792241e-8
6.922332343032522e-8
6.836873015756314e-8
6.74877134406083e-8
6.658892074731025e-8
6.573414859716136e-8
6.487764427476648e-8
6.400854063620404e-8
6.314560302758478e-8
6.240583124075301e-8
6.157771013731814e-8
6.078121276659695e-8
6.002976942534582e-8
5.920294447543516e-8
5.843965585925668e-8
5.7675447932934726e-8
5.699284011829417e-8
5.628342831808642e-8
5.556153687263416e-8
5.484808496485723e-8
5.4146926430536945e-8
5.349197081370113e-8
5.279198713215221e-8
5.213582540898059e-8
5.1473957173569403e-8
5.084539653160857e-8
5.020759395578302e-8
4.9591606601738484e-8
4.8985421355257315e-8
4.837145092415646e-8
4.7776793216024016e-8
4.719870154823844e-8
4.661648176342625e-8
4.605555772859539e-8
4.548364652477297e-8
4.494186908996542e-8
4.4397318052955e-8
4.386623344909586e-8
4.332869497505869e-8
4.2813411513609766e-8
4.2306416430864804e-8
4.180288586641013e-8
4.130974573167744e-8
4.082224837072332e-8
4.0340404452547375e-8
3.985305194916111e-8
3.938677479971978e-8
3.8929398399730834e-8
3.846784036406478e-8
3.803380424232561e-8
3.758441365535624e-8
3.7153067393719456e-8
3.6719993407287655e-8
3.631194042773246e-8
3.589311445938467e-8
3.5484612534383304e-8
3.5077976686971034e-8
3.46794218133627e-8
3.428479064228666e-8
3.3894030662358326e-8
3.3515652593323804e-8
3.313499510422959e-8
3.276957487272204e-8
3.240323844863106e-8