1.6684463722525161e-12
1.8357867735764306e-11
3.5080776733980466e-11
5.184546349025962e-11
6.867856739980722e-11
8.568199976017622e-11
1.0275913028520949e-10
1.199322309691998e-10
1.3744864047307322e-10
1.5510069708940382e-10
1.727848761579471e-10
1.908823530937957e-10
2.0938196355022925e-10
2.2806805095330032e-10
2.4718901911591146e-10
2.6690567651326513e-10
2.8599666246783355e-10
3.0690915881460356e-10
3.272353277338564e-10
3.482458904863716e-10
3.714507812235583e-10
3.935589290597052e-10
4.1547940894141505e-10
4.387647928639329e-10
4.6459767012255543e-10
4.87963671746718e-10
5.141194731499459e-10
5.414349751541326e-10
5.67681398025753e-10
5.96784400016406e-10
6.259397484731426e-10
6.545001253783723e-10
6.852007441920652e-10
7.174631914691836e-10
7.454095057979035e-10
7.838585777931378e-10
8.168026598410608e-10
8.545649611951168e-10
8.989777028275119e-10
9.32564241690355e-10
9.807731590779078e-10
1.0186618001525373e-9
1.051101893553225e-9
1.0957133030703744e-9
1.1480131816268866e-9
1.179339458271474e-9
1.2428292827099186e-9
1.2935194933397118e-9
1.3558201805895725e-9
1.4020261931372673e-9
1.4638049801320574e-9
1.5182788588311263e-9
1.5764976612029665e-9
1.6421874008295078e-9
1.6994712721005772e-9
1.7738029798882844e-9
1.8509414784511833e-9
1.9146104477701068e-9
2.0069527448566443e-9
2.054425686748358e-9
2.154841025207008e-9
2.1761284097307185e-9
2.3032963838131307e-9
2.3909987630806125e-9
2.5048970694113124e-9
2.5861543293229298e-9
2.682117271020459e-9
2.774578879597559e-9
2.9126029423210265e-9
3.022470588421333e-9
3.102728726396984e-9
3.2454649364680717e-9
3.365612977453183e-9
3.4399143915387663e-9
3.532483509791497e-9
3.7459540783910905e-9
3.83928688371236e-9
3.966782171552805e-9
4.171320831207933e-9
4.229334268405088e-9
4.428966419093376e-9
4.56677827126929e-9
4.551055126774278e-9
4.836087218851734e-9
5.0159307889432855e-9
5.292032536537754e-9
5.39340828181615e-9
5.645517449116614e-9
5.712731264912068e-9
6.034543085746132e-9
6.0705090844942075e-9
6.2762228152095e-9
6.529903952845679e-9
6.6892858538761846e-9
6.874567023760104e-9
7.088186767864898e-9
7.46473267764829e-9
7.691128186482207e-9
7.963200230931806e-9
8.158766214005738e-9
8.237699133517753e-9
8.285818065912746e-9
8.582073359478371e-9
8.894367216299523e-9
9.029074615486788e-9
9.16286334683533e-9
9.475206029244026e-9
9.995485245794691e-9
9.86556757870568e-9
9.958975421993146e-9
1.0159799976016894e-8
1.0359369581105452e-8
1.0215991191710986e-8
1.0426736478514288e-8
1.0761132389540563e-8
1.0745973505085815e-8
1.0827523516239564e-8
1.079335140115299e-8
1.0585178480001712e-8
1.0506152596447761e-8
1.034561444378867e-8
9.96354212163977e-9
9.547204894083586e-9
8.989828872514676e-9
8.320288635953406e-9
7.517554328410483e-9
6.6069213353107346e-9
5.646895262723152e-9
4.7790776040877596e-9
4.312155776213666e-9
4.938812893737713e-9
8.596849818827459e-9
2.5719422576283034e-8
4.940305615233515e-7
7.646014991666531e-8
1.2570192467967819e-8
4.731127480862378e-9
2.369016571181523e-9
1.3670344524753313e-9
8.542642929077232e-10
5.569610761977359e-10
3.65197732317968e-10
4.305255901525783e-9
6.503779648611359e-8
8.212437100865348e-8
9.074037141738581e-8
9.538390061022712e-8
9.771734293850566e-8
9.858683022882177e-8
9.86370251087591e-8
9.795369270553523e-8
9.705716836345455e-8
9.565157740951056e-8
9.438386745028089e-8
9.304185017761687e-8
9.156175300621769e-8
8.97052553581593e-8
8.786955211519448e-8
8.624533442959274e-8
8.47757849210857e-8
8.24708801054341e-8
8.150820883994261e-8
7.917287355338385e-8
7.934013213175305e-8
7.77078413689859e-8
7.587445720025589e-8
7.429121909600699e-8
7.321228489312684e-8
7.220141245772157e-8
7.054996165427408e-8
6.971384356876297e-8
6.853939596524826e-8
6.744738299576344e-8
6.602029028792868e-8
6.481555996119e-8
6.406483158772965e-8
6.100078843093441e-8
6.246380727235439e-8
6.110352093893123e-8
6.015765188060397e-8
5.9368882247922384e-8
5.848476766566424e-8
5.774569366498129e-8
5.6628393954237803e-8
5.601696638921024e-8
5.489377456841718e-8
5.4474429597094664e-8
5.363105992046186e-8
5.294738379413733e-8
5.215211961326244e-8
5.155858240814537e-8
5.089059330460697e-8
5.005349144640155e-8
4.996328125115589e-8
4.887375666452745e-8
4.8227542423561194e-8
4.7614192070410256e-8
4.70914549641074e-8
4.6490167796224184e-8
4.589554562504738e-8
4.525460619407285e-8