2.2446012285453185e-11
2.469560234892062e-10
4.718508160386738e-10
6.973041416859425e-10
9.238565811789349e-10
1.1511177657827454e-9
1.3804290143475324e-9
1.6028337520410536e-9
1.8427222552703775e-9
2.0809524429232617e-9
2.315202547679521e-9
2.5608388585444557e-9
2.791141785316963e-9
3.049390571469267e-9
3.306225869914921e-9
3.5710990543575386e-9
3.824147804791087e-9
4.096305473933832e-9
4.346864150607278e-9
4.646768093233642e-9
4.916083789621273e-9
5.208935912939181e-9
5.503445400524713e-9
5.818535150252656e-9
6.11819371139113e-9
6.454848662076816e-9
6.752260629966267e-9
7.057342425595475e-9
7.3774484597675905e-9
7.746558209136218e-9
8.157569517284904e-9
8.513291248873007e-9
9.046051060207072e-9
9.340672978998641e-9
9.64464446852142e-9
9.964271443942798e-9
1.054491372556054e-8
1.079576869234042e-8
1.1216884049955487e-8
1.1641721906160183e-8
1.213928044495867e-8
1.2872265330129853e-8
1.2926371982755998e-8
1.3864264216202906e-8
1.4169299565205694e-8
1.4790767273130955e-8
1.4834018441961292e-8
1.5368937894731063e-8
1.628210873311349e-8
1.6935791388495794e-8
1.7178585738885416e-8
1.7298870915889705e-8
1.8460261811801226e-8
1.899624655221643e-8
1.9867681521320824e-8
1.9815426658098975e-8
2.0794969420016774e-8
2.1716146882438598e-8
2.2210358148121707e-8
2.265591237677482e-8
2.3286235561859026e-8
2.383081996981965e-8
2.4230070852335713e-8
2.5006775578394997e-8
2.5807838776045687e-8
2.6367891302654282e-8
2.69310561465006e-8
2.7056757368027707e-8
2.852162590313894e-8
2.7684255541144247e-8
2.8956532536407905e-8
2.9317358429834954e-8
2.9413055934544015e-8
2.9757361783354895e-8
2.964373837612779e-8
2.9257010028825592e-8
2.9694905818387383e-8
2.9696389346997487e-8
2.9381500424077002e-8
2.8405747584746593e-8
2.817038504308421e-8
2.7124992192243614e-8
2.572976211382574e-8
2.3982623853289023e-8
2.186655549561062e-8
1.9326568578276496e-8
1.644069169933255e-8
1.3432837088808506e-8
1.08577274947791e-8
1.0006703873448146e-8
1.4045697577062305e-8
3.504342888035467e-8
2.612631966163611e-7
4.150378352216436e-7
3.6988286351311076e-8
1.2326140683860536e-8
5.917977919112979e-9
3.3778799015513763e-9
2.130096040703431e-9
1.4308870603695638e-9
1.0021075098947394e-9
7.208770200564356e-10
5.259302442293325e-10
3.832053745181695e-10
2.692671071985851e-10
4.724849058605252e-8
8.16647274954163e-8
9.845120736768109e-8
1.082562197867502e-7
1.1411418148838454e-7
1.1774904389309162e-7
1.1981834967011473e-7
1.2073702771280853e-7
1.2083024603549682e-7
1.1974848863432557e-7
1.1939581511160798e-7
1.182973526213796e-7
1.1720213834523307e-7
1.1511368942187315e-7
1.1456313147507377e-7
1.1273210258119824e-7
1.0963695584976354e-7
1.0806827207812827e-7
1.054173446844588e-7
1.06363108939318e-7
1.0392863202424249e-7
1.0289348816904715e-7
1.0082118790987521e-7
9.872061611649879e-8
9.650059942809338e-8
9.578598213219267e-8
9.501972714849671e-8
9.285192961637433e-8
9.187479514636814e-8
9.017766166292469e-8
8.797216352057615e-8
8.731781941136017e-8
8.667271536686119e-8
8.459170113332899e-8
8.34960539316443e-8
8.209112793502199e-8
8.096161060538565e-8
7.826495709656986e-8
7.862746446326998e-8
7.734124535794338e-8
7.606052266181513e-8
7.439532351254663e-8
7.521816845206341e-8
7.290084664238895e-8
7.210392202056787e-8
7.133559487053816e-8
7.024452291411677e-8
6.898409074366443e-8
6.800442890136014e-8
6.73502754585629e-8
6.621668335996076e-8
6.54731118392249e-8
6.433367712858326e-8
6.388205667028083e-8
6.281881876673187e-8
6.219357238937552e-8
6.112475186633657e-8
6.045707101472239e-8
5.962645344423985e-8
5.9180224108491503e-8
5.8316688985494636e-8
5.769589319926369e-8
5.677733908680742e-8
5.614452041477252e-8
5.544218760597662e-8
5.4881922969306775e-8
5.4109382823499236e-8
5.338581726434448e-8
5.271910191812922e-8
5.208831490737353e-8
5.1614477484613143e-8
5.092851255187014e-8
5.041163809773889e-8
4.980644219259578e-8
4.9287219309047584e-8
4.875294788061058e-8
4.810802457556305e-8
4.755809457644692e-8
4.6888621060124866e-8
4.650391459899669e-8
4.6023070869188104e-8
4.537955318785742e-8
4.486530774060593e-8
4.438623141309417e-8
4.376451384046266e-8
4.342817953381931e-8
4.2967690395056774e-8
4.2500716659767786e-8
4.200223629173253e-8
4.150995956903598e-8
4.1103516128845656e-8
4.065937367190266e-8
4.021413521610451e-8
3.979117050371418e-8
3.934099166796464e-8
3.892642434492445e-8