2.491625780205056e-13
2.7416436939865966e-12
5.238503823432964e-12
7.743209156555852e-12
1.0259491614539461e-11
1.279220838781421e-11
1.534571545554149e-11
1.7919627624843435e-11
2.0522126438796622e-11
2.315373364486817e-11
2.5828102310916997e-11
2.8526107038495233e-11
3.128530499477043e-11
3.407870370044628e-11
3.6933248481298894e-11
3.983941941620078e-11
4.279050857924853e-11
4.583815945151627e-11
4.894087510359703e-11
5.2121888598607966e-11
5.538251756301142e-11
5.8723654998524e-11
6.214437689122575e-11
6.563027850313768e-11
6.92593940751032e-11
7.301386916846048e-11
7.686433406354179e-11
8.080870920535321e-11
8.501123401380765e-11
8.90684171698508e-11
9.352792648439968e-11
9.79242143690657e-11
1.0248170864488183e-10
1.0719289268104057e-10
1.1220367625942166e-10
1.1728552445229904e-10
1.2269237720529053e-10
1.2792946832702448e-10
1.3378717666508065e-10
1.395776710568703e-10
1.4558998278173336e-10
1.518539866659109e-10
1.585456937766569e-10
1.6528552072199183e-10
1.7219922997142744e-10
1.7954406760259168e-10
1.8701100982931592e-10
1.9476052846575258e-10
2.0293421002709676e-10
2.113661784375554e-10
2.1990675286089265e-10
2.2901473558786218e-10
2.3796591046337514e-10
2.4858894627393845e-10
2.5808616146908346e-10
2.687136849567088e-10
2.7949720293176617e-10
2.9092929192438393e-10
3.0217909112220436e-10
3.1467164470744927e-10
3.2639505334314744e-10
3.4039174768024227e-10
3.5265635008987217e-10
3.673596905358245e-10
3.8166008892854746e-10
3.968680855483123e-10
4.128062979735876e-10
4.293655133886959e-10
4.4629771921328126e-10
4.6212036346834474e-10
4.848124212203172e-10
5.015965359611631e-10
5.219198972776313e-10
5.396288310473465e-10
5.601381233880388e-10
5.836546610928401e-10
6.00032413570133e-10
6.287776283355706e-10
6.51144711175204e-10
6.788031306898507e-10
7.082872230296557e-10
7.313569717652739e-10
7.580857136885108e-10
7.938981376929241e-10
8.212432846623983e-10
8.474380472197094e-10
8.858945207314229e-10
9.171064188255847e-10
9.544048435261663e-10
9.866968171684714e-10
1.0263015499633602e-9
1.070995755897883e-9
1.115864736941983e-9
1.1285738598188938e-9
1.191330270244594e-9
1.232520584447974e-9
1.289327899232516e-9
1.3134277875127921e-9
1.3794998940158355e-9
1.426835539642111e-9
1.4779339151105999e-9
1.5357202186195732e-9
1.5922882808683193e-9
1.6475869025278827e-9
1.7091932101521272e-9
1.7757137637491993e-9
1.8322926636933124e-9
1.902912556281789e-9
1.9845653470093695e-9
2.0444766764177484e-9
2.1259102028412734e-9
2.1804826294830843e-9
2.2696201739583243e-9
2.3628757225222213e-9
2.4490628989849107e-9
2.5138846749393725e-9
2.599241691290333e-9
2.683830743878277e-9
2.7876996121152637e-9
2.907599266465884e-9
2.9551500581798266e-9
3.0559545912626734e-9
3.171221193047346e-9
3.303597737696151e-9
3.409503535835944e-9
3.49264086413616e-9
3.5340096866702456e-9
3.7048324791565957e-9
3.77001308039088e-9
3.9396093417020504e-9
4.054011512564677e-9
4.113895375336303e-9
4.260655701200856e-9
4.415556648240201e-9
4.475763939872488e-9
4.658803877606903e-9
4.782679546474978e-9
4.866336431066169e-9
5.005107801749909e-9
5.1441174565041665e-9
5.235499925940145e-9
5.372854559694165e-9
5.432862321375854e-9
5.516248960575784e-9
5.643673689411136e-9
5.663277706548285e-9
5.772642810076399e-9
5.77900975418869e-9
5.789453328924474e-9
5.847758951915635e-9
5.78262833729809e-9
5.728442336027691e-9
5.630308627181945e-9
5.494853868770906e-9
5.318182639812274e-9
5.108349466543421e-9
4.755581354547207e-9
4.3841292774471295e-9
3.953110420834649e-9
3.480673899557234e-9
3.010222889524593e-9
2.640653552959423e-9
2.5781504542391302e-9
3.289024199767392e-9
6.186335361299326e-9
2.0043179450872022e-8
8.205968754048427e-7
3.728836803361043e-8
7.1220721498524184e-9
2.7675955178637756e-9
1.3911553474124584e-9
7.920190960781001e-10
4.769120879604791e-10
2.771021060732951e-10
5.4008349890711146e-8
7.250561011241472e-8
8.066752648750182e-8
8.444027567063795e-8
8.600896361293787e-8
8.631564257125641e-8
8.582897770314425e-8
8.486295975523164e-8
8.358531999854256e-8
8.202999278689559e-8
8.056907505844542e-8
7.896009563768787e-8
7.735776183450777e-8
7.581293862010522e-8
7.419529667816214e-8
7.28158512485252e-8
7.090779666101446e-8
7.004709019007674e-8
6.837829875706815e-8
6.714294239295354e-8
6.553815438410157e-8
6.44137381682631e-8
6.258806329353132e-8
6.173770112922146e-8
6.070434142845839e-8
5.953753896016238e-8
5.877652423097196e-8