7.888119578639186e-11
8.678238283892683e-10
1.6576244635466737e-9
2.4491448353213822e-9
3.2432524838353563e-9
4.04078756957878e-9
4.84254079264491e-9
5.6463168492282775e-9
6.458289310816778e-9
7.280762825209256e-9
8.10352136211162e-9
8.930832644616505e-9
9.77846125308245e-9
1.0629690026570181e-8
1.148657556469499e-8
1.235304074264346e-8
1.3240446905865167e-8
1.4141714953372603e-8
1.5041879106046402e-8
1.5982556479630337e-8
1.688399568098814e-8
1.783435589721759e-8
1.88407715867178e-8
1.9777737441615648e-8
2.07514397544176e-8
2.1764099766918312e-8
2.2750621470092696e-8
2.3836942566788055e-8
2.4954292772959592e-8
2.5839962999880264e-8
2.7055833928885735e-8
2.8003628483952193e-8
2.932280593256042e-8
3.0236231683597395e-8
3.1246284823994067e-8
3.2475690226478e-8
3.3535122644326516e-8
3.488624441950471e-8
3.552118573334805e-8
3.721475606535273e-8
3.832777211742393e-8
3.938308370510623e-8
4.0543564267593294e-8
4.170532303496368e-8
4.25074074783439e-8
4.366894314787652e-8
4.5204803398893696e-8
4.599195087057945e-8
4.7204907139537354e-8
4.75776781130601e-8
4.865643663445562e-8
4.784087772227311e-8
5.033364755676597e-8
5.209971027616402e-8
5.226956874333791e-8
5.33975701039393e-8
5.241572174835293e-8
5.255061533493703e-8
5.3702917722402304e-8
5.3281325272209714e-8
5.3097466481820364e-8
5.185277728324362e-8
5.0741820971625115e-8
4.872715839399362e-8
4.682759651886451e-8
4.38642950252167e-8
4.0151642582728684e-8
3.5725685168026264e-8
3.05035692650686e-8
2.4728972102699334e-8
1.914184332873266e-8
1.552752358374344e-8
1.8078169944427088e-8
3.908560784848283e-8
1.9178974768140286e-7
3.0089803336343566e-6
8.026938574478574e-8
2.301719801880929e-8
1.046417985797778e-8
5.8276121128212455e-9
3.636411130194827e-9
2.4383458513764747e-9
1.7165683464033028e-9
1.2503590543854696e-9
9.328089105405645e-10
7.070468686954728e-10
5.404357787654615e-10
4.127972267938738e-10
3.0996546006323574e-10
2.141414559604448e-10
6.853823185358074e-8
9.544749543469922e-8
1.1063029537550498e-7
1.2008431919873857e-7
1.2609175016523398e-7
1.2987173928903286e-7
1.3206531848616512e-7
1.333859115349186e-7
1.3372656708619532e-7
1.3369264271193734e-7
1.3287604008276668e-7
1.3175806496524746e-7
1.3072456338644415e-7
1.291880194214046e-7
1.2815356645162527e-7
1.2542492764932516e-7
1.2419355233010938e-7
1.2168859347366602e-7
1.2125274560510812e-7
1.1717281929462373e-7
1.161822464453254e-7
1.1821990629213899e-7
1.1345427059112316e-7
1.1269638147709966e-7
1.1274675669480613e-7
1.0768497449892404e-7
1.0665744615543317e-7
1.0575320688197793e-7
1.0523238176256861e-7
1.0213600188616711e-7
1.0035928677035046e-7
9.862113144848765e-8
9.933143251083489e-8
9.597818051901242e-8
9.437893312745631e-8
9.352010382342152e-8
9.20944438003324e-8
9.071763148025866e-8
8.837344589943021e-8
8.82559323351012e-8
8.711751140472069e-8
8.590291301425797e-8
8.417318265092263e-8
8.349319676136106e-8
8.250099012434806e-8
8.031010633591012e-8
7.922026692948114e-8
7.892680167788019e-8
7.867444055272334e-8
7.670682085609878e-8
7.558040572642859e-8
7.503826670552086e-8
7.353488254041464e-8
7.241564348137554e-8
7.14622274882592e-8
7.106858719906848e-8
6.98474571029918e-8
6.909812279096366e-8
6.82103503578848e-8
6.72182366594931e-8
6.632800566646514e-8
6.546334617981244e-8
6.461082574709835e-8
6.374644681354787e-8
6.303469355179713e-8
6.232665398470567e-8
6.140616562418629e-8
6.066917394844874e-8
6.000667446557487e-8
5.9201230732141043e-8
5.85578393337938e-8
5.772227892206662e-8
5.7153522677360095e-8
5.636457117347259e-8
5.5779147067055135e-8
5.514522136442517e-8
5.449914291420362e-8
5.3727544940322605e-8
5.301942674081522e-8
5.241889648579603e-8
5.18453604277101e-8
5.129928261441274e-8
5.0677738437040296e-8
4.999731271130145e-8
4.948963707430105e-8
4.8854656905221205e-8
4.835074134722147e-8
4.788932671447547e-8
4.724710432747943e-8
4.670496604822293e-8
4.6195161753356244e-8
4.569155136931396e-8
4.5175696869404625e-8
4.4647668385137884e-8
4.414141956729112e-8
4.3652692274253024e-8
4.3163516099850474e-8
4.2686715203470485e-8
4.224186150114858e-8
4.1780714580755544e-8
4.133235565395054e-8
4.083564887621171e-8
4.0392739884743525e-8
3.993696677770318e-8
3.951575931788417e-8
3.908720851769778e-8
3.868193835765832e-8
3.8266052365540354e-8
3.788312086029586e-8
3.745409527626839e-8
3.70529427458837e-8