3.4638439251416427e-12
3.811358500957425e-11
7.282966487694892e-11
1.0762574413155741e-10
1.4261808358224923e-10
1.7782133314256223e-10
2.1323850754362734e-10
2.492902329331905e-10
2.853025885791951e-10
3.217291049515742e-10
3.5900971765619726e-10
3.962934521816185e-10
4.3462508643996134e-10
4.734971185325473e-10
5.120279519680179e-10
5.528138205721838e-10
5.928143466636314e-10
6.357973400322686e-10
6.786048075519253e-10
7.24699817120625e-10
7.673498567837126e-10
8.13709214460567e-10
8.621642961555048e-10
9.0996113075924e-10
9.608390685873932e-10
1.008126282045356e-9
1.0664002711617434e-9
1.1178099069188057e-9
1.1739265815858905e-9
1.2294569955544318e-9
1.2907285239865376e-9
1.3524552810717487e-9
1.413122924815272e-9
1.4845173925589388e-9
1.5457275735447919e-9
1.608841505911511e-9
1.6965918457782616e-9
1.7600769375560558e-9
1.840799330466605e-9
1.9249977422647987e-9
2.0011124525709326e-9
2.1185165983686352e-9
2.1744054401978745e-9
2.269828517173166e-9
2.354480644498919e-9
2.439841016592682e-9
2.537068424550659e-9
2.6328908552319317e-9
2.780966348303724e-9
2.8405804261973248e-9
2.9635725483272674e-9
3.063264632170419e-9
3.2200442382018262e-9
3.3442092139431034e-9
3.4651119737535005e-9
3.6076201458001034e-9
3.744064024535242e-9
3.855921081099819e-9
4.044971359426047e-9
4.220987363182284e-9
4.312330337028953e-9
4.492566632346802e-9
4.632058704384054e-9
4.74915821640997e-9
4.985482057157381e-9
5.171905933630116e-9
5.373414124933973e-9
5.544150989117869e-9
5.740946030625379e-9
5.989295907944264e-9
6.371464296896459e-9
6.482757546314031e-9
6.5425207004833776e-9
6.796564161265341e-9
7.0990644611861084e-9
7.320903900323077e-9
7.578507544314174e-9
7.841357313117538e-9
7.96555228909988e-9
8.311559072593918e-9
8.395197455990519e-9
8.462023947210319e-9
8.90266903772793e-9
9.32596627117784e-9
9.780802049226125e-9
9.73675351276936e-9
1.0308744027898489e-8
1.0432321444631051e-8
1.068924408848029e-8
1.1094710995890926e-8
1.134511784459325e-8
1.1630304713596808e-8
1.1700045749998469e-8
1.2324625053365684e-8
1.2482987766155999e-8
1.2669259070857256e-8
1.2919048554491412e-8
1.3175072687391015e-8
1.3606322509874626e-8
1.3436927055388756e-8
1.3687232935713746e-8
1.3780177411954808e-8
1.4147550881996926e-8
1.4163254264114982e-8
1.4097598492950219e-8
1.409607808065148e-8
1.3935704718142063e-8
1.3753979019079138e-8
1.348213543837796e-8
1.305389259185464e-8
1.251107972694625e-8
1.1798932193525543e-8
1.0938815037578071e-8
9.90352097321157e-9
8.709192156761736e-9
7.422747504453877e-9
6.2070637138112314e-9
5.42584282281101e-9
5.896115645365101e-9
9.824012235465228e-9
2.822925829442238e-8
4.1171514699446867e-7
1.0898970341604912e-7
1.626784852834458e-8
5.9940692648363705e-9
2.982796344519145e-9
1.722331075752626e-9
1.0830668482441078e-9
7.161991438882399e-10
4.851526934760875e-10
3.251357158171469e-10
3.0354436602480594e-8
7.075168907526312e-8
8.693577357602727e-8
9.55806713189035e-8
1.0037806738541608e-7
1.029231722192677e-7
1.0404138258204522e-7
1.0432171249623514e-7
1.035286672625034e-7
1.0309681743170069e-7
1.022223181084461e-7
9.936247561260671e-8
9.914038044869182e-8
9.753776903217159e-8
9.564968485660884e-8
9.438483665398761e-8
9.260423200107116e-8
9.077789084147734e-8
8.825879268083421e-8
8.791027333798116e-8
8.626773434117116e-8
8.499372555823886e-8
8.321552178373703e-8
8.165673962270491e-8
8.077567193799051e-8
7.909868560068635e-8
7.77774514717553e-8
7.654554689657574e-8
7.435333201267613e-8
7.3340839065841e-8
7.248957281430067e-8
7.149966687621063e-8
7.045279560885189e-8
6.949588962473868e-8
6.845187970868315e-8
6.683424281081018e-8
6.594528451408433e-8
6.444284395579091e-8
6.409153252528972e-8
6.305446740789305e-8
6.209688570268265e-8
6.130854841806464e-8
6.046715246336804e-8
5.9489205493531145e-8
5.8951637284416376e-8
5.7899323451637764e-8
5.719257938390038e-8
5.646370574176609e-8
5.5604431545317966e-8
5.48617002450779e-8
5.4061852117486306e-8
5.3507376528975184e-8
5.275398666249289e-8
5.2058328163806445e-8
5.1509515365525544e-8
5.08583273906283e-8
5.0113701962779856e-8
4.959191675915454e-8
4.899491870416613e-8
4.8292329266978845e-8
4.778639016289828e-8
4.710229005768791e-8
4.652981117232204e-8
4.605311235348046e-8
4.5555002591165265e-8
4.4961879779591754e-8
4.4467452074416016e-8
4.391991209967792e-8
4.3357303917562135e-8
4.301330765234762e-8