2.8319119890693164e-14
3.1158832815580095e-13
5.952485299533689e-13
8.796575512583233e-13
1.1651815885175879e-12
1.4521934951538975e-12
1.7410802223266575e-12
2.032239507317758e-12
2.3260922755492143e-12
2.6230687181980326e-12
2.9236548384731977e-12
3.2283257144878275e-12
3.5376334010452316e-12
3.8521070226155385e-12
4.172372607797975e-12
4.499100488548213e-12
4.83296884972768e-12
5.174738279933508e-12
5.525253586397071e-12
5.885396020724925e-12
6.256165006303498e-12
6.63867369082084e-12
7.034011486310368e-12
7.443281183625854e-12
7.868245793680687e-12
8.31011709444747e-12
8.770566360362796e-12
9.25146572741771e-12
9.754821886490567e-12
1.0282577263299493e-11
1.0837306614216424e-11
1.1421486996431102e-11
1.203774553887381e-11
1.2689509879039492e-11
1.337982455614292e-11
1.4112219333520322e-11
1.4891441896717713e-11
1.5721213387067953e-11
1.660635721082831e-11
1.755230155382376e-11
1.8564737524953386e-11
1.9649680148352398e-11
2.0814435247499572e-11
2.2065991861249446e-11
2.341281685452843e-11
2.486354317927416e-11
2.642824220907461e-11
2.811729262404408e-11
2.9942253181513616e-11
3.1915582713726103e-11
3.405136795583767e-11
3.6364606529655133e-11
3.8869963050897814e-11
4.1589452358952787e-11
4.45391165959876e-11
4.7740098003547086e-11
5.121588117933963e-11
5.4991165230801055e-11
5.909431944726133e-11
6.355387029283471e-11
6.840092429458738e-11
7.367255285482109e-11
7.940400103569651e-11
8.563687420904031e-11
9.241593231845745e-11
9.97865465345827e-11
1.0780326759748622e-10
1.1652069267577654e-10
1.2599680171959387e-10
1.363046341329149e-10
1.4750279950864248e-10
1.5967148519088286e-10
1.7289335843716588e-10
1.872512565774524e-10
2.0284153236290055e-10
2.1975075536020903e-10
2.381115633204047e-10
2.5801405680809004e-10
2.7958248195205103e-10
3.029416452332716e-10
3.2824017728667856e-10
3.55604715990863e-10
3.8519292407745197e-10
4.1716073923136974e-10
4.516776118415975e-10
4.889012301845817e-10
5.290261601143829e-10
5.722258214467903e-10
6.187140554048578e-10
6.686232933393279e-10
7.222078206226945e-10
7.796516881676814e-10
8.411451529460807e-10
9.068883391661173e-10
9.770671658734536e-10
1.051835866236236e-9
1.1314120450994222e-9
1.2159286399424798e-9
1.3055213930738557e-9
1.4003008966785496e-9
1.5003558284246995e-9
1.6057276757651562e-9
1.7164390172139952e-9
1.8324187856880857e-9
1.9535980236140772e-9
2.0798158916973408e-9
2.2108541604725906e-9
2.3463712909263862e-9
2.486020724118332e-9
2.6292784048625954e-9
2.775556024144471e-9
2.9241365214921677e-9
3.074155586239973e-9
3.224664209832285e-9
3.37450170407942e-9
3.5225240753976046e-9
3.666745607143668e-9
3.806007212564139e-9
3.93821958908906e-9
4.061391094780683e-9
4.1731159516254505e-9
4.270821397266504e-9
4.351871354525548e-9
4.412797389695331e-9
4.450728304924823e-9
4.462026449417375e-9
4.443064797007433e-9
4.390173879151205e-9
4.299710020151285e-9
4.168608583734489e-9
3.994122732942031e-9
3.7749164735867885e-9
3.511352277196787e-9
3.206436614953577e-9
2.866981058219891e-9
2.5042234403888947e-9
2.1351103463992722e-9
1.7825063297960738e-9
1.4744897848816424e-9
1.242486445718686e-9
1.1186069546330485e-9
1.1341183303389116e-9
1.3243117904633968e-9
1.7510057400658115e-9
2.5723715644039454e-9
4.27194274619355e-9
8.699386493904974e-9
2.8029845420659313e-8
9.33950947619716e-7
5.890504632620019e-8
1.1034952765239779e-8
4.326270036527027e-9
2.2199934670267016e-9
1.3078085757291577e-9
8.356579561844582e-10
5.612144471502825e-10
3.8737922137836135e-10
2.682929945353285e-10
1.7467664478784002e-10
4.2714082164472226e-8
5.948094561078406e-8
6.816572835129308e-8
7.3141819497441e-8
7.608162459724478e-8
7.780464652540427e-8
7.855953531944629e-8
7.87469041827337e-8
7.854345874680025e-8
7.819327130297086e-8
7.753873420605152e-8
7.656880376053269e-8
7.557975884017157e-8
7.472014426347496e-8
7.336209283770993e-8
7.239656532686735e-8
7.136917858601825e-8
7.039189446691424e-8
6.873836261708192e-8
6.78072982897213e-8
6.726856580004112e-8
6.572296801329066e-8
6.455932009559378e-8
6.351102382932401e-8
6.266551103849259e-8
6.195449626337447e-8
6.010100608476961e-8
5.9710216902529e-8
5.9009285822460056e-8
5.811870327695089e-8
5.728338697136675e-8
5.6461280147343216e-8
5.545930194589342e-8
5.4742958455333495e-8
5.4024591654495206e-8
5.3312879986705835e-8
5.256206189373071e-8
5.1756452530322566e-8
5.090237457925877e-8
5.021561899632592e-8
4.952353021487598e-8
4.872832897468945e-8