1.6894007485332847e-14
1.8584980778530035e-13
3.548839372503921e-13
5.240684548949884e-13
6.934761884031605e-13
8.631809452180475e-13
1.0332596530980046e-12
1.2037887869572237e-12
1.3748526325110526e-12
1.5465331813505577e-12
1.7189192071476619e-12
1.8921067791688714e-12
2.066190516764928e-12
2.24128072271795e-12
2.4174788121012012e-12
2.5949105139169505e-12
2.7736992854250463e-12
2.9539875336465672e-12
3.135908453639839e-12
3.31962670383435e-12
3.5053135094530404e-12
3.69315405563171e-12
3.883338285972596e-12
4.0760849118696005e-12
4.271635046448091e-12
4.470225033259801e-12
4.672142773948853e-12
4.877669215260168e-12
5.087207573462831e-12
5.300946703253859e-12
5.5194871285545634e-12
5.7430940934859675e-12
5.9723397483325e-12
6.207444913998898e-12
6.449366090152405e-12
6.698408248034012e-12
6.955437879926398e-12
7.220944461325693e-12
7.495919238696819e-12
7.781019854294218e-12
8.077447402791673e-12
8.385993063588366e-12
8.707839847402288e-12
9.04425660977656e-12
9.396520248850775e-12
9.766084973803323e-12
1.0154660569529929e-11
1.0563793237722088e-11
1.0995614493555702e-11
1.1452215967011544e-11
1.1935472872285653e-11
1.244854650617744e-11
1.2993821738770556e-11
1.3574022838814926e-11
1.4192857032538374e-11
1.4853753509141507e-11
1.5560455061817265e-11
1.631756689095199e-11
1.7129407005008026e-11
1.8001017309006706e-11
1.893851381873087e-11
1.9947444839623083e-11
2.1034568190620235e-11
2.220697010349103e-11
2.3472636472315044e-11
2.484042675429968e-11
2.6319283870733694e-11
2.7919527609493795e-11
2.965262358459282e-11
3.153025447981066e-11
3.356593185827533e-11
3.5773827480975304e-11
3.816893010511715e-11
4.076997399207339e-11
4.359365155906653e-11
4.6660943004080125e-11
4.999367563892653e-11
5.3614643210839434e-11
5.755069986280665e-11
6.182931568015533e-11
6.647902014954356e-11
7.153410674286051e-11
7.702970297963429e-11
8.300322461679945e-11
8.949508021949715e-11
9.655104378488809e-11
1.0421845469920021e-10
1.1254858126647986e-10
1.2159723588767252e-10
1.3142332404637064e-10
1.4208607399064975e-10
1.5365924600192413e-10
1.662167894845403e-10
1.7983094876149386e-10
1.945849532190437e-10
2.105739945026641e-10
2.2787870857358838e-10
2.466089463182239e-10
2.668624317393661e-10
2.8874780036126744e-10
3.1238989724289086e-10
3.3790195615975955e-10
3.654008590049443e-10
3.9504228709134684e-10
4.2692191628065505e-10
4.612020052589574e-10
4.980357722824575e-10
5.375105132273896e-10
5.798273726663528e-10
6.251099127824729e-10
6.734926942207359e-10
7.251028688956303e-10
7.800893176773973e-10
8.385704366906475e-10
9.006447609168721e-10
9.664181304289682e-10
1.0359528369403073e-9
1.1093366782397252e-9
1.186563071674446e-9
1.2676432717359794e-9
1.3525664977295138e-9
1.4412417489855865e-9
1.533510556767028e-9
1.629260470857838e-9
1.7282561957333333e-9
1.830133844069216e-9
1.9345933581679282e-9
2.0411736839124623e-9
2.149345571423773e-9
2.258473062543799e-9
2.3678636970197754e-9
2.4766156872797666e-9
2.5835844288052426e-9
2.688024336158709e-9
2.7884602361495168e-9
2.883586455052515e-9
2.9717889504859887e-9
3.0514237463085805e-9
3.1205010799105503e-9
3.1769622235568503e-9
3.2185725835600756e-9
3.2428932350747356e-9
3.2473432470749494e-9
3.231238858650181e-9
3.1879939610775406e-9
3.115208906088582e-9
3.0143906482035835e-9
2.8819249318058914e-9
2.717155209605431e-9
2.520800367773248e-9
2.295699259361216e-9
2.0474741953482736e-9
1.7853241724022995e-9
1.5224933156547891e-9
1.2764059053923555e-9
1.0680374928814795e-9
9.203089323832934e-10
8.563058724110974e-10
8.988651084417292e-10
1.0757600072151026e-9
1.4395595578705315e-9
2.1267097723707335e-9
3.5522917501787513e-9
7.318266476519148e-9
2.4389493829155883e-8
1.2481265590832312e-6
4.2172116369964363e-8
8.375480840274448e-9
3.3291568324682907e-9
1.7137520849538626e-9
1.007321506730532e-9
6.391310933176761e-10
4.233243409288946e-10
2.840505769754019e-10
1.7998317479520317e-10
4.172490596839739e-8
5.739972626574186e-8
6.518967674054214e-8
6.94823756045561e-8
7.190638971194877e-8
7.311332573159324e-8
7.346060952951989e-8
7.347568006878394e-8
7.30999844578219e-8
7.2533107591265e-8
7.166001633470924e-8
7.070134329804767e-8
6.984634638330973e-8
6.855272407688437e-8
6.768124572772212e-8
6.639010065464923e-8
6.537674031382846e-8
6.419312743141284e-8
6.321570295852848e-8
6.195077449589762e-8
6.120980642016646e-8
5.994075596067719e-8
5.9027536308563576e-8
5.7494467203835685e-8
5.718886871052265e-8
5.595547087736989e-8