1.347901593361982e-12
1.48513964398572e-11
2.8477272742841365e-11
4.233746937617022e-11
5.654624536411056e-11
7.122023065310112e-11
8.647942858163618e-11
1.0244490344193828e-10
1.1925524795243461e-10
1.3703674868853073e-10
1.5593697304545232e-10
1.76107416992382e-10
1.9770540413685757e-10
2.2090852812765976e-10
2.4588800351769707e-10
2.72848697340271e-10
3.0196532921500547e-10
3.335243317436658e-10
3.677213593031861e-10
4.048142733170633e-10
4.450734858819075e-10
4.888076282712542e-10
5.363253157320347e-10
5.879550351958221e-10
6.440491856702075e-10
7.050463428887472e-10
7.711886607018826e-10
8.432451764270385e-10
9.213423922603689e-10
1.0061413020024721e-9
1.0981329335568519e-9
1.1978704606249417e-9
1.3059345610650522e-9
1.4229384694466324e-9
1.5495149731722486e-9
1.6863289374726387e-9
1.834034386036481e-9
1.9934046301537595e-9
2.1651135902299383e-9
2.35016540561042e-9
2.548903110351256e-9
2.7622868097384654e-9
2.990822269651589e-9
3.2356437073695623e-9
3.497259966188234e-9
3.776271775088114e-9
4.073495193165826e-9
4.389304674829893e-9
4.724206322650033e-9
5.078681320579829e-9
5.452410113779401e-9
5.846039287544351e-9
6.25916914223132e-9
6.6917900516689086e-9
7.142918861888056e-9
7.612020845337279e-9
8.097890571324319e-9
8.59896163974939e-9
9.113630254093318e-9
9.639637970302548e-9
1.0174338784446094e-8
1.0714414900367906e-8
1.1256485544914621e-8
1.1796259360193275e-8
1.2328891203582333e-8
1.284922416494187e-8
1.3351040872343436e-8
1.3827686063652937e-8
1.4273093158301026e-8
1.4674173978211168e-8
1.502680169370772e-8
1.5319228267461075e-8
1.5540930936817716e-8
1.5679883177926432e-8
1.572384122199727e-8
1.5659581471660997e-8
1.5467989313488988e-8
1.515327694063637e-8
1.4685158987692282e-8
1.4059393192601761e-8
1.3268047635025582e-8
1.2310200828787489e-8
1.1193923025166336e-8
9.93963720396305e-9
8.585565273996934e-9
7.1914203084481714e-9
5.841107177997535e-9
4.640755682598727e-9
3.7115074151456432e-9
3.1766983569973453e-9
3.1529343528694026e-9
3.76959636561973e-9
5.2794492052154215e-9
8.44874339589135e-9
1.6123367384432368e-8
4.3776443169351254e-8
3.98432890714393e-7
3.3742562735465904e-7
3.7744217660230376e-8
1.3189692212039166e-8
6.485843029277421e-9
3.766089769621713e-9
2.4114030258293887e-9
1.6453863719000723e-9
1.1730022345488165e-9
8.626067419891981e-10
6.483909003554404e-10
4.944976414715405e-10
3.799510164566652e-10
2.915652157509315e-10
2.1992399002026602e-10
1.5303037379576819e-10
4.8939730288971186e-8
6.896870933705863e-8
8.06040086783906e-8
8.810926265008149e-8
9.318813715943192e-8
9.646819847418175e-8
9.868924731890135e-8
9.97686953721176e-8
1.0060389552475293e-7
1.0105066816842677e-7
1.003048643354185e-7
1.0055550981209512e-7
9.938241598670997e-8
9.89144722912398e-8
9.860377626187998e-8
9.693211012687238e-8
9.56639051322046e-8
9.557709690463377e-8
9.341165451844428e-8
9.287788119636635e-8
9.094616779268579e-8
9.091296205033464e-8
8.881399084266954e-8
8.722753889625067e-8
8.644116013323622e-8
8.493665055456053e-8
8.431300182124914e-8
8.313187363920788e-8
8.218165902832496e-8
8.150155659120563e-8
7.765296582593713e-8
7.901338930258909e-8
7.757944133768062e-8
7.633111783595083e-8
7.505932916836506e-8
7.412290789600168e-8
7.331018773615758e-8
7.219197265478605e-8
7.151008251667692e-8
7.076263577221995e-8
6.966338806335992e-8
6.880622254246129e-8
6.790551465427168e-8
6.731802112882796e-8
6.623647864278588e-8
6.515565765540162e-8
6.462775847474092e-8
6.372027123334612e-8
6.29355266441913e-8
6.21279182815474e-8
6.149335364191304e-8
6.050279542512668e-8
5.980150941513253e-8
5.917666245843413e-8
5.8414925195196456e-8
5.772524606091238e-8
5.6963800489171065e-8
5.642892175692523e-8
5.562253376665621e-8
5.500696105817633e-8
5.4353647937800344e-8
5.364642695497326e-8
5.306641825524356e-8
5.2497354427882343e-8
5.1831945245450596e-8
5.123575077829903e-8
5.0621677752952867e-8
5.0094579081758976e-8
4.952137098489203e-8
4.891635025725701e-8
4.833167326100233e-8
4.7782447103739206e-8
4.729253179534557e-8
4.676120519108341e-8
4.6236823218333197e-8
4.568465265430164e-8
4.517041561357829e-8
4.46330110777823e-8
4.418839169007077e-8
4.3713335744211035e-8
4.32322041521715e-8
4.275441553532356e-8
4.226480687203827e-8
4.1737084912662223e-8
4.132783862754765e-8
4.091858310726975e-8
4.048762314604262e-8
4.0059333865460776e-8
3.962335720462874e-8