1.451244835631263e-14
1.596465981001521e-13
3.0482908363697203e-13
4.501041626331807e-13
5.955165590110797e-13
7.411117236927151e-13
8.86935929564042e-13
1.0330373192436548e-12
1.1794648445550033e-12
1.3262694683588551e-12
1.4735042774389648e-12
1.621225268751113e-12
1.7694906611509996e-12
1.918361337473186e-12
2.0679029734761724e-12
2.2181822000618493e-12
2.3692759549074274e-12
2.5212574331332803e-12
2.6742176263758426e-12
2.828233880987863e-12
2.9834201483702513e-12
3.1398508169206776e-12
3.297660956149408e-12
3.456962011311562e-12
3.6178948432448764e-12
3.7805771622390096e-12
3.945175987288398e-12
4.1118526385966335e-12
4.280790360074871e-12
4.4521693360467346e-12
4.626206105080279e-12
4.803130409638349e-12
4.983178585819542e-12
5.166635539631137e-12
5.3538613237189104e-12
5.5450285327835e-12
5.740564570969951e-12
5.9409043662982445e-12
6.146405505169855e-12
6.357530803069394e-12
6.574768933149895e-12
6.798787373147268e-12
7.029933688672141e-12
7.269096731044689e-12
7.51675372605243e-12
7.77406542383574e-12
8.041515404980777e-12
8.32013909547641e-12
8.611023724655433e-12
8.915157443944501e-12
9.233828801831157e-12
9.568331065437654e-12
9.920209376248393e-12
1.0290988927212447e-11
1.0682466893859743e-11
1.1096168955685312e-11
1.1534666846809032e-11
1.2000243041858711e-11
1.2495105513868634e-11
1.3021947123217123e-11
1.358389693619222e-11
1.4183996445947542e-11
1.4825999177117767e-11
1.551372062513461e-11
1.6251257831705585e-11
1.7043324557946732e-11
1.7894998700113032e-11
1.8811683257435654e-11
1.9799572760432253e-11
2.086463575773858e-11
2.201470658427634e-11
2.325732662706335e-11
2.4600840139586322e-11
2.6054708888683197e-11
2.762847560512049e-11
2.9333797091559735e-11
3.1182942482606497e-11
3.3187522735964474e-11
3.5362354177179615e-11
3.772404265689053e-11
4.0287399721538244e-11
4.307172881328011e-11
4.609582630687694e-11
4.938248642805365e-11
5.295365977468532e-11
5.683511519315836e-11
6.105340144839096e-11
6.563890259296784e-11
7.06222991155099e-11
7.60382993879054e-11
8.192478713895228e-11
8.832147065305737e-11
9.527150182886419e-11
1.0282166485866243e-10
1.1102119720365155e-10
1.1992328123731529e-10
1.295867365542869e-10
1.400732033281873e-10
1.5144358708794435e-10
1.637754173199369e-10
1.7713712440129987e-10
1.9161388792691856e-10
2.0728162310926996e-10
2.2423819360470605e-10
2.4257294855930783e-10
2.6238453238467407e-10
2.837752332324064e-10
3.0686050133634587e-10
3.317434671141623e-10
3.5854636912387204e-10
3.873851145770706e-10
4.1839335943594173e-10
4.516912119111826e-10
4.874047805761178e-10
5.256586425231536e-10
5.666010900675752e-10
6.103177182408905e-10
6.569750216797875e-10
7.066569145932034e-10
7.594947351588638e-10
8.155768226630346e-10
8.74988793669896e-10
9.378006223962418e-10
1.004052525193193e-9
1.0737773572395273e-9
1.1469821862552414e-9
1.2236364561776735e-9
1.3036615220165863e-9
1.386936807428402e-9
1.4733358557287472e-9
1.5626085532712764e-9
1.6545123379790534e-9
1.7487148577662844e-9
1.84479581839689e-9
1.942275650164655e-9
2.0406050516706035e-9
2.1391131160399836e-9
2.2369255120997853e-9
2.333345631448736e-9
2.427252181657461e-9
2.517560938035158e-9
2.6029800702270736e-9
2.6821457069420254e-9
2.7534198245888223e-9
2.8151474532046997e-9
2.8653966244184633e-9
2.9021239464003564e-9
2.923151705123675e-9
2.9261574730636907e-9
2.9087682515068964e-9
2.868620412633345e-9
2.8033269132110686e-9
2.711014787641875e-9
2.5902500258536022e-9
2.4404225147491226e-9
2.262323047969199e-9
2.0587611080547816e-9
1.8349509664786695e-9
1.5994853230565668e-9
1.3645692126077369e-9
1.1461159538421494e-9
9.63161560114218e-10
8.363818073213289e-10
7.865267733688061e-10
8.342735833943371e-10
1.0054082906929211e-9
1.3497815653691218e-9
1.9971139363732234e-9
3.341388488981022e-9
6.907459043440729e-9
2.3257552456230757e-8
1.3878899536319895e-6
3.79894764908584e-8
7.666722308709784e-9
3.0585127210556356e-9
1.5751805269984486e-9
9.246413624506258e-10
5.847810256084681e-10
3.848265268883951e-10
2.542482050813948e-10
1.106314181478693e-8
4.7512689699996386e-8
5.9555353044209955e-8
6.57634304515955e-8
6.915971540653278e-8
7.098813027549189e-8
7.173475068838993e-8
7.20020222687022e-8
7.169032282553625e-8
7.127890398850238e-8
7.046000001499812e-8
6.954315960361336e-8
6.850192384263745e-8
6.779616651641902e-8
6.667175047961074e-8
6.538989921941519e-8
6.434781867827508e-8
6.290096520580002e-8
6.63775924161121e-8
6.024935556120305e-8
5.980349198774543e-8