2.0922250882193267e-12
2.30528209627825e-11
4.4206397224675195e-11
6.572920282024709e-11
8.77962679612273e-11
1.1060085711498243e-10
1.3432523204123245e-10
1.591546297643016e-10
1.8531222096441225e-10
2.129978181195492e-10
2.4243402579076187e-10
2.738560523818648e-10
3.075182024483788e-10
3.436861818554656e-10
3.826229206921759e-10
4.2462647971905425e-10
4.700505122018234e-10
5.191940622688718e-10
5.724389946753558e-10
6.301579842991592e-10
6.927882291887693e-10
7.607095914607818e-10
8.344780492867526e-10
9.144972997747132e-10
1.0013713703594389e-9
1.0956251200115353e-9
1.1978776936366066e-9
1.3087048870400085e-9
1.4288020834252805e-9
1.5588918615454215e-9
1.6996051898255645e-9
1.8518086464229441e-9
2.0161502516907237e-9
2.193643040104191e-9
2.38493542595976e-9
2.5910000023724936e-9
2.8127065829485667e-9
3.0507068777630198e-9
3.3061162662193825e-9
3.579646641646428e-9
3.872101321493426e-9
4.184290080259708e-9
4.516966589562926e-9
4.870750088009158e-9
5.246141432871623e-9
5.643522557760354e-9
6.063720907336587e-9
6.505565090868016e-9
6.969979238082528e-9
7.456659494352498e-9
7.964606706305622e-9
8.493188878952921e-9
9.040982533030878e-9
9.60662323459193e-9
1.0187823929501547e-8
1.07824133476958e-8
1.1387371253067233e-8
1.1999094346373035e-8
1.2613615351344184e-8
1.3226155122542914e-8
1.3830569856228573e-8
1.4423781101999001e-8
1.499589803469268e-8
1.5540560222997506e-8
1.604924409113181e-8
1.6512598943848143e-8
1.692046424648041e-8
1.7261607225712644e-8
1.7524017709352672e-8
1.7694761978368503e-8
1.7759479505951263e-8
1.7703471861972373e-8
1.75031731104539e-8
1.7163766756741954e-8
1.6660431329066192e-8
1.5973838070236908e-8
1.5100098387225083e-8
1.4037081517895035e-8
1.2791339763835757e-8
1.1383924167385945e-8
9.855380251597718e-9
8.270427935386078e-9
6.721190855709064e-9
5.32628063029716e-9
4.223442192120366e-9
3.5539661912774866e-9
3.4516646679135618e-9
4.058475673322323e-9
5.636390259817573e-9
8.97225095521149e-9
1.6984981891747423e-8
4.522407297674766e-8
3.7238657109884934e-7
4.2813552149290454e-7
4.3273267416291946e-8
1.4831910132083616e-8
7.238304494031338e-9
4.1881564099721075e-9
2.6774305594868833e-9
1.8262556223819067e-9
1.3026951556251133e-9
9.593720650664726e-10
7.228886047455703e-10
5.533925910504235e-10
4.276890070678662e-10
3.313912098695084e-10
2.5480139220251017e-10
1.8971052415703848e-10
2.6159281882295643e-8
5.984806212794558e-8
7.571294222288862e-8
8.554015652876234e-8
9.214813576357184e-8
9.643681660166484e-8
9.93976919544106e-8
1.0136163456441871e-7
1.0241412892768427e-7
1.035539649098362e-7
1.0219660875587627e-7
1.0291475102908312e-7
1.0221254407589815e-7
1.0115368250950499e-7
1.0086463003853476e-7
1.0035544374242477e-7
9.885021291142683e-8
9.789656527655776e-8
9.860653831551217e-8
9.552148484274351e-8
9.434377253433078e-8
9.33728906889138e-8
9.125912692286401e-8
9.062899789988018e-8
8.915381562885859e-8
8.843092380887793e-8
8.679434351502114e-8
8.5487179514015e-8
8.492872859006766e-8
8.367683389102017e-8
8.251300701053159e-8
8.165196348084011e-8
8.149730711202076e-8
7.941682499597443e-8
7.784658136881392e-8
7.728788533903223e-8
7.587093970143891e-8
7.536934683568285e-8
7.445585606356496e-8
7.330320364641428e-8
7.221517692547677e-8
7.11898709912357e-8
7.021980697551317e-8
6.936098557968843e-8
6.848663030705906e-8
6.769462466106259e-8
6.688712263069367e-8
6.597890295966751e-8
6.527776281819187e-8
6.432855289835536e-8
6.363010844223714e-8
6.276448507169807e-8
6.212739852033673e-8
6.130112082205655e-8
6.05928193474879e-8
5.982067752434903e-8
5.910006776298582e-8
5.836404898083562e-8
5.766028398112851e-8
5.6916387304688676e-8
5.625930496385133e-8
5.562042868955782e-8
5.4902220304067684e-8
5.4271486383412335e-8
5.3693664406543e-8
5.305544431756458e-8
5.239749723068763e-8
5.1815357564524526e-8
5.121017262287686e-8
5.0650973229891395e-8
5.0047250706246865e-8
4.943436634493848e-8
4.8832167339649095e-8
4.831513711156406e-8
4.7798150220415605e-8
4.726587559888516e-8
4.672339389561203e-8
4.617293800948948e-8
4.565012945947241e-8
4.5114441913100876e-8
4.466227687390142e-8
4.4180075979424716e-8
4.368585995928418e-8
4.31962312353994e-8
4.2712504426254846e-8
4.2191942567593886e-8
4.175223310730224e-8
4.13479831288543e-8
4.0908498265251615e-8
4.046918987283567e-8
4.0026169506285484e-8
3.9581384319005564e-8
3.9136354820406474e-8