3.6656262086109145e-12
4.038971777714639e-11
7.745279099604873e-11
1.151664806425357e-10
1.5384594024191223e-10
1.9380810319688837e-10
2.353873629487897e-10
2.7893276036046647e-10
3.2478429803290987e-10
3.7330661771555283e-10
4.248994580706502e-10
4.799748656319298e-10
5.389335017017431e-10
6.022424937146156e-10
6.704000387002939e-10
7.43790068452447e-10
8.231819730337199e-10
9.089207706007252e-10
1.0017009607664049e-9
1.1021320220540732e-9
1.2108756154112315e-9
1.3286730008835778e-9
1.4562489723750045e-9
1.594360477381129e-9
1.743960244183362e-9
1.905728290025654e-9
2.0805734650034034e-9
2.269729017820252e-9
2.4738499422636346e-9
2.6940406076317513e-9
2.9314101427552585e-9
3.1866953629117016e-9
3.4609980952137292e-9
3.755733138830679e-9
4.0714305322491735e-9
4.409434576878131e-9
4.770519729354527e-9
5.1556267694687166e-9
5.565510137561678e-9
6.0009225835760746e-9
6.462314048293338e-9
6.950074474012405e-9
7.465082594359054e-9
8.005576192443574e-9
8.572786023499888e-9
9.165556025162184e-9
9.78298377244182e-9
1.042359319381022e-8
1.1085825161117185e-8
1.1767135202924033e-8
1.2464937472917484e-8
1.3175537664267791e-8
1.389550977491657e-8
1.4619509813391102e-8
1.5342698196976668e-8
1.6058392218632885e-8
1.6758962006051808e-8
1.743947395582738e-8
1.8088196563833003e-8
1.8696361594705975e-8
1.9255592122293544e-8
1.9746696024654373e-8
2.0163842701752722e-8
2.0490770361653536e-8
2.0712848056859273e-8
2.0812441901958587e-8
2.077319952044195e-8
2.0577068335875696e-8
2.0205806580905793e-8
1.9637444051748355e-8
1.887041632414613e-8
1.7879534464245655e-8
1.6662928161407685e-8
1.5227753858660737e-8
1.3594690920208217e-8
1.180685698875683e-8
9.935557912938908e-9
8.084762724756981e-9
6.391439642060134e-9
5.01719241207883e-9
4.131728356306797e-9
3.895563135977567e-9
4.470393552552988e-9
6.1305092651307194e-9
9.685030832304176e-9
1.8133371031264962e-8
4.703529560954531e-8
3.4174405426749965e-7
6.062048344784047e-7
5.209375653977068e-8
1.734847685135563e-8
8.372088870766612e-9
4.818373485130016e-9
3.072470038917239e-9
2.0938620521069972e-9
1.4940844790698484e-9
1.101871978765955e-9
8.3237328858042e-10
6.397212054843333e-10
4.973560307003566e-10
3.8896747730490173e-10
3.039129340407293e-10
2.345123685102395e-10
1.7290676959004012e-10
3.834464684251445e-8
6.535452561610764e-8
7.97581236159059e-8
8.901098701869569e-8
9.516309007309806e-8
9.95278104170187e-8
1.0232545425328498e-7
1.0417609276580946e-7
1.0522151581968597e-7
1.0593042703109002e-7
1.0576790995865845e-7
1.0509009470989072e-7
1.0528650931613923e-7
1.0554547436092089e-7
1.0407498305526422e-7
1.0360702224996364e-7
1.0200744761785817e-7
1.0049767185486035e-7
9.775676956674019e-8
9.839317106799643e-8
9.799635056395352e-8
9.730515854307708e-8
9.66390490421749e-8
9.194129963722276e-8
9.228980224565308e-8
9.136035406952525e-8
9.031130799313598e-8
8.812160480156474e-8
8.76638831786975e-8
8.651259895997523e-8
8.554367633311795e-8
8.524816968652396e-8
8.31626822039058e-8
8.210412818364893e-8
8.088671802383224e-8
7.908817390254698e-8
7.908501906098143e-8
7.75833931020421e-8
7.705317753135835e-8
7.569018454202691e-8
7.474084200449801e-8
7.379908665416306e-8
7.276845975102508e-8
7.196168832925378e-8
7.065263483284339e-8
6.963297387580709e-8
6.910344358517976e-8
6.82646557212592e-8
6.737819700069008e-8
6.655334580957885e-8
6.560778177441644e-8
6.491691143499923e-8
6.415446386060104e-8
6.335713201869496e-8
6.262062415184867e-8
6.17662333878921e-8
6.108830191788503e-8
6.034717842643429e-8
5.957025796297262e-8
5.888205068753283e-8
5.815413790374654e-8
5.747385732044567e-8
5.6768526003858015e-8
5.6090218271477565e-8
5.530019925363187e-8
5.480420184898903e-8
5.4154154117552343e-8
5.349807200011255e-8
5.2880246593286487e-8
5.2230814046665884e-8
5.165533063732559e-8
5.10706900026244e-8
5.0452594591375664e-8
4.9818982794152513e-8
4.923122510711494e-8
4.8732815092141145e-8
4.8203521397170753e-8
4.7653791342680805e-8
4.710964554610684e-8
4.6543415502820613e-8
4.598657554953349e-8
4.5514891413929407e-8
4.502889551496457e-8
4.454463222925517e-8
4.405380092996982e-8
4.355890077907123e-8
4.304764693652791e-8
4.255650682198177e-8
4.21132604960614e-8
4.167843899049767e-8
4.123139389358801e-8
4.0791735679403794e-8
4.03411461251632e-8
3.988677258094985e-8
3.9441586695873695e-8
3.904648146602819e-8
3.864137358700593e-8