1.1383300930176077e-13
1.2534567215043882e-12
2.399576405810549e-12
3.558142780629804e-12
4.735209069972562e-12
5.937008345488267e-12
7.16997593420245e-12
8.440794928665022e-12
9.756529276420317e-12
1.112444193462206e-11
1.2552430904096193e-11
1.404879836740824e-11
1.5623010185324035e-11
1.728345725732312e-11
1.9041026949794565e-11
2.0907556808669645e-11
2.2894139495586258e-11
2.5013838241721777e-11
2.7281025537678144e-11
2.971081707448252e-11
3.231991451771633e-11
3.512566326953095e-11
3.814902260968841e-11
4.141026153510659e-11
4.493375181539673e-11
4.874351569518504e-11
5.28679588771008e-11
5.733689618952845e-11
6.218273535483534e-11
6.744210351534373e-11
7.315302249269836e-11
7.935723023502675e-11
8.610086905586178e-11
9.343538097365774e-11
1.014111297189268e-10
1.1008982201649241e-10
1.195333437029285e-10
1.2981533040235278e-10
1.4100486351012753e-10
1.5318636908849954e-10
1.6644936664142362e-10
1.8088367097233552e-10
1.965939398955589e-10
2.136932495835138e-10
2.3230271040878768e-10
2.52536024253406e-10
2.7456464707528293e-10
2.985050672237917e-10
3.245241232113676e-10
3.5280341435538567e-10
3.8352104466831545e-10
4.1686639205872617e-10
4.530467858247984e-10
4.922984605693694e-10
5.348251343574242e-10
5.809136068918346e-10
6.307555844382695e-10
6.84772880471978e-10
7.43107365655131e-10
8.061238744997353e-10
8.741200747624692e-10
9.473824998917424e-10
1.0264006615749454e-9
1.1113520560857972e-9
1.2026645329635164e-9
1.3006618719564122e-9
1.405723948744308e-9
1.5182011459205352e-9
1.6384217463303106e-9
1.7667233668176585e-9
1.9034561549189205e-9
2.048853759646045e-9
2.203215123845659e-9
2.366795992138595e-9
2.539704073493051e-9
2.7220741009640285e-9
2.913975977621618e-9
3.1152450049301284e-9
3.326001631714454e-9
3.545843869040614e-9
3.774365157526622e-9
4.0112285989403465e-9
4.255706505364578e-9
4.50694523523449e-9
4.764026540202143e-9
5.025760728988833e-9
5.290591240662233e-9
5.5569662811925505e-9
5.822938206689413e-9
6.086393465475243e-9
6.344624891692177e-9
6.595507060299163e-9
6.83422056713378e-9
7.058860004121893e-9
7.264699362316403e-9
7.447729360289681e-9
7.603069781661278e-9
7.725490588044544e-9
7.809248916892987e-9
7.848655650817928e-9
7.837129543074506e-9
7.76650772814864e-9
7.635273283635439e-9
7.43194382098445e-9
7.1540290179684615e-9
6.796448526628093e-9
6.358344664937605e-9
5.842403259814953e-9
5.25686305619457e-9
4.617554026619753e-9
3.950017344197924e-9
3.2900750129217816e-9
2.684515486490024e-9
2.1882370169460875e-9
1.859470190194253e-9
1.7549722724435116e-9
1.9320305727597213e-9
2.47401459193221e-9
3.580956082897988e-9
5.86818480668736e-9
1.1653204255806401e-8
3.502617251268435e-8
6.102486529712699e-7
1.154000667928418e-7
1.8534872602944732e-8
7.003810516258605e-9
3.549696149383636e-9
2.087183765530034e-9
1.3406004300916681e-9
9.11492538692041e-10
6.434715290266269e-10
4.650886909754894e-10
3.397350266735085e-10
2.462920901765661e-10
1.6722037772540681e-10
4.426761024268165e-8
6.313813191763114e-8
7.335854657883396e-8
7.967270895975948e-8
8.368426180174145e-8
8.614098688902572e-8
8.761400470245921e-8
8.82987910128326e-8
8.815055279683759e-8
8.727136174892332e-8
8.78703277624577e-8
8.719153818242593e-8
8.589820947198514e-8
8.533404434103629e-8
8.418731049130444e-8
8.329003982741499e-8
8.25960232665019e-8
8.095861473525643e-8
7.960642425237312e-8
7.886554091731423e-8
7.704714933459735e-8
7.662745844679053e-8
7.549298545872099e-8
7.4166721721459e-8
7.310465224509654e-8
7.231698910977524e-8
7.0664356725303e-8
7.015231344516707e-8
6.887424529304787e-8
6.81422277783891e-8
6.726540913327714e-8
6.621992965805092e-8
6.516472053755132e-8
6.463599832597681e-8
6.328026291595393e-8
6.284615310595365e-8
6.100629251869428e-8
6.066307636157203e-8
5.966520716585122e-8
5.922017869240825e-8
5.845821987391242e-8
5.749743320157067e-8
5.693045658577012e-8
5.648071806111971e-8
5.551991501364702e-8
5.476956156705008e-8
5.401156025811375e-8
5.328081731543606e-8
5.2733033235928084e-8
5.2060331725207726e-8
5.140852286343571e-8
5.08351105209372e-8
5.020155586991301e-8
4.953811213968855e-8
4.9001344294337365e-8
4.85097847597624e-8
4.787018404258557e-8
4.727983966926021e-8
4.6705093418386736e-8
4.620810074423025e-8
4.564970404623799e-8
4.515150717018776e-8
4.4586302797048544e-8
4.410885039905507e-8
4.3627504735901225e-8
4.3158170150184986e-8