8.53796291148508e-14
9.400059478670775e-13
1.7987881009285993e-12
2.6655479144245634e-12
3.544165180650123e-12
4.4386183230803006e-12
5.3530083754779774e-12
6.2917425088864525e-12
7.259143142442285e-12
8.260070351823076e-12
9.299467319868194e-12
1.0382741655819006e-11
1.1515687440444294e-11
1.2704194223947058e-11
1.3955004382215405e-11
1.5275481851996907e-11
1.6673116460479606e-11
1.8156157379702177e-11
1.9733779505965614e-11
2.141585212712845e-11
2.3213097736088027e-11
2.513695161691632e-11
2.7200631107441556e-11
2.9417049250894255e-11
3.1802117463671637e-11
3.437174704117723e-11
3.714417597511435e-11
4.013870145406241e-11
4.337669873541161e-11
4.688056358868931e-11
5.0676726152078774e-11
5.479141605413534e-11
5.92555518587644e-11
6.41028758670873e-11
6.936680159838351e-11
7.508566860080836e-11
8.130307207083575e-11
8.806436788169687e-11
9.541925635829105e-11
1.0341944432384808e-10
1.1212684231574032e-10
1.2160207784864993e-10
1.3191588827601797e-10
1.4314100247180155e-10
1.5535756217439286e-10
1.6865547106636562e-10
1.831279369314311e-10
1.988704330369981e-10
2.159991524294911e-10
2.346342751363763e-10
2.548886276942774e-10
2.7691321182320126e-10
3.008462416987848e-10
3.2684921861090785e-10
3.5508970692234607e-10
3.8574012745993727e-10
4.189822355416249e-10
4.5503486740197424e-10
4.941022728192833e-10
5.36416894406242e-10
5.821997279765537e-10
6.317267778346246e-10
6.85243910687171e-10
7.430247611154357e-10
8.053785396919715e-10
8.725749569216273e-10
9.449642168708477e-10
1.0227725754007952e-9
1.1064011799648774e-9
1.196124576743706e-9
1.292283167604764e-9
1.3952061463585315e-9
1.5051963991042689e-9
1.6225783727139612e-9
1.7476034817363516e-9
1.8804821684607786e-9
2.0215529285454454e-9
2.170947020972134e-9
2.3288741151053992e-9
2.49538068300193e-9
2.6704826028111597e-9
2.8542139344277673e-9
3.046395070893447e-9
3.2468354682202264e-9
3.45517693292338e-9
3.6709803259919924e-9
3.89364337371613e-9
4.122449974464763e-9
4.356429514091767e-9
4.594464143986629e-9
4.835362465408964e-9
5.077505059650364e-9
5.319154491340474e-9
5.55829889835161e-9
5.792865515724115e-9
6.0199543511116156e-9
6.236078198057576e-9
6.439026114067002e-9
6.62488479000636e-9
6.789564101718465e-9
6.928704790792218e-9
7.037581512802309e-9
7.111071479423647e-9
7.143682781138318e-9
7.129618303348228e-9
7.062842619917511e-9
6.937609750473069e-9
6.7482519683936235e-9
6.490277268491939e-9
6.160158009349695e-9
5.756943479897165e-9
5.283742360289765e-9
4.748502641921032e-9
4.166230049978412e-9
3.560832087041207e-9
2.965722756522658e-9
2.4238881262949502e-9
1.9853953153081327e-9
1.7029364483360224e-9
1.6277565252294182e-9
1.8123935706215125e-9
2.3360016583309366e-9
3.3914576233808745e-9
5.571752036085849e-9
1.1115794746667617e-8
3.382896301220414e-8
6.511320406297847e-7
1.0224396290869425e-7
1.6948169056814584e-8
6.452171140943882e-9
3.2790192560461603e-9
1.9295954929360586e-9
1.238960625050453e-9
8.412707694786426e-10
5.924300548713107e-10
4.2639346013729075e-10
3.090960965205779e-10
2.201843568563169e-10
1.3607195126954952e-8
5.219512018396388e-8
6.66779579190086e-8
7.495399215812293e-8
8.009075648973691e-8
8.332634694440206e-8
8.5309282222616e-8
8.635987194407477e-8
8.670466189527859e-8
8.658830390315544e-8
8.545356064570653e-8
8.606509637233139e-8
8.557532466158412e-8
8.396306601161012e-8
8.335601486478843e-8
8.211918783367188e-8
8.070164903137961e-8
7.950765404922105e-8
7.911001186220505e-8
7.749204380012948e-8
7.656545267615477e-8
7.560981577400995e-8
7.436630507425488e-8
7.261481263378961e-8
7.20096682389807e-8
7.110417960907936e-8
6.964207330988715e-8
6.90734380008514e-8
6.79595570558036e-8
6.773194753890071e-8
6.54497911213176e-8
6.578814714084491e-8
6.398463606739033e-8
6.32602525972658e-8
6.21039534385805e-8
6.146151621402961e-8
6.065405629583974e-8
5.963427024742095e-8
5.897162415209138e-8
5.808370561400421e-8
5.754341515567728e-8
5.663468513314861e-8
5.605615552666826e-8
5.507496113806386e-8
5.449090008801299e-8
5.3787779808290544e-8
5.3179654124112e-8
5.229772835883669e-8
5.1690294280155965e-8
5.1155198584380114e-8
5.045831179059635e-8
4.9969861609093725e-8
4.9360375736624e-8
4.8478837472361957e-8
4.8122436074827505e-8
4.758846059487495e-8
4.6989097393699543e-8
4.646149815365327e-8
4.589660230336766e-8
4.541318478332706e-8
4.487442846554657e-8
4.426431658168154e-8
4.374551393712005e-8