4.566833879692976e-10
5.026299774435939e-9
9.60956767225504e-9
1.4218597377770163e-8
1.88645695202464e-8
2.355644314874763e-8
2.830194705753992e-8
3.310662525938038e-8
3.79726519529493e-8
4.2899078450857993e-8
4.788124327416514e-8
5.2910202403149335e-8
5.7971736354799e-8
6.305060756801682e-8
6.812118547887259e-8
7.315452810482609e-8
7.811946043020981e-8
8.29712923825895e-8
8.767013657430044e-8
9.216132009393407e-8
9.639047023645191e-8
1.0029074553936225e-7
1.0379959909766403e-7
1.0683753066766619e-7
1.0932534579346697e-7
1.1117685839523012e-7
1.1229725667729018e-7
1.1263481703727386e-7
1.1194580720175671e-7
1.1026073181494058e-7
1.0741838804478216e-7
1.0331420024981492e-7
9.785241576613519e-8
9.096220300172233e-8
8.263183394290024e-8
7.293290438318553e-8
6.208340979347204e-8
5.0507995275543503e-8
3.890444842032343e-8
2.82665629572504e-8
1.9812586030281524e-8
1.4762176619930464e-8
1.4027117249594977e-8
1.8219134822622515e-8
2.9086482919013157e-8
5.5605808765868206e-8
1.490586300517608e-7
1.211909722406205e-6
1.525376791198481e-6
1.5185801630293023e-7
5.245461475801075e-8
2.5897276546260715e-8
1.5189274759682723e-8
9.859949035306408e-9
6.841727712685689e-9
4.975729292219615e-9
3.746456822302617e-9
2.896709318925565e-9
2.2867080230987742e-9
1.8352825498415048e-9
1.4927311667718693e-9
1.2272704145180493e-9
1.0178240065209513e-9
8.499770412944337e-10
7.13602368837247e-10
6.014130069820519e-10
5.080480151773399e-10
4.294747593424282e-10
3.625809142665565e-10
3.048730638869946e-10
2.5420516873740385e-10
2.0837778492415603e-10
1.6369522731867315e-10
3.9058281597808383e-8
7.399653360739195e-8
9.266387004482073e-8
1.0497768853691891e-7
1.1373516881411982e-7
1.199672043348903e-7
1.2449187965112342e-7
1.2762675691306718e-7
1.3000520250448824e-7
1.313143637911679e-7
1.3237955370837378e-7
1.3292276221666162e-7
1.3278751492797777e-7
1.324282935353132e-7
1.3177394573759363e-7
1.3181646946685814e-7
1.3044390131415765e-7
1.2988225692215286e-7
1.2899234350662562e-7
1.2797318494685365e-7
1.2667917293038079e-7
1.2538847025209704e-7
1.2387625495642006e-7
1.2309350750662855e-7
1.2130882897406238e-7
1.2059014270229488e-7
1.1941238639844433e-7
1.1743035971061235e-7
1.1660392169804239e-7
1.155460130939376e-7
1.138038075715142e-7
1.1281419882476667e-7
1.111952552917037e-7
1.0977484295380121e-7
1.0835758388557249e-7
1.0711864750704138e-7
1.0598405256774203e-7
1.0451429879346883e-7
1.0335152195223171e-7
1.0182513644049484e-7
1.0082634401545979e-7
9.946616480903052e-8
9.822147747976192e-8
9.705499807330137e-8
9.580052167754369e-8
9.46127722616474e-8
9.364598071948413e-8
9.18486565643522e-8
9.104523453820223e-8
8.964681743474258e-8
8.890910847860774e-8
8.747571631260888e-8
8.619591593179434e-8
8.521453575614177e-8
8.42377051247444e-8
8.300819872257035e-8
8.199030923531613e-8
8.102926869992335e-8
8.011362585651818e-8
7.886194145457642e-8
7.782662334882329e-8
7.687971737203667e-8
7.584745774748332e-8
7.492702798621744e-8
7.399137432200729e-8
7.29507918154155e-8
7.207602486515369e-8
7.11664985095198e-8
7.024004723860924e-8
6.93461158855761e-8
6.848103581918626e-8
6.757890703616158e-8
6.6709448008182e-8
6.591790467953011e-8
6.503527150665901e-8
6.426968179339633e-8
6.347775775238902e-8
6.265448743415414e-8
6.182071477568328e-8
6.112833290510639e-8
6.036899117413717e-8
5.962031589620742e-8
5.882505445338842e-8
5.813756778030763e-8
5.743776417664312e-8
5.6739220454653544e-8
5.604259148420726e-8
5.534673875525244e-8
5.461996217765825e-8
5.395680227967185e-8
5.333610086018596e-8
5.271560445979379e-8
5.207880728754363e-8
5.145568927566592e-8
5.081177742809694e-8
5.0207766620370286e-8
4.960272441309114e-8
4.901591073360672e-8
4.844526878529117e-8
4.786985097848261e-8
4.7302839942375024e-8
4.674876935751235e-8
4.6190043064803324e-8
4.561106276803064e-8
4.510554848627333e-8
4.458909376018873e-8
4.408680955861779e-8
4.3570028158169726e-8
4.307753019863196e-8
4.257097821877518e-8
4.2079839635152806e-8
4.1586617568173377e-8
4.11251962145031e-8
4.0663079335181856e-8
4.0207838321536387e-8
3.975051914096053e-8
3.929455311254073e-8
3.885860366278683e-8
3.841643840507501e-8
3.7993179840296126e-8
3.756476154190605e-8
3.71508868483314e-8
3.673640281945966e-8
3.6335161571828603e-8
3.593773809286777e-8
3.55461811920988e-8
3.51532078586575e-8
3.477063989206646e-8