2.050025459250442e-14
2.2553210817363884e-13
4.30710485223188e-13
6.361697039959802e-13
8.420464991581753e-13
1.048479151651915e-12
1.2556118194485134e-12
1.4635907515655567e-12
1.6725768965031381e-12
1.882726645638269e-12
2.094210938658348e-12
2.3072051919596004e-12
2.521900644055155e-12
2.738515043003034e-12
2.957254443972651e-12
3.178350551364816e-12
3.4020605982032402e-12
3.628644673131863e-12
3.858407730435093e-12
4.091655095236333e-12
4.3287358523537384e-12
4.5700221531644844e-12
4.815907403836487e-12
5.066836991618021e-12
5.323298783795134e-12
5.5857957297696945e-12
5.854879949386883e-12
6.131228517099514e-12
6.415422684729933e-12
6.708317659923278e-12
7.010592587114315e-12
7.323195132237131e-12
7.647236552442597e-12
7.983393980011275e-12
8.333222590229495e-12
8.697837006675312e-12
9.07832492709869e-12
9.476524926028149e-12
9.894021330832765e-12
1.0332484908079302e-11
1.079416399567532e-11
1.1280798079396712e-11
1.1795162903603974e-11
1.2339525431473229e-11
1.2916821566640303e-11
1.3529946351618229e-11
1.4182584649984846e-11
1.4878231171905238e-11
1.5620865442602586e-11
1.641492619738421e-11
1.7265224206826568e-11
1.8176985286983247e-11
1.915590981670323e-11
2.0208211580034324e-11
2.1341090315834573e-11
2.256140909803716e-11
2.387780514812073e-11
2.5298601575101957e-11
2.683388224018565e-11
2.849437314468833e-11
3.029124559437046e-11
3.223708945725668e-11
3.4345724650690446e-11
3.6631469439446875e-11
3.9112409562800346e-11
4.1802893582572904e-11
4.472494433337204e-11
4.7898181730523286e-11
5.134554074495545e-11
5.509096186587501e-11
5.91620609488125e-11
6.358757309366673e-11
6.839848664184309e-11
7.362838876296169e-11
7.93156472570226e-11
8.549764606089806e-11
9.221975137973061e-11
9.952816344638993e-11
1.0746935121296395e-10
1.1610041454581899e-10
1.2548124697369495e-10
1.3566865341148717e-10
1.4673751174870885e-10
1.5875410826214663e-10
1.7179333680969918e-10
1.859451893258368e-10
2.0128570700963554e-10
2.1792065788630182e-10
2.359440734818008e-10
2.554627087733614e-10
2.76581984178601e-10
2.9943188940262367e-10
3.241227967181477e-10
3.508008856200959e-10
3.7958748647723005e-10
4.1064263450078207e-10
4.440816936344054e-10
4.800790028465084e-10
5.188219497010017e-10
5.603875795868942e-10
6.050033871471741e-10
6.528170032388104e-10
7.039774522392569e-10
7.586665584277378e-10
8.170226617225821e-10
8.791849845238379e-10
9.453132804061708e-10
1.0155301175400106e-9
1.0899183482860021e-9
1.168618403938463e-9
1.2516648141404632e-9
1.3390832330263948e-9
1.4308919409965198e-9
1.5270578942450994e-9
1.627489040456325e-9
1.732034865505177e-9
1.8405376549779132e-9
1.9527221891017045e-9
2.06822769090493e-9
2.1867110975734828e-9
2.3076098780229303e-9
2.4303507538028858e-9
2.5541851740631943e-9
2.678340008359042e-9
2.8019760223269326e-9
2.9236404053841676e-9
3.042385767793677e-9
3.15679993455994e-9
3.2652093001549176e-9
3.3659440606675488e-9
3.4570109758311918e-9
3.5362923836459957e-9
3.6014252941835672e-9
3.649853402471744e-9
3.678863251157406e-9
3.685566892581301e-9
3.666918057602897e-9
3.6199783786305665e-9
3.5416682533192645e-9
3.42958462512573e-9
3.281608269174919e-9
3.096834914679167e-9
2.8758885159602394e-9
2.6217274934855335e-9
2.340414968707841e-9
2.0418562669221188e-9
1.7407807393895978e-9
1.4566282801036372e-9
1.2128978075034773e-9
1.0356098580835297e-9
9.510887761678373e-10
9.85154260426939e-10
1.168285193752782e-9
1.5565509108740413e-9
2.294844982954729e-9
3.824817321907974e-9
7.845008971325676e-9
2.580737796375062e-8
1.1057668699824124e-6
4.803344594300833e-8
9.337318281937979e-9
3.693042784897071e-9
1.899262495660671e-9
1.1177068463013174e-9
7.114867162060002e-10
4.742782409822735e-10
3.2264573273740547e-10
2.1530950981229252e-10
3.016981321091126e-8
5.338236945745347e-8
6.377003698627441e-8
6.946942398110267e-8
7.274312089841602e-8
7.446920888531484e-8
7.542791630140437e-8
7.549660656764841e-8
7.54033491672649e-8
7.483338347463808e-8
7.409088038124948e-8
7.338586488911738e-8
7.2343167174144e-8
7.162671542465325e-8
7.023679378711227e-8
6.940932342570161e-8
6.817901667875353e-8
6.701276124524654e-8
6.610604953851651e-8
6.467194081006221e-8
6.355103663047632e-8
6.302639268460657e-8
6.172135597086705e-8
6.076876230097282e-8
6.014440369459971e-8
5.87213876187507e-8
5.790719568241422e-8
5.701184790908301e-8
5.562345605570169e-8
5.5447783255704035e-8
5.3815746608624866e-8
5.326691715134948e-8
5.2641237717238265e-8