5.781030787666019e-12
6.369823289243362e-11
1.221472559007213e-10
1.816149585675841e-10
2.425985972853218e-10
3.055951059494602e-10
3.7113340054961875e-10
4.3970846085729e-10
5.119493177120126e-10
5.883353947187281e-10
6.69490119981105e-10
7.560748646879228e-10
8.486925948067272e-10
9.479711591399125e-10
1.0548517289533359e-9
1.1698883938502415e-9
1.2939089024845919e-9
1.4277886643427138e-9
1.5723423044818797e-9
1.7284871409829881e-9
1.8974661601472976e-9
2.079916317112085e-9
2.2770334298408874e-9
2.4899027266175892e-9
2.7196539865868472e-9
2.967454013753403e-9
3.234734446790185e-9
3.5219591392612686e-9
3.831081800189902e-9
4.163147834096334e-9
4.519201713984957e-9
4.900507162618362e-9
5.308146857906002e-9
5.74323612817844e-9
6.206636707010739e-9
6.698961695024686e-9
7.221732891114278e-9
7.774648453347942e-9
8.35810069062025e-9
8.972896159152884e-9
9.616828123347875e-9
1.0291169865698687e-8
1.0994136372638319e-8
1.1724300330347582e-8
1.2479939506114068e-8
1.3257963912398918e-8
1.4055744314351099e-8
1.4869241034726228e-8
1.5694124260605364e-8
1.6524847226542282e-8
1.7355585999295074e-8
1.8179430748365363e-8
1.898809730670798e-8
1.9772320802775012e-8
2.052456283145531e-8
2.1231142663125798e-8
2.1880624976015586e-8
2.2463637136417616e-8
2.295372127187485e-8
2.3346382839583936e-8
2.3621294954120826e-8
2.3759127437558707e-8
2.3740834371608777e-8
2.3545213084597325e-8
2.3151653610931503e-8
2.254002190041905e-8
2.1691838850762756e-8
2.059235907253689e-8
1.9234257689014896e-8
1.7621548338566532e-8
1.5774875918031385e-8
1.3739179451417065e-8
1.1591848993661696e-8
9.447187045041507e-9
7.459077598661331e-9
5.81229803542897e-9
4.704215038790815e-9
4.3224793904126445e-9
4.849014928409326e-9
6.5689150372900326e-9
1.0305133805402836e-8
1.910892021501315e-8
4.846701054081252e-8
3.1863485874401466e-7
8.46215311125144e-7
6.126800995638106e-8
1.984672285272209e-8
9.476084643741152e-9
5.425724713947153e-9
3.4507943378516032e-9
2.349088768273983e-9
1.6760894188966677e-9
1.237081549926647e-9
9.360494768785052e-10
7.212871285251766e-10
5.629643928538872e-10
4.4286082952187904e-10
3.4924080282872156e-10
2.7402869697142153e-10
2.1078122861342288e-10
1.4952716184830994e-10
5.056407699164888e-8
7.19412554793854e-8
8.455198427054035e-8
9.286579840105647e-8
9.856447470598541e-8
1.0241104024995196e-7
1.0520256127347944e-7
1.0708646412718315e-7
1.0794821328192651e-7
1.0834286194401743e-7
1.0850203221437285e-7
1.0837232193100848e-7
1.0762461798920691e-7
1.0559792750527342e-7
1.0631253421632042e-7
9.791566820679183e-8
1.0390516011047881e-7
1.0338247409769731e-7
1.0057981354743734e-7
1.0088060218412145e-7
1.0054653957656882e-7
9.920440650281699e-8
9.736546956155033e-8
9.548777277047274e-8
9.447676819411523e-8
9.268611193985841e-8
9.25783358922247e-8
9.081185453496534e-8
8.957349534223028e-8
8.792791609964856e-8
8.716880308425882e-8
8.537558303680042e-8
8.535671211497889e-8
8.34849939132066e-8
8.317931546216222e-8
8.092568014103519e-8
8.04318825875182e-8
7.959705669724098e-8
7.864583834869494e-8
7.72301670875671e-8
7.658760717636919e-8
7.569106774467843e-8
7.475517276839045e-8
7.371485647430759e-8
7.258591660761665e-8
7.20398756351765e-8
7.098892345188251e-8
7.004305633217794e-8
6.918995395715212e-8
6.82158590660078e-8
6.741096277064372e-8
6.638753800002674e-8
6.565859967238891e-8
6.49161788245922e-8
6.416346053658991e-8
6.331758200178704e-8
6.253141379501457e-8
6.180525233889846e-8
6.103934973943367e-8
6.030120610774966e-8
5.957471090910744e-8
5.886552313252797e-8
5.816937970022329e-8
5.7501133055031624e-8
5.675753678909324e-8
5.6008684020515383e-8
5.5459512830911606e-8
5.482709135400728e-8
5.4147104382448765e-8
5.351230487911278e-8
5.2864998005941575e-8
5.228804876837255e-8
5.1693503389210934e-8
5.1080004907265407e-8
5.043155884089754e-8
4.9802875288695896e-8
4.9322134693779395e-8
4.8784671956388687e-8
4.8236405876434205e-8
4.766662093363721e-8
4.709329880255553e-8
4.653502974892727e-8
4.602893540119087e-8
4.5552464378538494e-8
4.505173422751896e-8
4.455415300157363e-8
4.405033005862311e-8
4.354485562643671e-8
4.299538350469696e-8
4.257106029485522e-8
4.213296390997735e-8
4.169041984867423e-8
4.12359575189449e-8
4.078096707050021e-8
4.032205372113504e-8
3.9872036729362435e-8
3.946011254104815e-8
3.905168512153778e-8
3.863877556446937e-8
3.822621656975346e-8