2.937226757874796e-14
3.2318141304572953e-13
6.174238270689237e-13
9.124959396686784e-13
1.2088035158935796e-12
1.506760953849222e-12
1.8067928264319252e-12
2.1093425007252365e-12
2.4148816625300152e-12
2.723894595345808e-12
3.0368902548630002e-12
3.3544288351997796e-12
3.6770867644784175e-12
4.0055059730935115e-12
4.3403518633710556e-12
4.682332985096573e-12
5.0322915255859935e-12
5.3909799241718335e-12
5.759342641212872e-12
6.138436316211153e-12
6.529412200194786e-12
6.933339219273697e-12
7.35143120143116e-12
7.785299803100705e-12
8.236345613539838e-12
8.70627525375638e-12
9.196924752287886e-12
9.71030429615695e-12
1.0248498931578243e-11
1.081406856964045e-11
1.1409584235744466e-11
1.2037675871033008e-11
1.2701712164771409e-11
1.3405088501494272e-11
1.4151402008001173e-11
1.4945026867099692e-11
1.5789822450196424e-11
1.6691299405345703e-11
1.765461760242233e-11
1.8685500130374052e-11
1.979016303157888e-11
2.0975984680011384e-11
2.2250089928058765e-11
2.3621147352054532e-11
2.509796031085903e-11
2.6690674636006512e-11
2.841015053837749e-11
3.0267764619671574e-11
3.2276418563248635e-11
3.4450816477796945e-11
3.6805388153945124e-11
3.935537085455129e-11
4.212395138888229e-11
4.512612219375389e-11
4.838516174424334e-11
5.192377903597038e-11
5.576700146294907e-11
5.994477279782504e-11
6.448445977342633e-11
6.941968001815351e-11
7.478687214124985e-11
8.061832402420287e-11
8.696974198971651e-11
9.386979097397593e-11
1.0137745148743402e-10
1.0953991805585098e-10
1.1841789986326445e-10
1.280692295378668e-10
1.385636717158943e-10
1.4996772263099174e-10
1.6236267714175847e-10
1.7582930042485996e-10
1.9045161688040023e-10
2.063329053407874e-10
2.2356158293172047e-10
2.4225724098904317e-10
2.62530857188985e-10
2.845025334293714e-10
3.0830364940812465e-10
3.3407982523727556e-10
3.619527935918945e-10
3.920974544597756e-10
4.2467249407366084e-10
4.5983323426012245e-10
4.977664535589659e-10
5.386483126311349e-10
5.826701155192368e-10
6.300338729118526e-10
6.809055513093645e-10
7.355164959601592e-10
7.940532767720616e-10
8.567289394414284e-10
9.237337658451231e-10
9.952482008018868e-10
1.0714866083785432e-9
1.1525941104278343e-9
1.2387478496868522e-9
1.330083247679996e-9
1.42670730228939e-9
1.528710139507828e-9
1.6361251961792248e-9
1.749017048915698e-9
1.8672629232819146e-9
1.9908427016400003e-9
2.1195434527496614e-9
2.253169348381687e-9
2.3913808309713907e-9
2.533803911283672e-9
2.679901514458806e-9
2.829100490135797e-9
2.980662115396927e-9
3.1337127140328084e-9
3.2872333845152326e-9
3.4400852996457347e-9
3.591159453035678e-9
3.73832917088768e-9
3.880498806391661e-9
4.0154652900211985e-9
4.1412202914353095e-9
4.255353440073432e-9
4.3552138447760015e-9
4.438121821153517e-9
4.500549970747998e-9
4.539472761901367e-9
4.551441159749627e-9
4.532451638502439e-9
4.4789486923618516e-9
4.387149619239874e-9
4.253936427879794e-9
4.076471883015848e-9
3.853425134843338e-9
3.5849866247031896e-9
3.2743634227278913e-9
2.928185647728872e-9
2.5580563971311873e-9
2.1810986064833753e-9
1.820552485470433e-9
1.505004305511078e-9
1.2665283540691616e-9
1.1378962864992904e-9
1.151012428153366e-9
1.3417255025962948e-9
1.7724858769269353e-9
2.6028751401916663e-9
4.320881198496922e-9
8.792167084372211e-9
2.8265582266048488e-8
9.185146628284357e-7
6.019948446065371e-8
1.1230272679074514e-8
4.3984183621181936e-9
2.256374090096024e-9
1.3293156110813312e-9
8.496760959439504e-10
5.709996878302758e-10
3.946120623950211e-10
2.7402748407766844e-10
1.805353702238519e-10
4.1075712517402854e-8
5.886957522461775e-8
6.791363685634311e-8
7.319340101515654e-8
7.621055196250768e-8
7.78886372915211e-8
7.885199767183281e-8
7.925579084178841e-8
7.885588499531176e-8
7.852751957747959e-8
7.806344981809583e-8
7.7060912304862e-8
7.595248183552012e-8
7.492480594310246e-8
7.40611191081878e-8
7.271618724252469e-8
7.143807193433211e-8
7.080298419581567e-8
6.969237489708713e-8
6.831885068649266e-8
6.738095925912986e-8
6.634689868272454e-8
6.497783319137724e-8
6.416379674649913e-8
6.29541166162342e-8
6.233963699928796e-8
6.099171625764152e-8
6.015308064466695e-8
5.9277231670144396e-8
5.8589538083280057e-8
5.7478513417937255e-8
5.673769538735092e-8
5.58897799331132e-8
5.5032189607420274e-8
5.4338540439206766e-8
5.351202958044298e-8
5.284711768868039e-8
5.222669819983937e-8
5.146018833966164e-8
5.073052654838301e-8
5.004929904988805e-8
4.937708283552441e-8
4.8753660964699514e-8