5.810499660457637e-10
6.393834247158462e-9
1.2217901217592675e-8
1.8062831380744582e-8
2.3936525904517614e-8
2.984562322493937e-8
3.579282000137301e-8
4.177840064031056e-8
4.779915632608698e-8
5.38466191925683e-8
5.990765032025794e-8
6.596323814117492e-8
7.199033550201971e-8
7.795960879771934e-8
8.383258760577731e-8
8.956779327370088e-8
9.511654957421058e-8
1.0041983174643168e-7
1.0541983571540871e-7
1.1004660285182729e-7
1.1422063825595428e-7
1.1786753731808847e-7
1.208922202283061e-7
1.232043922198182e-7
1.2469869113891366e-7
1.252671020128101e-7
1.2486478587724215e-7
1.2315923240877253e-7
1.2023464516086365e-7
1.1590459694297008e-7
1.1005327755321302e-7
1.0259897346774638e-7
9.350714104294775e-8
8.284172992063224e-8
7.081477993692381e-8
5.786425054668699e-8
4.473457697407111e-8
3.2514143183481126e-8
2.2574650217017563e-8
1.6327593937472936e-8
1.4842392041707767e-8
1.8732680062346506e-8
2.9481630764459686e-8
5.526924819560266e-8
1.4158102940913947e-7
9.369015816049822e-7
2.560341523504204e-6
1.8603494006147588e-7
6.088598939749751e-8
2.9408292363566388e-8
1.704935028642931e-8
1.0990170999017473e-8
7.591541550046284e-9
5.50433892393718e-9
4.136016882175051e-9
3.19362700641363e-9
2.5190613357918216e-9
2.0210015978466607e-9
1.6437754370403838e-9
1.3519089058604433e-9
1.1219498380310921e-9
9.379010096002288e-10
7.885513298596695e-10
6.658542394924373e-10
5.639079419928556e-10
4.782929661304774e-10
4.0562662282410707e-10
3.432478295861916e-10
2.8896927432358237e-10
2.408215650272244e-10
1.9657313408070637e-10
1.513099447539822e-10
5.134551368942067e-8
8.015508842956185e-8
9.701370674147306e-8
1.0838873540893236e-7
1.1646540968098236e-7
1.222294893772827e-7
1.262015829514383e-7
1.2920440229426234e-7
1.3134801972948265e-7
1.3278339897625684e-7
1.3381952084869368e-7
1.3412355379227199e-7
1.3387499799535182e-7
1.3363663398331476e-7
1.3289665844483225e-7
1.3300559373743628e-7
1.3178875296959167e-7
1.3107547560586057e-7
1.3016613090156916e-7
1.2918223216226705e-7
1.2786567490835786e-7
1.2657891761905782e-7
1.2522023200770247e-7
1.2426485246667603e-7
1.2294932026728508e-7
1.2167729482355353e-7
1.2011591915130381e-7
1.1882248122963386e-7
1.1780094925084416e-7
1.1658944411474559e-7
1.1484453081360165e-7
1.1366855228782284e-7
1.1239360355798147e-7
1.1109250999139414e-7
1.0955713158779113e-7
1.0825747584690844e-7
1.0688099353929222e-7
1.0551296356569646e-7
1.0445561001589193e-7
1.0302734940017761e-7
1.0178972119362871e-7
1.0066354616409536e-7
9.886793724938063e-8
9.816518775261382e-8
9.662568465107866e-8
9.547307822355301e-8
9.442282494919659e-8
9.267521750790164e-8
9.19802722423384e-8
9.070352875570311e-8
8.955620400620494e-8
8.835222177556954e-8
8.731022386464233e-8
8.615459356944376e-8
8.493763164069461e-8
8.387333389532632e-8
8.286572573968128e-8
8.17603011618051e-8
8.069247425856651e-8
7.980809570418203e-8
7.846172211602133e-8
7.764848680570805e-8
7.661825611580127e-8
7.564886202660829e-8
7.470852397037133e-8
7.371927396447167e-8
7.279205003271154e-8
7.182541930646361e-8
7.087540751355789e-8
7.002984177309993e-8
6.907937779120617e-8
6.82457070292551e-8
6.738636958015229e-8
6.652816659337589e-8
6.569245907156077e-8
6.485303135743738e-8
6.406406109475742e-8
6.32519406747888e-8
6.238632127960142e-8
6.165999571312886e-8
6.091980681104584e-8
6.015005427324849e-8
5.9378738570414315e-8
5.864951024520237e-8
5.791290850464143e-8
5.722040270597704e-8
5.652564578241958e-8
5.582316061353872e-8
5.5104678648947966e-8
5.4412714637734726e-8
5.378404539353453e-8
5.314422687284369e-8
5.250763292190314e-8
5.1878911320585935e-8
5.1231799251521256e-8
5.059922621968637e-8
4.996923193254211e-8
4.939651759995813e-8
4.8825212569586594e-8
4.825406806182085e-8
4.7671398158154536e-8
4.710606903015549e-8
4.654547395492184e-8
4.5980715567890525e-8
4.543341627549112e-8
4.49192538831251e-8
4.440565272002169e-8
4.3889549303734874e-8
4.339436229729496e-8
4.288340514891222e-8
4.237890602458811e-8
4.188540446551042e-8
4.1414616999612255e-8
4.094254515364847e-8
4.047299467792082e-8
4.002260224208527e-8
3.9567839809025645e-8
3.9108652940357884e-8
3.867716653848256e-8
3.824940074446457e-8
3.781227239294013e-8
3.739362029739442e-8
3.697543105384824e-8
3.657220841642981e-8
3.6155953050065693e-8
3.576058346727837e-8
3.537233520549991e-8
3.498375196655612e-8
3.4600139416759414e-8