1.781783776553495e-14
1.9601481732969867e-13
3.743051512280794e-13
5.527738373674743e-13
7.315079242288141e-13
9.10594980667224e-13
1.0901267248260134e-12
1.2701955929051508e-12
1.4508989807978022e-12
1.632338841424599e-12
1.8146185113754002e-12
1.997858059086958e-12
2.1821663198105448e-12
2.367671193331004e-12
2.5545071231697847e-12
2.74282468551268e-12
2.9327588672708763e-12
3.1244943963112784e-12
3.3182001136731e-12
3.5140663312496437e-12
3.712300931707287e-12
3.91312488973619e-12
4.1167645491016125e-12
4.32353400665824e-12
4.533667723912413e-12
4.747487304873026e-12
4.965332375018349e-12
5.1875984819200365e-12
5.41469024933023e-12
5.646981334719608e-12
5.884974035326278e-12
6.129105801433403e-12
6.380099859648808e-12
6.638499198329319e-12
6.905045553704668e-12
7.180675800714097e-12
7.465383896055473e-12
7.760893959075044e-12
8.068054022477529e-12
8.38750130071022e-12
8.720773598376767e-12
9.068998549574376e-12
9.43359234350887e-12
9.815979398767999e-12
1.0217937348309643e-11
1.0641127646428282e-11
1.1087855307597759e-11
1.1559861559374321e-11
1.2059593506989096e-11
1.2589695297014339e-11
1.3153476802612012e-11
1.3761058514022135e-11
1.4400977443161546e-11
1.507575069425332e-11
1.5806082140797606e-11
1.6588217093871098e-11
1.742715691535336e-11
1.8327995792270698e-11
1.9296250169100188e-11
2.0338738554193594e-11
2.146179007541352e-11
2.267328960844121e-11
2.398088842420582e-11
2.5393651901047037e-11
2.6921777884057656e-11
2.857533995444347e-11
3.0366008965022594e-11
3.2305683208250014e-11
3.440934374238138e-11
3.6690760723834765e-11
3.91659141525646e-11
4.185395079825661e-11
4.477196108468628e-11
4.794203129807538e-11
5.1386583448199945e-11
5.513003759108467e-11
5.919821387475895e-11
6.361947469821106e-11
6.842710148471587e-11
7.365246825274393e-11
7.93339459540342e-11
8.550883772610941e-11
9.221963540533421e-11
9.951804269189847e-11
1.0744622183417689e-10
1.1605929693080779e-10
1.25414687906963e-10
1.3557554268171895e-10
1.4660535398003948e-10
1.5857378988495022e-10
1.7156106862721399e-10
1.8563989956578525e-10
2.009048615948604e-10
2.1743802816933462e-10
2.353445269896973e-10
2.5471613205168565e-10
2.756724393419381e-10
2.983178933641578e-10
3.2277532320850397e-10
3.491696419365747e-10
3.7762981333326867e-10
4.0828879807649424e-10
4.4127933175051747e-10
4.767562098962433e-10
5.148538569844517e-10
5.557306794452174e-10
5.995335099070775e-10
6.463938329708857e-10
6.964733160061294e-10
7.499057073382387e-10
8.06821775699257e-10
8.673626164093134e-10
9.316183037485807e-10
9.997144984522177e-10
1.071711038961316e-9
1.1476931340672554e-9
1.2276577591424247e-9
1.3116252516802465e-9
1.3995805714189784e-9
1.4914041539198688e-9
1.5869761365922442e-9
1.6861519479188308e-9
1.7886734032262005e-9
1.8942347697839246e-9
2.0024845668225492e-9
2.1128682092738087e-9
2.224951262942261e-9
2.3380189100208115e-9
2.4513432953516136e-9
2.5641410752544186e-9
2.67503464260324e-9
2.783321419025769e-9
2.8874872012456482e-9
2.98619719909909e-9
3.0777745767182775e-9
3.160450368707747e-9
3.232260167931535e-9
3.2910307453379747e-9
3.3344344439785786e-9
3.3599676301050738e-9
3.3650010602784046e-9
3.3467418498632812e-9
3.302441126950091e-9
3.22962131627525e-9
3.1257071584709166e-9
2.9890653007074144e-9
2.818904124608664e-9
2.6159083887793846e-9
2.3829340503016337e-9
2.1258322334397595e-9
1.8538704673732457e-9
1.5807949856122982e-9
1.3245198124753393e-9
1.106730439383083e-9
9.511727950644242e-10
8.817923990302717e-10
9.222247563721554e-10
1.1009697881621088e-9
1.4715580868342142e-9
2.1727813357018332e-9
3.627090977121321e-9
7.463297075540419e-9
2.4783598549280984e-8
1.2053414345016045e-6
4.372778786592657e-8
8.634214895512565e-9
3.427419913002076e-9
1.7639361859542917e-9
1.0372158258073464e-9
6.587476688036783e-10
4.371671962708655e-10
2.9460926812528886e-10
1.902817423315761e-10
3.9120897630680775e-8
5.6436185701026814e-8
6.49164930485362e-8
6.954696518098196e-8
7.221390098555867e-8
7.350678633016151e-8
7.412799011115283e-8
7.416136795530666e-8
7.377152709960698e-8
7.296396401890558e-8
7.226212981854088e-8
7.14902163160801e-8
7.050637606340797e-8
6.957063213036643e-8
6.846385489927827e-8
6.73652409108076e-8
6.682798601410756e-8
6.52744743287788e-8
6.381012482052037e-8
6.358008386631929e-8
6.25874929596188e-8
6.072632791864518e-8
5.996234037128241e-8
5.880422220399453e-8
5.661550816433747e-8
5.699636997137275e-8
5.602975091842398e-8
5.52322744469846e-8