1.734661484738335e-14
1.9082982541590025e-13
3.6439854628916727e-13
5.381310383312262e-13
7.121064800065326e-13
8.864067877259072e-13
1.0611118684821368e-12
1.2363110230039112e-12
1.4120906950604967e-12
1.5885445850505195e-12
1.7657688485477495e-12
1.943865291631276e-12
2.1229470167236442e-12
2.3031211591082047e-12
2.4845075957007357e-12
2.667244412144881e-12
2.8514688383539952e-12
3.0373308267007835e-12
3.2249824966912873e-12
3.4146078603942325e-12
3.606390843525784e-12
3.800531957056302e-12
3.997249021329191e-12
4.196777045480646e-12
4.399391597882428e-12
4.605350477599069e-12
4.814980374962058e-12
5.028569035193347e-12
5.246518209112686e-12
5.4692280220487514e-12
5.697177290360023e-12
5.930699169242303e-12
6.170277672614823e-12
6.416586050625969e-12
6.670355932141935e-12
6.9319831349142095e-12
7.205789540729782e-12
7.482330000365469e-12
7.772578674367563e-12
8.07420467916403e-12
8.388206021459525e-12
8.715725385827775e-12
9.057961526043098e-12
9.416289263560754e-12
9.79216328485128e-12
1.0187391770754134e-11
1.0603462775942141e-11
1.1042782943600868e-11
1.1506838545814337e-11
1.1998268618857021e-11
1.2519875628092144e-11
1.3074208080189946e-11
1.3664088112935425e-11
1.4293119851393758e-11
1.4964939547474103e-11
1.568322557476859e-11
1.6452798204434536e-11
1.7278060687694844e-11
1.8164177233744813e-11
1.911689261841511e-11
2.0142349831972906e-11
2.1247212919212095e-11
2.2438890122502497e-11
2.3725437435426793e-11
2.5115516433665898e-11
2.6618838575023636e-11
2.8245360355716808e-11
3.000681049265106e-11
3.191494754091326e-11
3.398446219315518e-11
3.622811253360235e-11
3.866399732715823e-11
4.13071569448015e-11
4.417794528051677e-11
4.729617786609062e-11
5.06838556349922e-11
5.436560440195189e-11
5.836655629336727e-11
6.271596766142826e-11
6.744394913920743e-11
7.258411586452265e-11
7.817054276249103e-11
8.42437656451809e-11
9.084458279234199e-11
9.80195644359458e-11
1.0581729852411346e-10
1.142859305598643e-10
1.2348602007879971e-10
1.3347943148584921e-10
1.4432093011247258e-10
1.5609071878012465e-10
1.6886162272725054e-10
1.827051083294453e-10
1.9771268200060148e-10
2.1397013460476002e-10
2.3157108092234046e-10
2.506225650157977e-10
2.7121911408649695e-10
2.9348446466794074e-10
3.1753001442642247e-10
3.4347441467301527e-10
3.7144860774246064e-10
4.0159051836654157e-10
4.3402085307636967e-10
4.688951338198312e-10
5.063467211068841e-10
5.465249084124735e-10
5.895909391684131e-10
6.356349716718015e-10
6.848472977848481e-10
7.373702278430128e-10
7.933026398819666e-10
8.527982442487042e-10
9.159592713632178e-10
9.828766974056469e-10
1.053627161910437e-9
1.1282957298211136e-9
1.2068770065571177e-9
1.2893854929487051e-9
1.3758025187112251e-9
1.4660216922910305e-9
1.559937606447694e-9
1.6574006467853498e-9
1.7581073414591104e-9
1.8618118445180788e-9
1.968134248606937e-9
2.0766151393099747e-9
2.1867020642755435e-9
2.2977684878741464e-9
2.409148664861423e-9
2.519860619155124e-9
2.6288071139310227e-9
2.735104146759756e-9
2.837381549784891e-9
2.934668239574808e-9
3.024165895894193e-9
3.1053059344537643e-9
3.1757133079097184e-9
3.2332821605557904e-9
3.2758027876485443e-9
3.3007364148149983e-9
3.3054653408934226e-9
3.287327953311159e-9
3.243532475158654e-9
3.171713907265181e-9
3.0709262972737884e-9
2.9363557752793996e-9
2.7687908615935626e-9
2.5677147713925048e-9
2.3387671332776217e-9
2.0861457574476954e-9
1.8191550184933851e-9
1.551263087982499e-9
1.3001604114725427e-9
1.0871322085384838e-9
9.355465061069567e-10
8.688996861410627e-10
9.104229158985681e-10
1.0882484660629994e-9
1.4554224653077425e-9
2.1495571109408707e-9
3.5893970338631682e-9
7.390254526120412e-9
2.4585469799444418e-8
1.226511309422534e-6
4.293896287380548e-8
8.503339503919995e-9
3.3777510162080095e-9
1.738578073836436e-9
1.0221133082302216e-9
6.488395487268865e-10
4.301783124934798e-10
2.8928668649707155e-10
1.851825394659574e-10
4.047975947357506e-8
5.693944867456296e-8
6.503805793437542e-8
6.95615231019732e-8
7.201278593077903e-8
7.332305896206186e-8
7.388952564128273e-8
7.375495393546361e-8
7.328218684808391e-8
7.282417867620606e-8
7.203329175452742e-8
7.109472529571771e-8
7.027634193378404e-8
6.900450299826824e-8
6.780904569527308e-8
6.699932026085982e-8
6.547873015293949e-8
6.459983777589519e-8
6.348371326846953e-8
6.273192863455038e-8
6.15540718682258e-8
6.055778430296266e-8
5.903053270586523e-8
5.7343336615969063e-8
5.743428826264833e-8
5.645306663548916e-8
5.570638797400588e-8