7.859435224288161e-15
8.645573987899634e-14
1.6506180676321386e-13
2.436865337203497e-13
3.223388402529213e-13
4.010277177908961e-13
4.79762191684881e-13
5.58551426771048e-13
6.374046034788467e-13
7.163311603698912e-13
7.953404843590415e-13
8.744423325642767e-13
9.53646450036989e-13
1.0329629535285931e-12
1.1124020320747291e-12
1.1919742131129705e-12
1.271690338373096e-12
1.3515616018237532e-12
1.4315991794955463e-12
1.5118150551017466e-12
1.5922213700734882e-12
1.672830792170951e-12
1.7536566459035885e-12
1.8347121045042763e-12
1.9160118091070274e-12
1.997570706163205e-12
2.0794042654689974e-12
2.161528132217486e-12
2.2439600101595103e-12
2.3267179245802862e-12
2.4098206490669527e-12
2.49328750102739e-12
2.5771410161109684e-12
2.661391363113562e-12
2.746095886643516e-12
2.8312463684546563e-12
2.9168708520251792e-12
3.0030274252394455e-12
3.089704604199183e-12
3.176970478474707e-12
3.2648431208414426e-12
3.3533647661750892e-12
3.4425901469561642e-12
3.532530067036767e-12
3.623229106029198e-12
3.714789176873726e-12
3.807192727578434e-12
3.900569392893739e-12
3.994908975855938e-12
4.090356279705561e-12
4.186900632949001e-12
4.284687638025901e-12
4.383799905185694e-12
4.4842661353038836e-12
4.586248410123856e-12
4.689843356192166e-12
4.795166359412528e-12
4.902329098737801e-12
5.01149162616604e-12
5.122803755299871e-12
5.236438040643166e-12
5.3526080992676296e-12
5.471350585547041e-12
5.59306095529076e-12
5.717915790367509e-12
5.8461707031357164e-12
5.978067063055241e-12
6.113953270857193e-12
6.254145853450577e-12
6.398989306638982e-12
6.548930925295071e-12
6.7043558311496265e-12
6.865765532356593e-12
7.0336495276775495e-12
7.208612828259017e-12
7.391140722057756e-12
7.582061323658272e-12
7.782041357127161e-12
7.991838056341746e-12
8.212480211917602e-12
8.444742849196336e-12
8.689817738139664e-12
8.94868622729084e-12
9.222779897035556e-12
9.51335529770255e-12
9.822011160633713e-12
1.0150154935348121e-11
1.049977031812135e-11
1.0872872231407963e-11
1.1271320058942998e-11
1.1697598622293967e-11
1.2154221265657923e-11
1.2644054198903162e-11
1.3169947926820833e-11
1.3735289188901051e-11
1.434369893785278e-11
1.4999006964464555e-11
1.570566208922018e-11
1.6468220722026824e-11
1.7291774993650545e-11
1.8182048370100363e-11
1.9144797311648152e-11
2.0186688718892138e-11
2.131502391076e-11
2.2537568415182977e-11
2.3862884346297176e-11
2.5299969649321624e-11
2.6859113033687392e-11
2.855116289714898e-11
3.038771118273761e-11
3.238207239581075e-11
3.454781875102202e-11
3.690033766059961e-11
3.945601659874989e-11
4.2231973657404e-11
4.5248051695750775e-11
4.852500558928946e-11
5.208493825073062e-11
5.5952362421939206e-11
6.015283893355413e-11
6.471472769915125e-11
6.966850863403861e-11
7.504627597456326e-11
8.088295022860424e-11
8.721611103598177e-11
9.408442262014006e-11
1.0153274888954183e-10
1.0960368492348856e-10
1.1834761914487974e-10
1.278166979272315e-10
1.3806131837804944e-10
1.4914758406664488e-10
1.6112734082867673e-10
1.740688201945125e-10
1.8803790259496526e-10
2.0310645734312486e-10
2.1934370235038388e-10
2.3683052214784765e-10
2.556318331948789e-10
2.7584412230394027e-10
2.9754770416773386e-10
3.2080725516999154e-10
3.45720203474287e-10
3.7236658163800005e-10
4.0081912307972435e-10
4.3116437162097685e-10
4.634719782569191e-10
4.978143223287232e-10
5.342584841473782e-10
5.728333219244622e-10
6.136018411295351e-10
6.565972899244248e-10
7.018333117264877e-10
7.49296085348073e-10
7.989619140405589e-10
8.507963660909785e-10
9.047165865330002e-10
9.606135525902207e-10
1.0183515610519957e-9
1.0777518587276731e-9
1.138592195464273e-9
1.200609440589467e-9
1.2634829842687143e-9
1.3268262275546711e-9
1.3902160095207806e-9
1.45312927605713e-9
1.5149855760282182e-9
1.5751386810378028e-9
1.632847592717433e-9
1.6872583338109413e-9
1.73743624452667e-9
1.782367747978244e-9
1.8209007347298441e-9
1.851792432395869e-9
1.873697233026809e-9
1.885178274580127e-9
1.8847423976173147e-9
1.870845029526162e-9
1.841955306147684e-9
1.796672853290793e-9
1.7337620296576206e-9
1.6526720182174785e-9
1.5465583675684112e-9
1.435994040579333e-9
1.3035942379149638e-9
1.1598366268824124e-9
1.0110767485484912e-9
8.65701839785825e-10
7.346041082139811e-10
6.303721959364187e-10
5.66404130438365e-10
5.56055150642462e-10
6.132015353321259e-10
7.57036132210287e-10
1.0273035686662345e-9
1.5277397193299326e-9
2.5713578828818763e-9
5.3834481046380016e-9
1.8847648738853365e-8
2.369586124882732e-6
2.497548812659163e-8