1.4873988157968957e-14
1.6362430261321474e-13
3.1242684525056107e-13
4.613293981856666e-13
6.103803036345471e-13
7.596286271332609e-13
9.091247433533053e-13
1.0589197171029282e-12
1.2090684354799526e-12
1.3596246775894502e-12
1.5106465742664847e-12
1.6621950816106268e-12
1.8143330314551882e-12
1.9671263965902463e-12
2.1206483433883604e-12
2.274971329063789e-12
2.4301760011717673e-12
2.5863560706778735e-12
2.7435839644973857e-12
2.901968569714247e-12
3.0616222104078596e-12
3.2226412338545023e-12
3.3851586829972954e-12
3.5493047964820875e-12
3.715224682786601e-12
3.8830698998600985e-12
4.053003702450685e-12
4.2252101885693434e-12
4.399894434488381e-12
4.577253198581189e-12
4.757523733708374e-12
4.940979462332552e-12
5.127830673052405e-12
5.318476284735278e-12
5.5131648450496975e-12
5.7123276590653615e-12
5.916245464895835e-12
6.125424273125749e-12
6.340355919339979e-12
6.5613739995273715e-12
6.789220692752206e-12
7.024516490655711e-12
7.267687183380511e-12
7.519798836914851e-12
7.78139169526581e-12
8.053395026663832e-12
8.336635477904681e-12
8.632384069114249e-12
8.941578305864433e-12
9.26556422315901e-12
9.605564744709384e-12
9.963098699541796e-12
1.0339952450913497e-11
1.0737767578330547e-11
1.1158407160714742e-11
1.1604096121938557e-11
1.2076881070702833e-11
1.2579664611874354e-11
1.3114915889352237e-11
1.3685823830884822e-11
1.4295559271030543e-11
1.4947706408424122e-11
1.5646420112110312e-11
1.639567190621409e-11
1.720030834844036e-11
1.8065560206213372e-11
1.8996834750665046e-11
2.000032655671329e-11
2.1082467489408055e-11
2.2250726612059437e-11
2.3513173090049564e-11
2.4877883970716416e-11
2.635502535298072e-11
2.7953856249003428e-11
2.968694207148207e-11
3.1565127983886915e-11
3.3601514837454965e-11
3.581191799383214e-11
3.821094946720981e-11
4.081556946805409e-11
4.3644930987175166e-11
4.671714397251543e-11
5.0056881299535175e-11
5.3685623724577295e-11
5.762909746674465e-11
6.191597713425618e-11
6.65747581962245e-11
7.163920666297467e-11
7.714418486812019e-11
8.312668678824314e-11
8.962760875564334e-11
9.669103841222542e-11
1.0436349876067144e-10
1.126988448027347e-10
1.2174505079159046e-10
1.3156713843253854e-10
1.4222373907347754e-10
1.537814904696137e-10
1.6631562130183402e-10
1.798980152304911e-10
1.9461034300361355e-10
2.1054033899338155e-10
2.2777363639028908e-10
2.4641231683100767e-10
2.665505326182463e-10
2.883001039318613e-10
3.117629397131004e-10
3.370635514719392e-10
3.643072934324621e-10
3.936180010918402e-10
4.2514710526469666e-10
4.590032160884144e-10
4.953110144618988e-10
5.342066953717026e-10
5.758221957333376e-10
6.202974151700873e-10
6.677181219223098e-10
7.182418534465517e-10
7.719876617037316e-10
8.289842674386684e-10
8.893971406351163e-10
9.532671803931515e-10
1.0206395527051014e-9
1.091547730106074e-9
1.1659941323364294e-9
1.2439451171739101e-9
1.3253168585171516e-9
1.4100332735138047e-9
1.4978858040839143e-9
1.5886764367400088e-9
1.682150951149331e-9
1.7779826567272938e-9
1.875706115642077e-9
1.974865261602515e-9
2.0748724662814918e-9
2.175120481085292e-9
2.2746412157294253e-9
2.372702859007513e-9
2.468260920964679e-9
2.5601506151940843e-9
2.6471057810183236e-9
2.727683808484183e-9
2.8002659782197694e-9
2.863094895171288e-9
2.914347421271727e-9
2.95183628713671e-9
2.973368502102024e-9
2.9766027610185014e-9
2.959119646529046e-9
2.9183829058894367e-9
2.8522608654124036e-9
2.7585922886843032e-9
2.6359690439258747e-9
2.4838200185809703e-9
2.3028122390716646e-9
2.095870023193723e-9
1.8681867603914173e-9
1.6285431893783903e-9
1.3892506833517773e-9
1.1664744187429198e-9
9.795595782426358e-10
8.495326042064152e-10
7.975092396134278e-10
8.445037022610617e-10
1.0166147399796192e-9
1.3641296550370365e-9
2.0178582879293952e-9
3.375197101641482e-9
6.973500856570956e-9
2.3441099928184778e-8
1.3633283715508251e-6
3.8640343614065615e-8
7.778309063199834e-9
3.1012677036213633e-9
1.5971060863644784e-9
9.377370037537375e-10
5.933996523177063e-10
3.9094777455186957e-10
2.5904140146755075e-10
1.4973236631064284e-10
4.67222916729544e-8
5.926873290416212e-8
6.571295543180598e-8
6.923455924359749e-8
7.107282428981467e-8
7.198023334692028e-8
7.228865264660482e-8
7.203967107229498e-8
7.163815606539471e-8
7.088056407081843e-8
6.993333623507086e-8
6.903032580982514e-8
6.795771674046021e-8
6.69656199985093e-8
6.550936651165457e-8
6.433555566523263e-8
6.343175563948681e-8
6.178051480806321e-8
6.155105124359898e-8
5.986394416814329e-8
5.925431360448251e-8