2.2157411872752418e-8
2.3451266612682975e-7
4.032645121720185e-7
4.989252133614668e-7
5.071562677493452e-7
4.3072768610724884e-7
2.922604144585024e-7
1.39986528245648e-7
4.121752071374756e-8
2.2173031539058606e-8
2.9522411429634695e-8
4.120798501081789e-8
6.055912958854983e-8
9.644154169833981e-8
1.7549867398959323e-7
4.119367027373841e-7
1.8863168531842334e-6
0.00008546963511435056
1.1058879536590453e-6
3.0662032935510613e-7
1.39753851383822e-7
7.888852732136747e-8
5.017690493963882e-8
3.443769036232231e-8
2.4912479814756908e-8
1.8728840442563618e-8
1.4498637772467391e-8
1.1484939560238611e-8
9.267338754421872e-9
7.591948606452473e-9
6.2981879684331954e-9
5.280525463052433e-9
4.467333730466595e-9
3.808637061428715e-9
3.2687276875947523e-9
2.8215557964067235e-9
2.4477664708781104e-9
2.1327436347053115e-9
1.865288457800784e-9
1.6367076554248712e-9
1.4401727214757493e-9
1.270261895507097e-9
1.1226276735948436e-9
9.937520394319997e-10
8.80763868647106e-10
7.813010263672159e-10
6.934049370669656e-10
6.154389655620925e-10
5.460242704260322e-10
4.839884457428549e-10
4.2832306293452756e-10
3.7814660915298094e-10
3.3266849610576973e-10
2.911468949922681e-10
2.528228141119215e-10
2.1677318912099982e-10
1.8140490460789705e-10
1.4004632721543715e-10
7.02189232175871e-8
9.712326128337366e-8
1.1325255029723487e-7
1.239072877416258e-7
1.3169656163352677e-7
1.3713286643054685e-7
1.412987158859157e-7
1.4428423145579146e-7
1.4630485280251216e-7
1.4802913671888208e-7
1.486968322321632e-7
1.4937806841082227e-7
1.4995900429547737e-7
1.5018988257936515e-7
1.4995877445096397e-7
1.4943681367552008e-7
1.4883693252989536e-7
1.487283615612135e-7
1.4739508383780782e-7
1.4703999796624795e-7
1.4604039539012753e-7
1.447293408863042e-7
1.4425275599396505e-7
1.432136202115926e-7
1.420182840929132e-7
1.4072150300688757e-7
1.3941073602742401e-7
1.3816623654561916e-7
1.367588336820634e-7
1.3525917316110612e-7
1.3356143296537247e-7
1.3261326163613404e-7
1.314544579643934e-7
1.2960842134328416e-7
1.2841892395759284e-7
1.270395896965564e-7
1.2483585510327232e-7
1.2404123305444232e-7
1.225576632626078e-7
1.2096811535990096e-7
1.1951120234085276e-7
1.1767074619973249e-7
1.1669550002509274e-7
1.1507183359653501e-7
1.1381676860491649e-7
1.1186386616143545e-7
1.1096060394218953e-7
1.0932408106420741e-7
1.0794941336556111e-7
1.06657582336291e-7
1.0492497177039007e-7
1.0378634518829931e-7
1.0246443949984105e-7
1.0063737633902366e-7
9.973668751880367e-8
9.838482182507553e-8
9.696131645992056e-8
9.574294850477946e-8
9.441012516900388e-8
9.314153925293965e-8
9.189256911519394e-8
9.067116385253296e-8
8.940393940648693e-8
8.822907960442705e-8
8.699722570168394e-8
8.586366581987324e-8
8.472566646425524e-8
8.346786819730606e-8
8.24631856627076e-8
8.133351933904946e-8
8.022873500358592e-8
7.91850354916616e-8
7.808721806466627e-8
7.703563755887898e-8
7.598122322681516e-8
7.497366551558813e-8
7.399410972562215e-8
7.297858362339487e-8
7.200614641432326e-8
7.105861103278399e-8
7.007127498172714e-8
6.918598173794885e-8
6.823268530648833e-8
6.735573063369626e-8
6.64932079185648e-8
6.558307502851267e-8
6.464989547904834e-8
6.387451120277025e-8
6.305582610904452e-8
6.223037453899899e-8
6.139348625335425e-8
6.060996083480673e-8
5.981713611037166e-8
5.905292815353577e-8
5.8295697692055426e-8
5.753783373069771e-8
5.679758501905288e-8
5.605852541929239e-8
5.533956446528045e-8
5.465482208896671e-8
5.395856355673989e-8
5.3264277043892267e-8
5.259122682298021e-8
5.192781923904802e-8
5.1265823576835185e-8
5.061920389893228e-8
4.999507197354827e-8
4.937402706169686e-8
4.877088253595182e-8
4.816567774209482e-8
4.7565137730875365e-8
4.697171076474593e-8
4.63818936568874e-8
4.5830061251259225e-8
4.526564646187697e-8
4.471616579704621e-8
4.4168942690542774e-8
4.362866567264395e-8
4.311138000033976e-8
4.258736162848401e-8
4.208072787471421e-8
4.1566049846334094e-8
4.1072545816420426e-8
4.057658703146367e-8
4.010389720713523e-8
3.963027021268292e-8
3.916933966000372e-8
3.8699306424012246e-8
3.8248430860641125e-8
3.779220637912587e-8
3.7360655301294065e-8
3.692729239950423e-8
3.649592216848263e-8
3.607781302820141e-8
3.566789481800029e-8
3.524837901232143e-8
3.484928213572714e-8
3.444898415770271e-8
3.405023532942924e-8
3.366594716679061e-8
3.328777379769976e-8
3.2917267383302246e-8
3.255045288214497e-8