1.9388822301218235e-9
2.1300839616287234e-8
4.0528138770747904e-8
5.949735496990576e-8
7.808370985104525e-8
9.615953663592806e-8
1.1359412799239726e-7
1.3025497950033847e-7
1.4600428076559465e-7
1.607019733999042e-7
1.7420301940438754e-7
1.8636041828157828e-7
1.9702126031034042e-7
2.0602750084360255e-7
2.132218946698047e-7
2.184329323146042e-7
2.2148219190304719e-7
2.2218340543955172e-7
2.2034450817285613e-7
2.157588355085811e-7
2.082130351969357e-7
1.9752524173193932e-7
1.8354980473155989e-7
1.6622161284167667e-7
1.4567272310615336e-7
1.2234689337405127e-7
9.719522053030881e-8
7.188045360885e-8
4.887640572634559e-8
3.122875437290035e-8
2.1705312126112692e-8
2.1551040696881367e-8
3.049602063418831e-8
5.1465326213116384e-8
1.0596697586329324e-7
3.379525267580022e-7
8.200779252708821e-6
9.134079702541988e-7
1.6426648173985778e-7
6.513993630729755e-8
3.426995032070258e-8
2.087143895375672e-8
1.3900992481247628e-8
9.832933901027328e-9
7.2619622588106335e-9
5.539289032783122e-9
4.332164516582959e-9
3.455842137362457e-9
2.8011797852050173e-9
2.3003961421772934e-9
1.9096289472749856e-9
1.599498512271159e-9
1.3497396555189487e-9
1.1460155372660787e-9
9.779563818122882e-10
8.379132452297186e-10
7.201435921391627e-10
6.202654615354774e-10
5.348824863617131e-10
4.6131981732916407e-10
3.9743174164879134e-10
3.414533852437958e-10
2.91870943463204e-10
2.472711555992127e-10
2.0604996144047212e-10
1.6525472283888118e-10
3.653904753628941e-8
7.622409756231589e-8
9.644716682444054e-8
1.0966866088584998e-7
1.1892056069249882e-7
1.254300163607779e-7
1.302723147461008e-7
1.339173767161308e-7
1.3633745448915845e-7
1.3784884761853666e-7
1.3922577133068118e-7
1.400701488541205e-7
1.4046447252654982e-7
1.4038029791640893e-7
1.3998113023654696e-7
1.3974122425599734e-7
1.382993807113439e-7
1.3835898398242602e-7
1.3698473232655355e-7
1.3624625892265946e-7
1.349746702379027e-7
1.3392523177877003e-7
1.3286449615466739e-7
1.3165846617211646e-7
1.3049809311826637e-7
1.2936125048012715e-7
1.2790776181375735e-7
1.2671176524005551e-7
1.253314026782814e-7
1.2379122253348455e-7
1.227206691824425e-7
1.2141660220102913e-7
1.1921666123605216e-7
1.1858191457500231e-7
1.1720539650358043e-7
1.15641139513583e-7
1.143518507325071e-7
1.1278852772800572e-7
1.114192348711115e-7
1.1035650757404393e-7
1.0868149463661233e-7
1.0758903077057164e-7
1.0570883001726129e-7
1.0497466452093242e-7
1.033215998825859e-7
1.0223781517915633e-7
1.0105354902234591e-7
9.942164637039038e-8
9.85493451159174e-8
9.704436482397982e-8
9.561116431728674e-8
9.453323301316997e-8
9.316069184150925e-8
9.211787674443626e-8
9.08651631971818e-8
8.96619251081649e-8
8.849769177562912e-8
8.729723263220245e-8
8.622332950838698e-8
8.507401174565701e-8
8.397536202602237e-8
8.287079794477032e-8
8.181764159900254e-8
8.05699848680139e-8
7.968758864230808e-8
7.862373136458897e-8
7.756218475448783e-8
7.660441565064694e-8
7.558150971779394e-8
7.459768316531359e-8
7.360283770128602e-8
7.264522591708652e-8
7.172986528303841e-8
7.077640843740915e-8
6.991635306587076e-8
6.897463951391167e-8
6.806892269010104e-8
6.721006867192229e-8
6.630802267586367e-8
6.550436364583305e-8
6.466857162286769e-8
6.380558356684445e-8
6.298767678019499e-8
6.222789086647399e-8
6.144923096609204e-8
6.065149486558237e-8
5.984231120062815e-8
5.909144279367687e-8
5.838558013604306e-8
5.7676972579433784e-8
5.694769775623791e-8
5.622446826308895e-8
5.5481937040834945e-8
5.479218049410456e-8
5.414770995272215e-8
5.349009672390965e-8
5.282907983141859e-8
5.21837379455509e-8
5.1539271882835825e-8
5.087562402179599e-8
5.027912457139254e-8
4.967535022422015e-8
4.9070592628240524e-8
4.8482870676834994e-8
4.7899201085532837e-8
4.731751101346529e-8
4.674114827788006e-8
4.6175556388365467e-8
4.562870066747282e-8
4.5091543653072766e-8
4.4563293399357225e-8
4.403473205653383e-8
4.35110722640459e-8
4.300822600166007e-8
4.249564355294679e-8
4.1992363064116916e-8
4.1505307397998265e-8
4.1029573195613885e-8
4.05495529013194e-8
4.009038176371084e-8
3.962129252208264e-8
3.916287230650764e-8
3.8721511944239316e-8
3.8284725642564504e-8
3.78405080059628e-8
3.7414377195253414e-8
3.698939669495802e-8
3.657753329386446e-8
3.6154652311719576e-8
3.5752867535199266e-8
3.5357854249262193e-8
3.496214866304997e-8
3.457153174417161e-8
3.419194499611956e-8
3.3816324965355655e-8