2.6174362035112605e-11
2.883687163509575e-10
5.52786243730111e-10
8.215035070654881e-10
1.0965724294508184e-9
1.380037568361957e-9
1.674011860851647e-9
1.9806760929437708e-9
2.30230003536856e-9
2.6405880969940522e-9
2.998384828503747e-9
3.377667076838405e-9
3.7808887631273466e-9
4.210266319750797e-9
4.668031961153432e-9
5.157002749228339e-9
5.679295994923825e-9
6.237014068002957e-9
6.8328059726457775e-9
7.468739668251263e-9
8.146996433500706e-9
8.869138866761886e-9
9.638625766018904e-9
1.0455398085461705e-8
1.1321112820907993e-8
1.223697126528573e-8
1.3203697378822806e-8
1.4220603856542625e-8
1.528808409606209e-8
1.6404543552160046e-8
1.756852110670921e-8
1.8777283136805526e-8
2.0027306815635196e-8
2.1313709396043196e-8
2.263031627619995e-8
2.397375535362503e-8
2.5332520996574667e-8
2.6698587258077926e-8
2.8060953087582962e-8
2.9407764004031482e-8
3.072485380777673e-8
3.200031213376935e-8
3.3206733889455684e-8
3.433572764414965e-8
3.5361957475294644e-8
3.626405663106354e-8
3.702412122290492e-8
3.75904135142657e-8
3.795931011810447e-8
3.809033156016587e-8
3.7951481373840484e-8
3.750787097337008e-8
3.672634659078809e-8
3.557214817412878e-8
3.400843038927315e-8
3.2037978606395484e-8
2.9628557233249022e-8
2.6803340629297107e-8
2.3609815162873595e-8
2.0143736979588376e-8
1.6561253261986212e-8
1.3088429692809912e-8
1.0017762975733971e-8
7.68387574505535e-9
6.419101831257929e-9
6.519850786330104e-9
8.32189669247398e-9
1.265170773979697e-8
2.2592492413278654e-8
5.273969125548737e-8
2.5099320206081725e-7
5.4184204210993425e-6
1.1685605863453824e-7
3.3045415998107076e-8
1.5004918859486014e-8
8.383384675358736e-9
5.262364035214228e-9
3.5578255857633843e-9
2.5314814134464488e-9
1.8689660346140092e-9
1.4183721693444131e-9
1.0991522820259797e-9
8.654358200962071e-10
6.895687441152482e-10
5.540736511316073e-10
4.4743936219329633e-10
3.617713653376967e-10
2.913706636093157e-10
2.3168181182738357e-10
1.7765274013665218e-10
2.9010831942128195e-8
6.473702668803418e-8
8.223856817307421e-8
9.365450721533113e-8
1.0140733761186432e-7
1.0690516636400727e-7
1.1066238056990305e-7
1.1336617083630229e-7
1.1499630685404747e-7
1.159400855207478e-7
1.1705538221377524e-7
1.1662937816151026e-7
1.1659356893372955e-7
1.1603856903175604e-7
1.1522943551246447e-7
1.1434441119655473e-7
1.1367140539835032e-7
1.1206948426847881e-7
1.1123017437379124e-7
1.1050628875135423e-7
1.090641646192875e-7
1.0802826906350102e-7
1.0618410666344128e-7
1.0569178495953092e-7
1.0240731756422048e-7
1.0214266871342017e-7
1.0070636065632357e-7
9.79790792954028e-8
9.648949896985868e-8
9.837944930880606e-8
9.630827564210167e-8
9.54286069752264e-8
9.361472827732317e-8
9.268334732007048e-8
9.151363023039672e-8
9.057757670708454e-8
8.906612278640461e-8
8.83460176058804e-8
8.727547117443423e-8
8.589838723384356e-8
8.542008924572514e-8
8.357265414135603e-8
8.294120007057784e-8
8.151657550987708e-8
8.054664778791642e-8
7.955088305991795e-8
7.852415255024048e-8
7.740737944687918e-8
7.648195173495551e-8
7.555876822219982e-8
7.478430318469816e-8
7.368748752219328e-8
7.277475974752426e-8
7.190226943258268e-8
7.110723860877656e-8
7.004467699203006e-8
6.918173240091067e-8
6.843104301761652e-8
6.750854050733004e-8
6.663781884205196e-8
6.584947488843407e-8
6.50823266835087e-8
6.419666155611194e-8
6.346613681594104e-8
6.267635724215029e-8
6.196587206520393e-8
6.117702437691579e-8
6.04371726716502e-8
5.974658877716103e-8
5.8994630575386584e-8
5.820859793632345e-8
5.760900762929426e-8
5.6948763430750535e-8
5.622336376908797e-8
5.555765047059573e-8
5.485759533635798e-8
5.426356773247835e-8
5.3630303305147204e-8
5.298986325203575e-8
5.2319523535066926e-8
5.169886531806512e-8
5.111530507851802e-8
5.055928511478207e-8
4.9978799407047327e-8
4.939027941940109e-8
4.881299885567013e-8
4.823782534873158e-8
4.767879255872405e-8
4.714178207134479e-8
4.662327590742744e-8
4.609654840899039e-8
4.5573190733956783e-8
4.504917865862085e-8
4.452039627255129e-8
4.4031383969138066e-8
4.354253783563149e-8
4.3072694644444576e-8
4.2599152638479015e-8
4.213116136715886e-8
4.1655637010623136e-8
4.118132628615758e-8
4.070689060588606e-8
4.028152147541857e-8
3.9857226009584856e-8
3.942458192787197e-8
3.899513696240524e-8
3.8571413332764124e-8
3.815400139330781e-8
3.775546564166155e-8
3.734294684767438e-8
3.693589298869947e-8