8.697092836286664e-15
9.567045048402958e-14
1.8265595294887625e-13
2.6966467951459114e-13
3.567077579222704e-13
4.437963688956692e-13
5.309418547578253e-13
6.181556190775883e-13
7.05449274731784e-13
7.928346170357775e-13
8.803235583045915e-13
9.679284009993065e-13
1.0556616969276068e-12
1.1435362591640497e-12
1.2315652823379233e-12
1.319762342052011e-12
1.4081414837820644e-12
1.4967171282083198e-12
1.5855043541579344e-12
1.6745186109148037e-12
1.763776719852033e-12
1.8532948574495e-12
1.9430911289763903e-12
2.03318403187474e-12
2.123593063697282e-12
2.2143383831159564e-12
2.3054425219509607e-12
2.3969263855034565e-12
2.4888157415815368e-12
2.581135119244196e-12
2.6739121971675925e-12
2.7671767097032176e-12
2.8609548540208686e-12
2.9552850214867434e-12
3.0501976992196597e-12
3.145732168264812e-12
3.2419280712023094e-12
3.3388132373313984e-12
3.4364779840327614e-12
3.5349234792519027e-12
3.6342152740705607e-12
3.734437768755947e-12
3.835618336978413e-12
3.937838558707553e-12
4.041153826724965e-12
4.145681531751172e-12
4.251471750867212e-12
4.358626281832072e-12
4.467246288346667e-12
4.577413905485168e-12
4.689296646259379e-12
4.802968162946204e-12
4.918611629469892e-12
5.03633865703554e-12
5.156362851292506e-12
5.278795578486499e-12
5.40387771035049e-12
5.531798161996211e-12
5.6629225510311785e-12
5.7971267058136645e-12
5.935048810203577e-12
6.0768438872231845e-12
6.222931905503635e-12
6.373536491887585e-12
6.529122200411776e-12
6.690086360939416e-12
6.856933608574156e-12
7.03011885695272e-12
7.210234299809497e-12
7.397839133988736e-12
7.593622708982584e-12
7.798294607453328e-12
8.012650424157269e-12
8.237682810023583e-12
8.473918662115266e-12
8.722852802755783e-12
8.985206907318899e-12
9.262716002727762e-12
9.556268266895592e-12
9.867556515971404e-12
1.019801911377143e-11
1.0549606121911217e-11
1.0924107411660716e-11
1.13235485001567e-11
1.1750423116655498e-11
1.2207002789753865e-11
1.2696216054059485e-11
1.3220879465312856e-11
1.3784230014790316e-11
1.4389911574859571e-11
1.504169214476521e-11
1.574397582454294e-11
1.650119805846982e-11
1.7318360750694338e-11
1.8201150081956565e-11
1.915524186197177e-11
2.018735301790917e-11
2.130449009487065e-11
2.2514005797001946e-11
2.3824981523453687e-11
2.5246217267932047e-11
2.6787272025252742e-11
2.8459708632271015e-11
3.02744408851997e-11
3.224447218187747e-11
3.4384241096390705e-11
3.670786394273451e-11
3.9231965384626726e-11
4.197419438640987e-11
4.495331854364584e-11
4.8190374387207975e-11
5.170737519158374e-11
5.55282987442739e-11
5.968007247907892e-11
6.41888082697353e-11
6.908598013583827e-11
7.440484020623953e-11
8.017856624828241e-11
8.644549019333776e-11
9.324576138776092e-11
1.0062156567417967e-10
1.0861917615985849e-10
1.1728836301225192e-10
1.2667963870685415e-10
1.3685019904490698e-10
1.4785670873388431e-10
1.5976218176384384e-10
1.7263268985061518e-10
1.8653433700967764e-10
2.0154182372282817e-10
2.1772903610563504e-10
2.3517323301413897e-10
2.539656559770757e-10
2.741765753426568e-10
2.958880607619243e-10
3.1920893322083406e-10
3.442014559492557e-10
3.7097714700751797e-10
3.9961964812497574e-10
4.3020192442798467e-10
4.628190996513766e-10
4.975471546088936e-10
5.344576180402963e-10
5.736287357756249e-10
6.151092143245215e-10
6.589456778669525e-10
7.051693655138363e-10
7.538041553342166e-10
8.048372998987012e-10
8.5825342322819e-10
9.139929421896177e-10
9.719806492699134e-10
1.0321034071560187e-9
1.0942094115758882e-9
1.1581064641422424e-9
1.2235650322955705e-9
1.2902926465185741e-9
1.3579378629798679e-9
1.4261103870119445e-9
1.4943169125497435e-9
1.5620599400627396e-9
1.6286825600463674e-9
1.6934721539987836e-9
1.7556379304125746e-9
1.814301671437636e-9
1.868434241813582e-9
1.9169475177790327e-9
1.9586146829141187e-9
1.992084870627832e-9
2.015951608159542e-9
2.0286419865384213e-9
2.02854706179113e-9
2.014031342925562e-9
1.9834180079095514e-9
1.935227283689341e-9
1.8681126280987915e-9
1.7813083338014375e-9
1.6746075630594941e-9
1.5488976162132266e-9
1.4065325991795213e-9
1.251702763634598e-9
1.0909136885151237e-9
9.33293814915445e-10
7.903903068043204e-10
6.756927198560001e-10
6.036017009299012e-10
5.884775425032819e-10
6.451182531640217e-10
7.936518833481178e-10
1.075371399437925e-9
1.5980731089132022e-9
2.6873615880460732e-9
5.615507050206162e-9
1.9541399594473462e-8
2.141111786114993e-6
2.6731065873517134e-8
5.652727335420782e-9
2.277020326837167e-9
1.1719895482279197e-9
6.82771138895015e-10
4.245872449792606e-10