1.0839852330503004e-10
1.1938862647120443e-9
2.2868813865368934e-9
3.3941406480109224e-9
4.522398655523607e-9
5.67829827459046e-9
6.8682496363922205e-9
8.098919073333208e-9
9.37593666489183e-9
1.0705572991904e-8
1.2092919831762361e-8
1.3543639081498902e-8
1.5061688992683944e-8
1.665134319783105e-8
1.831594313734725e-8
2.0057423646142095e-8
2.187785855685282e-8
2.3777868935669715e-8
2.5755337850236836e-8
2.7809235439115518e-8
2.993450190822474e-8
3.2126214638774076e-8
3.4377262513499584e-8
3.667665316655874e-8
3.901416470157811e-8
4.137571758484254e-8
4.374411541690339e-8
4.609981653484257e-8
4.842179164728773e-8
5.068473707075629e-8
5.2862270126830585e-8
5.49236149157789e-8
5.683388025704989e-8
5.8557212927042304e-8
6.005351939572689e-8
6.128885947828223e-8
6.218690647802147e-8
6.275265103201264e-8
6.284353520709198e-8
6.248180392183029e-8
6.158222428668916e-8
6.008185429612344e-8
5.793383419251311e-8
5.507837416797077e-8
5.147623251194617e-8
4.714628150136426e-8
4.2098468834968804e-8
3.6445178726001154e-8
3.038589245699729e-8
2.4241022927181136e-8
1.8466109159989548e-8
1.3631293672952285e-8
1.0350992436868537e-8
9.177597503778667e-9
1.0570313661921255e-8
1.5269703027083576e-8
2.603261469867271e-8
5.54350663133e-8
1.969175470830133e-7
0.000021969467508540855
2.8197874913222153e-7
6.14008443279787e-8
2.558635024056065e-8
1.3720574553652694e-8
8.41877216848264e-9
5.616282553915149e-9
3.965344686900717e-9
2.9161088367051787e-9
2.2107450383290094e-9
1.7155620105789947e-9
1.3557373938087158e-9
1.0868016354323813e-9
8.810056615259791e-10
7.203180504958017e-10
5.926083749288665e-10
4.894590132567562e-10
4.0485007661644464e-10
3.3432386596665706e-10
2.743941742148125e-10
2.219732445822032e-10
1.7305145976443344e-10
2.98072656661935e-8
6.758798120934874e-8
8.626543647572682e-8
9.84455656602914e-8
1.0689099410625645e-7
1.1303534151338423e-7
1.1721604783759942e-7
1.2039495605049728e-7
1.223745424991348e-7
1.2358269617451148e-7
1.2431134699483325e-7
1.24799599549321e-7
1.2445702741670191e-7
1.2414117276042257e-7
1.2372884789942356e-7
1.2260662021679544e-7
1.2209998891292756e-7
1.2108667562315064e-7
1.2001841983079458e-7
1.189998096053441e-7
1.1800576404380004e-7
1.165921496406404e-7
1.1540076045590157e-7
1.1421486795116174e-7
1.1283277477878245e-7
1.1141029952398053e-7
1.1014383735440641e-7
1.0902029215831872e-7
1.0790755281937219e-7
1.0584132706670801e-7
1.0476422524114108e-7
1.0348861736316415e-7
1.022284426153523e-7
1.0116449086504573e-7
1.0005554096229818e-7
9.877992893165782e-8
9.78181156414404e-8
9.642976931008642e-8
9.476214996645801e-8
9.346710044277097e-8
9.286575907421805e-8
9.142812526579246e-8
9.012730772031205e-8
8.939878936065103e-8
8.76387306496029e-8
8.69870325114888e-8
8.594912163380108e-8
8.487229065285319e-8
8.357088884702115e-8
8.251693374071148e-8
8.143254094244622e-8
8.059601876370661e-8
7.951797206766695e-8
7.854900855087933e-8
7.741480709067381e-8
7.649306679007e-8
7.556495416082065e-8
7.457655226660262e-8
7.366841141731027e-8
7.265664404379911e-8
7.177677991170898e-8
7.07755681713245e-8
6.998801180902122e-8
6.914097871860676e-8
6.822105277573255e-8
6.744621988395057e-8
6.657751096644847e-8
6.573695556039361e-8
6.492144446239976e-8
6.41442830010996e-8
6.332240464509661e-8
6.255642519451351e-8
6.180957330800746e-8
6.101843992949523e-8
6.019256388134516e-8
5.9567560550941576e-8
5.884541435836751e-8
5.8124774571679576e-8
5.7361548243543005e-8
5.666063801763301e-8
5.604483019288633e-8
5.5385607602146174e-8
5.470884906765918e-8
5.40292691336708e-8
5.331290976381949e-8
5.271399475721446e-8
5.2138232054563223e-8
5.153479247705874e-8
5.091953686240776e-8
5.031686801627934e-8
4.970035654999958e-8
4.910837515487314e-8
4.854877834617178e-8
4.799483301779063e-8
4.745181498489035e-8
4.691367848511538e-8
4.6367718451656e-8
4.581255090768434e-8
4.526299941845816e-8
4.4732145136704305e-8
4.425145537429593e-8
4.376281323609435e-8
4.326919943321648e-8
4.277639923301509e-8
4.230074162292426e-8
4.181135958735606e-8
4.13269958416124e-8
4.087980529235365e-8
4.043266714769583e-8
3.99859437865056e-8
3.9541157562523696e-8
3.9104676499311206e-8
3.867081604696709e-8
3.825633423136663e-8
3.7829431118927015e-8
3.742019013402473e-8
3.7013113131929764e-8
3.661732803405022e-8
3.621412850450279e-8
3.5825743585525216e-8