2.2681522838278254e-8
2.3792696671167805e-7
3.9890384509361925e-7
4.7085943457450193e-7
4.4112298540121145e-7
3.2371567659983726e-7
1.6621343235069532e-7
4.869838261830339e-8
2.0348465636457113e-8
2.654141460707578e-8
3.649488441207433e-8
5.232933099672231e-8
8.008216437799351e-8
1.360629441280435e-7
2.7825565515477036e-7
8.539612258870748e-7
0.00001415168826092881
3.210901660117793e-6
5.167104778749955e-7
1.9984160683334775e-7
1.0420444334634585e-7
6.325738508586684e-8
4.21036080423499e-8
2.980527218662744e-8
2.204956495542624e-8
1.6859045320990302e-8
1.3224183855033809e-8
1.0586213524216245e-8
8.61574041824832e-9
7.108497616947175e-9
5.932432387315572e-9
4.9991538524857985e-9
4.247722918097297e-9
3.6350459366680485e-9
3.1299689127328496e-9
2.7095293396203653e-9
2.3565102391695677e-9
2.0578039677662978e-9
1.8032946259453666e-9
1.5850777454934586e-9
1.3969075514765574e-9
1.2337981056626605e-9
1.091731557667031e-9
9.674418097241604e-10
8.5825205329196e-10
7.619512998618871e-10
6.766994166345741e-10
6.009531421311143e-10
5.334075761264902e-10
4.729489123123371e-10
4.1861492145076857e-10
3.6955974728274993e-10
3.2501858982052446e-10
2.8426409064500213e-10
2.4653365887613446e-10
2.108558704450824e-10
1.753930440929982e-10
1.28848924562231e-10
7.61351777200955e-8
1.0055850479143592e-7
1.1552152212244381e-7
1.2559338393664574e-7
1.3261989621694274e-7
1.3794110166359716e-7
1.417446098937927e-7
1.4449890535823816e-7
1.4657864241209892e-7
1.480094959955845e-7
1.4907669066172778e-7
1.4983071631994329e-7
1.4952795129764676e-7
1.5013201030640347e-7
1.5008595707566994e-7
1.4967056567695178e-7
1.4933402681608307e-7
1.4862678113465952e-7
1.4741331718990178e-7
1.4723565719100623e-7
1.4612614264207274e-7
1.451699185187871e-7
1.4437299112668046e-7
1.4329313463421133e-7
1.4212691786178546e-7
1.4085993354684926e-7
1.3955060807188775e-7
1.3819334480476648e-7
1.3668150431790614e-7
1.3547841950279368e-7
1.3391471134314755e-7
1.3242011271130531e-7
1.314611776579737e-7
1.2978496858206565e-7
1.2833957704746232e-7
1.2706809056913432e-7
1.2500439151874488e-7
1.2402750502764486e-7
1.225527973473865e-7
1.209682571889355e-7
1.19566405839324e-7
1.1786475992447541e-7
1.1667484162267057e-7
1.1513255428150485e-7
1.1378398733496289e-7
1.1199064608227958e-7
1.1093785190295797e-7
1.0923067185438693e-7
1.0794721433657582e-7
1.0665509231172556e-7
1.0507974194315386e-7
1.0380603180444705e-7
1.0245384289956385e-7
1.0051619966375355e-7
9.971614133679106e-8
9.831876298554943e-8
9.698242110814327e-8
9.572488330685151e-8
9.440746901675832e-8
9.311715230448779e-8
9.187258851578112e-8
9.063044621135176e-8
8.93574205166473e-8
8.82197423710722e-8
8.695842574542633e-8
8.584416386872102e-8
8.470264695141333e-8
8.346690611208315e-8
8.243710281511657e-8
8.128340688291381e-8
8.018817041902587e-8
7.914070229843324e-8
7.805201987746697e-8
7.701581045246726e-8
7.595580689250551e-8
7.493776987662823e-8
7.394756693440677e-8
7.293277426404128e-8
7.197919566030944e-8
7.101328329225054e-8
7.003975818958521e-8
6.915856712251908e-8
6.81997717871153e-8
6.733065677060794e-8
6.6445594379477e-8
6.555362079210022e-8
6.463470231337043e-8
6.384787703880999e-8
6.302831468678689e-8
6.219850350239892e-8
6.136386037092421e-8
6.058175036219206e-8
5.97900426259457e-8
5.902490989123575e-8
5.826712640355939e-8
5.7508993864558744e-8
5.676106234825246e-8
5.6018913508630396e-8
5.531252441665197e-8
5.4626534992529604e-8
5.392988248871025e-8
5.3235424251295474e-8
5.256225491583921e-8
5.1898752384105275e-8
5.1235292151221456e-8
5.0591752958207875e-8
4.9966765005295956e-8
4.93454542390719e-8
4.872464667523451e-8
4.813811156625708e-8
4.7536568163641305e-8
4.6941730462741125e-8
4.635343164517021e-8
4.580217970327307e-8
4.5237511058336057e-8
4.468023540337072e-8
4.414082909195421e-8
4.3600657153595946e-8
4.3083527061137854e-8
4.255978271056075e-8
4.2047845022504415e-8
4.153843274503217e-8
4.104503451860176e-8
4.054918136067353e-8
4.007664503346436e-8
3.9603266660642486e-8
3.912881717667096e-8
3.867227466703625e-8
3.822161631077282e-8
3.776650741504632e-8
3.733082666931299e-8
3.6895958372553626e-8
3.6469576077996996e-8
3.6051712906247325e-8
3.5642204999694147e-8
3.52220637215186e-8
3.4817396807646875e-8
3.4423239186857166e-8
3.402468451311515e-8
3.36405951848631e-8
3.3262650155674636e-8
3.2892444563097806e-8
3.252591204553238e-8