5.224531828005261e-13
5.7557812630791495e-12
1.103308727750124e-11
1.63951092697193e-11
2.1882564844915135e-11
2.7537702668860325e-11
3.340415377011255e-11
3.952701249793232e-11
4.595292659749487e-11
5.273214032667762e-11
5.991701109386522e-11
6.75624174630498e-11
7.5728661561911e-11
8.447643966110105e-11
9.387931499737426e-11
1.040056787173564e-10
1.1493026722705983e-10
1.2674231455117133e-10
1.3953292933194224e-10
1.5340076899329485e-10
1.684456853655727e-10
1.8478775956072448e-10
2.0254166919361515e-10
2.2186177018411792e-10
2.42868433180894e-10
2.6572949933411146e-10
2.906098152661309e-10
3.1768880285851683e-10
3.4716640646433293e-10
3.792379096803063e-10
4.141522408355581e-10
4.5212539949993546e-10
4.934361256239031e-10
5.383613018397164e-10
5.871947007809347e-10
6.402314441343377e-10
6.978665825134809e-10
7.604129678999693e-10
8.282423947933568e-10
9.01803804843953e-10
9.815039918351088e-10
1.0677512247581017e-9
1.161072041432857e-9
1.2618957265724909e-9
1.3708104258025003e-9
1.488209118546744e-9
1.6148800862404355e-9
1.751120673853947e-9
1.897646046791826e-9
2.0549075627477556e-9
2.223609672972048e-9
2.404195454394324e-9
2.597251484147239e-9
2.803345418883808e-9
3.022851200191111e-9
3.2563464456928593e-9
3.5041659820770817e-9
3.766409589810958e-9
4.043687056739385e-9
4.335815178672374e-9
4.6431074661132485e-9
4.965123537663416e-9
5.301797737965255e-9
5.6523915158396185e-9
6.016410129655157e-9
6.392966103180151e-9
6.780668343282207e-9
7.178234334969078e-9
7.583871883731062e-9
7.995445473116138e-9
8.410551308296474e-9
8.826221298747338e-9
9.239229938523991e-9
9.645633829004777e-9
1.0041606770821959e-8
1.0421826257063888e-8
1.0782725273934642e-8
1.1114606869384735e-8
1.1414358110831955e-8
1.1673672817940547e-8
1.1885039390824561e-8
1.2039625707652195e-8
1.2128354908201714e-8
1.214164198179229e-8
1.2069405404335985e-8
1.1898372055432645e-8
1.1627325091689609e-8
1.1238072376779994e-8
1.072641463586429e-8
1.0088104361820093e-8
9.323967032409725e-9
8.442606398611442e-9
7.463086578358487e-9
6.418888057166717e-9
5.359914262281771e-9
4.354077396799055e-9
3.4848637290193093e-9
2.8447005004543964e-9
2.525684746634945e-9
2.6160551233004448e-9
3.2240447141806155e-9
4.582920995629634e-9
7.407704486816211e-9
1.4364657313229637e-8
4.058483247328292e-8
4.626642346281944e-7
2.1619013835122086e-7
2.862498067708399e-8
1.035587593630069e-8
5.161976984795029e-9
3.0156841853893597e-9
1.9353827001091887e-9
1.320358209982477e-9
9.392024337986577e-10
6.876838459213275e-10
5.13295225559447e-10
3.871674852277335e-10
2.9206321200925614e-10
2.1616259304809703e-10
1.4224126682380252e-10
5.170025098403774e-8
6.916121765713577e-8
7.938666938576378e-8
8.594046100455874e-8
9.017286606815604e-8
9.292857100348671e-8
9.497641846512944e-8
9.592851717645977e-8
9.598624351102108e-8
9.631561102248287e-8
9.578534264988898e-8
9.51507522979494e-8
9.459057956919952e-8
9.51413509349729e-8
9.302954711172816e-8
9.150787063136411e-8
9.124587484080629e-8
8.950525066269936e-8
8.854687364579332e-8
8.686501917627673e-8
8.723220992405604e-8
8.495056671350706e-8
8.272622342246986e-8
8.276466769742371e-8
8.08580152111843e-8
7.981199632908757e-8
7.914190245224511e-8
7.744199419155066e-8
7.617527413569154e-8
7.550688117408178e-8
7.474121341750434e-8
7.326547038762235e-8
7.271257148067245e-8
7.163779263041938e-8
7.089798404219329e-8
6.992712449728468e-8
6.889862198836382e-8
6.808405539032545e-8
6.704331478461341e-8
6.611650354304756e-8
6.523879428803509e-8
6.435241333797093e-8
6.371762953077601e-8
6.274088876600438e-8
6.204813389838893e-8
6.121429889799613e-8
6.034362127461872e-8
5.970264426907375e-8
5.899456787730668e-8
5.827538817207849e-8
5.7645412383702256e-8
5.676594838640187e-8
5.615230872197332e-8
5.5416491880706907e-8
5.479458546951088e-8
5.4072811491108955e-8
5.3501837938108665e-8
5.286903003972149e-8
5.211064112783314e-8
5.1624440850564235e-8
5.101457456358706e-8
5.039537482109057e-8
4.9820783104322285e-8
4.922805013227578e-8
4.869732211757881e-8
4.8123705543717156e-8
4.75310411020529e-8
4.694907789334298e-8
4.6460323849590855e-8
4.597827246679445e-8
4.5453445954328374e-8
4.4951442111442774e-8
4.4416974938522026e-8
4.389027573716343e-8
4.343379017372863e-8
4.29858094142838e-8
4.252677392009702e-8
4.207003349429852e-8
4.1586381172053136e-8
4.110533752113558e-8
4.0597178092471685e-8