6.493155273504762e-14
7.1451044813354e-13
1.3653942914094536e-12
2.0187566432513e-12
2.6757859281292157e-12
3.3377984083671646e-12
4.005751126939159e-12
4.6811131847391396e-12
5.365047870486285e-12
6.058538904515939e-12
6.7632616639205306e-12
7.480411890670214e-12
8.21092060861167e-12
8.957027902378526e-12
9.719942177913011e-12
1.0498560393013825e-11
1.1298597031046985e-11
1.2118631638987527e-11
1.2961790815433133e-11
1.382857275345777e-11
1.4720783039533516e-11
1.564090121981329e-11
1.6588514027035706e-11
1.756982830954749e-11
1.8577680258967894e-11
1.9625401512363186e-11
2.0710102266932195e-11
2.1831012102463767e-11
2.2994177111473735e-11
2.41996424372291e-11
2.545411216036678e-11
2.6755650007918218e-11
2.8103694669149122e-11
2.9504894267606715e-11
3.0962663458183065e-11
3.248468245765371e-11
3.405511273948841e-11
3.570410082597314e-11
3.7409023928764274e-11
3.920282427790039e-11
4.105938586433817e-11
4.298287311196275e-11
4.501333105141966e-11
4.711546698925729e-11
4.9301581519994686e-11
5.160382397540421e-11
5.398357312153609e-11
5.648352737772035e-11
5.910347447571159e-11
6.18004760949966e-11
6.463656525780288e-11
6.758463656398045e-11
7.064859746562271e-11
7.390037308866753e-11
7.729389088383704e-11
8.084893312982906e-11
8.442984407460591e-11
8.830167960847636e-11
9.226225749613592e-11
9.646905495302101e-11
1.0080449982324218e-10
1.0549447274362168e-10
1.1023025649750214e-10
1.152262992289632e-10
1.2037414327019034e-10
1.2592469872167784e-10
1.3162133226241349e-10
1.3754158024933786e-10
1.4356597123344268e-10
1.5028123879761485e-10
1.5697681579157495e-10
1.6383191398137422e-10
1.7149167390655136e-10
1.791587095538545e-10
1.8722171794022932e-10
1.95422573337922e-10
2.0366387831144232e-10
2.1288337291145644e-10
2.2273799457919597e-10
2.33105865347559e-10
2.433401575854359e-10
2.545017705313641e-10
2.6596347258592524e-10
2.7760566715890605e-10
2.8992073456913773e-10
3.024521854999889e-10
3.155728848804819e-10
3.299448341459427e-10
3.446233345567594e-10
3.5997537096902253e-10
3.761511883713814e-10
3.922749868663764e-10
4.094088854589387e-10
4.2624034077572453e-10
4.465080023874258e-10
4.658683136288938e-10
4.854703164375271e-10
5.071178716422167e-10
5.277038132974812e-10
5.496805174695591e-10
5.78387353745175e-10
6.024172120420966e-10
6.223016903983911e-10
6.54147719967958e-10
6.789436047108023e-10
7.071147492383631e-10
7.371371687435227e-10
7.687294232355723e-10
7.993748493374933e-10
8.334018468566668e-10
8.664074070524999e-10
9.082379190225417e-10
9.456212350754179e-10
9.814961241377523e-10
1.0205144901080171e-9
1.0584640558325286e-9
1.1085262733169285e-9
1.1493594121015596e-9
1.1974704273540302e-9
1.2379856699662727e-9
1.2913980287138824e-9
1.333849626228011e-9
1.379649135037556e-9
1.433235904951443e-9
1.4803510558539614e-9
1.5350203284614035e-9
1.593589183134997e-9
1.6530005247473087e-9
1.7180546784722243e-9
1.7623305581178906e-9
1.8194855048913104e-9
1.8797103087547092e-9
1.9333984892241493e-9
1.9943522338542585e-9
2.05268098770221e-9
2.113235782004415e-9
2.1532331181182847e-9
2.2119442679561483e-9
2.2695438548237567e-9
2.3160748350210633e-9
2.3624599097696996e-9
2.4143140259026267e-9
2.4427070794244924e-9
2.464778438531107e-9
2.500861106408546e-9
2.522531218354852e-9
2.5233582430629694e-9
2.5301120496184467e-9
2.5204748772417393e-9
2.4946102940871873e-9
2.454642191996583e-9
2.4038107222890235e-9
2.3311125777977004e-9
2.2418127533765684e-9
2.1382945507560884e-9
2.02072929216103e-9
1.873178865893529e-9
1.7258477372659433e-9
1.5801809341450056e-9
1.453970475826893e-9
1.375644184437779e-9
1.3939243775154391e-9
1.593364872232627e-9
2.1419180234667994e-9
3.462388838519613e-9
7.100996953763411e-9
2.371084655801935e-8
1.2563156847640613e-6
4.040426746109109e-8
8.049516436007796e-9
3.199434099318555e-9
1.6451901579911696e-9
9.65133793132535e-10
6.104233624619929e-10
4.0207992044877803e-10
2.665162154564449e-10
1.5525892462726097e-10
4.746954458156384e-8
6.037791792500866e-8
6.706048908256068e-8
7.069579874470878e-8
7.256024303259235e-8
7.34846015057985e-8
7.365610702379016e-8
7.343237403335204e-8
7.291490284139798e-8
7.21600374965734e-8
7.125568330287017e-8
7.016989794339505e-8
6.923193712822956e-8
6.793553680865823e-8
6.678405366843824e-8
6.588567753764564e-8
6.47600773165119e-8
6.366854884396167e-8
6.257003009863953e-8
6.155767235154567e-8
6.047924460874509e-8
5.972966272669419e-8
5.873020336960955e-8
5.7467010862219246e-8