2.4138341351023863e-12
2.6563339402078568e-11
5.07651462281093e-11
7.508436492040957e-11
9.953931690268638e-11
1.2443746343625286e-10
1.4915514126636458e-10
1.74401314997741e-10
2.000212341219998e-10
2.2598306834652273e-10
2.5248680157550153e-10
2.7961854263976636e-10
3.0717820043302974e-10
3.3537434562353233e-10
3.643263278447763e-10
3.941206542324262e-10
4.2456603903907793e-10
4.56038924791249e-10
4.896513111121098e-10
5.220844159138592e-10
5.555538988408381e-10
5.93578452351168e-10
6.276931712919903e-10
6.643259156940723e-10
7.04040346760903e-10
7.438967515645789e-10
7.886170253334775e-10
8.341411141738616e-10
8.766155850692114e-10
9.191316759550863e-10
9.758696482019992e-10
1.0264673807582043e-9
1.0751428061735801e-9
1.1362667046772033e-9
1.1814073748281478e-9
1.2459789143662966e-9
1.3048832690116327e-9
1.37475126751438e-9
1.4351343596528867e-9
1.513898224248352e-9
1.5766261550978634e-9
1.650865854872946e-9
1.7245295840678021e-9
1.8121811520971965e-9
1.89799148722594e-9
1.981527541158715e-9
2.088079182536472e-9
2.163304444110662e-9
2.2613034157192625e-9
2.3620969845902077e-9
2.4561709855700957e-9
2.5781347760596464e-9
2.6647277257955664e-9
2.7933049289948425e-9
2.898602736082234e-9
3.0409529155604163e-9
3.15565393250486e-9
3.2953607711783262e-9
3.451164774878206e-9
3.5917778994595164e-9
3.708752024829982e-9
3.852889310119751e-9
4.028488747087182e-9
4.18621263431263e-9
4.34098979048907e-9
4.528441196623977e-9
4.653415349101204e-9
4.864198024825592e-9
5.02327814218032e-9
5.218180420043891e-9
5.343215989822982e-9
5.57798840347366e-9
5.8051362975861994e-9
5.932540205175452e-9
6.1750339762184134e-9
6.288169610340891e-9
6.389789043606867e-9
6.8731003408707e-9
6.924395536947948e-9
7.145293223191381e-9
7.2413271723610504e-9
7.55722763254042e-9
7.63216567047454e-9
7.755908499747904e-9
7.952580522080717e-9
8.120552663083732e-9
8.288501834077159e-9
8.272132894286861e-9
8.34000600391177e-9
8.45010012113825e-9
8.456930720806339e-9
8.520795045698724e-9
8.421460154783524e-9
8.315232172545205e-9
8.189080595291553e-9
7.978767134007078e-9
7.702435524139953e-9
7.356906534719176e-9
6.969988269447648e-9
6.497835514249253e-9
5.9650234127392415e-9
5.389184802562113e-9
4.8087851792550915e-9
4.285598216430004e-9
3.931357933521815e-9
3.9406555496651264e-9
4.676625237803466e-9
6.948569497995857e-9
1.331388908976154e-8
3.828031962117443e-8
4.903999570407312e-7
1.7454040697214153e-7
2.466388954998432e-8
9.04674492897914e-9
4.531720529402707e-9
2.6516649847130602e-9
1.701272086414473e-9
1.1586648756505948e-9
8.216272300256454e-10
5.986853146993736e-10
4.4355158010223367e-10
3.3053563180386854e-10
2.436807829669399e-10
1.681931011984429e-10
4.5848864970609554e-8
6.605066050009205e-8
7.718724453718733e-8
8.40459627514762e-8
8.810548969367781e-8
9.125186317550378e-8
9.299135964470799e-8
9.401094105177053e-8
9.449107513029197e-8
9.411103374536415e-8
9.424750687297024e-8
9.356636122611679e-8
9.29425822895912e-8
9.197444868463497e-8
9.078901338730144e-8
8.969361236511548e-8
8.860582606480367e-8
8.75800474036909e-8
8.630472702535489e-8
8.537506677415399e-8
8.423627172281966e-8
8.307249425347304e-8
8.174171758503851e-8
8.052330597260428e-8
7.944512425691688e-8
7.869237751689583e-8
7.734422945220488e-8
7.617969092407471e-8
7.530461623383221e-8
7.410963365141194e-8
7.334234589833161e-8
7.224583247508681e-8
7.124550742332928e-8
7.00478766508449e-8
6.930914666890911e-8
6.819855053472438e-8
6.732369347645922e-8
6.63109699982992e-8
6.536153442215376e-8
6.449602542742302e-8
6.375851828613594e-8
6.273778000452818e-8
6.201306522355895e-8
6.119111899769887e-8
6.043316296498177e-8
5.978977505594664e-8
5.900379129414285e-8
5.8197647473127226e-8
5.741058283012077e-8
5.66759497199685e-8
5.600007234432134e-8
5.5305167227167925e-8
5.456517496119943e-8
5.382986183566757e-8
5.3325774001467774e-8
5.260540987708516e-8
5.185900817907778e-8
5.13527065316155e-8
5.0778010091542586e-8
5.0156443209888155e-8
4.952835498987179e-8
4.902212862326974e-8
4.8463821214940575e-8
4.78968624646748e-8
4.7274343527578915e-8
4.669475687986956e-8
4.6217181697785865e-8
4.570277829309918e-8
4.520161229993469e-8
4.467856368071019e-8
4.41890128849219e-8
4.3627545338621534e-8
4.31937193202883e-8
4.2728033779739645e-8
4.226483784658302e-8
4.1811363897672874e-8
4.13348993841724e-8