1.6014107613837988e-14
1.7619724155448716e-13
3.3659287694075255e-13
4.973929030332569e-13
6.587925319296054e-13
8.209877860358874e-13
9.841762395315772e-13
1.1485496639296959e-12
1.3143180007507583e-12
1.4816746240661233e-12
1.6508612760481722e-12
1.822041133244242e-12
1.995476808139028e-12
2.1713672429253588e-12
2.3499345285458043e-12
2.5314123667553803e-12
2.7160485400652784e-12
2.904062999077406e-12
3.095815931705823e-12
3.291438228981918e-12
3.4912678877823444e-12
3.69553620308853e-12
3.904505392105453e-12
4.118532619864318e-12
4.3379737598705335e-12
4.563038785985145e-12
4.7942248202957145e-12
5.031595639202269e-12
5.275968086097789e-12
5.5268859536668785e-12
5.785253179994138e-12
6.052594765404391e-12
6.327338856750242e-12
6.611008793663102e-12
6.903928921105544e-12
7.206957674733345e-12
7.519006266823855e-12
7.842509282781743e-12
8.177553941772099e-12
8.523720278424093e-12
8.8831286592528e-12
9.254863458991655e-12
9.640428226911368e-12
1.004022277559703e-11
1.0454869084925084e-11
1.0886107642197785e-11
1.1332828362879065e-11
1.1798172478929705e-11
1.2280927613590103e-11
1.2781660833230983e-11
1.3305197875339743e-11
1.3847681433510468e-11
1.4412293679546616e-11
1.499839166619268e-11
1.5614429091964822e-11
1.624883365629093e-11
1.6914933208628716e-11
1.7606341184020718e-11
1.832184884583148e-11
1.9062487841276576e-11
1.985621918741716e-11
2.067597877942527e-11
2.1524428540100415e-11
2.241354861486546e-11
2.33355441057565e-11
2.4304579026828378e-11
2.530564574161337e-11
2.635704062603801e-11
2.7451670543996875e-11
2.859582047147257e-11
2.978711069738875e-11
3.104479702299677e-11
3.234980262012803e-11
3.370440647448463e-11
3.512206127992195e-11
3.661116158926452e-11
3.81439810303016e-11
3.977897239027103e-11
4.1448685699117046e-11
4.322061943894637e-11
4.508280396074229e-11
4.699005414550372e-11
4.901768696874469e-11
5.1086102834433966e-11
5.331537012696848e-11
5.5565062176208594e-11
5.798744355503327e-11
6.052826873334521e-11
6.307656144428997e-11
6.57525744854586e-11
6.872287508877005e-11
7.164521125257375e-11
7.479261682765782e-11
7.806295546766665e-11
8.146071360470403e-11
8.505181105306171e-11
8.878611350449125e-11
9.264189167393314e-11
9.669916248595418e-11
1.008311209622522e-10
1.0519244810779237e-10
1.097858973302508e-10
1.1466819095338307e-10
1.1972014298627703e-10
1.23737345579506e-10
1.3066474770286488e-10
1.3633671956129485e-10
1.422168246298802e-10
1.4850831198515875e-10
1.5501407656698394e-10
1.6195843509306962e-10
1.6899061477872753e-10
1.7673005180111528e-10
1.839343483826857e-10
1.924381231514303e-10
2.0052081838449724e-10
2.0940520001235996e-10
2.1859419728702643e-10
2.2795866154406016e-10
2.3766784566277126e-10
2.480788340653212e-10
2.588266719495358e-10
2.703449507644419e-10
2.821021678899042e-10
2.942578889355949e-10
3.0693704681148294e-10
3.20573365088833e-10
3.3402275975256633e-10
3.488259132581892e-10
3.63899459595576e-10
3.78926973335784e-10
3.9484990986956695e-10
4.1163641082192855e-10
4.3117157045280646e-10
4.455468832530495e-10
4.656756543519918e-10
4.857003776200383e-10
5.056370208999429e-10
5.257818967819517e-10
5.486327283971036e-10
5.721778068356179e-10
5.926134554180981e-10
6.174463051892373e-10
6.432760748411551e-10
6.701290040492957e-10
6.995551588156055e-10
7.258136543978622e-10
7.506426619100889e-10
7.774060233046933e-10
8.059617277517427e-10
8.403735452766514e-10
8.740807829105341e-10
9.001549532323717e-10
9.348519484786312e-10
9.70446549925535e-10
1.0014336665029378e-9
1.040816090080751e-9
1.076754468058984e-9
1.1135329052953421e-9
1.1382608386232521e-9
1.1850206082604193e-9
1.2200139239153659e-9
1.253674029397038e-9
1.2983294855511298e-9
1.3278058592664388e-9
1.3635937791317248e-9
1.401013923606796e-9
1.4289295836340552e-9
1.4527521415194495e-9
1.4957151330391254e-9
1.5182049743419327e-9
1.5422923728972769e-9
1.5682517901458226e-9
1.5771781816794265e-9
1.5912461855237852e-9
1.6010632902585097e-9
1.5939623473115216e-9
1.5877724057276245e-9
1.5734788683039006e-9
1.5465914828326518e-9
1.5128836708221322e-9
1.4662944074516273e-9
1.4098921864532954e-9
1.3440012060779497e-9
1.2661319656000499e-9
1.1819376044800412e-9
1.0944843044965578e-9
1.0122176227160386e-9
9.477779579158819e-10
9.221366341430603e-10
9.700984014708707e-10
1.1530837649299984e-9
1.595980065377139e-9
2.6241448768566047e-9
5.467618711539588e-9
1.904592661598026e-8
2.1561388089837938e-6
2.5816376567957586e-8
5.46511893430096e-9
2.1996232549301574e-9
1.1301251813588792e-9