5.447222455701211e-13
5.994602919756405e-12
1.1456587454068676e-11
1.6943163174646483e-11
2.2467302588388958e-11
2.8037763844148958e-11
3.366558350544782e-11
3.9370197240632294e-11
4.514558168068933e-11
5.100865136310215e-11
5.701080938709993e-11
6.312616101215628e-11
6.936793410480526e-11
7.574602824598752e-11
8.229740264504772e-11
8.900255597796925e-11
9.594437903801656e-11
1.029906624093855e-10
1.1031840653613621e-10
1.1795722746062716e-10
1.257188777216712e-10
1.3382071452939693e-10
1.4206657979671806e-10
1.5086891006802777e-10
1.597017691621096e-10
1.6896862180393207e-10
1.7868546733640213e-10
1.8883955857559883e-10
1.989365341061531e-10
2.0975528134591886e-10
2.210072370250853e-10
2.3262095265684882e-10
2.4450999835084874e-10
2.577606741739361e-10
2.7130172738420953e-10
2.84574708561274e-10
2.986700833643516e-10
3.139843275943744e-10
3.28758886268826e-10
3.4554690007816056e-10
3.620625659687784e-10
3.7916431048088727e-10
3.973273744178914e-10
4.1614153379306236e-10
4.3625194109558534e-10
4.578178524826915e-10
4.790865267349054e-10
5.030657130766598e-10
5.256275927484068e-10
5.505634519819685e-10
5.77303644462991e-10
6.015972271392345e-10
6.296272692827565e-10
6.601989732184887e-10
6.904712878238198e-10
7.214991844192091e-10
7.511660295338534e-10
7.882334462366924e-10
8.269388750661191e-10
8.533720046301139e-10
8.969251295752872e-10
9.374335270030743e-10
9.830931871699663e-10
1.0238493748768836e-9
1.0723103807799083e-9
1.116000596866543e-9
1.1675873457716182e-9
1.217496747820134e-9
1.2675417141653525e-9
1.3277149941710256e-9
1.3862481482714534e-9
1.4324225351395604e-9
1.491869641665164e-9
1.568072071684586e-9
1.626771118527833e-9
1.6988504608253378e-9
1.7586022054474804e-9
1.84514225900265e-9
1.920220886820341e-9
2.005804611178812e-9
2.0603080674567263e-9
2.1646635583399192e-9
2.2422823199054117e-9
2.3258792000903562e-9
2.4374709041259096e-9
2.517511978172104e-9
2.604723752181548e-9
2.7005612812737667e-9
2.798544922306803e-9
2.8952613230383823e-9
3.0164081535011484e-9
3.080735689669317e-9
3.231886476139987e-9
3.333887769448723e-9
3.4441752317960557e-9
3.5710189237999078e-9
3.6767538184116253e-9
3.783320821908133e-9
3.894234190222205e-9
4.040263166977351e-9
4.108882380602468e-9
4.166535410390703e-9
4.349203565173308e-9
4.4477053603709175e-9
4.597139768967448e-9
4.628175478050313e-9
4.736006806257666e-9
4.774220038285202e-9
4.857751959340557e-9
4.91308395055923e-9
4.936190906524063e-9
4.967637683388341e-9
4.998929370502349e-9
4.989091104992017e-9
4.95355403445456e-9
4.869242635421379e-9
4.786336826687685e-9
4.655314987086762e-9
4.474357162804522e-9
4.281162117297102e-9
4.035327918953731e-9
3.778254974025593e-9
3.44815245287564e-9
3.126906518132801e-9
2.819086046345869e-9
2.570798503875585e-9
2.460091421764011e-9
2.622709293242121e-9
3.3184495284229074e-9
5.161398684484285e-9
1.0246075120898963e-8
3.166842348252408e-8
6.999820878016383e-7
8.585103043814892e-8
1.47758931427167e-8
5.6728516945810815e-9
2.8898776932975383e-9
1.70016794157956e-9
1.0893649772125044e-9
7.367659123389428e-10
5.154618948287134e-10
3.6693042567974614e-10
2.602953955534713e-10
1.726427242483369e-10
4.4961383530959335e-8
6.286774258911177e-8
7.239890645208392e-8
7.804232115760867e-8
8.154508883648497e-8
8.35944891314252e-8
8.457782722113036e-8
8.499177947882797e-8
8.48067554434053e-8
8.462378548791405e-8
8.365846106585542e-8
8.314052763614706e-8
8.236636259861912e-8
8.135590617524747e-8
8.027328134408537e-8
7.93335406277173e-8
7.830838486143055e-8
7.704407373670757e-8
7.581589957237684e-8
7.477725462610994e-8
7.35920201640675e-8
7.25748719857468e-8
7.152555361971836e-8
7.038059631843782e-8
6.895587737745825e-8
6.814735537061405e-8
6.721320101062147e-8
6.626087997464666e-8
6.522311233989938e-8
6.43631875732718e-8
6.323014103397656e-8
6.242124555194313e-8
6.151804711307376e-8
6.073666594986583e-8
5.973268429889944e-8
5.895462727372823e-8
5.81600656961388e-8
5.739610556516439e-8
5.6616114228589124e-8
5.5875427764278076e-8
5.512965938751649e-8
5.440565806630581e-8
5.358392975969874e-8
5.2899730849923656e-8
5.2179158690148063e-8
5.154623108883653e-8
5.0932448759889866e-8
5.027785433006865e-8
4.9694009650444436e-8
4.9062266287569265e-8
4.830766017668251e-8
4.782163392444906e-8
4.7234572014535994e-8
4.6635807706650606e-8
4.6097684632518444e-8
4.5560922815217075e-8
4.504586996658855e-8