1.020970015547995e-13
1.1235087377526485e-12
2.1470776777585836e-12
3.1748467453771478e-12
4.208635495434235e-12
5.250586980728009e-12
6.302801598645139e-12
7.367212762403589e-12
8.445590647841705e-12
9.541171165162381e-12
1.065439834649115e-11
1.1790133434756808e-11
1.2945845780196901e-11
1.4127587189125294e-11
1.5335939978572983e-11
1.6576474210327146e-11
1.7844749213330644e-11
1.9152765727874e-11
2.049590366891429e-11
2.1879702916413625e-11
2.330465703542933e-11
2.4778614539378494e-11
2.6298874125730363e-11
2.7866034530073494e-11
2.949021815338097e-11
3.1177626052316804e-11
3.2910854388418116e-11
3.4725980360115366e-11
3.660806783934095e-11
3.855613046399197e-11
4.057492399235425e-11
4.267836034427234e-11
4.484458215815941e-11
4.715619127898143e-11
4.950362253048885e-11
5.1967257800722726e-11
5.4545701995631965e-11
5.722070537855972e-11
6.000288005578164e-11
6.290100612108056e-11
6.591664136896865e-11
6.909087451092464e-11
7.239534695974167e-11
7.582627502657515e-11
7.940932426764499e-11
8.311474989869789e-11
8.70670449476473e-11
9.116914839632522e-11
9.537627912997688e-11
9.978806529720919e-11
1.0448257774038501e-10
1.0935733413601592e-10
1.1417194566091909e-10
1.19690721016494e-10
1.2519418555560787e-10
1.3090785186460733e-10
1.3684136925085327e-10
1.4324957230891133e-10
1.498131777966012e-10
1.5666588653397849e-10
1.638302558032725e-10
1.7167406360538559e-10
1.7915038378227584e-10
1.879754666280562e-10
1.958596679508855e-10
2.045343328671248e-10
2.1386104667891934e-10
2.2352544455262764e-10
2.3384110449042686e-10
2.441839677638619e-10
2.554717997297388e-10
2.6675546665673077e-10
2.800308828603325e-10
2.9179776252753847e-10
3.0443743102191295e-10
3.180946245040213e-10
3.327884448279288e-10
3.484312502104557e-10
3.6367886154827714e-10
3.774797380835898e-10
3.959624368579654e-10
4.12811930694469e-10
4.322131301481702e-10
4.5029368132752087e-10
4.711808164006169e-10
4.882221645238635e-10
5.125101227777753e-10
5.343345619802132e-10
5.582028811907334e-10
5.844404068048778e-10
6.087497801452144e-10
6.339368825563249e-10
6.641782916550254e-10
6.889378790061406e-10
7.194350251960807e-10
7.52579564866047e-10
7.839301899490896e-10
8.136538191735099e-10
8.468159018673136e-10
8.820884122886204e-10
9.228966627896171e-10
9.452662214599906e-10
1.0107139114180518e-9
1.0393814924589553e-9
1.0874961536533133e-9
1.1278193327782015e-9
1.176122728688024e-9
1.221452295739065e-9
1.27087492847066e-9
1.3179601106142155e-9
1.3710817680668895e-9
1.4238003947989207e-9
1.4628506748134854e-9
1.5263503280166929e-9
1.5986465053641544e-9
1.6453797286905822e-9
1.7318990570482818e-9
1.7601132615488726e-9
1.8249464424599033e-9
1.8987900182764227e-9
1.9692342233778388e-9
2.0330202311956425e-9
2.0846002758760448e-9
2.176599583842504e-9
2.2322491402986783e-9
2.292959107903379e-9
2.3534219686277738e-9
2.413103965706158e-9
2.4968159128824645e-9
2.5490061605218855e-9
2.6299688712295828e-9
2.671339197805984e-9
2.703247074166006e-9
2.768132010506284e-9
2.8078895002473276e-9
2.8529663571648416e-9
2.8854150454831565e-9
2.9197226255605376e-9
2.9321098896285577e-9
2.9228469946134304e-9
2.9055838546924085e-9
2.8803941099331457e-9
2.834639233941496e-9
2.7736347983943373e-9
2.694084730871806e-9
2.594241963661508e-9
2.4678647669610606e-9
2.324626583813396e-9
2.1629099472059203e-9
1.9907012602489896e-9
1.8178435220669446e-9
1.664257678188302e-9
1.5617934892603139e-9
1.5638509065512138e-9
1.7638338011732451e-9
2.345691683172208e-9
3.767101247373538e-9
7.681336641538152e-9
2.5276471505773414e-8
1.0942229744585251e-6
4.6778346786416975e-8
9.099699771901704e-9
3.597113951604749e-9
1.8479920391613486e-9
1.085840600974016e-9
6.896067396043999e-10
4.5799829378363864e-10
3.093884881036794e-10
2.0196633779551461e-10
3.775131796579078e-8
5.683379701073269e-8
6.599824128530004e-8
7.10408067762584e-8
7.378491816295857e-8
7.530963193603813e-8
7.580960272719601e-8
7.578313214403276e-8
7.555718870242346e-8
7.492550182518594e-8
7.411761331217767e-8
7.321025666336833e-8
7.214131942091079e-8
7.136269264643873e-8
7.017485097415722e-8
6.878884987149865e-8
6.794451120507409e-8
6.664084224063085e-8
6.577713403862194e-8
6.458766016831665e-8
6.360766174326594e-8
6.224102249701419e-8
6.147551703035204e-8
6.049217679548257e-8
5.945007614076389e-8
5.872309441885028e-8
5.7737894743235455e-8
5.684683816986832e-8
5.580613890101974e-8
5.4962560792587184e-8
5.437637921111355e-8
5.345377634158533e-8