1.933517304992299e-9
2.1237256460389154e-8
4.038384278376464e-8
5.922982749206375e-8
7.763167848031658e-8
9.544457815658461e-8
1.1252217992317117e-7
1.2871299665721449e-7
1.4386927786170922e-7
1.578241506661841e-7
1.704148623045467e-7
1.8146060923238695e-7
1.907728649127672e-7
1.9813164813976135e-7
2.03314190269642e-7
2.0609606544240866e-7
2.0602018869124004e-7
2.0286649664958434e-7
1.9625591504477754e-7
1.8575660901379525e-7
1.7099259187590984e-7
1.5169508120601984e-7
1.2794540907638734e-7
1.0058756566369518e-7
7.204607973142956e-8
4.754939726263106e-8
3.593389659234625e-8
4.6317762893783265e-8
8.400725005210673e-8
1.997541189011243e-7
9.75852582428653e-7
0.00001883712809319331
4.4973615472368645e-7
1.2981709215105093e-7
5.990571541120287e-8
3.398079519110333e-8
2.16535474819375e-8
1.4866602175739867e-8
1.0748914327184735e-8
8.071770315539331e-9
6.238677701178625e-9
4.931993779095222e-9
3.970122553870975e-9
3.243233335443269e-9
2.681787529336407e-9
2.240052190763783e-9
1.8869704722098506e-9
1.6008654768024072e-9
1.366243313366054e-9
1.1717965956220775e-9
1.0091196514795647e-9
8.718597962135953e-10
7.551432061866573e-10
6.551780772226825e-10
5.689745410256147e-10
4.941426202102443e-10
4.28742362958293e-10
3.7116776139938825e-10
3.2004823228926817e-10
2.7414731689894443e-10
2.3221173106296275e-10
1.925886967226492e-10
1.511494418224219e-10
5.202317985850482e-8
8.381112155239126e-8
1.0228630554722904e-7
1.1512500250721159e-7
1.240659771098324e-7
1.310733323025149e-7
1.3633163162454894e-7
1.3979791312937687e-7
1.4273448358884986e-7
1.4447190274684543e-7
1.4602195441968132e-7
1.4692005895143367e-7
1.4744609419303498e-7
1.4743296918949865e-7
1.4728716955422125e-7
1.4687147338146157e-7
1.4634383684968915e-7
1.4534184642884318e-7
1.446943799820842e-7
1.4353446264051782e-7
1.4257283525649693e-7
1.411052357877814e-7
1.396704573194587e-7
1.383902875568286e-7
1.3702568811034563e-7
1.353830402217955e-7
1.3428596924863324e-7
1.3269388912964308e-7
1.3107743453364012e-7
1.299557452967657e-7
1.2857805301001424e-7
1.2661434436777093e-7
1.2536339228808877e-7
1.2396000304064423e-7
1.219185169775353e-7
1.2074317173287683e-7
1.1927246563022227e-7
1.1766547812973092e-7
1.1629135620331702e-7
1.147879222648634e-7
1.1317292549213588e-7
1.1190689521693525e-7
1.1028678665735934e-7
1.0898220235170597e-7
1.0758881509610011e-7
1.0571417376480128e-7
1.0484257994150099e-7
1.0325680478156885e-7
1.0185580072904168e-7
1.0066334832328164e-7
9.914110813756629e-8
9.792761618529753e-8
9.664463116439445e-8
9.522342410858733e-8
9.4196159945757e-8
9.293799564282061e-8
9.151805775253416e-8
9.033118462288976e-8
8.913726649223142e-8
8.790404400138191e-8
8.679222498069642e-8
8.554104168850267e-8
8.445674086891691e-8
8.340368758610364e-8
8.222945800226024e-8
8.121306347806124e-8
8.004812350483051e-8
7.904069504573654e-8
7.792212737917917e-8
7.692292565351644e-8
7.598011279059292e-8
7.494405855214918e-8
7.394073371395656e-8
7.304001327536187e-8
7.200945734006551e-8
7.106986228327638e-8
7.014548449416379e-8
6.924476389563894e-8
6.837856970464416e-8
6.748422452270844e-8
6.661469019885413e-8
6.574613380802367e-8
6.486346485838118e-8
6.404512817634881e-8
6.325955756886098e-8
6.243889842969676e-8
6.161807201230319e-8
6.081517575492617e-8
6.003344483761303e-8
5.9315230098485076e-8
5.855862445421316e-8
5.780497663721609e-8
5.7055503421437724e-8
5.633258767553337e-8
5.5619042999238835e-8
5.4956643457418956e-8
5.427537874626997e-8
5.358784546928782e-8
5.2910962542766084e-8
5.225308591066836e-8
5.1600914020946455e-8
5.096557176378804e-8
5.035264665011266e-8
4.973480126033155e-8
4.9130309141319274e-8
4.853400939610913e-8
4.793428674079583e-8
4.7346074254019877e-8
4.677203314246043e-8
4.6210009338457466e-8
4.565904645250071e-8
4.5117180116963707e-8
4.457291420724924e-8
4.405270613787364e-8
4.351935255357743e-8
4.3002529649746503e-8
4.248824581480119e-8
4.1993262992651346e-8
4.150290999687274e-8
4.102105179196416e-8
4.0539569332943316e-8
4.006053501093593e-8
3.960383229571635e-8
3.913464513097611e-8
3.868848236318106e-8
3.824471178481807e-8
3.780349975358934e-8
3.7374125783742405e-8
3.694375795041672e-8
3.6527634102064e-8
3.611857816884365e-8
3.5702904396059114e-8
3.5299521019957884e-8
3.49086468836071e-8
3.450756143428941e-8
3.4124557069024983e-8
3.374739671786635e-8
3.3375615560038855e-8