2.2397482989962144e-9
3.0876592898126854e-9
6.092068174805077e-9
9.498289648968353e-9
1.358639122865837e-8
1.8772968949431278e-8
2.5733171616064345e-8
3.5653311324899304e-8
5.081107386202357e-8
7.608546235490467e-8
1.2360134293868895e-7
2.3097769437480903e-7
5.692644143661782e-7
3.0584957202084795e-6
0.000028951143208262538
1.1083603544364365e-6
3.361364657958905e-7
1.5833022392912463e-7
9.087586905608618e-8
5.836717883039998e-8
4.030581715397959e-8
2.9275663527098236e-8
2.2068915623121323e-8
1.7115736623572753e-8
1.3574797295626182e-8
1.0962574246932832e-8
8.985332782610858e-9
7.456394518796247e-9
6.252590253199758e-9
5.290044691086806e-9
4.510076519571505e-9
3.870660178212375e-9
3.3410778198553993e-9
2.8984694334186183e-9
2.5255490332974946e-9
2.20905770540654e-9
1.9386940860434143e-9
1.7063611814658227e-9
1.5056270784626384e-9
1.3313328954749737e-9
1.1793038264785887e-9
1.046133414843777e-9
9.29020576256838e-10
8.256450745476756e-10
7.340713198808617e-10
6.526732012593263e-10
5.800745917886657e-10
5.15101481870369e-10
4.567425070726272e-10
4.041149989740992e-10
3.5643342912748044e-10
3.129756322492054e-10
2.730374147168426e-10
2.35850079874077e-10
2.0036780787243663e-10
1.643831742407398e-10
2.8221046526614094e-8
7.757757072074154e-8
1.0105076668697484e-7
1.164146990503311e-7
1.276609856569401e-7
1.3596419018849425e-7
1.4201466472943157e-7
1.4661000110661574e-7
1.5022947879430004e-7
1.52945704059334e-7
1.5434830216073484e-7
1.56166119467208e-7
1.566071375064605e-7
1.5715978213561065e-7
1.5679893460136862e-7
1.5695108730278006e-7
1.5682132786702824e-7
1.5638016961877923e-7
1.549472345699646e-7
1.5439920629770591e-7
1.5350416793147164e-7
1.5215854562512627e-7
1.5113022732195847e-7
1.4988896217044695e-7
1.4852943629402984e-7
1.4713529621558623e-7
1.4565299150242814e-7
1.4408373873561856e-7
1.4232835762822562e-7
1.4071290590587725e-7
1.3938426738904069e-7
1.377169580349987e-7
1.3591924781234153e-7
1.346480284868671e-7
1.3296995631902274e-7
1.3100591561901902e-7
1.2982423606538342e-7
1.2789750871422569e-7
1.263265052735969e-7
1.2483499833644727e-7
1.2316635142096307e-7
1.2171465487274182e-7
1.2003283902825768e-7
1.1849992614780393e-7
1.1702130580339038e-7
1.1548007047259965e-7
1.1384488131377416e-7
1.1253501272935394e-7
1.1057851051401973e-7
1.0949193883735955e-7
1.0806796287796873e-7
1.0633042096923296e-7
1.0516040855864461e-7
1.0371801317160362e-7
1.02073359705252e-7
1.0093702807676351e-7
9.943930280608138e-8
9.817692581026375e-8
9.679074241806645e-8
9.549872758799355e-8
9.417500508564946e-8
9.289763144694874e-8
9.165126478982787e-8
9.036897400051949e-8
8.919634671149789e-8
8.786216048189341e-8
8.67621935729166e-8
8.559109836080439e-8
8.441569800780216e-8
8.331001858177194e-8
8.212366089385432e-8
8.105984611513463e-8
7.998082181451619e-8
7.884524190495388e-8
7.781490916689657e-8
7.677898886491885e-8
7.5698149067835e-8
7.472074999937876e-8
7.368077884201277e-8
7.270525175250496e-8
7.17455454205201e-8
7.07794610373431e-8
6.982751566636567e-8
6.889204942605625e-8
6.799771463251451e-8
6.710540175884524e-8
6.620704046751167e-8
6.530840925573037e-8
6.448510787954059e-8
6.36473075503124e-8
6.278833583857641e-8
6.193970423456519e-8
6.113044180896738e-8
6.03765380589775e-8
5.9592347047383006e-8
5.8814089766739066e-8
5.805493919515179e-8
5.727282709506998e-8
5.6533760356016006e-8
5.5836674799914325e-8
5.511975191929563e-8
5.442752494219124e-8
5.372421047889378e-8
5.3042244329199445e-8
5.236050003777209e-8
5.169923150747207e-8
5.1053554431932506e-8
5.041905159117899e-8
4.979213023464459e-8
4.9157960969324e-8
4.85557286368202e-8
4.7941898811774844e-8
4.7344512159728816e-8
4.675634380097822e-8
4.619871725748014e-8
4.562851759382753e-8
4.506674950112485e-8
4.451771150411007e-8
4.3968173395175604e-8
4.3445258883918465e-8
4.2913000197377426e-8
4.23979675620976e-8
4.1889598669762243e-8
4.1382378265971476e-8
4.088110161348677e-8
4.0399832643400956e-8
3.9919845324654755e-8
3.945721544834345e-8
3.897700311922797e-8
3.852316397601287e-8
3.806901101585435e-8
3.762489306100162e-8
3.7179874612970955e-8
3.674973501672172e-8
3.632825804370026e-8
3.591578722336791e-8
3.549099061912766e-8
3.507988059918455e-8
3.468273552138435e-8
3.4275142124535694e-8
3.388752382927083e-8
3.3507461944834986e-8
3.313081539743118e-8
3.277013541260801e-8
3.2392953301736217e-8