1.1474148642961534e-13
1.262669811457784e-12
2.4130273324516274e-12
3.5681936254518834e-12
4.7302245412859275e-12
5.901534332206785e-12
7.08481108477607e-12
8.281183109314812e-12
9.494188534951173e-12
1.0725664540044965e-11
1.1978131309455585e-11
1.3255599194732031e-11
1.4556324165441664e-11
1.589178925477756e-11
1.7249627685765686e-11
1.8644823353772215e-11
2.0076959209067905e-11
2.154991925854737e-11
2.306155806320395e-11
2.462237397439931e-11
2.6227436779818185e-11
2.7885183488342442e-11
2.9603064015664214e-11
3.137596897457186e-11
3.321547376724061e-11
3.510920322396382e-11
3.709342414922743e-11
3.9120985942400826e-11
4.124504904089603e-11
4.3443386420642574e-11
4.578688113436797e-11
4.811086795836582e-11
5.057656466704002e-11
5.315281877637974e-11
5.583832585612799e-11
5.86104029250399e-11
6.154433742505432e-11
6.457586934349586e-11
6.766158864526234e-11
7.098979745259681e-11
7.442848912929073e-11
7.798084099446113e-11
8.171853334863723e-11
8.557166120073178e-11
8.969800618761641e-11
9.396870078383433e-11
9.835465255354298e-11
1.029406174110557e-10
1.0772414827563759e-10
1.128408209527969e-10
1.180900228854018e-10
1.23463443688791e-10
1.293485765855357e-10
1.3533404463695758e-10
1.414790788899245e-10
1.4796533966313005e-10
1.548249052441401e-10
1.6188864230751135e-10
1.6925848623244138e-10
1.7718615380619515e-10
1.851027696491509e-10
1.936964583530309e-10
2.029336710194801e-10
2.1157314526783426e-10
2.2141558706520814e-10
2.312187708288893e-10
2.409000782728819e-10
2.527708626351781e-10
2.638251572179038e-10
2.7611224558358074e-10
2.889248408954102e-10
3.0110742872382853e-10
3.158586882663998e-10
3.2958736253491905e-10
3.439399833579898e-10
3.609860475220993e-10
3.7625659871430847e-10
3.938890802463106e-10
4.093847752074892e-10
4.285328555044978e-10
4.470033369245242e-10
4.673311927578333e-10
4.87264840013757e-10
5.065669799144152e-10
5.317797569971766e-10
5.55722940241935e-10
5.786801277987248e-10
6.049172985709966e-10
6.311469958871465e-10
6.590232339976807e-10
6.885210300594405e-10
7.191711000428102e-10
7.452531954661111e-10
7.788369728281643e-10
8.121336835470465e-10
8.452655953645286e-10
8.840892263032051e-10
9.154296333619573e-10
9.664972098214892e-10
9.742539173132058e-10
1.0363461317211651e-9
1.0819250306033093e-9
1.126483378956278e-9
1.171165952909756e-9
1.2170296297036666e-9
1.263286417681938e-9
1.3189113460699848e-9
1.3707442095739634e-9
1.4215483551305789e-9
1.467223655241025e-9
1.5252784611221837e-9
1.5833437685489933e-9
1.655491011858483e-9
1.7100935506015515e-9
1.7677380423396472e-9
1.8517506805441451e-9
1.904285756461897e-9
1.99696781121602e-9
2.0257609276626838e-9
2.0969675143011207e-9
2.1710212922638618e-9
2.228663765193888e-9
2.3041571708253356e-9
2.381420663282908e-9
2.460856429985142e-9
2.512594309333599e-9
2.590082229947685e-9
2.645653280010062e-9
2.698885931313938e-9
2.7658690102569405e-9
2.858539133777497e-9
2.8766549920478755e-9
2.908041139421151e-9
2.9462109785964285e-9
2.984200655081652e-9
3.005666369583808e-9
3.040626565827605e-9
3.0364403145769676e-9
3.015165564907496e-9
2.9944069282429137e-9
2.943610364664515e-9
2.8799021930910606e-9
2.8001256610760334e-9
2.6894538965337287e-9
2.5622824453121594e-9
2.4115800692349615e-9
2.244444700345821e-9
2.06506099313738e-9
1.8850132049622256e-9
1.7237411911526923e-9
1.6142700403334165e-9
1.6114234157961425e-9
1.8110318398844464e-9
2.4014213888427375e-9
3.849666482346124e-9
7.83736002153112e-9
2.568956550487908e-8
1.0576369196905204e-6
4.861834674323881e-8
9.395118657230961e-9
3.708150236301303e-9
1.9044211027531953e-9
1.1193545091462763e-9
7.115439189499553e-10
4.734240389424289e-10
3.210359990777905e-10
2.1234073149118642e-10
3.412383744729801e-8
5.5586253385110594e-8
6.552697594671883e-8
7.100793388224673e-8
7.407350322960319e-8
7.573090561260416e-8
7.639879956177988e-8
7.65687840895487e-8
7.627365385432734e-8
7.574266558754543e-8
7.49481148814539e-8
7.401051693666496e-8
7.308552417301612e-8
7.187347586252968e-8
7.107219621093252e-8
6.977486935351188e-8
6.851429028967204e-8
6.750450213102031e-8
6.642725777830081e-8
6.534845102986604e-8
6.401803826056126e-8
6.342149464920876e-8
6.231209294339323e-8
6.13415617918056e-8
6.038260511123058e-8
5.950671904275213e-8
5.8274379666920465e-8
5.72539188053369e-8
5.667020922664705e-8
5.5573097748030795e-8
5.495495252623686e-8
5.396368677367474e-8
5.341142730462004e-8
5.248668122035487e-8