3.0515182968258605e-13
3.358121140131184e-12
6.4176711661602556e-12
9.491176043134536e-12
1.2583860294087407e-11
1.5704338541027375e-11
1.885580784627097e-11
2.2048006839492844e-11
2.528390413924715e-11
2.857543475846702e-11
3.192615683070282e-11
3.533748412010133e-11
3.8820402546449304e-11
4.2386895370194886e-11
4.6046931379698414e-11
4.9806915852806426e-11
5.366562886970294e-11
5.7615634213958845e-11
6.172441488830698e-11
6.593733932647621e-11
7.030085346350024e-11
7.475272174967662e-11
7.937373372221832e-11
8.422979330309842e-11
8.925002611904003e-11
9.441253089470184e-11
9.986842193258479e-11
1.0538798103826919e-10
1.111463252458439e-10
1.171790941009534e-10
1.2356007880302393e-10
1.2987401859976335e-10
1.366897441052794e-10
1.437948492497907e-10
1.5107516503871679e-10
1.5871088787160997e-10
1.667477106177778e-10
1.7502514148742325e-10
1.8373158084763444e-10
1.925833453177926e-10
2.0213612913564947e-10
2.1200832666919814e-10
2.223318284977515e-10
2.322532140798183e-10
2.4363721670318825e-10
2.5530581742371435e-10
2.679328282231668e-10
2.808437170465444e-10
2.9377748314671534e-10
3.081016795914152e-10
3.2191054221599195e-10
3.3709664342882885e-10
3.5208804752397967e-10
3.695218674566892e-10
3.8656276293074237e-10
4.037550835233908e-10
4.2286595993130343e-10
4.4393592745966184e-10
4.6284376728914066e-10
4.826224753972897e-10
5.059848265589121e-10
5.296762148396053e-10
5.509811641475387e-10
5.812394871819293e-10
6.018932983976442e-10
6.288613891854185e-10
6.568376625869565e-10
6.86096906579831e-10
7.156415261697284e-10
7.527954986178013e-10
7.808430549070964e-10
8.205534447414414e-10
8.514243925678849e-10
8.900093876427825e-10
9.290176879489371e-10
9.696290058776392e-10
1.0089366188637864e-9
1.0562627428442122e-9
1.1008261896452293e-9
1.1485345963227682e-9
1.1984507624994195e-9
1.239344192740029e-9
1.2926542124084757e-9
1.3504895624150004e-9
1.4106413012202378e-9
1.4670674086025948e-9
1.5336371493184075e-9
1.5888417734606177e-9
1.6627357850214061e-9
1.7247109145024639e-9
1.7860913952648995e-9
1.8553687643910616e-9
1.938971941345244e-9
2.0144780444160855e-9
2.0792047057930795e-9
2.174627349751793e-9
2.235500297332022e-9
2.3041617496515516e-9
2.406213872202945e-9
2.5016258717465197e-9
2.5739329037917427e-9
2.6941787266038295e-9
2.7610813355104854e-9
2.8704351383261456e-9
2.9469172855499227e-9
3.0013175695409936e-9
3.1355136811624625e-9
3.2351206734700667e-9
3.3049146296352544e-9
3.417565507650875e-9
3.5023744459093184e-9
3.586316943769076e-9
3.731007793436848e-9
3.763370962292171e-9
3.8271524197586514e-9
3.906247401435631e-9
3.958442477105488e-9
3.998036575525026e-9
4.062620646465263e-9
4.108087443579182e-9
4.108263369212594e-9
4.134019348139869e-9
4.119230046798048e-9
4.1142176773357024e-9
4.024597518653447e-9
3.938659267296165e-9
3.830670389196843e-9
3.6933743350843422e-9
3.5194765498387346e-9
3.31591142274796e-9
3.085156666580773e-9
2.833448401209591e-9
2.5751094930102726e-9
2.333024604836029e-9
2.1481319297748193e-9
2.0887761455129893e-9
2.2738756057292348e-9
2.9333456138805355e-9
4.6212156136074426e-9
9.270119996978236e-9
2.9333863088548718e-8
8.10447655986959e-7
6.849333171747002e-8
1.2395200320567191e-8
4.8164515108954674e-9
2.4632459015098103e-9
1.449702988184538e-9
9.26918701945275e-10
6.239456812646565e-10
4.32799758167002e-10
3.030642135239054e-10
2.0602418050447715e-10
3.411454290916904e-8
5.719501686647764e-8
6.813710687000182e-8
7.437663285081967e-8
7.80746673099636e-8
8.028371362618929e-8
8.11825027168818e-8
8.177770594552196e-8
8.158081907171541e-8
8.12568071154536e-8
8.075197811659675e-8
8.003419638359863e-8
7.905499316803133e-8
7.784908969759245e-8
7.682263846803806e-8
7.54592810872116e-8
7.464382755121659e-8
7.36681229387497e-8
7.241480135721118e-8
7.148062941577194e-8
7.029624830879496e-8
6.931351064924088e-8
6.820712163733452e-8
6.71606903611175e-8
6.608815921345675e-8
6.492991027219837e-8
6.422674130431388e-8
6.303541250040067e-8
6.207867141415182e-8
6.071594818546203e-8
6.033239198153471e-8
5.94116541304876e-8
5.8508358479876714e-8
5.769236784719345e-8
5.685371662963486e-8
5.601184058673853e-8
5.533774288525785e-8
5.463592187720034e-8
5.385320899792421e-8
5.2997619681735914e-8
5.2396810509660586e-8
5.163100636329949e-8
5.099105613430366e-8
5.0194402227734584e-8
4.955186646734148e-8
4.902336029486529e-8
4.838764859214745e-8
4.779125689628239e-8
4.7110058582451865e-8