3.173646189253988e-11
3.4921695188802736e-10
6.672761946022097e-10
9.865124861951006e-10
1.307346932661527e-9
1.6302891742172015e-9
1.9564982137602246e-9
2.285460364311311e-9
2.6179764883937116e-9
2.955410625483038e-9
3.297472817877774e-9
3.6449385982834245e-9
3.997871921089194e-9
4.358460704618808e-9
4.725308298512018e-9
5.097356056887789e-9
5.478816881902476e-9
5.868856682779862e-9
6.268837379090638e-9
6.674590581205839e-9
7.09293426469408e-9
7.519180714951543e-9
7.961197445597204e-9
8.40047951886088e-9
8.866253371122403e-9
9.33234414530983e-9
9.806032619865736e-9
1.0309164499666124e-8
1.0811042002062688e-8
1.1324037021892072e-8
1.1852932899230916e-8
1.2381196806299751e-8
1.291907752996893e-8
1.3486448682052389e-8
1.403477408357918e-8
1.4512768665076664e-8
1.520634173423066e-8
1.581672709305237e-8
1.6410286030187488e-8
1.7011649688722398e-8
1.7591419600004344e-8
1.8286364686604132e-8
1.8744365625071973e-8
1.9438863998362658e-8
1.990510380376205e-8
2.07132353709402e-8
2.116874752578498e-8
2.182978786692383e-8
2.230556031986449e-8
2.2711739152177825e-8
2.3318570010864677e-8
2.358755664345416e-8
2.4089367285927637e-8
2.4467740617418502e-8
2.454377099855999e-8
2.491439389727849e-8
2.4896731611725687e-8
2.4983880802935954e-8
2.4679591952860908e-8
2.4500700708957348e-8
2.403929662782043e-8
2.3427942115826092e-8
2.2637418342676116e-8
2.1604764268547436e-8
2.0256087085382963e-8
1.8748858964777137e-8
1.6959872214812456e-8
1.5016603264022715e-8
1.3014898864951792e-8
1.1155029936444942e-8
9.828685389665974e-9
9.748483548680622e-9
1.2304113295427207e-8
2.0950464122547802e-8
5.0279021837792016e-8
2.697096160405493e-7
2.1363264485589833e-6
8.782140670110197e-8
2.639252734973728e-8
1.2247599680953521e-8
6.913992364787094e-9
4.3633095836553886e-9
2.9577261350937453e-9
2.1062831595665147e-9
1.554296932331634e-9
1.1776412286283734e-9
9.100718066819779e-10
7.13664138329009e-10
5.654413749111549e-10
4.5079333354139476e-10
3.599890425520755e-10
2.8615392942726694e-10
2.2378031213200784e-10
1.6577522771440491e-10
4.450306150246866e-8
7.07858927052428e-8
8.552663380444286e-8
9.517133368783225e-8
1.0178233980859424e-7
1.0633975042841912e-7
1.0967363745873039e-7
1.1169716032381501e-7
1.1323203970091767e-7
1.1376017750903338e-7
1.1411557990805783e-7
1.142190209894558e-7
1.1385368575836459e-7
1.1312926522414693e-7
1.1212954758721303e-7
1.1193185237763028e-7
1.1054120877072327e-7
1.0976090636326526e-7
1.0901965818736765e-7
1.075694865811811e-7
1.0660068298220817e-7
1.0536334376819718e-7
1.0334175877082164e-7
1.025747222105695e-7
1.0081154054799145e-7
9.996007836252542e-8
9.872991561344573e-8
9.753810505462472e-8
9.614679961429796e-8
9.466689323577376e-8
9.349073220810344e-8
9.362519719313073e-8
9.12315545653175e-8
8.996131972367828e-8
8.857004584791308e-8
8.758793607197069e-8
8.666999165495902e-8
8.53364069463474e-8
8.438242133426121e-8
8.267909093992277e-8
8.230590255868907e-8
8.098033280471852e-8
7.98140324911395e-8
7.880572290268471e-8
7.781828953595188e-8
7.683332034537774e-8
7.582935186969107e-8
7.480604763144565e-8
7.401845559222425e-8
7.296082150600056e-8
7.224772309636809e-8
7.116406723074446e-8
7.008926021007578e-8
6.927201705201688e-8
6.843802188284355e-8
6.76229155464041e-8
6.702606947746316e-8
6.599402303877271e-8
6.508645975332239e-8
6.429433160139076e-8
6.342749104242172e-8
6.278232692523344e-8
6.189460869410228e-8
6.12681875745861e-8
6.040918969752566e-8
5.978300199189873e-8
5.900169884635028e-8
5.812585037843943e-8
5.7620953815294085e-8
5.6934285380823763e-8
5.6233555013998675e-8
5.55086449661727e-8
5.482066450749765e-8
5.42566745643195e-8
5.366171148640719e-8
5.2995775483332846e-8
5.2332939446843245e-8
5.172981578115516e-8
5.110728482495784e-8
5.055792911383665e-8
5.00048069599424e-8
4.9407829137298214e-8
4.8788242962007126e-8
4.8252894546552464e-8
4.766283430764319e-8
4.71686925065138e-8
4.663977263260022e-8
4.613032260549088e-8
4.5606975949652095e-8
4.5091558756070234e-8
4.454872466000362e-8
4.4009965033306884e-8
4.3568639091846375e-8
4.310314300299577e-8
4.2638083811857017e-8
4.21652888321267e-8
4.169769240188995e-8
4.122906827062738e-8
4.075251154143317e-8
4.033502586113566e-8
3.9905308070795256e-8
3.94719004960336e-8
3.9049693104606975e-8
3.862275487864352e-8
3.8206040774527255e-8
3.781300063230072e-8
3.74005181478522e-8