1.015816941877753e-14
1.1175806980301603e-13
2.1344920513658103e-13
3.153152796666864e-13
4.174416036509182e-13
5.199153967467481e-13
6.228278162990132e-13
7.262716166985981e-13
8.303459554480093e-13
9.351573821351892e-13
1.0408131221407265e-12
1.1474329012479443e-12
1.2551407994377675e-12
1.3640736079692118e-12
1.4743737059581899e-12
1.5862136620578395e-12
1.6997498232235048e-12
1.815178804541765e-12
1.9326924234048833e-12
2.052517854153654e-12
2.1749061955889393e-12
2.300118575914705e-12
2.428438566369671e-12
2.560186484132956e-12
2.6957311570773235e-12
2.835429113992583e-12
2.979735935007386e-12
3.1290931897815493e-12
3.2839937272756592e-12
3.445041736292818e-12
3.6128469782735275e-12
3.7880426223349775e-12
3.971487214650978e-12
4.163971638176708e-12
4.3662723717569264e-12
4.579552488278589e-12
4.804818390701796e-12
5.043397060788826e-12
5.2965845902147545e-12
5.565862578404838e-12
5.852801063745493e-12
6.159605484013349e-12
6.487549624215301e-12
6.8393606451929554e-12
7.217323715718937e-12
7.625413172938914e-12
8.064132904759706e-12
8.536408464127143e-12
9.05059157910467e-12
9.605803882396591e-12
1.0207439329869194e-11
1.0862211323910685e-11
1.1571785166368647e-11
1.2345626499912812e-11
1.3189491463705492e-11
1.410932350974714e-11
1.511444085573838e-11
1.6213105767461074e-11
1.7414664734298465e-11
1.8725146402599747e-11
2.017101551350287e-11
2.1752637372332065e-11
2.348049974998011e-11
2.5380436956420207e-11
2.7465131135076223e-11
2.975563221409488e-11
3.2272852523890195e-11
3.503839853664532e-11
3.807977147098112e-11
4.142655265253853e-11
4.510378758903681e-11
4.915019125443324e-11
5.361105622253772e-11
5.851578097703901e-11
6.392471987544033e-11
6.987229602283681e-11
7.642215692276584e-11
8.363660512582514e-11
9.159360141613411e-11
1.0035090670202013e-10
1.0998802722279087e-10
1.2061027321148473e-10
1.3231901970333585e-10
1.4521428056313652e-10
1.594025426246221e-10
1.7505339600688897e-10
1.9226836190090172e-10
2.112430256331592e-10
2.3208256127807402e-10
2.550429205422095e-10
2.803055781749144e-10
3.0807182730118577e-10
3.385690853097907e-10
3.7216198132244566e-10
4.089932162604808e-10
4.494469683031487e-10
4.938446089814216e-10
5.425165721537978e-10
5.958081704436045e-10
6.542396180785047e-10
7.180133594137451e-10
7.87721485704156e-10
8.639045902553158e-10
9.469148124522856e-10
1.0372382990384552e-9
1.1355364322728262e-9
1.2423092916047246e-9
1.3576378447147245e-9
1.483454835611198e-9
1.618842970377842e-9
1.7649213894842193e-9
1.9223372247247206e-9
2.090919750352494e-9
2.271832167929443e-9
2.4666104950727686e-9
2.6722659802578436e-9
2.892049707869178e-9
3.1254650166389142e-9
3.3722070375812473e-9
3.633184778340512e-9
3.908000341866136e-9
4.194221768934702e-9
4.498291500069858e-9
4.8138138840975226e-9
5.143406869194288e-9
5.484261161719962e-9
5.83936416850894e-9
6.204664967952983e-9
6.581309824189558e-9
6.969667471671497e-9
7.3675630362317515e-9
7.775903453968653e-9
8.192167566155633e-9
8.61901294066783e-9
9.051021343884719e-9
9.490891151924407e-9
9.936027843138153e-9
1.0388861463052987e-8
1.0846412329069462e-8
1.1309323466475554e-8
1.1777598746190617e-8
1.2249253577137318e-8
1.272418931305943e-8
1.3204949943558604e-8
1.368728258732636e-8
1.4175448147009875e-8
1.4666326742100484e-8
1.5160716670096286e-8
1.5662891982949906e-8
1.6168100950538168e-8
1.6676054156197538e-8
1.7193192863664564e-8
1.7716532255895862e-8
1.8244507812096187e-8
1.878306494739862e-8
1.9331425940999814e-8
1.9890822981015582e-8
2.0463682694646365e-8
2.1052084387200607e-8
2.1684614429639312e-8
2.2277759876048202e-8
2.2924741429223122e-8
2.3593615948848593e-8
2.4295749212922636e-8
2.5033969122504378e-8
2.5810178590071095e-8
2.6633494063778272e-8
2.7512397764649367e-8
2.8458150647407687e-8
2.9486505103672504e-8
3.0594428393443634e-8
3.182004218286869e-8
3.317486654815947e-8
3.469650377382108e-8
3.6408554952394464e-8
3.835378296904885e-8
4.0544471960715565e-8
4.2961937864334437e-8
4.5297309574714e-8
4.591336989485211e-8
3.3765113117414084e-8
3.555425051983301e-8
1.5940463625169588e-6
6.605099058964127e-7
4.2985952156985954e-7
3.3101029105667105e-7
2.7312190089765625e-7
2.2959395782055895e-7
2.0457039011939273e-7
1.7800734255015164e-7
1.6366267725979678e-7
1.521808415335151e-7
1.413686083822161e-7
1.2953780506665198e-7
1.1847766556249004e-7
1.0603890419686555e-7
1.0071664366770446e-7
1.0328326196364053e-7
1.0428001378768474e-7
8.782312186895025e-8
9.227582673638546e-8