3.862097317445631e-14
4.252880265147945e-13
8.142301126517935e-13
1.2075971195451009e-12
1.6074996752312371e-12
2.0161549893557697e-12
2.4358158502221703e-12
2.8689657022398827e-12
3.31816261304934e-12
3.786035542508239e-12
4.275495372509958e-12
4.789510296835328e-12
5.331518641124893e-12
5.90501821926009e-12
6.51426610818476e-12
7.163043244904185e-12
7.85642328636905e-12
8.598960217279503e-12
9.396328627718494e-12
1.0255842239170908e-11
1.1181490048578407e-11
1.218321437165233e-11
1.326958971671824e-11
1.4445515719825053e-11
1.5722425373753772e-11
1.711487755948423e-11
1.8630231984994494e-11
2.028176133943695e-11
2.208210230081578e-11
2.406469994516168e-11
2.6226374786160545e-11
2.8590128528398042e-11
3.118291065710295e-11
3.402427549403912e-11
3.714668680303819e-11
4.056359422996123e-11
4.4329928931006456e-11
4.8458284629310407e-11
5.300170645174594e-11
5.799415663696497e-11
6.348959123757256e-11
6.952388222840004e-11
7.619914269870228e-11
8.351903302534598e-11
9.158450470540439e-11
1.0047677989991687e-10
1.1026695196635736e-10
1.2105344260492028e-10
1.3292561110853463e-10
1.4602323067006047e-10
1.6045249352357527e-10
1.7635977734365218e-10
1.938813707925308e-10
2.1318023977417374e-10
2.3444113730585954e-10
2.578787798107776e-10
2.837082062371435e-10
3.120983979623003e-10
3.434614144744355e-10
3.7794684249223145e-10
4.1565481913581616e-10
4.576417339855729e-10
5.035727213704834e-10
5.54207900015359e-10
6.096623713235091e-10
6.706544537302627e-10
7.377396165382528e-10
8.112884929874723e-10
8.918618245870616e-10
9.803595808249868e-10
1.077167819210063e-9
1.1832475345659387e-9
1.2989898932106323e-9
1.4254328724655112e-9
1.5632871212669674e-9
1.7135252523702953e-9
1.876927400012913e-9
2.0543200026863724e-9
2.246972588064155e-9
2.4553025307911423e-9
2.6816943977151057e-9
2.9243354528291658e-9
3.1848197559347828e-9
3.4665160035210797e-9
3.768569032622594e-9
4.090333764302384e-9
4.432705986866072e-9
4.798563652844161e-9
5.186765320998036e-9
5.59390339257613e-9
6.0245129897205674e-9
6.484248663127074e-9
6.959220686121987e-9
7.45968350921525e-9
7.98037493824983e-9
8.522544453059749e-9
9.084114082124273e-9
9.665777536044788e-9
1.02603785618801e-8
1.0882031116138154e-8
1.151511615599039e-8
1.2160459726145267e-8
1.282422386400439e-8
1.3490186898461544e-8
1.4176097629694137e-8
1.4867824250900292e-8
1.5567413282603125e-8
1.6275878411254534e-8
1.699910538075769e-8
1.7703409000792215e-8
1.842729951676626e-8
1.9154476742372504e-8
1.988231667869657e-8
2.0612733407532378e-8
2.13410681065841e-8
2.2075125077595167e-8
2.2805090745220815e-8
2.3543922314425092e-8
2.4258207763942295e-8
2.501312128135137e-8
2.575219908468054e-8
2.6491299576318023e-8
2.723473548014723e-8
2.7983037031932763e-8
2.8736420848346346e-8
2.949058376871378e-8
3.0261048304360555e-8
3.104090566297895e-8
3.1829747795891265e-8
3.2630366888749226e-8
3.345585766286392e-8
3.430115845438438e-8
3.5174450106575875e-8
3.607264749164946e-8
3.700148077969633e-8
3.797523060610673e-8
3.9001641629110477e-8
4.0078264906288515e-8
4.122407731139389e-8
4.2446732274124164e-8
4.376694575078877e-8
4.5188051310172104e-8
4.674189269532025e-8
4.844994890276963e-8
5.034048467937931e-8
5.243219290509636e-8
5.4766443600009295e-8
5.730352826626637e-8
5.993765164359163e-8
6.206862728278325e-8
6.115958771886467e-8
4.252265233010465e-8
2.7289190514998263e-8
2.4603495744481033e-6
8.954843314806034e-7
5.692887678922297e-7
4.220088471740763e-7
3.472911375189387e-7
2.9154888686544455e-7
2.634577943462726e-7
2.3144579865240762e-7
2.0108482492254938e-7
1.9209009593004318e-7
1.7251099406918193e-7
1.645161446473381e-7
1.529756281239811e-7
1.5073444891675995e-7
1.2521595199628013e-7
1.2049425716714295e-7
1.250196540756141e-7
1.1794467386725317e-7
1.0942835908385483e-7
1.0203726756798404e-7
9.777685705078837e-8
1.0377295550584526e-7
9.045519309581038e-8
9.067526061255784e-8
8.752769132243456e-8
8.546819803482831e-8
8.28620733231764e-8
7.940406998853762e-8
7.994398278146801e-8
7.752151939730898e-8
6.689925829004222e-8
7.330308558238782e-8
6.799723027659928e-8
7.12645156881985e-8
6.982243134450675e-8
6.448821931730434e-8
6.141951455112805e-8
6.4419803382869e-8
6.240518669055356e-8
6.158590483732375e-8
5.990621025243516e-8
5.850203267745587e-8
5.716979644606648e-8
5.1280605803781973e-8
5.260774566334565e-8
5.210975186716207e-8
5.3335413701168325e-8
5.3108698678844595e-8