1.0973768366343696e-9
1.2066841683919163e-8
2.2999872089725872e-8
3.394588605980326e-8
4.4909386308786886e-8
5.556637624217758e-8
6.596174627593141e-8
7.65878548579696e-8
8.688206764024379e-8
9.693873322610425e-8
1.0680935057029088e-7
1.1637106797514551e-7
1.2467674968084256e-7
1.3463752109513853e-7
1.4322138937455277e-7
1.5153416256455714e-7
1.592316299118879e-7
1.6667772329819732e-7
1.7372063850270223e-7
1.8055644752745538e-7
1.868216156910482e-7
1.9281376961712563e-7
1.9806767582880902e-7
2.030515433329918e-7
2.0762995005903602e-7
2.1189516072589303e-7
2.157830868313304e-7
2.1928977682269264e-7
2.2248510266646222e-7
2.2514949276222958e-7
2.279097750490828e-7
2.3006742159236485e-7
2.3202802342462148e-7
2.3370014747550319e-7
2.3520878111473466e-7
2.3658039856118533e-7
2.3756423216735882e-7
2.38570916100317e-7
2.393393043398139e-7
2.4000070528624324e-7
2.405658581194927e-7
2.4101448136840725e-7
2.413611363171485e-7
2.416783814355739e-7
2.4197722679270594e-7
2.421873160347369e-7
2.423891623229239e-7
2.427106235273241e-7
2.4295356580943157e-7
2.431488893798439e-7
2.433979605389344e-7
2.437138959833791e-7
2.4407722543935603e-7
2.4444728846239963e-7
2.4482541232552544e-7
2.4519010763427866e-7
2.454161011284801e-7
2.4541879871343385e-7
2.449843887623749e-7
2.4344408934785565e-7
2.4015049820030614e-7
2.3321063873931857e-7
2.1856303564111007e-7
1.8571070652755425e-7
1.0181868763361009e-7
9.396485138475305e-9
6.883105265734412e-8
6.177985825025161e-6
2.700175695750219e-6
1.669133033106111e-6
1.2063821419440001e-6
9.482611226286394e-7
7.846076279375313e-7
6.711447673629987e-7
5.867423430018295e-7
5.028790450114237e-7
4.6697118150291083e-7
4.318787246181383e-7
4.062985969344018e-7
3.7944666305046346e-7
3.4172261235259495e-7
3.352672690359569e-7
3.030316476420983e-7
2.6713315014558413e-7
2.593377852506722e-7
2.4238955973684675e-7
2.305243821394226e-7
2.3308884846103054e-7
2.2005071908337626e-7
2.048094922435497e-7
2.0191858701159038e-7
1.8940937484802668e-7
1.7286711954939043e-7
1.7838415764267053e-7
1.7949982737761162e-7
1.7645452432824514e-7
1.6218059105191588e-7
1.7772671845205304e-7
1.5516876497790718e-7
1.283215683583368e-7
1.392466349892756e-7
1.3180135493439396e-7
1.5593627159770875e-7
1.2921466035411564e-7
1.362007987019304e-7
1.289378650457944e-7
1.1945575517877527e-7
1.05544063923644e-7
1.2153648858732791e-7
1.171079969338094e-7
1.1451307962249164e-7
1.142164460910623e-7
1.1217153500546275e-7
8.766303273089374e-8
1.0627429350108264e-7
9.880565320966984e-8
9.81161871292963e-8
9.1334099678332e-8
9.485250135700738e-8
9.320949173166157e-8
9.291318522629452e-8
8.930698626024626e-8
9.012447672986052e-8
8.855732307606939e-8
8.60951218454476e-8
8.317632647424278e-8
8.559753377490134e-8
8.418318138276352e-8
8.315371626700823e-8
8.152252512588493e-8
7.8790624129948e-8
7.88766250679565e-8
7.677561002082796e-8
7.692616193049599e-8
7.705513306807554e-8
7.55554681523095e-8
7.401883594699294e-8
7.341807084244492e-8
7.26048894800169e-8
7.14998831168425e-8
7.05430014333749e-8
7.03650131704577e-8
6.9369669925894e-8
6.805419676105845e-8
6.731302559694986e-8
6.651628841021445e-8
6.596964446295628e-8
6.468564392488857e-8
6.39969204829866e-8
6.332601070831504e-8
6.25291120393016e-8
6.19114525035659e-8
6.099419865785155e-8
6.04181241619588e-8
5.9564014224438453e-8
5.884256826104512e-8
5.8092477766949124e-8
5.73038318167683e-8
5.669383527684894e-8
5.603631436470911e-8
5.537686263945684e-8
5.470547399272894e-8
5.420997016706044e-8
5.337774338259741e-8
5.2759561001622994e-8
5.213729212031319e-8
5.151170736144658e-8
5.090871506184568e-8
5.0313889745773974e-8
4.973165856130479e-8
4.9146876861828744e-8
4.8572681908921305e-8
4.801849171816433e-8
4.7473059890218896e-8
4.691204435254519e-8
4.637643958710067e-8
4.5849050584650554e-8
4.532447180273196e-8
4.480739535692941e-8
4.429914091249653e-8
4.379996665353656e-8
4.3315277735539853e-8
4.2816418734810755e-8
4.234237418443906e-8
4.1866370579270094e-8
4.14003249661731e-8
4.093968530104258e-8
4.0489514426757524e-8
4.004008076350757e-8
3.960062228412747e-8
3.916662702670792e-8
3.873814546720863e-8
3.83173786254784e-8
3.790085606517918e-8
3.749220703696088e-8
3.7086812143225753e-8
3.668652359875402e-8
3.629442153465877e-8
3.590756929299435e-8
3.552615734497131e-8
3.514997723508548e-8