3.783403293281071e-12
4.16995871016578e-11
8.002338147290636e-11
1.1911935812426127e-10
1.5939995926472747e-10
2.011870273457412e-10
2.4502138157288796e-10
2.9121346178616333e-10
3.402121210828738e-10
3.925671958948749e-10
4.4877186170629897e-10
5.092535027481812e-10
5.74736453413107e-10
6.457292068097468e-10
7.230798197874023e-10
8.072675666212333e-10
8.993029606738161e-10
9.996786226742938e-10
1.110002874532219e-9
1.2308464881522417e-9
1.3630821380266105e-9
1.508439097726983e-9
1.6674627163304025e-9
1.841315965162557e-9
2.03376976324447e-9
2.244096079176554e-9
2.475468871455842e-9
2.7261321746810775e-9
3.002326068229625e-9
3.3063079052498185e-9
3.635073251608518e-9
3.9961798556200836e-9
4.389004901962436e-9
4.816506106902738e-9
5.28426473892854e-9
5.789982507893865e-9
6.333958753697689e-9
6.93053537901361e-9
7.568691874488477e-9
8.254927435918553e-9
9.002789184671826e-9
9.78921998243847e-9
1.0641009919028766e-8
1.1551432112155379e-8
1.2522009619730773e-8
1.3539756218992786e-8
1.4623615160037476e-8
1.5749446806904302e-8
1.6955255748073417e-8
1.821229664990855e-8
1.9515306127351746e-8
2.0876869675787727e-8
2.2149200461661613e-8
2.3757063008430154e-8
2.5251772291044385e-8
2.6784998235606503e-8
2.8345564179618304e-8
2.9961162049263276e-8
3.1564856588268503e-8
3.3215923540132174e-8
3.4942947828181346e-8
3.655669710362482e-8
3.823135534566854e-8
3.989183185898603e-8
4.157110180263701e-8
4.321450486594675e-8
4.4880320605059535e-8
4.650173032140018e-8
4.811486184944981e-8
4.9731444030105754e-8
5.1304624793629076e-8
5.286669196880387e-8
5.435328754034292e-8
5.589353524204667e-8
5.736522021563857e-8
5.8812615824778624e-8
6.023950343845455e-8
6.15407950541096e-8
6.301988376726677e-8
6.437152324966233e-8
6.571417912107453e-8
6.703014842975023e-8
6.833883767145733e-8
6.962534808924257e-8
7.09071766720073e-8
7.219612670059805e-8
7.347701714180942e-8
7.478572000718764e-8
7.606974684994995e-8
7.738697751924402e-8
7.873603978282336e-8
8.011883621137226e-8
8.153484639110233e-8
8.30134857488514e-8
8.456059499729022e-8
8.616699769644528e-8
8.786952838210239e-8
8.967720673374996e-8
9.16032612407633e-8
9.367226757336232e-8
9.589726183447495e-8
9.827379683344451e-8
1.0079552832132165e-7
1.0340429235687427e-7
1.0598434714128948e-7
1.0780386431095507e-7
1.0756079998290552e-7
1.0010983824609553e-7
6.285670933912251e-8
1.74030800810502e-8
6.942467493518637e-6
1.718877017110635e-6
9.847233667782426e-7
6.638469537104188e-7
5.523287433744585e-7
4.907423477776352e-7
4.125248110601015e-7
3.586331539639168e-7
3.2245648145308913e-7
2.856413414232206e-7
2.5074074001786103e-7
2.3493464975976733e-7
2.170338901444475e-7
2.0405068050633947e-7
1.8444546936193346e-7
1.8395919898189054e-7
1.740378002412198e-7
1.318698319074794e-7
1.5399900876859106e-7
1.4984884204897146e-7
1.4497140810109506e-7
1.260211501339824e-7
1.3251932144843089e-7
1.2395400227111683e-7
1.223936009761638e-7
1.1104332252146574e-7
1.1424391478505731e-7
1.150414436721038e-7
1.0621574962522452e-7
9.54047826871482e-8
9.882844329291806e-8
1.0147390051786775e-7
9.828074624093546e-8
9.7035722088265e-8
9.74392540050436e-8
9.059759321903817e-8
8.132391389392017e-8
8.363860982151579e-8
8.55304446240912e-8
8.015272769061519e-8
8.16488071664235e-8
8.077521193801825e-8
7.866180084336536e-8
7.486435419089692e-8
7.063731361091902e-8
7.59575092811795e-8
7.426991090377069e-8
7.079633884668898e-8
7.118743670618374e-8
6.815092088545836e-8
6.611782797250895e-8
6.731654893860464e-8
6.527095348416896e-8
6.414003420612951e-8
6.133025903249944e-8
6.269368614411387e-8
6.096805187531935e-8
5.981574235247112e-8
5.934165129126419e-8
5.846081095097442e-8
5.7955746809583746e-8
5.639394647497393e-8
5.5727377864643514e-8
5.5984780798545874e-8
5.426991191466595e-8
5.372407969203478e-8
5.3786456418067255e-8
5.2125293715436674e-8
5.2146885455821175e-8
5.1696927516498234e-8
5.0321867740902015e-8
4.970334281420021e-8
4.994218773061835e-8
4.907030038709781e-8
4.8090406513025145e-8
4.7886568739599826e-8
4.739390329993238e-8
4.689828107168575e-8
4.629049596118037e-8
4.567186771701405e-8
4.5215632441520895e-8
4.4589648764924284e-8
4.427500190298554e-8
4.3671848336338956e-8
4.321645238329122e-8
4.273050922381147e-8
4.227441222323239e-8
4.178470057378249e-8
4.135615287951221e-8
4.0882236885875394e-8
4.0462824585761585e-8