2.2597028161141036e-13
2.4899717764013647e-12
4.775472390288483e-12
7.103127141980989e-12
9.491342720911446e-12
1.1963409529807536e-11
1.4539124200586528e-11
1.72432349085962e-11
2.009789088614264e-11
2.3131857575374938e-11
2.6364283084653513e-11
2.98342338255905e-11
3.3571600834060396e-11
3.760529946747268e-11
4.1977325005429905e-11
4.6726636903883326e-11
5.1895110846592995e-11
5.752382748392663e-11
6.369668184751514e-11
7.043722594719003e-11
7.782095445008395e-11
8.59059595867676e-11
9.481518266765722e-11
1.0459217070099016e-10
1.1529716482210066e-10
1.271306713575577e-10
1.4012068106680872e-10
1.5440338581543815e-10
1.701618166904762e-10
1.8751392619693248e-10
2.0662427391543637e-10
2.2769893286855588e-10
2.5086013398960103e-10
2.764181039834809e-10
3.046334925137466e-10
3.356556491736265e-10
3.6988873286778925e-10
4.075457532994168e-10
4.489801889390424e-10
4.948356830902163e-10
5.451711797903561e-10
6.003956886339939e-10
6.617367925124338e-10
7.290123098479859e-10
8.030863987911643e-10
8.844971558476617e-10
9.738340299971778e-10
1.0721295489173498e-9
1.1800350956021008e-9
1.298285776404257e-9
1.4275526964611478e-9
1.5700280369750883e-9
1.7257647170005236e-9
1.895702520314432e-9
2.0824061000571797e-9
2.2848583126232003e-9
2.5051858448691095e-9
2.7469430818889634e-9
3.0076417229817714e-9
3.146070360254331e-9
3.4386565931791588e-9
3.9294753889165194e-9
4.288499005862875e-9
4.676713260441583e-9
5.091436541616877e-9
5.536441537156054e-9
6.009354682332837e-9
6.517717070747935e-9
7.056322268906929e-9
7.628107384524612e-9
8.230911197445708e-9
8.870564089664567e-9
9.54371476831612e-9
1.0244633102484696e-8
1.0981717999797757e-8
1.1742049340051082e-8
1.2549850608648528e-8
1.3362969437677828e-8
1.4211547316958767e-8
1.5087125468872502e-8
1.5982442420027782e-8
1.6903597554034666e-8
1.7838986537402436e-8
1.879942502750958e-8
1.974584126566639e-8
2.072205152166625e-8
2.1707636483490494e-8
2.2708115427813178e-8
2.372463069326872e-8
2.4730991763517512e-8
2.5739757455084617e-8
2.6773795074274962e-8
2.7753844187093224e-8
2.876209994776471e-8
2.9762939602933282e-8
3.075940147664274e-8
3.1759006430758554e-8
3.27459697992014e-8
3.373225207091813e-8
3.470760610133714e-8
3.56492266731112e-8
3.665446870547888e-8
3.7612219121975676e-8
3.8580160546487946e-8
3.954430295556611e-8
4.0507108572500954e-8
4.147155035819711e-8
4.244105472940134e-8
4.341581217526397e-8
4.4402967991078924e-8
4.540199034639733e-8
4.641247328688523e-8
4.744726022907343e-8
4.8507055435750455e-8
4.95966240685628e-8
5.071945656030137e-8
5.1887754511830255e-8
5.31103399486386e-8
5.438888483748617e-8
5.5785364479035265e-8
5.722910613522927e-8
5.873287899545748e-8
6.041639914653799e-8
6.221647152842295e-8
6.418278730629924e-8
6.633122407310778e-8
6.867078555351478e-8
7.12310183455233e-8
7.389216219117149e-8
7.649933938348341e-8
7.805261372132042e-8
7.519936511255342e-8
5.013717547656877e-8
2.261814904448216e-8
3.602930554118189e-6
1.1484760810403313e-6
7.027854308149189e-7
5.177610669133403e-7
4.170009667279566e-7
3.6642611987173935e-7
2.982182346252673e-7
2.7096802691180596e-7
2.3607639783294948e-7
2.2181620239092222e-7
2.025295461646072e-7
1.92996211695056e-7
1.8073536873997404e-7
1.7265083546033028e-7
1.671645455274141e-7
1.4291388389108068e-7
1.397604780616906e-7
1.3107525149005635e-7
1.329570867542958e-7
1.2237915532235307e-7
1.1287925468609973e-7
1.0864637962112679e-7
1.1589758656983589e-7
1.0737156951408088e-7
9.823238990758598e-8
9.215010017497564e-8
9.727035345836045e-8
8.876100582563915e-8
8.433700989223199e-8
8.752871793416501e-8
8.0595210866194e-8
8.147815043855246e-8
7.874964892581627e-8
8.491623257305713e-8
7.489111998082236e-8
7.741739201917312e-8
7.495517766625946e-8
7.297581147244882e-8
6.9428997185545e-8
6.815899609261896e-8
6.498006272747448e-8
6.717828572031887e-8
6.437497956907663e-8
6.379689530115186e-8
6.277318871832132e-8
6.005070213389827e-8
5.887158359343181e-8
5.907243911552017e-8
5.820346429753811e-8
5.775074998838467e-8
5.576477719860083e-8
5.569134727611168e-8
5.543480616370283e-8
5.3817097872761526e-8
5.115502323722838e-8
5.1763944391186975e-8
5.126969187956907e-8
5.032785105691222e-8
4.8679224585417094e-8
4.881227702908452e-8
4.838325317686446e-8
4.707727488165493e-8
4.784329719055145e-8
4.755304681664367e-8
4.5956930816247386e-8
4.5421965937328625e-8
4.376527575832786e-8