7.142610590106485e-15
7.857315789184217e-14
1.5002594037631179e-13
2.2152122977430277e-13
2.930799765281643e-13
3.6472297793793777e-13
4.364718135431181e-13
5.083490328786018e-13
5.803775152454233e-13
6.525817102025909e-13
7.249864680391537e-13
7.976192967594508e-13
8.705075556569398e-13
9.436807374551676e-13
1.0171741390722474e-12
1.0910173170971453e-12
1.1652498317198293e-12
1.239910493113158e-12
1.3150412477909666e-12
1.3906883017723898e-12
1.4668991880528538e-12
1.5437361762863873e-12
1.6212497713075603e-12
1.6995041142102332e-12
1.7785719585557673e-12
1.8585239618025295e-12
1.9394500116389645e-12
2.02143629447059e-12
2.104583262532445e-12
2.1890021322426796e-12
2.2747969839089426e-12
2.3621142462517106e-12
2.451086479564726e-12
2.541888311156568e-12
2.6346601040213374e-12
2.7296266776131912e-12
2.8269651533627255e-12
2.9269140740587343e-12
3.0297336095821732e-12
3.1356881663234648e-12
3.245100535714006e-12
3.3582587981126077e-12
3.4755969507556587e-12
3.5974586847734487e-12
3.72432043956465e-12
3.856689484288404e-12
3.995075889734131e-12
4.1400374512566064e-12
4.292394057933606e-12
4.452673877451519e-12
4.621727521886365e-12
4.800606173226982e-12
4.9901135506914564e-12
5.191238343131502e-12
5.4054307968112934e-12
5.633674470517627e-12
5.8775516353374484e-12
6.138753810293665e-12
6.41889491937899e-12
6.719660008523967e-12
7.044223486765012e-12
7.39328779442268e-12
7.771070828907008e-12
8.17908783700335e-12
8.621353144765654e-12
9.101102835618675e-12
9.621845548409313e-12
1.0188424640415656e-11
1.080532280901979e-11
1.1475234435105625e-11
1.2209476205136963e-11
1.3010822668600906e-11
1.3884973428775785e-11
1.4842158951067387e-11
1.5890190770796637e-11
1.7035931298369233e-11
1.829241780312705e-11
1.9670414181571503e-11
2.1180445567762827e-11
2.284272825453217e-11
2.466392599708942e-11
2.666525245553182e-11
2.886596882533175e-11
3.128378899920583e-11
3.3943632737437356e-11
3.68663200096619e-11
4.008642953868813e-11
4.362933244123533e-11
4.7529189979066754e-11
5.18248859974276e-11
5.6547452913466e-11
6.17572846066083e-11
6.748635253098598e-11
7.380240408866531e-11
8.075552795622513e-11
8.841307806316987e-11
9.685242246990423e-11
1.0614845832741893e-10
1.1637396626212642e-10
1.2765827667299925e-10
1.4006999085586514e-10
1.5372653643164454e-10
1.6878357696726226e-10
1.8535421983383127e-10
2.035729262863657e-10
2.2360898964533436e-10
2.45614589676396e-10
2.69867734985079e-10
2.9644576811637757e-10
3.2565732086386224e-10
3.5778138841725914e-10
3.92970332992346e-10
4.315465694600755e-10
4.738375332749133e-10
5.200835582021545e-10
5.706949559104271e-10
6.260720053908446e-10
6.863878282433566e-10
7.519294480360518e-10
8.238690829083587e-10
9.017623816809638e-10
9.864468067200799e-10
1.078205937003272e-9
1.1775441995661083e-9
1.2847863781833615e-9
1.4000339534526446e-9
1.5252061185449484e-9
1.6590760803088936e-9
1.8026416858054426e-9
1.9563360684925497e-9
2.1195429905757378e-9
2.2946420447356233e-9
2.4789595824765966e-9
2.676061757019696e-9
2.882645150089309e-9
3.1011537113714605e-9
3.330888317346978e-9
3.570527632223766e-9
3.822522664751993e-9
4.083982556910504e-9
4.357135646073859e-9
4.6391654604701155e-9
4.931824844087946e-9
5.232574351705464e-9
5.544671844656489e-9
5.86297684421973e-9
6.1906778409866576e-9
6.526955325736583e-9
6.86783719672703e-9
7.2178724326103635e-9
7.574097211919759e-9
7.933944603928055e-9
8.300073310953923e-9
8.672926834443565e-9
9.049606611884205e-9
9.431547603298685e-9
9.816808594886632e-9
1.0208098639918808e-8
1.0601805870469618e-8
1.1000442383591474e-8
1.1403747244032845e-8
1.181048001569109e-8
1.2222692865731005e-8
1.2638954628016269e-8
1.3061996241939465e-8
1.3489021577641147e-8
1.3921981495907302e-8
1.4362066331729286e-8
1.4810012465472645e-8
1.5265018279264828e-8
1.573115015466769e-8
1.6208841888405688e-8
1.6698191371302702e-8
1.7200939317848842e-8
1.7718296667890553e-8
1.825436626409699e-8
1.8812314169765994e-8
1.9393395740087173e-8
2.0002099153302072e-8
2.0641081024999422e-8
2.131864651305699e-8
2.20384123880329e-8
2.2808963121633234e-8
2.363703089079696e-8
2.453635590304101e-8
2.5519230201496193e-8
2.6602465643003527e-8
2.780854699864042e-8
2.9165103667902876e-8
3.0696659738437765e-8
3.2449219747987e-8
3.450736381573597e-8
3.6728182407079066e-8
3.9029231382759474e-8
4.005703324010753e-8
3.023086557965972e-8
4.047498816346175e-8
1.3332003451159663e-6
5.784189411756125e-7
3.86441362437081e-7
2.969841099717766e-7