1.6066108361542151e-12
1.770689553027214e-11
3.3977836681230325e-11
5.058061920301237e-11
6.766645347736545e-11
8.541018523450352e-11
1.0398636112800635e-10
1.2356594120328496e-10
1.4432825249912614e-10
1.665221033430728e-10
1.903153793871971e-10
2.1593875415504952e-10
2.436519586995676e-10
2.737458864654497e-10
3.064800876228254e-10
3.421855316040966e-10
3.81238313283755e-10
4.2387502569074886e-10
4.706446132265073e-10
5.218209173276943e-10
5.783238815417648e-10
6.40162641630224e-10
7.080478580358392e-10
7.830937352192374e-10
8.652063362270739e-10
9.55801648054159e-10
1.0551844445821017e-9
1.1647023436132947e-9
1.2848837897320294e-9
1.4168798324586244e-9
1.5623381419770566e-9
1.7209943562451491e-9
1.8973625013879596e-9
2.0894842796464028e-9
2.299542592432029e-9
2.5298968125960395e-9
2.7812746361038116e-9
3.057553533325752e-9
3.358684172081056e-9
3.686622261527246e-9
4.043954023307651e-9
4.43288487006616e-9
4.847375225148168e-9
5.311357549291971e-9
5.805540134418366e-9
6.337135095324944e-9
6.911852343381069e-9
7.533506340180731e-9
8.195252873483028e-9
8.899775977684775e-9
9.657541094524816e-9
1.0458280868241347e-8
1.1317243471920333e-8
1.2218445674335622e-8
1.3158650783667127e-8
1.4166815409037082e-8
1.5209720523172178e-8
1.6301166476514632e-8
1.7438589089552548e-8
1.862007196087483e-8
1.9834017160451638e-8
2.1097307257206037e-8
2.2373475043563874e-8
2.3695885571626576e-8
2.5030306253691928e-8
2.6402708834637002e-8
2.779024122894039e-8
2.9193984911746898e-8
3.060759505704591e-8
3.202176318647695e-8
3.344476767537937e-8
3.487851471346189e-8
3.629436877150263e-8
3.774364175110149e-8
3.911930896792436e-8
4.052516176290837e-8
4.191549539684329e-8
4.328085934413358e-8
4.463962724909237e-8
4.597826580144852e-8
4.7305442701911674e-8
4.861170766207125e-8
4.990013352606452e-8
5.1169964682425384e-8
5.236794014849021e-8
5.3669368476629496e-8
5.48991178654547e-8
5.611370307145732e-8
5.7320067781957144e-8
5.8521216758981875e-8
5.971671396801962e-8
6.088821002791449e-8
6.208916684227105e-8
6.329498617554795e-8
6.450207533481938e-8
6.572950703564226e-8
6.697612203621977e-8
6.825041138838864e-8
6.956447306466679e-8
7.09157875238953e-8
7.23296884053457e-8
7.379852316154577e-8
7.534429810070192e-8
7.698117157231912e-8
7.87236510986824e-8
8.059740491725832e-8
8.259822442620614e-8
8.476544127185948e-8
8.709610338901951e-8
8.960534855329036e-8
9.224804010106385e-8
9.486896070179552e-8
9.70881003944978e-8
9.75667062773079e-8
9.180459965054085e-8
5.871244768298948e-8
1.8852938518149556e-8
5.607090100513133e-6
1.5006216911142507e-6
8.807963107550954e-7
6.395445415640589e-7
4.987071689423049e-7
4.389160782287765e-7
3.638221499660593e-7
2.990977373494362e-7
2.8117281763414596e-7
2.563285269990951e-7
2.3400279208180543e-7
2.180893139514452e-7
2.0580146719671044e-7
2.072783865656608e-7
1.8607156242059985e-7
1.6946390133428828e-7
1.7142636156431995e-7
1.6162229436600587e-7
1.4486217069308227e-7
1.3156923832697247e-7
1.3137524598751343e-7
1.30907073590792e-7
1.3410501360065932e-7
1.1699594979535896e-7
1.2044063922670943e-7
1.1622894088680355e-7
1.0910964248203592e-7
1.2561487841072073e-7
1.0831249204192986e-7
9.79095799229326e-8
9.740702387456672e-8
9.299639911485522e-8
9.272103920954057e-8
8.917222233565642e-8
9.282417770488779e-8
8.196299987683178e-8
8.315771125040586e-8
8.355628180504096e-8
7.93483325388067e-8
7.734520956887876e-8
8.123957464741657e-8
7.087752840811191e-8
7.171578144966956e-8
6.838076731121838e-8
6.974306682149802e-8
6.810854153615095e-8
6.866618159697791e-8
6.675622625992396e-8
6.515684456294221e-8
6.460771054397716e-8
6.319736885415608e-8
6.17530008568055e-8
6.086420678338811e-8
6.055000831345729e-8
5.859751032725514e-8
5.817167777902694e-8
5.799585497000415e-8
5.6727644129089835e-8
5.6424857080588456e-8
5.643723780669881e-8
5.3381825531776716e-8
5.4971543659928095e-8
5.3717995617686204e-8
5.2807959202557225e-8
5.234360619459988e-8
5.2082844863296305e-8
5.0985371524932316e-8
4.9677381485488026e-8
4.9105492125272765e-8
4.8645148090138597e-8
4.834527567660457e-8
4.772636451919798e-8
4.686624534155496e-8
4.662493742241434e-8
4.612750464021574e-8
4.550881906663039e-8
4.4960484104240536e-8
4.446855598153358e-8
4.394513920082415e-8
4.337888034227218e-8
4.298392015580498e-8
4.230250900652504e-8
4.200604000708327e-8
4.153193194881321e-8