2.300095772746858e-14
2.5319286078715926e-13
4.842994336544928e-13
7.17146886748982e-13
9.525949617199957e-13
1.1915271550787198e-12
1.4348550891579672e-12
1.6835276026964852e-12
1.9385560527831553e-12
2.2009978920121434e-12
2.4720182393071538e-12
2.7527505416868218e-12
3.0445911410556778e-12
3.3490073169006644e-12
3.667331678534513e-12
4.001492245855025e-12
4.353242819039036e-12
4.724514867018197e-12
5.117534801199384e-12
5.534705635336223e-12
5.9782866104476074e-12
6.452167563608616e-12
6.958743464251875e-12
7.501766306538787e-12
8.084451764386822e-12
8.711825000474512e-12
9.388184776115662e-12
1.011882803205553e-11
1.0909227945150366e-11
1.1766767378950785e-11
1.2696413870089407e-11
1.3706427477933422e-11
1.4806514958028574e-11
1.6005949791109766e-11
1.7311260568083902e-11
1.8734452503084577e-11
2.029748538528308e-11
2.2000278263054576e-11
2.386633604135377e-11
2.591121424387685e-11
2.8149923775588652e-11
3.060867370483938e-11
3.33056244011368e-11
3.626400267184287e-11
3.9518907883777104e-11
4.309434836786516e-11
4.7018595883361194e-11
5.134275838578412e-11
5.6074225217611576e-11
6.131957218693783e-11
6.709043870658075e-11
7.341404315727693e-11
8.038755606132506e-11
8.808164295080203e-11
9.653720111623767e-11
1.0587069254033067e-10
1.1612992389463363e-10
1.2745795043502417e-10
1.3992610270280862e-10
1.5366836181519578e-10
1.6881560863966057e-10
1.8548701551131452e-10
2.0386396111774566e-10
2.2408711673939546e-10
2.4638359849240656e-10
2.709275961626083e-10
2.9798386078204004e-10
3.2776914396581983e-10
3.6049661983273243e-10
3.9661055517498187e-10
4.362421163553398e-10
4.798436811212151e-10
5.278304481484534e-10
5.803691282446247e-10
6.382184968953071e-10
7.016630451419143e-10
7.711269556916305e-10
8.474200060559007e-10
9.309921938369804e-10
1.0221887592083807e-9
1.122076674659013e-9
1.230759871618427e-9
1.349795783605277e-9
1.478083894731288e-9
1.620063559911221e-9
1.772914865803942e-9
1.9392549510357056e-9
2.1182236126980732e-9
2.312854202508391e-9
2.5216299947361552e-9
2.74779489014991e-9
2.9893590874963265e-9
3.2486416513468554e-9
3.526195653144666e-9
3.8220566486178185e-9
4.135370470914896e-9
4.470893833533205e-9
4.824130760041523e-9
5.19698564201232e-9
5.590441816837184e-9
5.999930380337318e-9
6.432274283367528e-9
6.881716774358635e-9
7.350142841113791e-9
7.835962483072258e-9
8.337763221055129e-9
8.856734262056492e-9
9.391370315979996e-9
9.942409408061451e-9
1.0496800628408313e-8
1.1072513246652331e-8
1.1653580496619103e-8
1.2247868794775171e-8
1.2849643400686125e-8
1.3460478699902867e-8
1.4076591142334094e-8
1.4704483132941666e-8
1.5336535293447984e-8
1.5970832488444005e-8
1.6610494325825543e-8
1.7248227745925853e-8
1.789416974471324e-8
1.8537933358187594e-8
1.9191522362871982e-8
1.9841897899763475e-8
2.0477337514511367e-8
2.115076462404046e-8
2.187658161200373e-8
2.2467195610466933e-8
2.3131072752153412e-8
2.38015875194487e-8
2.4477056747116606e-8
2.515474585825116e-8
2.584581118866475e-8
2.6538383328060425e-8
2.725142802010653e-8
2.7971557586179108e-8
2.870920495191366e-8
2.9463439676216516e-8
3.0239363678900325e-8
3.1038796880437345e-8
3.1864694507060276e-8
3.272892714937988e-8
3.3637614071639164e-8
3.457259628815133e-8
3.55788737486413e-8
3.664476397937719e-8
3.778160908358597e-8
3.900866622521918e-8
4.034107321248761e-8
4.17971400455378e-8
4.3402762657774286e-8
4.518143435585965e-8
4.7169984842622877e-8
4.9393703919779585e-8
5.184555629663622e-8
5.4437487562388114e-8
5.6679284795768864e-8
5.6324601705896604e-8
3.9807077478337275e-8
2.942145306758374e-8
2.1511461682401967e-6
8.176699699954953e-7
5.230705580416169e-7
3.9367784157168e-7
3.240980700166629e-7
2.799413438202573e-7
2.4390541063467437e-7
2.1659594400352006e-7
1.92009561680441e-7
1.7243350480987265e-7
1.6229925882066616e-7
1.5006909249190163e-7
1.4769728787967316e-7
1.317196217307283e-7
1.298547561391629e-7
1.210709773481977e-7
1.0789131159175917e-7
1.0391942562757288e-7
1.2298248694214543e-7
9.981784557156279e-8
9.597255716218675e-8
8.731183351384755e-8
8.913592940107913e-8
9.117767149980266e-8
8.227711221251865e-8
7.953820719987318e-8
7.737010043749788e-8
7.745338273453744e-8
7.619938263790057e-8
7.082795921380843e-8
7.285618956471749e-8
6.886461560001211e-8
6.669380375996813e-8
6.251225584492294e-8
6.621120504500315e-8
6.307454424554925e-8
6.010914998223437e-8
6.049893540015068e-8
5.8905842642786596e-8
6.350643704469327e-8