6.968440127108001e-9
7.625978384866386e-8
1.4359500502674417e-7
2.0700674521422088e-7
2.660287202143409e-7
3.1894200406184054e-7
3.6556720132713616e-7
4.0453431621472843e-7
4.3874962908881994e-7
4.659530985512784e-7
4.865389894100895e-7
5.038090753097001e-7
5.160337900790761e-7
5.241604781220468e-7
5.294290862617026e-7
5.315113172862023e-7
5.319316396175646e-7
5.302966134514344e-7
5.272647070398298e-7
5.234475775410338e-7
5.185545678226037e-7
5.130868879811795e-7
5.070194754149237e-7
5.007897419452645e-7
4.943765779574241e-7
4.878000743604305e-7
4.811489765196743e-7
4.746668580606506e-7
4.6817891090700364e-7
4.6185962155453e-7
4.5552515806590553e-7
4.4941655714274704e-7
4.4344943289479716e-7
4.3766323771021866e-7
4.319125231975872e-7
4.262563248045636e-7
4.206795313911238e-7
4.149827930225052e-7
4.090739881281415e-7
4.0268312734375405e-7
3.955604209985274e-7
3.8711091053803167e-7
3.764338242211838e-7
3.619821650498742e-7
3.408115999864079e-7
3.070331128455113e-7
2.4732216357193944e-7
1.2715801889857087e-7
6.7190236767562006e-9
1.764947289568157e-8
7.140348087504954e-6
5.473991698499686e-6
3.1219432599200083e-6
2.09153952747322e-6
1.5539724818935508e-6
1.232496853682222e-6
1.0192056159337537e-6
8.69373953504574e-7
7.560164035541427e-7
6.698717804453503e-7
6.021064795332993e-7
5.427815359592534e-7
4.921739213403584e-7
4.613842713414179e-7
4.2391946272502696e-7
3.9640308512427566e-7
3.677852647458206e-7
3.47674506857135e-7
3.280277015360598e-7
3.091882240962114e-7
2.903573682436549e-7
2.8292163108313955e-7
2.671516112696054e-7
2.5349907930875064e-7
2.42264987418403e-7
2.3545610317521172e-7
2.302156046731451e-7
2.1322351896658517e-7
2.0234095894172197e-7
1.9724689258445927e-7
1.9804138640316774e-7
1.8954857161687065e-7
1.7403287136223397e-7
1.7351557540061487e-7
1.6472172102041382e-7
1.7231430184254788e-7
1.536459961342307e-7
1.608591433435068e-7
1.4858098981750894e-7
1.4719148357298313e-7
1.4152922465132804e-7
1.782436604324988e-7
1.3635906625665213e-7
1.2860304774479249e-7
1.3521193448069089e-7
1.4050624234520532e-7
1.2791700620687926e-7
1.2196263784384286e-7
1.2447273718229304e-7
1.2223474566842815e-7
1.1985591891300864e-7
1.2036133802549332e-7
1.1136015829669255e-7
1.1117574168840014e-7
1.069518883963794e-7
1.0628449691587599e-7
1.0889523081057387e-7
1.0448033641315708e-7
1.0947842516709365e-7
1.0515948452772985e-7
9.965658784193814e-8
9.760528116653869e-8
9.472011166862958e-8
9.424476128284144e-8
9.620765278741026e-8
9.350782154316769e-8
9.109093008232361e-8
8.775903950024373e-8
8.89495501535427e-8
8.878601715296157e-8
8.679941925058154e-8
8.66436070092608e-8
8.737837026119138e-8
8.392334445136437e-8
8.333859001560655e-8
8.153052489468147e-8
8.08518585361083e-8
8.059662276039121e-8
7.901286965755664e-8
7.756045078097535e-8
7.72240621693046e-8
7.608597643632376e-8
7.491107662368105e-8
7.397129899597877e-8
7.301720514205485e-8
7.20314802564242e-8
7.112067064733846e-8
7.052659293914734e-8
6.947573495859418e-8
6.894766034105082e-8
6.792008670811262e-8
6.691383987406047e-8
6.625337371962536e-8
6.543927392415045e-8
6.465737811837512e-8
6.371664489357703e-8
6.28776902487559e-8
6.209300901162171e-8
6.129469932408265e-8
6.057660904018713e-8
5.98075686057579e-8
5.908122209142064e-8
5.837412108967759e-8
5.7671892777033285e-8
5.695031978588002e-8
5.6243847474909183e-8
5.5567390309122135e-8
5.490925172535976e-8
5.423399006286338e-8
5.357951771345252e-8
5.2932850394115556e-8
5.228279893162324e-8
5.1669048791302705e-8
5.1048090491050904e-8
5.044153863608195e-8
4.983917382480623e-8
4.925257889571951e-8
4.867243094832021e-8
4.809188931419754e-8
4.752815425487917e-8
4.697410229305879e-8
4.642507702441877e-8
4.5879789760158045e-8
4.5348031250646456e-8
4.482441270894641e-8
4.430316812232553e-8
4.3794037448108444e-8
4.329045693115294e-8
4.279423912680797e-8
4.2306065140740387e-8
4.182270552431964e-8
4.134900460915075e-8
4.087899721928146e-8
4.0418305400756744e-8
3.996473928799682e-8
3.951746056830265e-8
3.907344765449886e-8
3.8638803850235605e-8
3.820970132341989e-8
3.778757224256718e-8
3.736920449573282e-8
3.695625584390161e-8
3.6551499019624553e-8
3.6152377289635924e-8
3.575879681550107e-8
3.5370684807196516e-8
3.498383983989064e-8
3.460646382033643e-8
3.4234303528388795e-8
3.386729127035901e-8
3.35053544850952e-8