4.83763461025402e-11
5.331104234033041e-10
1.0226437145643583e-9
1.5203334911434195e-9
2.0328518388598837e-9
2.562706296371251e-9
3.117788226631642e-9
3.6925175760946925e-9
4.307413493955673e-9
4.9537203679932606e-9
5.63697999691969e-9
6.3814476522786855e-9
7.155040549471736e-9
8.018750091944504e-9
8.91825082785189e-9
9.896449881816968e-9
1.0931562350343108e-8
1.2055169221267924e-8
1.3274610249804741e-8
1.4551009817948649e-8
1.5949806025137435e-8
1.7422078288611396e-8
1.9000110200659412e-8
2.0715044359762188e-8
2.2439121457593567e-8
2.434660831732088e-8
2.633716558404622e-8
2.841088778945815e-8
3.0601659376148425e-8
3.284681113792551e-8
3.526393368297314e-8
3.775843479593549e-8
4.028789028309049e-8
4.2900677137012795e-8
4.558403938115915e-8
4.8327159962898334e-8
5.109980333299536e-8
5.383095455617169e-8
5.673832888422145e-8
5.957565434635616e-8
6.243935980408654e-8
6.525651400299917e-8
6.823903311112709e-8
7.102828067932408e-8
7.368447197025049e-8
7.639543749596578e-8
7.914281817398673e-8
8.165190678117248e-8
8.417620363883136e-8
8.667006454068873e-8
8.898145111901859e-8
9.137806740557104e-8
9.362838496034146e-8
9.580361057522705e-8
9.790135457184708e-8
9.990829717523071e-8
1.0186624865337822e-7
1.0373824652241918e-7
1.0555806396750132e-7
1.0728011987617256e-7
1.0896287087209113e-7
1.1060684924784062e-7
1.1217366894611998e-7
1.1371139592003423e-7
1.15209364544452e-7
1.1667193102257569e-7
1.1812236806180871e-7
1.195520021095848e-7
1.209755438354525e-7
1.2238607617097795e-7
1.2381132483574852e-7
1.2527841655787066e-7
1.2676578054755805e-7
1.2828820943898963e-7
1.2986094936846002e-7
1.3149839948183604e-7
1.3322339358159905e-7
1.35053019101092e-7
1.3697172622278965e-7
1.389968046265917e-7
1.411086302854464e-7
1.4328805643236527e-7
1.4548431365283662e-7
1.474923566091643e-7
1.4895333939590864e-7
1.489364708189195e-7
1.4508147512752288e-7
1.3030036393139112e-7
7.727527078767129e-8
1.3545523202633461e-8
0.000011823558054390813
2.7243916452997173e-6
1.4098569967488634e-6
9.61815819508893e-7
7.92457041096959e-7
5.928080935986607e-7
5.064201198882347e-7
4.5529704622265377e-7
4.0767379527803904e-7
3.5232177507595133e-7
3.191893286791111e-7
3.063481171078859e-7
2.954152574427299e-7
2.8506011494727424e-7
2.547149020053003e-7
2.223933018694036e-7
2.1682337129058117e-7
2.0127487835420585e-7
1.9582483908476417e-7
2.285554711859071e-7
1.807137102600153e-7
1.6503717034357605e-7
1.6135395415106538e-7
1.4880999705783513e-7
1.5224330878893882e-7
1.4552924394948054e-7
1.408766239990717e-7
1.09027256252502e-7
1.3255429753284593e-7
1.2873766859078466e-7
1.3546129344665329e-7
1.1605367779101215e-7
1.2090906218523015e-7
1.1131907563912626e-7
1.121980354619814e-7
9.72241179095612e-8
1.0925624997017539e-7
1.0708490960770585e-7
7.959044535453038e-8
8.552946618580067e-8
8.946781269846265e-8
8.987013001623478e-8
8.805454455890879e-8
8.306805273349276e-8
8.281630314394674e-8
8.322771474292294e-8
8.183197633458568e-8
7.344603224790697e-8
8.130481807076295e-8
7.843685046476629e-8
8.162617081428382e-8
7.187841106653424e-8
7.730261956878243e-8
7.580452136407983e-8
7.321520825902918e-8
7.277475155806967e-8
7.178179153056639e-8
7.15618673050655e-8
7.021863166142701e-8
6.939294449457992e-8
6.76866520607857e-8
6.740347003658707e-8
6.621202473502402e-8
6.579124574502121e-8
6.425087984087221e-8
6.302544223317613e-8
6.250540501911574e-8
6.248575926433474e-8
6.148965828950262e-8
6.049226455372774e-8
5.93682841760779e-8
5.905859520014707e-8
5.8902683170117505e-8
5.792293597267696e-8
5.716676107769787e-8
5.6193091031917675e-8
5.5685550098078066e-8
5.4909674891882384e-8
5.44948085104166e-8
5.333151291398677e-8
5.2870583110529065e-8
5.2439633421283096e-8
5.1746936596460696e-8
5.119463500129834e-8
5.0595981380437466e-8
5.004473622620598e-8
4.9339910300460865e-8
4.888005519136136e-8
4.828927430252489e-8
4.7686904924001585e-8
4.716701013935403e-8
4.662634826955387e-8
4.6085754037623054e-8
4.5558176570819745e-8
4.5034656303592214e-8
4.453804129607552e-8
4.406109605428322e-8
4.35523986064215e-8
4.30531630499384e-8
4.259588017685401e-8
4.2127904494457357e-8
4.168157664268362e-8
4.1214768184603354e-8
4.076216903373378e-8
4.031852503865191e-8
3.98856193264677e-8
3.945129613446208e-8
3.9027875063093665e-8
3.860874065756013e-8
3.8192065158469025e-8
3.7791961579990706e-8