1.329982179224309e-11
1.4658258218465712e-10
2.812724573836087e-10
4.186891109488647e-10
5.600458756816382e-10
7.070445337482366e-10
8.606765906570066e-10
1.0226322843357632e-9
1.1942683334978766e-9
1.3782091176497242e-9
1.5728061058667056e-9
1.7839803477365284e-9
2.011931120678178e-9
2.2586983381633916e-9
2.5228899484039944e-9
2.8146891625193993e-9
3.1315361586383048e-9
3.4733801472684994e-9
3.8462393842767495e-9
4.256681470139322e-9
4.698194758839679e-9
5.186444999442006e-9
5.7099972033319715e-9
6.269556023960182e-9
6.903698887882875e-9
7.571947552751713e-9
8.300748877553227e-9
9.08220899693354e-9
9.938842544567833e-9
1.0855172144342925e-8
1.1850087759106224e-8
1.289662207120911e-8
1.4034448737286257e-8
1.5239594016947123e-8
1.6520950481194918e-8
1.787727312345081e-8
1.9324768129587066e-8
2.0824929429126267e-8
2.241095707468868e-8
2.408689419102392e-8
2.579981084043808e-8
2.7607644965042074e-8
2.9477753943197738e-8
3.13937644334423e-8
3.336729242334186e-8
3.537916120592998e-8
3.7414973975526935e-8
3.956146985923765e-8
4.162453310279699e-8
4.377568091962714e-8
4.5903472923146126e-8
4.80420090719425e-8
5.0204540160783983e-8
5.234110095423369e-8
5.4511968984229714e-8
5.657491303600261e-8
5.8656181954908616e-8
6.071214116473482e-8
6.273787607249611e-8
6.470193156689393e-8
6.664130539957398e-8
6.853210275743164e-8
7.038452126726126e-8
7.21793789204851e-8
7.395857200550381e-8
7.568923653370737e-8
7.735400426533713e-8
7.898488435499795e-8
8.041777592369802e-8
8.212285095652578e-8
8.364980125610582e-8
8.511432111122881e-8
8.658114659234674e-8
8.801880892342875e-8
8.944319774220266e-8
9.083843561390402e-8
9.220970267005004e-8
9.360979760467668e-8
9.500410966692184e-8
9.640104996103637e-8
9.783113403531003e-8
9.928041855756785e-8
1.007784913014799e-7
1.0230678078414366e-7
1.0391693603862061e-7
1.0560037718207568e-7
1.0735554172273171e-7
1.0921642232523242e-7
1.1119680033075501e-7
1.1329238060349707e-7
1.1554660903441052e-7
1.1789563217821405e-7
1.203475942852181e-7
1.2277852851879648e-7
1.249389646880241e-7
1.260998285292305e-7
1.2440314465823843e-7
1.1385371692245983e-7
6.953564837617443e-8
1.5424111984067938e-8
9.532319761648921e-6
2.1166944477128615e-6
1.1829954318553226e-6
8.134899431783364e-7
6.342351662729193e-7
5.181617599577366e-7
4.484790981008359e-7
3.886490768762984e-7
3.670719630493651e-7
3.1239445954631384e-7
2.772278705101188e-7
2.6061190184256174e-7
2.3817564516574178e-7
2.3438626157375086e-7
1.9496474416612087e-7
2.1040575724612377e-7
1.8480359581128101e-7
1.7721961877601388e-7
1.6688425806876085e-7
1.691639436620463e-7
1.574610505879216e-7
1.5832297628110077e-7
1.4632012573925473e-7
1.464384696432154e-7
1.3185866422542105e-7
1.342961502095541e-7
1.388187353328215e-7
1.0039410798861559e-7
1.1808244740205074e-7
1.0410208509389293e-7
1.0740262465825449e-7
1.1339515721481704e-7
1.0448087779114538e-7
1.021396494856012e-7
1.0061072479577328e-7
9.782621069188154e-8
9.65108083410124e-8
8.911966965810885e-8
8.671323048798934e-8
8.825277537599231e-8
8.40698861770736e-8
8.813238535306789e-8
8.707206547267506e-8
8.347077600118955e-8
8.138233446709132e-8
7.288476582304752e-8
7.436952907138939e-8
7.471874630792325e-8
7.451036580023472e-8
7.46082145303518e-8
7.094302236226265e-8
7.420985293229115e-8
6.942511522705042e-8
6.87479544960739e-8
6.841899931231298e-8
6.447750033096848e-8
6.498594361972659e-8
6.525760838045592e-8
6.332694632989346e-8
6.73530201958142e-8
6.291681905615175e-8
6.145691969364931e-8
6.182764502749827e-8
6.013834848396454e-8
5.866156447565726e-8
5.840689714175506e-8
5.75773341056255e-8
5.706192697700021e-8
5.664934360893407e-8
5.551347052294921e-8
5.5263576065450965e-8
5.472075061106843e-8
5.3611159780046674e-8
5.2934220156154005e-8
5.222396774803975e-8
5.1987517960634654e-8
5.078975395802287e-8
5.0425941519674336e-8
4.999395134895007e-8
4.9341782365431e-8
4.8989929686144066e-8
4.815769281357293e-8
4.772177685839449e-8
4.720533747686358e-8
4.665419698944254e-8
4.615569993606702e-8
4.553586790356172e-8
4.50694249894321e-8
4.458820777946992e-8
4.4052960287778105e-8
4.3528907452173463e-8
4.3096500319287036e-8
4.260136159224326e-8
4.214323872542509e-8
4.170137413967228e-8
4.1221333586450056e-8
4.076489073531794e-8
4.034011009586485e-8
3.989529204584342e-8
3.947493383696682e-8
3.904480440225261e-8