2.6142223130072134e-12
2.8812691937613704e-11
5.529106048932305e-11
8.230918323165933e-11
1.1012732275894056e-10
1.3902488354247638e-10
1.6927738827514131e-10
2.0117356474141194e-10
2.3503490318780356e-10
2.711745878287253e-10
3.1000786505200536e-10
3.5177426988001793e-10
3.9703529779794673e-10
4.4607719958579935e-10
4.993068304759206e-10
5.577428679442312e-10
6.213047596122101e-10
6.910787283710695e-10
7.668842232672532e-10
8.504369104199694e-10
9.426532126118452e-10
1.043443937494501e-9
1.1541382237269394e-9
1.275412965955144e-9
1.4088990068877794e-9
1.5554490434258005e-9
1.7160953229430488e-9
1.892910708212848e-9
2.084997403429309e-9
2.2982061398930292e-9
2.5296518650765868e-9
2.788336955785393e-9
3.068116861472381e-9
3.3712071158683457e-9
3.7043261777028865e-9
4.066000142247889e-9
4.4604813237089645e-9
4.895268189781696e-9
5.361480243903491e-9
5.867923584331014e-9
6.411588934345428e-9
7.00587178820124e-9
7.641941014858011e-9
8.3316541259951e-9
9.058780801711306e-9
9.842958714228398e-9
1.0668613041105814e-8
1.157407722827074e-8
1.2519761962723075e-8
1.3514096851947183e-8
1.4565901855982756e-8
1.567708675484666e-8
1.6829470105849613e-8
1.804497469784301e-8
1.9298307254090423e-8
2.0599402851126608e-8
2.1942586015487184e-8
2.3334762939123726e-8
2.474668141439156e-8
2.6205577239240013e-8
2.768217750950144e-8
2.918425977890395e-8
2.571203006108272e-8
3.226831073234641e-8
3.3829691955541954e-8
3.539039274932647e-8
3.692697961594536e-8
3.850646366495376e-8
4.0043814988081626e-8
4.157010433755188e-8
4.311707929870734e-8
4.463491975918167e-8
4.614803965231654e-8
4.7627098372464585e-8
4.909994221993839e-8
5.053698688515439e-8
5.196701491384182e-8
5.3369439121982655e-8
5.473383455584056e-8
5.610693287639334e-8
5.735872454542251e-8
5.8754190716637366e-8
6.005944206862851e-8
6.133192209034574e-8
6.260842497533019e-8
6.38680132098109e-8
6.511625955829831e-8
6.63672964205652e-8
6.760193010878199e-8
6.885638702937848e-8
7.013001918819951e-8
7.138197675516177e-8
7.267257334572776e-8
7.399008514348785e-8
7.533722390031288e-8
7.673176761138304e-8
7.817673266651586e-8
7.96863426193779e-8
8.125298069047811e-8
8.296238830609406e-8
8.474320524391266e-8
8.665160883496068e-8
8.869030704286499e-8
9.089866996612389e-8
9.325614319400591e-8
9.578065083972054e-8
9.840792462271551e-8
1.0098204117476979e-7
1.0302085191510259e-7
1.0311482627788544e-7
9.642986534241169e-8
6.10312310267349e-8
1.8017690675356756e-8
6.320995900929398e-6
1.620811641595264e-6
9.314284154080081e-7
6.578030374127851e-7
5.366429772126413e-7
4.800653756663327e-7
3.841132514308629e-7
3.2647709686758726e-7
2.9740762829906445e-7
2.74582935095021e-7
2.454124835666222e-7
2.1734684375995648e-7
1.7342598537526678e-7
2.008478553240464e-7
1.9901812296682088e-7
1.7909729743138506e-7
1.5553602463295e-7
1.543762561159396e-7
1.510289483558931e-7
1.4606950481692568e-7
1.4252238324638108e-7
1.2436726698611446e-7
1.621525580365649e-7
1.1256526770752044e-7
1.2057523695636665e-7
9.929475284244252e-8
1.1353253413934389e-7
1.1042139048894799e-7
9.165534240244104e-8
1.1725241052694026e-7
1.0911643753590511e-7
9.994227391905369e-8
8.925046185550063e-8
9.037833696792893e-8
8.939215749311498e-8
8.605722099632441e-8
8.382228679408592e-8
8.228288209269826e-8
8.334454829906463e-8
8.280707269554028e-8
8.11917280647934e-8
7.658805114867617e-8
7.481829993759807e-8
6.760292622161297e-8
7.284840596216896e-8
7.339435263444113e-8
6.794302142826082e-8
7.029665154265421e-8
6.759142768812652e-8
6.919601096931608e-8
6.450088846380801e-8
6.244224120467124e-8
6.446352591360113e-8
6.231537871464002e-8
6.157037199337484e-8
5.963552754889671e-8
6.057247098634921e-8
5.991235732531755e-8
5.801625225918685e-8
5.6965697391921385e-8
5.573627729221034e-8
5.465305520378867e-8
5.5127493365777324e-8
5.434594658544054e-8
5.3220498737166146e-8
5.288653054310256e-8
5.239937695019244e-8
5.196472853570068e-8
5.1043752261992555e-8
5.025452942381743e-8
4.990084000856045e-8
4.897544634816456e-8
4.861935159945283e-8
4.794430562311385e-8
4.732503660848251e-8
4.675478796449275e-8
4.610094187429661e-8
4.569259780036182e-8
4.5281979748413654e-8
4.453532410156502e-8
4.4148330079608655e-8
4.378787054231141e-8
4.319615121061795e-8
4.278295243089958e-8
4.2191736622785064e-8
4.175600924961097e-8
4.1329077829689405e-8
4.0863410961487915e-8