2.1682250894295085e-14
2.386970852490466e-13
4.566558868167355e-13
6.764280403730596e-13
8.989004953417567e-13
1.124975375904492e-12
1.3556282394021137e-12
1.5918204947764088e-12
1.8346088954849317e-12
2.085088620660064e-12
2.3444621818259574e-12
2.614005631366113e-12
2.895007497413361e-12
3.18912262648037e-12
3.4978143904238853e-12
3.822978733257534e-12
4.166031539253725e-12
4.52968913987209e-12
4.915923570124481e-12
5.3270816362117325e-12
5.76649098792824e-12
6.236707489113949e-12
6.741118632181632e-12
7.283366209070838e-12
7.868312789754511e-12
8.497622087867022e-12
9.180122919942264e-12
9.918212359338851e-12
1.0719415515139964e-11
1.1589131425429026e-11
1.2536225661517904e-11
1.3565938794569215e-11
1.468878891529513e-11
1.5916748450259157e-11
1.725614274728674e-11
1.872142900007283e-11
2.0325234097209333e-11
2.2081423044415958e-11
2.400755078585335e-11
2.611131563850901e-11
2.8430738684287403e-11
3.0970576255165154e-11
3.377399215066742e-11
3.686098684093372e-11
4.022672362362235e-11
4.3939058766333954e-11
4.8019919016568936e-11
5.2530804015008194e-11
5.747500454976017e-11
6.292473485556619e-11
6.894436451710509e-11
7.555668570677734e-11
8.282306391723336e-11
9.086800897140086e-11
9.970487548035962e-11
1.0947665286314376e-10
1.202103666443665e-10
1.3207751401685435e-10
1.4510313220080773e-10
1.5950663066970867e-10
1.7535480165352482e-10
1.9282497721614383e-10
2.1207107895688777e-10
2.333222394081591e-10
2.56691842406109e-10
2.824612649591135e-10
3.1068728178559867e-10
3.419359037304108e-10
3.7627259601478504e-10
4.1392270927211165e-10
4.5564127135171214e-10
5.012088705289914e-10
5.513461787555944e-10
6.063694237809921e-10
6.668185821689999e-10
7.332135911898321e-10
8.05690148260278e-10
8.852897448879471e-10
9.723424251236574e-10
1.0675398025007868e-9
1.1710760404781511e-9
1.2845642990383247e-9
1.407374886555761e-9
1.541407792960488e-9
1.6866610388525174e-9
1.8446888706191731e-9
2.014711283833401e-9
2.198972044464934e-9
2.3977499545433804e-9
2.6120372493157454e-9
2.8407495464578906e-9
3.0872201698552134e-9
3.349388993872096e-9
3.6290980775803134e-9
3.926155221429156e-9
4.2407948526179775e-9
4.573906830199079e-9
4.925168976251879e-9
5.292763612764121e-9
5.6806005945466205e-9
6.083743666155039e-9
6.505891287601566e-9
6.9416127410868196e-9
7.393668699313677e-9
7.862246031210592e-9
8.341573553028685e-9
8.836809005271066e-9
9.343697637907041e-9
9.861043798504013e-9
1.0388650221371484e-8
1.0915710545238424e-8
1.1457795398209647e-8
1.2011489699116571e-8
1.2573940897439668e-8
1.3135534528398047e-8
1.3699334907638771e-8
1.427101616454646e-8
1.4838721935238636e-8
1.5416154589416314e-8
1.5984201112565908e-8
1.6558030186155734e-8
1.71297482324034e-8
1.7697494036079188e-8
1.8280965555069236e-8
1.8847501821209898e-8
1.9405687527614164e-8
1.9970247787872674e-8
2.054798527171514e-8
2.1100390739909702e-8
2.1658113873665626e-8
2.221942850099029e-8
2.2780209058363306e-8
2.3333842645076597e-8
2.390079040503965e-8
2.4460496061924423e-8
2.5024898681145953e-8
2.5592529616258114e-8
2.6167301649802366e-8
2.6709791346174516e-8
2.729180425358969e-8
2.7900519058344885e-8
2.8485001107095415e-8
2.9098831371915472e-8
2.9757459067249308e-8
3.0404088507460027e-8
3.1066913932657494e-8
3.175710446893471e-8
3.2473255560146714e-8
3.3222510372238815e-8
3.401390342576867e-8
3.4838035567120096e-8
3.571031391798214e-8
3.6659543584919676e-8
3.766450500839965e-8
3.875036660636008e-8
3.9946054800802256e-8
4.1188318722724404e-8
4.262536651121716e-8
4.4252330364779296e-8
4.5997368729086954e-8
4.7903621853338034e-8
4.990991776992393e-8
5.171237904129822e-8
5.2090904091217106e-8
4.470385341456245e-8
1.0145061958732559e-8
3.6801681151956316e-6
1.1957450228353715e-6
6.207530164285413e-7
4.4823597553398233e-7
3.638830241573913e-7
3.0766225722068954e-7
2.6183169265636007e-7
2.2489551299403073e-7
2.0282045539979346e-7
1.7902951124844925e-7
1.6906691867533723e-7
1.517242728836769e-7
1.6493859842567534e-7
1.418007126124474e-7
1.3002885468838387e-7
1.313374580683558e-7
1.1765853992330513e-7
1.1071441511632427e-7
1.18133475053357e-7
1.0125980381649857e-7
8.984225159541361e-8
9.156409065667993e-8
8.444966149825311e-8
8.176859352187692e-8
8.684461348559965e-8
7.953966464224663e-8
7.384259158913039e-8
7.440401708377113e-8
7.347668003559391e-8
8.173701476811023e-8
7.577901487573968e-8
7.029582134785926e-8
6.824733742465926e-8
6.234135680899113e-8
6.168643573901711e-8