3.2966127739667195e-11
3.6327443507547075e-10
6.969702377156623e-10
1.0369163519298984e-9
1.3862729159544774e-9
1.7475629193811846e-9
2.125752115687504e-9
2.522308883789785e-9
2.9408344215749617e-9
3.3809170256021455e-9
3.859909644565322e-9
4.36301923386697e-9
4.912110697291997e-9
5.494224879337339e-9
6.1142160248400175e-9
6.7917647723884986e-9
7.534855833821153e-9
8.308193829956203e-9
9.145776478129577e-9
1.006611034823493e-8
1.1046491041270077e-8
1.2102414200291185e-8
1.3214122612435909e-8
1.4419067080096213e-8
1.569377109217408e-8
1.7052529095615444e-8
1.850549582346299e-8
2.001158003679842e-8
2.1646876185052137e-8
2.3333311792554625e-8
2.5086146612304468e-8
2.693137343567502e-8
2.8835947302254824e-8
3.075548474642345e-8
3.286689232315163e-8
3.5004440345998766e-8
3.716019456806168e-8
3.933017578736447e-8
4.160551575339504e-8
4.3852868774151685e-8
4.616672377251362e-8
4.84265458675559e-8
5.0708509858396384e-8
5.299841205702494e-8
5.52635720924082e-8
5.750793362172097e-8
5.9722912768712e-8
6.2046788205332e-8
6.401798713224587e-8
6.61041148719889e-8
6.813429594828053e-8
7.014457531720283e-8
7.208982335759208e-8
7.405071610165147e-8
7.566977949657069e-8
7.737724291227841e-8
7.90703702200819e-8
8.062255744800711e-8
8.217403756089986e-8
8.365603043029849e-8
8.504745464081386e-8
8.639513720397961e-8
8.7656970952819e-8
8.886766464412661e-8
8.992900496899541e-8
9.114936305952741e-8
9.185353474146691e-8
9.3209755909169e-8
9.420220375402147e-8
9.514827193019009e-8
9.603253873685994e-8
9.691254889220219e-8
9.775998848026178e-8
9.858515677902478e-8
9.938507063428002e-8
1.0019143652018377e-7
1.0101527567843228e-7
1.0178526304215186e-7
1.0255395015520984e-7
1.033723909815e-7
1.0416761159357032e-7
1.0499133346160893e-7
1.0583227104856675e-7
1.0670235162820584e-7
1.0758628800062847e-7
1.0851247188049702e-7
1.0944361203587636e-7
1.1039939085104405e-7
1.113436026621366e-7
1.1224079769533112e-7
1.13006792723365e-7
1.134914849958577e-7
1.1339180336079298e-7
1.1207908196720679e-7
1.0822740798382494e-7
9.808157731665975e-8
6.948824189891007e-8
5.252741963843667e-9
2.2318573726290356e-6
3.2580553454664457e-6
1.82132261499352e-6
1.1811378479688231e-6
8.512698684025909e-7
6.83369227475768e-7
5.812257985643562e-7
4.5222676462952477e-7
4.249000204045164e-7
3.150271311050145e-7
3.3459422209702857e-7
2.89428496989885e-7
2.895957422517431e-7
2.645492863124116e-7
2.2289205118745343e-7
2.364313083789164e-7
2.3176133044889907e-7
2.2030338706801038e-7
1.9566865778259145e-7
1.6390929450123301e-7
1.662900333168927e-7
1.6813801369103366e-7
1.7463899096693448e-7
1.5864693888319547e-7
1.6370343103514252e-7
1.3333403457093127e-7
1.2476462723464672e-7
1.372311722175826e-7
1.207200530401983e-7
1.012841088789356e-7
1.1192893877282575e-7
1.1821645852968913e-7
9.725469242847358e-8
1.0566485620551547e-7
9.642758961956558e-8
8.448800178794971e-8
1.0087170007579815e-7
1.0238867372633083e-7
9.499575119361364e-8
9.088701758502417e-8
9.158486409102901e-8
9.188001667190209e-8
8.982140721179871e-8
8.939607473981268e-8
8.173975632479164e-8
8.282473918860287e-8
7.826991829029384e-8
7.923956977335447e-8
7.57304591073986e-8
7.405285846138987e-8
7.048928325384863e-8
7.261631767899718e-8
7.258367105070222e-8
6.909640183720297e-8
7.012265803919043e-8
6.91630450268379e-8
6.873029170489308e-8
7.038957276681058e-8
6.570407324309998e-8
6.443891962496879e-8
6.454019316285469e-8
6.225760159192836e-8
6.07310852388642e-8
6.068821930658035e-8
5.9460663319079906e-8
5.8952930482334616e-8
5.866569764096878e-8
5.753690371761837e-8
5.67009282038627e-8
5.613320753183076e-8
5.565936007562312e-8
5.5082544064604935e-8
5.4162713167212494e-8
5.3744799698679284e-8
5.32533086811009e-8
5.240988801584908e-8
5.183904062088924e-8
5.0643356793319306e-8
5.056092928130553e-8
4.9622192286332573e-8
4.9322866643707765e-8
4.866593510119831e-8
4.801943345225306e-8
4.7626542112641816e-8
4.719790346375998e-8
4.66419172397695e-8
4.597234237720093e-8
4.562546373131047e-8
4.513423021291778e-8
4.462421245420521e-8
4.4057279891466994e-8
4.359901431683364e-8
4.314940900048553e-8
4.265703985866279e-8
4.214101914235818e-8
4.1729626225546805e-8
4.126193723022788e-8
4.084399149145245e-8
4.041022815365873e-8
3.9939844825253694e-8
3.9512106376390344e-8
3.910257474540129e-8
3.868834092538103e-8