4.854267808063652e-10
5.340304905907534e-9
1.0210358257249696e-8
1.5095975633671142e-8
2.004362818618059e-8
2.494834537475629e-8
2.991014094295869e-8
3.489812666605131e-8
3.9983893017219874e-8
4.5183917041939506e-8
5.01480646602814e-8
5.5415241124821195e-8
6.049916837533539e-8
6.559164484125865e-8
7.08549450362495e-8
7.642035972363846e-8
8.075469930293409e-8
8.6187052227762e-8
9.117905886993821e-8
9.612624845190732e-8
1.007861632531635e-7
1.0562738206334387e-7
1.0921853714424691e-7
1.1483524041040183e-7
1.1843864452255363e-7
1.2279047351236904e-7
1.2683034405346475e-7
1.304671606751824e-7
1.3399902974464168e-7
1.3727734533581958e-7
1.4038040024732297e-7
1.4320095231731855e-7
1.457707881994206e-7
1.4838473738841216e-7
1.507778944024653e-7
1.5247173683163925e-7
1.5467926024298341e-7
1.5648315441023806e-7
1.580218581635635e-7
1.5949000379512745e-7
1.6058162472697141e-7
1.6186175014609422e-7
1.6284414560876342e-7
1.636442170078408e-7
1.6439869810104087e-7
1.651174996943776e-7
1.6560787080450225e-7
1.6611637237224957e-7
1.6648523278059215e-7
1.6678151580134707e-7
1.6702726006283406e-7
1.672049493906803e-7
1.6733797619257183e-7
1.6740965788968054e-7
1.6747540817321494e-7
1.6751395920504877e-7
1.674638699715878e-7
1.674737274431659e-7
1.674182845430731e-7
1.673618267460146e-7
1.6728307352098323e-7
1.6721405491101968e-7
1.670908043317851e-7
1.6695366550614451e-7
1.667836984488851e-7
1.6653464347519255e-7
1.6612601648712427e-7
1.6560269241793503e-7
1.647879911249236e-7
1.6348084800016023e-7
1.61432248334497e-7
1.5809369341706363e-7
1.5243429059017473e-7
1.4243507991128073e-7
1.2317568720034001e-7
8.078608219972744e-8
3.9798250374512155e-9
1.2332421140786478e-6
3.4088470678588055e-6
2.7450427327341476e-6
1.8151293165351364e-6
1.3104769142368538e-6
9.95222827736284e-7
7.91203122144367e-7
6.911846251473323e-7
5.866210275282166e-7
6.223326501275582e-7
4.285735731876339e-7
3.9957097488017725e-7
3.5975737620706975e-7
3.2190800092543463e-7
3.437655553172381e-7
2.8963112577490554e-7
3.033882893418515e-7
2.962870413202145e-7
2.4668782359051763e-7
2.5310818759136183e-7
1.461883950528102e-7
2.265352368287437e-7
2.1257407726988568e-7
1.8485845520358573e-7
1.8636598893707726e-7
1.6177593888251608e-7
1.8006662702945633e-7
1.5945745068790467e-7
1.5965417817759432e-7
1.5858001308992478e-7
1.5268729994802256e-7
1.559388273450209e-7
1.3382678328855848e-7
1.291060407859362e-7
1.1665616541181263e-7
1.2752218747980897e-7
1.4122763268070137e-7
1.2181777313882524e-7
1.1104741324907613e-7
1.3151024844994985e-7
1.0449974138795907e-7
1.1040533841821092e-7
1.048695572085534e-7
1.0091012472472535e-7
9.903310202559576e-8
1.005868169144922e-7
1.0436178925084236e-7
9.174971176578974e-8
9.173120346952395e-8
7.23354564287451e-8
8.477790158468238e-8
8.753634692335625e-8
8.494725197106029e-8
8.613368866320415e-8
8.250128317822212e-8
8.158528436572893e-8
8.09424782016006e-8
8.034407218505403e-8
7.853192290915084e-8
7.867863387842058e-8
7.948789505746207e-8
7.700940013783609e-8
7.347516219801405e-8
7.188582735495259e-8
7.193878096256075e-8
6.972849572836935e-8
6.868273089035506e-8
6.774561646197038e-8
6.741877578282651e-8
6.808410369634815e-8
6.56876737915144e-8
6.686284856609229e-8
6.361151170799035e-8
6.28981335631689e-8
6.270740363708884e-8
6.230952371675302e-8
6.168239284381917e-8
6.111080487809077e-8
6.04757158430235e-8
5.972791753388003e-8
5.886824731328657e-8
5.8386484943880596e-8
5.762526280678727e-8
5.6986299459462836e-8
5.611249115133329e-8
5.563033494222277e-8
5.48511748237292e-8
5.4069671147953725e-8
5.3525718891885646e-8
5.297589975132091e-8
5.226157283173708e-8
5.169812916695488e-8
5.115158513436322e-8
5.053826723545275e-8
5.00675211645475e-8
4.9406725721780804e-8
4.876437523572169e-8
4.8300101425897237e-8
4.767844574377618e-8
4.72020492046731e-8
4.670874658297016e-8
4.612291833446139e-8
4.5608400540392696e-8
4.510022570559195e-8
4.4616844900993014e-8
4.4106723306846414e-8
4.361020367308212e-8
4.3125479584355e-8
4.265262163723984e-8
4.218784947390552e-8
4.1721470258198503e-8
4.1274417449417914e-8
4.081652666262553e-8
4.036974187413467e-8
3.993089788934262e-8
3.949784139164356e-8
3.9074238113793205e-8
3.8652792190029124e-8
3.823532577123012e-8
3.7830490361028814e-8
3.742486728020735e-8
3.7030552453779934e-8
3.6636463854763e-8
3.62496561973988e-8