3.4147622999382884e-9
3.7428429306329826e-8
7.077132499275131e-8
1.0323882394715769e-7
1.3390082069875738e-7
1.6261766848299954e-7
1.888783497434259e-7
2.130390304306054e-7
2.3445784394840342e-7
2.531935616593568e-7
2.698540131226423e-7
2.8366336698398337e-7
2.9509947702111743e-7
3.053051405129589e-7
3.1338934455107236e-7
3.1913927761927956e-7
3.232529219992997e-7
3.2720414858012924e-7
3.293209150625737e-7
3.3082232408242505e-7
3.3139353730402635e-7
3.3129785480216604e-7
3.3029513040703014e-7
3.290011202925673e-7
3.273263324893246e-7
3.249187510616352e-7
3.2277853077671756e-7
3.200411541248034e-7
3.1653254526564474e-7
3.144003115189243e-7
3.1133644748754254e-7
3.0818434082910186e-7
3.0510369974035367e-7
3.019272441862908e-7
2.986785886515123e-7
2.954719285832691e-7
2.921780048503962e-7
2.8903360598275737e-7
2.8581420842415176e-7
2.826617538723836e-7
2.794298131655054e-7
2.762788182616445e-7
2.730943750663222e-7
2.6988577563954716e-7
2.6664264077811735e-7
2.633161935525674e-7
2.598384224410772e-7
2.561635614067978e-7
2.5219444990633365e-7
2.4777985194011636e-7
2.4271518853497426e-7
2.3667240277619534e-7
2.2911381064053338e-7
2.1922419654333948e-7
2.0554746101082263e-7
1.851998582585371e-7
1.5239831764729434e-7
9.259786251070938e-8
2.958958190636736e-9
6.573180607852697e-7
2.2666839348353733e-6
3.218063406915444e-6
2.6982656466398476e-6
2.0166805980165936e-6
1.5358475580882893e-6
1.2103340699308167e-6
1.0024292834591367e-6
8.406218399796356e-7
7.256962207134604e-7
6.421442873233333e-7
5.659580056348036e-7
5.119696017780739e-7
4.707649569044305e-7
4.467840750554871e-7
4.125037457612393e-7
3.752320747516979e-7
3.357438570207903e-7
3.277652588341533e-7
3.04459822011368e-7
2.94491878172208e-7
2.6902920279462054e-7
2.558925226645051e-7
2.4228132982589246e-7
2.339920271098844e-7
2.201362747590044e-7
2.192038522618538e-7
2.2012798911366124e-7
1.9463036547015952e-7
1.9146731874014763e-7
1.7024806080598873e-7
1.7773049725784352e-7
1.832381218543091e-7
1.6031202293822903e-7
1.5147424693613503e-7
1.4689660100515637e-7
1.460297633177589e-7
1.5361924681965696e-7
1.3166881520951006e-7
1.3525864698740366e-7
1.2921624391530742e-7
1.3409433876844358e-7
1.2806883499542615e-7
1.477102109556128e-7
1.320363138995337e-7
1.2360606505251662e-7
1.2499717521940606e-7
1.2706956500953565e-7
1.0382686688284562e-7
1.0810930454073983e-7
1.1400832635499537e-7
1.1142872658412674e-7
1.0391416033315886e-7
1.0029787224577389e-7
1.1556051816236561e-7
9.25807652532603e-8
9.660062871955288e-8
9.602551032065542e-8
9.108152660564257e-8
8.757884628646645e-8
8.992791785809319e-8
8.94262031483397e-8
8.939092001514758e-8
8.844441456520272e-8
8.542900744967678e-8
8.540233518191393e-8
8.455070947024386e-8
8.524000346486403e-8
8.16153811420451e-8
8.152459428599363e-8
8.18178025783393e-8
7.701897417836441e-8
7.684422027579704e-8
7.778861495096876e-8
7.42289717976193e-8
7.514732654124302e-8
7.31843527619084e-8
7.243387984561403e-8
7.103779893393616e-8
7.045531231684751e-8
6.969234369794031e-8
6.898759436112502e-8
6.81124840424877e-8
6.70565186958737e-8
6.622715349035943e-8
6.578868704171303e-8
6.463120692317284e-8
6.395505898661821e-8
6.390624315713837e-8
6.256051919441275e-8
6.172651434705516e-8
6.09959751855774e-8
6.027453005645532e-8
5.9483082140067556e-8
5.8727080904387976e-8
5.812794379239087e-8
5.738711578798011e-8
5.658684319572018e-8
5.604280625456447e-8
5.541227078309536e-8
5.475510048987106e-8
5.4052849262023914e-8
5.3462090958319446e-8
5.279233416378991e-8
5.222313371748975e-8
5.1563942392613316e-8
5.0975138472767915e-8
5.038528674975286e-8
4.9797086743496186e-8
4.922632914355152e-8
4.865480235992573e-8
4.809205233695127e-8
4.754513806878158e-8
4.6986109994039935e-8
4.643818254115459e-8
4.591417095436812e-8
4.5384842188449096e-8
4.48653186723759e-8
4.435806469388059e-8
4.385318992597e-8
4.335759128839006e-8
4.287344082615939e-8
4.2385592018484035e-8
4.1910437335827957e-8
4.144306087320592e-8
4.09770354334899e-8
4.0521789984286814e-8
4.007267758062409e-8
3.9630768550748344e-8
3.919417783557862e-8
3.876407615017593e-8
3.8340072159487557e-8
3.791925478526856e-8
3.750944935199298e-8
3.7099893990675974e-8
3.669836517875813e-8
3.630278351107289e-8
3.591254273809263e-8
3.5527152584417774e-8
3.514591468510409e-8
3.477158976815829e-8
3.4402363869532795e-8