2.9939797819102546e-14
3.296742696311273e-13
6.310889091973609e-13
9.35729053980036e-13
1.2451577415710215e-12
1.5610273574824138e-12
1.884990004960136e-12
2.218835175269053e-12
2.564415168941988e-12
2.923717208936438e-12
3.29877262416467e-12
3.691905346746788e-12
4.105535036201301e-12
4.542469575422727e-12
5.0050640458061285e-12
5.497097892379604e-12
6.021697182567586e-12
6.5826454008600305e-12
7.183756245716049e-12
7.829571529732607e-12
8.524353553919231e-12
9.276274163460945e-12
1.0088626156602909e-11
1.096833847794264e-11
1.1922355552825664e-11
1.2959926251205676e-11
1.4088471182953355e-11
1.5322661661310924e-11
1.665854319110836e-11
1.8126549069146513e-11
1.972762593314623e-11
2.1480424096355587e-11
2.339918599633127e-11
2.550100329989733e-11
2.7812983702631125e-11
3.0331896666422277e-11
3.311577369508756e-11
3.616539697557013e-11
3.9524306072054004e-11
4.3223079814063564e-11
4.72626567933571e-11
5.173493745109143e-11
5.666525678607896e-11
6.207452259802e-11
6.80147303598251e-11
7.45486549291858e-11
8.178292443997084e-11
8.975035733805828e-11
9.850474146385188e-11
1.0816545184753881e-10
1.1881988994510704e-10
1.3056760017886577e-10
1.43490478433723e-10
1.5776874069607953e-10
1.7345452389939954e-10
1.908110732087807e-10
2.0990649386403788e-10
2.3090654797903147e-10
2.5412813727519615e-10
2.7963684551252e-10
3.0780462774398364e-10
3.387030222797984e-10
3.7288386713673823e-10
4.103290547609263e-10
4.5174202413425107e-10
4.970563998997003e-10
5.470887069712096e-10
6.018968549231434e-10
6.619155510282782e-10
7.284977763596107e-10
8.007941637621484e-10
8.804009301324016e-10
9.672211031366594e-10
1.0621437078059588e-9
1.1661838535507313e-9
1.2801990605205102e-9
1.4041243275017125e-9
1.5383628632896483e-9
1.6850193979781802e-9
1.844288854139765e-9
2.01773621287884e-9
2.203936589684641e-9
2.4057182455458492e-9
2.6226192055584915e-9
2.857589977245635e-9
3.1083592508689404e-9
3.3780586267680107e-9
3.6634832276216514e-9
3.971003528608752e-9
4.296345231421715e-9
4.641226263938066e-9
5.0031591412556906e-9
5.388617814895146e-9
5.795195501467929e-9
6.215682560674019e-9
6.657725593993513e-9
7.116932556924321e-9
7.595452866598867e-9
8.08947491792675e-9
8.600146893906413e-9
9.122946950901257e-9
9.664487708193427e-9
1.0219030104300631e-8
1.0780399516393465e-8
1.1358310323769825e-8
1.1942369889646184e-8
1.2536136194192277e-8
1.3135303418544384e-8
1.3746821960681346e-8
1.4334476178889466e-8
1.4966501415179576e-8
1.5572579695670143e-8
1.6186655370529726e-8
1.6805218996753784e-8
1.7422989302744454e-8
1.803974521708251e-8
1.8663041347373886e-8
1.927106392041678e-8
1.9892541246198336e-8
2.0504678924064953e-8
2.1130179783741913e-8
2.171425456519031e-8
2.231802259584864e-8
2.2920680581046766e-8
2.3510254487667988e-8
2.4110272436501568e-8
2.469736575346498e-8
2.529298138650127e-8
2.588168860207292e-8
2.6474738500614084e-8
2.7071727808128163e-8
2.7671577526938848e-8
2.8261203388011962e-8
2.8879985895505628e-8
2.9484192687168865e-8
3.010566330976019e-8
3.073431521405774e-8
3.137530553045681e-8
3.2032799849107144e-8
3.270570212437528e-8
3.3393942313155653e-8
3.411393594704336e-8
3.485601700950043e-8
3.5631538286912045e-8
3.6446746940429156e-8
3.730266375577203e-8
3.8207092429025624e-8
3.9178934978783934e-8
4.022356877883576e-8
4.132978428480782e-8
4.255493754004242e-8
4.387746250967875e-8
4.533469140881083e-8
4.694201539000958e-8
4.870420355063486e-8
5.060869976957947e-8
5.257508977077189e-8
5.425548355167113e-8
5.432106347663748e-8
4.60750030799085e-8
9.738566336210605e-9
3.827831260108868e-6
1.277573158538097e-6
7.302926375436123e-7
5.016451998886529e-7
3.8469079398798135e-7
3.2306520364537003e-7
2.578779746404553e-7
2.3804344637097959e-7
2.0804535107839977e-7
2.039025730370485e-7
1.6922692470223854e-7
1.6783379005032405e-7
1.4686489470658832e-7
1.4235839533563147e-7
1.22100763174481e-7
1.258311806555125e-7
1.330660400302453e-7
1.1435153942891892e-7
1.3165652849965217e-7
1.0586574490748286e-7
9.786329187820897e-8
9.356141932400746e-8
9.857118540444611e-8
8.690691212705596e-8
8.697353569745852e-8
7.83199013916093e-8
7.893817386421148e-8
7.796239371847626e-8
8.001479260730096e-8
8.042686390728152e-8
7.134081853141017e-8
6.762451908017964e-8
7.244823570889517e-8
6.405166510595354e-8
6.366287936790532e-8
6.58157492369953e-8
6.095474552659854e-8
6.26072500827955e-8
6.094635066103214e-8
6.078474765774919e-8