2.2812240185917213e-10
2.5120551578074375e-9
4.808693090919149e-9
7.132878629974135e-9
9.497383270279174e-9
1.1893693756028285e-8
1.4357347548546324e-8
1.6980285452834946e-8
1.950642645717402e-8
2.2203889707948972e-8
2.4984880822455853e-8
2.7913330357845585e-8
3.093419267438283e-8
3.3772716262719626e-8
3.7066551239264265e-8
4.035633487949264e-8
4.369866397000597e-8
4.7132984901778e-8
5.0613567584509707e-8
5.4169624275599514e-8
5.781861171270497e-8
6.15811449335836e-8
6.52324566852452e-8
6.899974031309374e-8
7.27539560830452e-8
7.644690377891459e-8
8.011787779475918e-8
8.3721369374622e-8
8.743162331020444e-8
9.085924999488472e-8
9.423589298806822e-8
9.757806666298099e-8
1.0089330661446613e-7
1.0392759236234184e-7
1.0697602030439915e-7
1.0977843221438823e-7
1.1251280746164314e-7
1.15102411230885e-7
1.1759040406241052e-7
1.1987949101851764e-7
1.2193298214396098e-7
1.2414382991645388e-7
1.260131227162295e-7
1.278620542260561e-7
1.2942718551818487e-7
1.3092751442605196e-7
1.3231643180055255e-7
1.336414929408385e-7
1.347222156905864e-7
1.3585005535839944e-7
1.3689944177055206e-7
1.3777089232327778e-7
1.3857842779671686e-7
1.3934159576701773e-7
1.4001519451521842e-7
1.4064950503366038e-7
1.4122027975375905e-7
1.4174536711773902e-7
1.422097580598246e-7
1.4264863939540166e-7
1.4307134663796625e-7
1.4343919974031058e-7
1.438229020117131e-7
1.4415684839519277e-7
1.445230600909768e-7
1.448355668477195e-7
1.4516514736068235e-7
1.4548903356448046e-7
1.4581167366271324e-7
1.4611488947458415e-7
1.464148235480844e-7
1.466660094523121e-7
1.4684938376086207e-7
1.469197170100344e-7
1.467934962277927e-7
1.4632301205871148e-7
1.4525374394542443e-7
1.4315635220493276e-7
1.3909674262511482e-7
1.312992091842808e-7
1.1518816541395138e-7
7.731905999993993e-8
4.3339673862509385e-9
1.481982012565319e-6
3.532576838956965e-6
2.490594993921746e-6
1.5926171917778467e-6
1.4358320050211439e-6
8.641031978223924e-7
7.126006729973341e-7
5.27228266803025e-7
5.14413592699951e-7
4.4935647497753083e-7
4.018119990845298e-7
3.457295692920812e-7
3.5213989567830813e-7
3.3443213982020126e-7
3.131583637328713e-7
3.203422882843277e-7
2.670333422610352e-7
2.1892023034258416e-7
2.2874943636355943e-7
2.1309645829796953e-7
2.0301623059112675e-7
1.810487992930822e-7
1.4833785813863441e-7
1.597356252552572e-7
1.6285084507574928e-7
1.8972047898584364e-7
1.6228440664913835e-7
1.3604802570817856e-7
1.5068766105737552e-7
1.3943608510360393e-7
1.231811189000099e-7
1.3386255384082873e-7
1.4640293858654232e-7
1.3495615119966687e-7
1.2043769162547292e-7
1.7304443460906805e-7
1.1594757478186987e-7
1.1157933723592655e-7
1.0256430932694265e-7
1.0847517821960589e-7
1.0253853991046903e-7
9.910244230596827e-8
1.0900529096217449e-7
9.227081870641127e-8
9.826318942187787e-8
9.586853243779137e-8
9.212088298375611e-8
8.95208394967555e-8
8.924216959294423e-8
8.823277507084767e-8
8.516988899559401e-8
7.661123220814857e-8
8.486683572442973e-8
7.962902701257486e-8
7.805108438568853e-8
7.525392553123607e-8
7.356621884625603e-8
7.278210416056121e-8
7.485100926899461e-8
7.465246436137758e-8
7.18920013623714e-8
7.084291191061185e-8
7.119031211553811e-8
6.919118439153334e-8
6.75019092785559e-8
6.733200469177747e-8
6.560473392717167e-8
6.521349769899841e-8
6.396511832298774e-8
6.456254475050439e-8
6.405619723537329e-8
6.180717267153243e-8
6.156691569044894e-8
6.141833532575014e-8
5.933400900038136e-8
5.988641542585625e-8
5.827202308734694e-8
5.6859824430211784e-8
5.6680534999821624e-8
5.62718555680288e-8
5.592956043667921e-8
5.533293991701633e-8
5.4555034652551885e-8
5.350468451642101e-8
5.321341955036157e-8
5.281430715347603e-8
5.2293654244047206e-8
5.157663787979582e-8
5.0753783809512934e-8
5.03010024580843e-8
4.976742306953813e-8
4.909175432352901e-8
4.859003080588963e-8
4.8123116350554774e-8
4.7494445250815675e-8
4.6965774078812617e-8
4.6445837907116404e-8
4.592603832020497e-8
4.537876056758841e-8
4.492430019155114e-8
4.442178701682648e-8
4.393458377183771e-8
4.3464398523309355e-8
4.2963961544404636e-8
4.247977548736527e-8
4.200831483213036e-8
4.155600180618792e-8
4.111454555159167e-8
4.06626002120951e-8
4.021710311364249e-8
3.9783766704676155e-8
3.935622063167342e-8
3.8937831564212514e-8
3.851958634423479e-8
3.810835515843004e-8
3.7703778401398405e-8
3.729850379037014e-8
3.690849182072701e-8