1.0955009850414172e-13
1.2067344499965822e-12
2.3136925554947906e-12
3.439298169365057e-12
4.592607702746327e-12
5.783180466560145e-12
7.0223214816455815e-12
8.317980715045618e-12
9.679484585560828e-12
1.1121038526442539e-11
1.2658468477350109e-11
1.4297226479468893e-11
1.605739372632427e-11
1.794581576160744e-11
1.9994517233661566e-11
2.2206584776080085e-11
2.460601165432286e-11
2.721148682242015e-11
3.007807680617492e-11
3.317906262140255e-11
3.658486192851444e-11
4.030017502257593e-11
4.4386960140257104e-11
4.884906262731522e-11
5.378368170909107e-11
5.917015689495863e-11
6.510658150864224e-11
7.161851075478038e-11
7.878612192669469e-11
8.667878640668133e-11
9.537350040070412e-11
1.0491573630021334e-10
1.154839175846125e-10
1.271245366461595e-10
1.398375810954421e-10
1.5400953588599958e-10
1.6956938687878953e-10
1.866872263077011e-10
2.0558051184263187e-10
2.264235990625746e-10
2.4936299936018275e-10
2.7468155394821563e-10
3.025385602771355e-10
3.3337014004812186e-10
3.6721566106004364e-10
4.0447981967728945e-10
4.4564653046695747e-10
4.909499352408986e-10
5.407253826402985e-10
5.955142303090882e-10
6.560650073033753e-10
7.220713607681175e-10
7.953964073913585e-10
8.74873031277209e-10
9.633124257444735e-10
1.060051483900183e-9
1.1653141792876858e-9
1.2816460795966652e-9
1.407950236467673e-9
1.5459183331781669e-9
1.6984436675098668e-9
1.8627457633570837e-9
2.0436281695861436e-9
2.238863071874034e-9
2.4514539352152098e-9
2.6817849181980427e-9
2.9311166822234278e-9
3.2000639020740725e-9
3.4914893242977775e-9
3.798883013804254e-9
4.138835943156233e-9
4.497789829911617e-9
4.882029680562579e-9
5.288461833130908e-9
5.725252322547715e-9
6.190167419953728e-9
6.670384043290578e-9
7.1889792431923605e-9
7.723028315710633e-9
8.289634496683283e-9
8.874285917438028e-9
9.485472650437027e-9
1.0124060854406312e-8
1.0778518396234534e-8
1.1459430395347346e-8
1.215264029988315e-8
1.285949317819961e-8
1.3597617693781095e-8
1.4336629283421686e-8
1.509446381916561e-8
1.585890498382799e-8
1.6631656256700772e-8
1.7413695217999548e-8
1.8201044352059824e-8
1.8998561389462747e-8
1.9762888344377928e-8
2.0580541595564e-8
2.137158497121043e-8
2.216000523603255e-8
2.2918449968931568e-8
2.3730723908647173e-8
2.4513685902338874e-8
2.5289236222991027e-8
2.6054369796013378e-8
2.680715031090819e-8
2.7568992682365296e-8
2.8309979663918142e-8
2.905113362213071e-8
2.9783107255697446e-8
3.0510877404820383e-8
3.1226791073509134e-8
3.1943699605560025e-8
3.2651074778452736e-8
3.3359013720438866e-8
3.4058578311864374e-8
3.4755713972657894e-8
3.5454665435877826e-8
3.615163750343055e-8
3.684477509465486e-8
3.755128723909177e-8
3.825763137509172e-8
3.89859556075061e-8
3.970412923222838e-8
4.0439017366020464e-8
4.1193826968500055e-8
4.196832217394361e-8
4.276440952136923e-8
4.3588152645551e-8
4.4440799738599025e-8
4.5332996305441535e-8
4.627411593354218e-8
4.7260461424122485e-8
4.830937567560582e-8
4.9431799558670375e-8
5.062905943848291e-8
5.192302951486126e-8
5.332259105125992e-8
5.4847749869517475e-8
5.6484371253283995e-8
5.824609148627143e-8
6.0093036500021e-8
6.184558113111039e-8
6.299767075390674e-8
6.185098528403907e-8
5.0549269056891346e-8
8.567098270433456e-9
4.086704417547433e-6
1.5778995791191905e-6
8.535949856266951e-7
5.778580914236569e-7
4.5442846432959313e-7
3.6598965011234834e-7
3.1755907171412094e-7
2.8554111833269324e-7
2.4786095987394793e-7
2.275371734156058e-7
2.0361859369738343e-7
1.8130468406226485e-7
1.7085901042247925e-7
1.630024657208371e-7
1.5720078198524313e-7
1.393763189394009e-7
1.384271632754022e-7
1.2703309199728392e-7
1.2049002041664712e-7
1.225907584827909e-7
1.0984629031688242e-7
1.050347555833291e-7
1.0551147900731377e-7
1.0142035251651321e-7
1.0352379940600108e-7
9.4270372539789e-8
9.621828905402401e-8
8.62240828861372e-8
8.165931755781491e-8
8.16436536851744e-8
7.963555296641244e-8
8.235538867952904e-8
7.705010815312437e-8
6.853172121337818e-8
7.006760403483139e-8
6.687239313443768e-8
6.70979641318264e-8
6.304088204158734e-8
6.319985275537716e-8
6.523173041950152e-8
6.483629253479434e-8
6.023957965123287e-8
6.022410655568237e-8
5.637777504410302e-8
5.668911826829637e-8
5.8363613368386055e-8
5.594058806842719e-8
5.4707354624595724e-8
5.4249739787690877e-8
5.421397392948648e-8
5.0985900931152476e-8
5.2591238476863794e-8
5.293260913479913e-8
5.0152687330499136e-8
4.6108538992009655e-8