1.386066181852149e-14
1.5253544216146948e-13
2.915516890370841e-13
4.312231149605456e-13
5.718723678015802e-13
7.138213552229642e-13
8.574180726461989e-13
1.0030194115043271e-12
1.1509974234920188e-12
1.3017506977072082e-12
1.4558573647717252e-12
1.613480757918485e-12
1.7750859598195216e-12
1.9417144031770254e-12
2.113213991763005e-12
2.29101993453221e-12
2.475161574649543e-12
2.666580439561503e-12
2.8660710898548095e-12
3.0745726616355735e-12
3.293108624898314e-12
3.5225860397239797e-12
3.7643691229284654e-12
4.019784572335268e-12
4.289830607715472e-12
4.576566479622562e-12
4.881469194080114e-12
5.206625333788644e-12
5.553858923927377e-12
5.9255783638230315e-12
6.324594206544643e-12
6.753399525992278e-12
7.215432726469378e-12
7.713694269559157e-12
8.252212115328086e-12
8.835203145359026e-12
9.46729787274728e-12
1.0152868620111187e-11
1.0899250723286832e-11
1.1711287026924683e-11
1.2595145471747211e-11
1.3560313034902103e-11
1.4612135381025388e-11
1.57643877824528e-11
1.7018319325762904e-11
1.8400815003909114e-11
1.990860561909037e-11
2.1563976573553565e-11
2.3375560207523977e-11
2.5366151364692248e-11
2.7551443651587243e-11
2.9955955764330186e-11
3.259722382453313e-11
3.549857942377664e-11
3.8691626438820555e-11
4.2200819079422504e-11
4.6072019403107735e-11
5.031502560311693e-11
5.5002576101440065e-11
6.015483848198886e-11
6.582953647614656e-11
7.208862371614717e-11
7.898975792903524e-11
8.660923449273577e-11
9.496523394398178e-11
1.0419610105213326e-10
1.1433413299090256e-10
1.2554924973340402e-10
1.3788279546324879e-10
1.5148016743078527e-10
1.664778269579087e-10
1.8300195884559977e-10
2.0120743456409236e-10
2.2128163762774594e-10
2.4328616994313893e-10
2.67577476087907e-10
2.9434649910673933e-10
3.2366389592427345e-10
3.5606747977129463e-10
3.917952380384765e-10
4.308466637807634e-10
4.732412414195102e-10
5.210041151649448e-10
5.726284139954987e-10
6.296948774504158e-10
6.917774109573445e-10
7.598724709730256e-10
8.341032604487246e-10
9.155806825851464e-10
1.0044678531427186e-9
1.1011050071725511e-9
1.2069691225097872e-9
1.3213401560552406e-9
1.4456494390328828e-9
1.5804737143088686e-9
1.726606466285041e-9
1.883866762794393e-9
2.0533813234348215e-9
2.2363888165303724e-9
2.432863511790369e-9
2.64323378368326e-9
2.8674011649862857e-9
3.105848296552845e-9
3.360224469953933e-9
3.6283133890324115e-9
3.915191060207655e-9
4.2146033494639565e-9
4.5303270205255934e-9
4.86285431594455e-9
5.208170036519677e-9
5.569489074304923e-9
5.942577912978632e-9
6.3307805670269844e-9
6.731950668051704e-9
7.1462582873217394e-9
7.57308342701953e-9
8.005513623351654e-9
8.455117911792771e-9
8.907417679448746e-9
9.372970055292207e-9
9.843070353994706e-9
1.0319052075077066e-8
1.0801014084910316e-8
1.1290543413379646e-8
1.1780986741100425e-8
1.2276098198673092e-8
1.277318008763361e-8
1.3270994506171292e-8
1.3773829908678096e-8
1.4282729675256313e-8
1.4777543484827364e-8
1.5278610672228494e-8
1.5785645704367058e-8
1.6313235054511507e-8
1.6792689788621228e-8
1.7295742334746288e-8
1.77975413937151e-8
1.8300689045872465e-8
1.880358097427706e-8
1.9281684402356097e-8
1.9810685673398532e-8
2.0313395896929502e-8
2.0823447292848804e-8
2.13315895877649e-8
2.184673192991726e-8
2.2359241117890147e-8
2.2880616251736473e-8
2.3409611587226463e-8
2.3943738539802492e-8
2.4490470158133577e-8
2.5044003383964432e-8
2.5612562128227237e-8
2.6194444331415675e-8
2.6794832401274284e-8
2.7415075926108064e-8
2.805413610993032e-8
2.8720863170566696e-8
2.9424517622473685e-8
3.01623529356784e-8
3.094454687757759e-8
3.177751202201636e-8
3.265996548243358e-8
3.3616617548111734e-8
3.464964443448986e-8
3.578209071714448e-8
3.528720927390071e-8
3.838733927381275e-8
3.991721355158728e-8
4.162621096784606e-8
4.352242303173416e-8
4.5565170614176866e-8
4.753229491314039e-8
4.8382481806197814e-8
4.237340974785734e-8
1.0897711226528925e-8
3.3789215964829608e-6
1.070335756943851e-6
5.907179604332875e-7
4.299596320706699e-7
3.363848677498212e-7
2.848847759505778e-7
2.5074974753289286e-7
2.0256306718221605e-7
1.8888652910020352e-7
1.7130577921768297e-7
1.5362083365902628e-7
1.413951030615387e-7
1.3130640423566421e-7
1.2999904601848732e-7
1.2262793787557413e-7
1.0617687280895749e-7
1.0822888561581324e-7
1.0260722458890574e-7
9.608760920237083e-8
9.399144423762025e-8
9.476612631129212e-8
8.341933190421496e-8
8.56453062568588e-8
7.822212249663613e-8
7.894203385651496e-8
7.786824617591307e-8