1.1163088322179274e-9
1.2269201176863722e-8
2.337595701268741e-8
3.434520669335892e-8
4.5297723510182854e-8
5.587910994660385e-8
6.64367576495416e-8
7.668543235141757e-8
8.64961738029526e-8
9.615510924431367e-8
1.054767079709654e-7
1.1371446952553229e-7
1.2262799597607642e-7
1.3082919314766256e-7
1.378433068836209e-7
1.4552323221072395e-7
1.5458379718641322e-7
1.5832190259889395e-7
1.642955810144263e-7
1.6970273960112787e-7
1.7467141036660536e-7
1.7921764363850623e-7
1.8311167806050105e-7
1.8702149509161287e-7
1.9058046133533786e-7
1.9331715156956174e-7
1.9614170421103153e-7
1.983638480191058e-7
2.00505040558922e-7
2.023637429563603e-7
2.0412914330016267e-7
2.05137723875228e-7
2.0604323527134602e-7
2.06773787635236e-7
2.0748983216097606e-7
2.0789660526312117e-7
2.0819553959964108e-7
2.0821851114898414e-7
2.082028847627215e-7
2.0812704340718493e-7
2.07913585147675e-7
2.07550375950342e-7
2.0716140312099761e-7
2.0672707799246772e-7
2.061948826894657e-7
2.0556511832370866e-7
2.0497710021247553e-7
2.0428862845748878e-7
2.0356502491790718e-7
2.0279281046354985e-7
2.0206299902908253e-7
2.0129516709181983e-7
2.005208226207414e-7
1.9967825248662054e-7
1.9884040199124036e-7
1.9595537871057727e-7
1.970139447193611e-7
1.9597622771525398e-7
1.9484532252918685e-7
1.9353259032419576e-7
1.9197797498492638e-7
1.8998584260884143e-7
1.8736120113196969e-7
1.8374580915450207e-7
1.7848006197493606e-7
1.7041049514347663e-7
1.5716921545661977e-7
1.3350325417174837e-7
8.510960111732754e-8
3.5756658254046223e-9
9.807799980589438e-7
3.075941721831532e-6
3.048809721779981e-6
2.1271228248865192e-6
1.5205204424575227e-6
1.1451706234630023e-6
9.490586154165078e-7
7.386659163955134e-7
6.554551510368072e-7
7.211615783776939e-7
5.091172730457948e-7
4.7589628422368424e-7
4.303004912915745e-7
3.8970179632346304e-7
3.452349766167435e-7
3.308226692507801e-7
3.1761407548762205e-7
2.9059879092228836e-7
2.7084397393018847e-7
2.6820589625831353e-7
2.436350004119834e-7
1.933755535757262e-7
1.9545150342926732e-7
2.0408309746817774e-7
2.1028050197385415e-7
1.748293257996991e-7
2.0632018565389995e-7
2.2292857199956577e-7
1.6747734246953152e-7
1.6345776742248072e-7
1.58624408668823e-7
1.415323059821387e-7
1.56586277198576e-7
1.450822225795883e-7
1.5190613267295043e-7
1.3050657689785404e-7
1.1867993962610464e-7
1.2553114243166207e-7
1.1955073545218007e-7
1.2210001450922232e-7
1.3098201822268807e-7
1.1862324985918132e-7
1.1629170428433577e-7
1.1278431650402764e-7
1.1117789359322834e-7
1.0800705626052092e-7
1.0978998763264429e-7
9.32303818307092e-8
9.719880787709457e-8
9.037714775113891e-8
9.42251087080703e-8
8.896956210952926e-8
9.301368318517219e-8
9.089502713369416e-8
8.836066995946422e-8
9.19007581203318e-8
8.110916246496503e-8
7.814234442329454e-8
8.400854405840419e-8
8.260867406614421e-8
8.204018327590967e-8
8.082031750032863e-8
7.861281571548918e-8
7.805654129152698e-8
7.617458852027143e-8
7.66298237602379e-8
7.553012969118302e-8
7.299721921223714e-8
7.27331066578766e-8
7.136519682085125e-8
7.143959522046377e-8
7.000327611831746e-8
6.867472448956862e-8
6.704579490647254e-8
6.693374908124777e-8
6.618922899567593e-8
6.594179203790234e-8
6.538562823961284e-8
6.381348538860145e-8
6.374353018597819e-8
6.302442647216246e-8
6.268466489916444e-8
6.113554429384794e-8
6.059959560601965e-8
5.98623534841009e-8
5.892091485980946e-8
5.884320140787572e-8
5.761331657255707e-8
5.737893670952101e-8
5.634890362895484e-8
5.5702492566280994e-8
5.4994010545657545e-8
5.4241400013705977e-8
5.369694259920682e-8
5.311523508507104e-8
5.258132953530598e-8
5.190814003443963e-8
5.1342249394217783e-8
5.0689218243063147e-8
5.006147248189624e-8
4.964937370144114e-8
4.900138238747457e-8
4.8385192817058385e-8
4.79087853737804e-8
4.733047242994847e-8
4.677574985917781e-8
4.625855451547461e-8
4.577452572097959e-8
4.519952671586711e-8
4.470370304743601e-8
4.420316326185528e-8
4.3708887804333895e-8
4.321694438903019e-8
4.274722328871617e-8
4.226251115690047e-8
4.17973900151493e-8
4.133616890164048e-8
4.088373598358889e-8
4.0429899962334615e-8
3.9986587156745164e-8
3.955250083248775e-8
3.9122608200014753e-8
3.869975957572117e-8
3.828102047249897e-8
3.786842781202776e-8
3.7460578906333424e-8
3.705938395859875e-8
3.666460262105285e-8
3.627495571104368e-8
3.5890484980688e-8
3.551044153879232e-8