7.9646492858884e-9
8.704068137378108e-8
1.6328330016814456e-7
2.3513528980685903e-7
3.001777245520307e-7
3.5783914322337995e-7
4.0674388199364005e-7
4.47829477110165e-7
4.804131062400205e-7
5.058960328359184e-7
5.251759144092124e-7
5.379397243501999e-7
5.463200248755513e-7
5.505865018959772e-7
5.519001506177679e-7
5.493472935910893e-7
5.453605377946429e-7
5.396713122708827e-7
5.320668807422599e-7
5.239040100951071e-7
5.149705207100655e-7
5.056110524950495e-7
4.958684902818908e-7
4.858102901304672e-7
4.75725847715168e-7
4.656718937092104e-7
4.555187960488287e-7
4.455547593738773e-7
4.3526445910899665e-7
4.254622827035689e-7
4.1532566498475176e-7
4.053258657309878e-7
3.951864792715823e-7
3.848418997000754e-7
3.740608386276641e-7
3.6296871948994624e-7
3.5117732497986887e-7
3.3833907424097666e-7
3.2394063017763666e-7
3.0728620536576565e-7
2.8724053986327895e-7
2.619240872187832e-7
2.2808935014771384e-7
1.7950472382393912e-7
1.0248968451944133e-7
2.2566930304003575e-9
3.695632355647468e-7
1.2800663620818793e-6
2.4272723489485283e-6
2.959645152498149e-6
2.7110648058403735e-6
2.2301991448635528e-6
1.8051404791624413e-6
1.4794744143118493e-6
1.2362080717822195e-6
1.051349478734492e-6
9.160466046277271e-7
8.109213962418958e-7
7.20165936353939e-7
6.454908575974671e-7
5.779728589164614e-7
5.333474043747289e-7
4.919356647297204e-7
4.530441363512386e-7
4.2270592131686526e-7
3.9249057025182315e-7
3.7030115789591944e-7
3.449148050651092e-7
3.2800235058691556e-7
3.094720246517111e-7
2.945994811795302e-7
2.769284440726918e-7
2.636235301080238e-7
2.521093148345816e-7
2.399411012389265e-7
2.3122343717157325e-7
2.19450190687869e-7
2.1477551651511349e-7
2.0815274435214677e-7
1.9774079939662988e-7
1.9571885660836555e-7
1.8763938737317564e-7
1.801136232131259e-7
1.664522493077751e-7
1.757163213109525e-7
1.7037209149877916e-7
1.6136063609751524e-7
1.558816204105531e-7
1.5239395726883244e-7
1.4077629337738266e-7
1.4362869135380186e-7
1.310394375206432e-7
1.3366513397320222e-7
1.4166533202554954e-7
1.2377401667648198e-7
1.229839432175081e-7
1.270524357113082e-7
1.1707579708861991e-7
1.1625049812422066e-7
1.1799352007158638e-7
1.0999850385140364e-7
1.1503238403562397e-7
1.1120691704529402e-7
1.1208358374624848e-7
1.1469710042024763e-7
1.0440294364652552e-7
1.0389209982248028e-7
1.0324082190109354e-7
9.98838678741307e-8
9.759425499558899e-8
1.026274699306808e-7
8.936294292723064e-8
9.235456436016646e-8
9.350028743337728e-8
9.529535729590085e-8
9.406681314077332e-8
9.564015462665656e-8
8.730671269871658e-8
8.729032671710116e-8
8.634727920389672e-8
8.566802363231188e-8
8.448591422822461e-8
8.175563464499307e-8
8.414278385631576e-8
8.10748918814762e-8
8.042394625976288e-8
7.919682084408326e-8
7.873058098161278e-8
7.674792459024195e-8
7.68128438432861e-8
7.669286029963665e-8
7.501691890092446e-8
7.361035440024539e-8
7.28843927554582e-8
7.228964186909399e-8
7.123743158740763e-8
7.059895979923205e-8
6.962554725111807e-8
6.873381783634773e-8
6.761310769973692e-8
6.69230831981338e-8
6.629023421079658e-8
6.52755479517874e-8
6.464764801823054e-8
6.373585497927841e-8
6.313897259610867e-8
6.21265571089035e-8
6.134193250733635e-8
6.068783839677054e-8
5.992522317893364e-8
5.9252144875109224e-8
5.8476663146753146e-8
5.778625995306017e-8
5.7061018221793694e-8
5.638002172233926e-8
5.568820339223056e-8
5.5023482492480014e-8
5.4373008539493895e-8
5.368662814459993e-8
5.304439255371462e-8
5.241974054404627e-8
5.178057973768121e-8
5.116830615696578e-8
5.055181268630669e-8
4.996371801821779e-8
4.936328587836631e-8
4.877900603219307e-8
4.820621437793972e-8
4.764173352992746e-8
4.708168006151892e-8
4.653041982435877e-8
4.598683840227123e-8
4.5451613631751915e-8
4.493358846785359e-8
4.441189138903217e-8
4.390194625608993e-8
4.338707430717397e-8
4.288840270496761e-8
4.2397737021609934e-8
4.1915985660958e-8
4.143641905012064e-8
4.0966762919095224e-8
4.0503453545661196e-8
4.004738534521838e-8
3.959766895759642e-8
3.915407918663425e-8
3.8716923623254863e-8
3.828340939576155e-8
3.785828459274766e-8
3.743916396973996e-8
3.7025977773837296e-8
3.6618491107895016e-8
3.6216703074685814e-8
3.582050517995146e-8
3.5428180768182567e-8
3.50425738335215e-8
3.4662686331895504e-8
3.428805040327268e-8
3.3918576587638826e-8
3.3554248550959294e-8
3.3195044794273026e-8