8.11794559995286e-15
8.93085320378485e-14
1.7055484933619315e-13
2.519080371554145e-13
3.3342030368394284e-13
4.151445588918127e-13
4.971363381820007e-13
5.794526898864955e-13
6.621541582661298e-13
7.452861008382952e-13
8.289685597583622e-13
9.132192939918013e-13
9.98133977639058e-13
1.0837648770544248e-12
1.1702841491066467e-12
1.2577041799561477e-12
1.3461547945199355e-12
1.4357541185832934e-12
1.5266201204516487e-12
1.6188842342838976e-12
1.7126962947764191e-12
1.8082118263270985e-12
1.9055614099083828e-12
2.0050758156996556e-12
2.1068287678369204e-12
2.2110327209921598e-12
2.318052672580637e-12
2.4281151574745765e-12
2.5415210060557e-12
2.6586035346135395e-12
2.7797641313976865e-12
2.9053649512129546e-12
3.03589014366315e-12
3.171778680305255e-12
3.3136112177152182e-12
3.4620635337869574e-12
3.6177155140523816e-12
3.781237235429481e-12
3.953507481025699e-12
4.135428751831954e-12
4.3279544307581e-12
4.532145911373943e-12
4.749061995935829e-12
4.980409202111743e-12
5.227397395883441e-12
5.491366874851271e-12
5.774640525718889e-12
6.077881768778688e-12
6.4053096043616584e-12
6.757944023368992e-12
7.1383422411568925e-12
7.549920069985398e-12
7.995598993098306e-12
8.478976800502685e-12
9.003574249608008e-12
9.574242434043956e-12
1.019544479173452e-11
1.0871287824591269e-11
1.1609627683413466e-11
1.2416300265692703e-11
1.3293264786813146e-11
1.4260031701668548e-11
1.5313672646799062e-11
1.6468464372763965e-11
1.7730537636872426e-11
1.9120458228732003e-11
2.064333467224611e-11
2.2317061754468183e-11
2.4153173675691875e-11
2.6172964484767444e-11
2.839152339785762e-11
3.083072996396497e-11
3.351977496983535e-11
3.646331828508307e-11
3.9713670433778764e-11
4.32938780874732e-11
4.723360476841041e-11
5.156586262701405e-11
5.634511319724946e-11
6.160141568749987e-11
6.740882935465266e-11
7.379672690318364e-11
8.082687654891378e-11
8.861824023411532e-11
9.712833236332603e-11
1.0655199399686104e-10
1.1691382949218101e-10
1.2837305652466766e-10
1.409442040157074e-10
1.548018936899555e-10
1.7006769641879374e-10
1.8688188289198175e-10
2.054216170108684e-10
2.2577466896558925e-10
2.48173649369844e-10
2.728325480088768e-10
2.9997567661530817e-10
3.2972234642715237e-10
3.624421854804782e-10
3.9829201166672467e-10
4.3775380821112967e-10
4.810947099690475e-10
5.282176918870308e-10
5.799194432720066e-10
6.366956232765573e-10
6.985003246264699e-10
7.660949320327462e-10
8.396403657133946e-10
9.198411995338997e-10
1.0069840203681761e-9
1.1014449360329162e-9
1.2039625180593562e-9
1.3150060504972178e-9
1.4345117347161919e-9
1.563825603967193e-9
1.7026281405901772e-9
1.8514418196063772e-9
2.0104510648748185e-9
2.1815320641598935e-9
2.3634985462218152e-9
2.556822219562365e-9
2.7619770640014367e-9
2.978280491654037e-9
3.20767624814101e-9
3.447160636714855e-9
3.6996694708874885e-9
3.96343504390454e-9
4.238384784995765e-9
4.5247991960505845e-9
4.821079530175266e-9
5.128349309089027e-9
5.445679512950811e-9
5.771774804432029e-9
6.106931533077534e-9
6.449106393435012e-9
6.801435776323035e-9
7.158798312247365e-9
7.523303495196183e-9
7.892350289380809e-9
8.26859016227898e-9
8.647620246216442e-9
9.031837541996923e-9
9.42204881063254e-9
9.810257198688339e-9
1.0204751374400163e-8
1.0586357013228971e-8
1.0998773593628165e-8
1.1397861042777089e-8
1.179909757748758e-8
1.220368964503262e-8
1.2607121973899984e-8
1.2650821045995176e-8
1.341875859527639e-8
1.3826052024935155e-8
1.4236645644310125e-8
1.4646188973696623e-8
1.5061707315906565e-8
1.54765101145805e-8
1.5895246570713767e-8
1.6316316542330808e-8
1.6742253027387272e-8
1.717145324482075e-8
1.760567152163152e-8
1.804686163957209e-8
1.849598755105973e-8
1.8952209727378185e-8
1.9416335800295804e-8
1.989256670719797e-8
2.0382708757326114e-8
2.0937288805186624e-8
2.140552899502194e-8
2.1942420512601503e-8
2.250355284575992e-8
2.3088882251591666e-8
2.3707912981683043e-8
2.436005035230195e-8
2.504831113263799e-8
2.5782351504664763e-8
2.6575037407319827e-8
2.7431710712645655e-8
2.836168945847135e-8
2.938328548689446e-8
3.0511062134413495e-8
3.1773790934730645e-8
3.3192661334742444e-8
3.480828249093631e-8
3.662963956974939e-8
3.8680962439744297e-8
4.082076349826706e-8
4.231162149877286e-8
3.84081851569231e-8
1.2395605970960737e-8
2.795105842543485e-6
8.816385589819242e-7
5.175392097279901e-7
3.8081724609955724e-7
2.949780498421552e-7
2.459442422023094e-7
2.116521635501633e-7
1.9038396215932704e-7
1.665643311921835e-7