6.71954274225143e-9
7.340781400722271e-8
1.3761490389114872e-7
1.9731134466199695e-7
2.508610905741469e-7
2.9703405285078603e-7
3.351808997285567e-7
3.6505908529822524e-7
3.8668628424314546e-7
4.00447172182523e-7
4.0684179775795797e-7
4.0627640097255357e-7
3.992844406067886e-7
3.862002239426983e-7
3.671459559463839e-7
3.4212638982778337e-7
3.107118055325966e-7
2.720583003409429e-7
2.2461956664678464e-7
1.6562176010899933e-7
8.968175745062403e-8
1.025339876607745e-9
1.2567172149255456e-9
2.568801558286721e-7
5.114078202227768e-7
8.100649850573643e-7
1.140434618437266e-6
1.4735497894572869e-6
1.7687965623747735e-6
1.980373952473805e-6
2.0941429609970475e-6
2.109149652764469e-6
2.0485640363056456e-6
1.933374594522262e-6
1.7952372118170583e-6
1.6474044997481632e-6
1.5022864967689451e-6
1.3668978312958215e-6
1.2423795964497362e-6
1.1297076993646278e-6
1.0304455901209056e-6
9.411250304605866e-7
8.612965848316607e-7
7.894086954334714e-7
7.276049910389444e-7
6.717340922569118e-7
6.223236455901903e-7
5.762625495142095e-7
5.354800071954501e-7
4.994130701356005e-7
4.6709363187441395e-7
4.373169954485887e-7
4.1043725635472926e-7
3.8593339886311335e-7
3.6368913080619486e-7
3.4325348823762197e-7
3.249339297782991e-7
3.081441866834865e-7
2.9273354635489394e-7
2.785337484498282e-7
2.65530700890748e-7
2.5350606046195107e-7
2.423976863702487e-7
2.3232089454592284e-7
2.229690821567842e-7
2.143203837406425e-7
2.0622173947047234e-7
1.9887331020290377e-7
1.9196610135326254e-7
1.8569135268778167e-7
1.798058690608519e-7
1.743242223779303e-7
1.6925586954604473e-7
1.644308964063869e-7
1.6010776240020785e-7
1.5605609875867565e-7
1.5226861553175697e-7
1.4872864807414974e-7
1.4542339225047316e-7
1.423384357744237e-7
1.3956221860061226e-7
1.3676764787603084e-7
1.342345339125305e-7
1.3184850879101463e-7
1.2961450729506538e-7
1.2751801109919897e-7
1.2559048127376033e-7
1.2360604047495503e-7
1.2208198318521946e-7
1.2046760690214307e-7
1.1857583167969989e-7
1.1683326100909981e-7
1.1571032962642851e-7
1.1390523988378832e-7
1.1293381857187547e-7
1.1188752037033785e-7
1.0988781155297286e-7
1.0931216148042312e-7
1.0766493748041226e-7
1.0647852449973777e-7
1.0501829742898169e-7
1.0415111987745792e-7
1.033826500237555e-7
1.016510451689881e-7
1.0071872693428932e-7
9.931545783158283e-8
9.821526417219365e-8
9.740402998988009e-8
9.59858834173582e-8
9.467865635871833e-8
9.386373852816106e-8
9.224959278008848e-8
9.188063464094547e-8
9.047028043150656e-8
8.962391174477962e-8
8.80256856165053e-8
8.757600783155378e-8
8.612168038938671e-8
8.521993986822606e-8
8.430444904077229e-8
8.292613279832671e-8
8.197922792572203e-8
8.107205372556552e-8
8.000525182591986e-8
7.896639489460637e-8
7.797749745035834e-8
7.699166357416768e-8
7.608753883006806e-8
7.508035193097228e-8
7.410316652121622e-8
7.317120662363369e-8
7.226971924010545e-8
7.129567864534927e-8
7.040508817366164e-8
6.951409384245287e-8
6.861120469077762e-8
6.774968932180552e-8
6.689027885994656e-8
6.603358608098503e-8
6.52299951161037e-8
6.437252909114902e-8
6.355192795888022e-8
6.275201804530687e-8
6.194837934473683e-8
6.116830718513005e-8
6.038667968377233e-8
5.962233122720625e-8
5.887392776173141e-8
5.814249258305003e-8
5.740738322149326e-8
5.6686419441780416e-8
5.5984140269670785e-8
5.5280710235475355e-8
5.459455485590387e-8
5.391934816477012e-8
5.3249308160159724e-8
5.25912547998579e-8
5.195004750073009e-8
5.130534839969567e-8
5.067534585702393e-8
5.0055183373859256e-8
4.944426251745856e-8
4.8843057038385704e-8
4.82508816011703e-8
4.7667398963482984e-8
4.7090059052942116e-8
4.652346807472246e-8
4.5965381061388264e-8
4.541534495533255e-8
4.48734841760998e-8
4.4336939732780305e-8
4.381087637041083e-8
4.3292525574787347e-8
4.278178194992145e-8
4.227852623470103e-8
4.178139364012913e-8
4.1291289516231554e-8
4.080988399972782e-8
4.0335205931154283e-8
3.9867366909442824e-8
3.940636651692344e-8
3.89520673326962e-8
3.85043393537154e-8
3.8060731482619815e-8
3.762570654851018e-8
3.7197107363155665e-8
3.677450729069762e-8
3.635803373498528e-8
3.594752818500417e-8
3.55429504274102e-8
3.514240385366039e-8
3.4748760648105246e-8
3.4361162394366276e-8
3.397907662886887e-8
3.360244061300144e-8
3.323122297374248e-8
3.286555146805521e-8
3.2506370280213844e-8
3.2146391876317633e-8
3.179452512878156e-8
3.14477513290344e-8