7.0447172474961785e-9
7.69679135331435e-8
1.4433080467643908e-7
2.070400093730124e-7
2.6340799983317734e-7
3.121657238426051e-7
3.527965162510592e-7
3.8490046349993213e-7
4.0867906386448137e-7
4.245026977672938e-7
4.329206095826563e-7
4.344698341401355e-7
4.2974294378024426e-7
4.191754396578665e-7
4.0306315979177377e-7
3.8152215973688414e-7
3.544053294028312e-7
3.211921669334879e-7
2.809364040972437e-7
2.319180502107877e-7
1.7111309666819225e-7
9.266310326284145e-8
1.0751546054584736e-9
1.3292442407499326e-9
2.8091986907666136e-7
5.550262227139306e-7
8.781577677682808e-7
1.2321886929998331e-6
1.5797441320911595e-6
1.8688964942371824e-6
2.0657529137111777e-6
2.143317315067039e-6
2.1237934902244165e-6
2.0296223045702264e-6
1.894422979950674e-6
1.7419171592136409e-6
1.5880027738963786e-6
1.4405653523846011e-6
1.3063036496428515e-6
1.1841244119150312e-6
1.0754387500695281e-6
9.79297088301745e-7
8.93691479176839e-7
8.179203832544301e-7
7.509090798030722e-7
6.919836096970151e-7
6.389732783414804e-7
5.918089183023996e-7
5.484268170845419e-7
5.109123032649717e-7
4.77363680425181e-7
4.4667181774586094e-7
4.1899187340651593e-7
3.936187926431725e-7
3.7069967224280123e-7
3.4977746901478785e-7
3.3068239825906557e-7
3.133943625332348e-7
2.977392256414532e-7
2.8322278421546004e-7
2.698455488923259e-7
2.575587701734568e-7
2.4605894941272265e-7
2.3577299285737196e-7
2.2630338516021904e-7
2.1739567094228378e-7
2.0918682624268874e-7
2.0160746288787632e-7
1.946285563099302e-7
1.8811158678802944e-7
1.8208407604155082e-7
1.7646062571783766e-7
1.71249715872492e-7
1.6631638296967315e-7
1.6183671727339635e-7
1.5767526659239833e-7
1.5377590894068075e-7
1.501368751811071e-7
1.4672931697215835e-7
1.435416061208613e-7
1.4055484884709124e-7
1.377828659870412e-7
1.3516705250853403e-7
1.3269254845918382e-7
1.3039354212835077e-7
1.281944753448134e-7
1.2615432418565206e-7
1.2438531007776162e-7
1.223296640893163e-7
1.2085276848700552e-7
1.1902129833085533e-7
1.169422845541509e-7
1.1629199368921208e-7
1.1467085919763002e-7
1.1313945482708425e-7
1.1350369378528159e-7
1.1335201063547211e-7
1.0823847779855204e-7
1.0732517851173256e-7
1.0772246526225963e-7
1.0592882352881539e-7
1.0501701174187101e-7
1.0377148129167717e-7
1.013536035008332e-7
9.980930434470184e-8
9.891297900195682e-8
9.865036382670025e-8
9.719738114469164e-8
9.594898541752344e-8
9.475065371792984e-8
9.428979574338318e-8
9.30048220090706e-8
9.140606967195152e-8
9.030228927411237e-8
9.030881516238516e-8
8.844248559243007e-8
8.737322457455664e-8
8.639206368360492e-8
8.526040562419537e-8
8.415129633332014e-8
8.334271546909183e-8
8.211318477349191e-8
8.108309495485322e-8
8.018443216317824e-8
7.898588791120593e-8
7.802351378864341e-8
7.713592386421884e-8
7.609876058451767e-8
7.515319533863561e-8
7.417003917236561e-8
7.324455487183683e-8
7.231219167105829e-8
7.140971610893444e-8
7.05092106515697e-8
6.956087697001875e-8
6.869651500467144e-8
6.784303553857071e-8
6.696132481932626e-8
6.611049011122098e-8
6.532440474528422e-8
6.442837171232486e-8
6.36308199581477e-8
6.282172088259803e-8
6.202913662061951e-8
6.123877574706543e-8
6.046637935279211e-8
5.970337883526463e-8
5.8938887196127385e-8
5.8209930044788456e-8
5.748488296553452e-8
5.6766825382644495e-8
5.605543483007785e-8
5.5354696351524567e-8
5.466922787644427e-8
5.399089284850799e-8
5.332210546161755e-8
5.2664900079535305e-8
5.201821483704848e-8
5.13778324359169e-8
5.0748733881232436e-8
5.0127466716731155e-8
4.9516170680842574e-8
4.891388413289209e-8
4.83213652697077e-8
4.773728668406364e-8
4.7159391842778514e-8
4.659259188548344e-8
4.6033691585434357e-8
4.5483278984846174e-8
4.494099439284725e-8
4.440397415595855e-8
4.38774375207447e-8
4.33586110467533e-8
4.2847375065541064e-8
4.2343665961228765e-8
4.1847314543827106e-8
4.1355471441126305e-8
4.087356701503994e-8
4.039848775557167e-8
3.993023409704338e-8
3.946871894870762e-8
3.901402636532638e-8
3.856585659310253e-8
3.812167743485771e-8
3.768627386513845e-8
3.725719518889239e-8
3.683421957256984e-8
3.641729522759223e-8
3.6006373435049715e-8
3.560130834875744e-8
3.5200338834776155e-8
3.4806321865460454e-8
3.441828175080707e-8
3.4035775846129394e-8
3.365870787166226e-8
3.328708094203723e-8
3.2920918587527094e-8
3.256212863215165e-8
3.220116818953391e-8
3.1848844730890787e-8
3.1501683717106724e-8