4.756999416812656e-14
5.239421298409793e-13
1.003691239311597e-12
1.489911432372549e-12
1.985797113532708e-12
2.494502890628301e-12
3.0195669512296356e-12
3.5643888166233044e-12
4.1327775968734894e-12
4.7288511872599034e-12
5.356771945026855e-12
6.021009033665467e-12
6.7265452471844645e-12
7.478684135637336e-12
8.282746480366831e-12
9.146866227149219e-12
1.0075097741308965e-11
1.1076594475073493e-11
1.2159477395081744e-11
1.3332538583628232e-11
1.4605849824439643e-11
1.599331241825358e-11
1.7501004079561403e-11
1.914516574465273e-11
2.0944022359144373e-11
2.2900424900352666e-11
2.5042199913120524e-11
2.7400225682608555e-11
2.997831879863354e-11
3.279407600832029e-11
3.5910561999618104e-11
3.930170944235171e-11
4.3051686733712745e-11
4.7168799223395675e-11
5.1696636643217444e-11
5.6673390058558735e-11
6.215377073811339e-11
6.816655771733802e-11
7.480791251017736e-11
8.212169155093594e-11
9.021245566957424e-11
9.90797325332977e-11
1.0881765104535465e-10
1.1961801289191852e-10
1.3152413912356405e-10
1.445820003398602e-10
1.590164521495066e-10
1.7492982544157996e-10
1.9247195117394257e-10
2.1178366743210826e-10
2.3307558038743433e-10
2.566003601695601e-10
2.8250144516958354e-10
3.1100348798558396e-10
3.424048788294811e-10
3.769984026060315e-10
4.150102542415298e-10
4.569020034731121e-10
5.029833001070911e-10
5.538222302280026e-10
6.096322378654014e-10
6.709500105426918e-10
7.379774474176673e-10
8.120706114105792e-10
8.930352009460001e-10
9.823027936453054e-10
1.0791924617741565e-9
1.1853001556824077e-9
1.3017929516225198e-9
1.4289093738226434e-9
1.566457323508291e-9
1.717962145455812e-9
1.881933277630472e-9
2.060376439880946e-9
2.2532442600184266e-9
2.4619532009079945e-9
2.6880849510985165e-9
2.931133248913511e-9
3.1921818955751936e-9
3.4753393942660526e-9
3.774623873845559e-9
4.098116498726652e-9
4.440019859294851e-9
4.803400005416138e-9
5.187647694789786e-9
5.593294573441782e-9
6.025467108303955e-9
7.483747878300442e-9
6.948937658042235e-9
7.44227726572253e-9
7.95692282285507e-9
8.49011263267076e-9
9.042739006453344e-9
9.61588643174503e-9
1.0195906598151611e-8
1.0799503365892832e-8
1.1415304926785287e-8
1.204483235172114e-8
1.2679684077136248e-8
1.333021348132984e-8
1.3986363723620017e-8
1.4654466531590479e-8
1.532699877196989e-8
1.5995418668996696e-8
1.6655038258763518e-8
1.7349885850418653e-8
1.800899325174702e-8
1.8689763582384677e-8
1.9389304254490963e-8
2.0070871750825254e-8
2.0763712235814264e-8
2.1420706656300142e-8
2.2087067759106883e-8
2.2752031363583484e-8
2.3415451409581352e-8
2.4072858549307488e-8
2.4725752206941057e-8
2.5373857932229526e-8
2.601849661641665e-8
2.6661645956011697e-8
2.7286057486292046e-8
2.793701037613917e-8
2.8571282100663538e-8
2.9206144282627465e-8
2.9840868834691194e-8
3.047653224924288e-8
3.112021880989505e-8
3.175264361121802e-8
3.239990367436129e-8
3.305792183424276e-8
3.371875623064962e-8
3.439422869049653e-8
3.5082443643692016e-8
3.57902449036537e-8
3.651035487453723e-8
3.726189399643467e-8
3.8035446079164645e-8
3.884034215463544e-8
3.9690432101369236e-8
4.0573255814370094e-8
4.1520068027019364e-8
4.252459210604628e-8
4.3602333108775e-8
4.4752688646764994e-8
4.611708248968992e-8
4.736148825771863e-8
4.8845448522018645e-8
5.046869315873814e-8
5.224628065550535e-8
5.412857758328962e-8
5.603245880522997e-8
5.754088934786848e-8
5.717397501418426e-8
4.779737436271618e-8
9.261465041512357e-9
3.971733991212946e-6
1.3858909750140706e-6
7.632984180428058e-7
5.25197860238284e-7
4.196082808691777e-7
3.4023599042240235e-7
2.82035299101557e-7
2.5209201953839833e-7
2.2307959005920843e-7
1.9556538861678165e-7
1.9093963124677048e-7
1.7155182859348013e-7
1.5472760437465453e-7
1.4844923557683694e-7
1.416485021250989e-7
1.3432855719309283e-7
1.2536978275741783e-7
1.2088742868401725e-7
1.1530620374902095e-7
1.2313274522142616e-7
9.194225755268205e-8
9.871867631661345e-8
9.438769764678485e-8
9.694133481276276e-8
9.810658931564477e-8
8.68285941209041e-8
9.057581424596588e-8
8.787505413436041e-8
7.379678484010164e-8
7.555997856606812e-8
7.405286166005281e-8
7.555940060455214e-8
6.603823511156625e-8
6.8809204526696e-8
7.009009630611428e-8
6.784827997334768e-8
6.460229320675086e-8
6.427900923337032e-8
6.06848426089829e-8
6.002491372833576e-8
5.947044694017363e-8
5.50667126658198e-8
5.4848424279072665e-8
5.563722997287557e-8
5.709429778767524e-8
5.5478512428878655e-8