1.7653203165851536e-10
1.9441283332734794e-9
3.7233866551468378e-9
5.525726395744333e-9
7.365518543017347e-9
9.236149283076886e-9
1.1178665910048082e-8
1.3160010126154513e-8
1.523494772506605e-8
1.7388317339281994e-8
1.964077650320431e-8
2.1960620355392656e-8
2.4365929640701527e-8
2.6856353302563215e-8
2.947377307480346e-8
3.221138227377263e-8
3.50733857765957e-8
3.793418354608295e-8
4.1046292680940364e-8
4.4155015504617604e-8
4.733699601837811e-8
5.058262226794047e-8
5.3879198245070295e-8
5.725928867579335e-8
6.073797626599647e-8
6.414036332358265e-8
6.761873198125639e-8
7.081988956876428e-8
7.4450935451952e-8
7.766386237664938e-8
8.132580301464526e-8
8.444105875791716e-8
8.776533782967367e-8
9.080387472964534e-8
9.38969883934254e-8
9.684124552795784e-8
9.971436866289751e-8
1.0245111687207669e-7
1.0497505854303704e-7
1.0751995956716636e-7
1.099108015232424e-7
1.1211387877850543e-7
1.1447745770179765e-7
1.1622660394817553e-7
1.1813305166756644e-7
1.199150172906838e-7
1.214958735030066e-7
1.2305449990281663e-7
1.2444691138969135e-7
1.257759133569946e-7
1.2684870170028515e-7
1.2810512819259108e-7
1.2903766353167415e-7
1.300684844241177e-7
1.3096110063571238e-7
1.317861560709524e-7
1.3252584010950898e-7
1.332068388322006e-7
1.3385314590321714e-7
1.344393844704986e-7
1.3498226035141774e-7
1.3553315216987955e-7
1.3604537479717548e-7
1.3649741870146826e-7
1.3696886117190315e-7
1.3737030053573465e-7
1.37851224916048e-7
1.382915892441376e-7
1.3870714048672663e-7
1.391189022804431e-7
1.3955878979005237e-7
1.3997453158945057e-7
1.4039756180686297e-7
1.4077512574098097e-7
1.4109082085350683e-7
1.4134318711600488e-7
1.414207407998828e-7
1.4114875700317445e-7
1.4036257436230054e-7
1.386139748361185e-7
1.3498236697651794e-7
1.2785288823262674e-7
1.1268412387740957e-7
7.620854819528526e-8
4.453659009329765e-9
1.5718177306308158e-6
3.535455153233321e-6
2.382759780434357e-6
1.0048712824919353e-6
1.0829241732107202e-6
8.49030164506509e-7
6.700563836815751e-7
5.969315629265238e-7
5.119888075628576e-7
4.3369720130960265e-7
4.2574658010668813e-7
3.5871838345100294e-7
3.7449076417897005e-7
3.3780086632937505e-7
3.2515530536110497e-7
3.236858526386063e-7
2.5486008004846433e-7
2.4482225295089296e-7
2.2073864183442565e-7
2.5957457200580366e-7
2.0555538139042197e-7
1.8188294412505676e-7
1.5731234667777185e-7
1.8120856814572068e-7
1.5490226934033558e-7
1.58472821558591e-7
1.6032007346013527e-7
1.5430882993611664e-7
1.3631060520270703e-7
1.301227525258054e-7
1.2889951555770405e-7
1.3806076978746926e-7
1.4412009915405376e-7
1.2355294785518714e-7
1.1139134868150032e-7
1.1941304526525304e-7
1.1262251229028166e-7
1.1879775924973996e-7
1.0894131068475759e-7
1.0550371282896934e-7
9.667570602765662e-8
1.0184226691330968e-7
9.926766199493716e-8
1.0452448650225809e-7
9.561631384840265e-8
9.258373366308212e-8
6.908059140342417e-8
8.059720039878617e-8
8.502313511173273e-8
8.300281644902977e-8
8.322632881537646e-8
8.00156709460643e-8
7.416526884188764e-8
7.794980405321541e-8
7.610990464411415e-8
7.595898987378068e-8
7.406022395545006e-8
7.190404974891056e-8
6.5742597416832e-8
7.087114851554043e-8
7.083357712441552e-8
6.79852809808392e-8
6.714196852980764e-8
6.852012758417188e-8
6.745290016654245e-8
6.585983554063222e-8
6.628387581530183e-8
6.394013745679078e-8
6.399310858476594e-8
6.236197968095999e-8
6.220690449434679e-8
6.132662511680518e-8
6.072716117082361e-8
6.006457555545254e-8
5.7838082127042956e-8
5.824489715503015e-8
5.7167585554884464e-8
5.715086624905359e-8
5.645469294678749e-8
5.563780888468687e-8
5.4884465987078684e-8
5.440770065281641e-8
5.3672270967225525e-8
5.292208531700677e-8
5.2438328684495366e-8
5.1754048864585346e-8
5.114856365913043e-8
5.072926130606463e-8
4.9939227870490715e-8
4.94442473502727e-8
4.894469626087842e-8
4.8354710056451224e-8
4.7816790755297965e-8
4.714608801577493e-8
4.6752932577709445e-8
4.6239622913435825e-8
4.5714409578803947e-8
4.5210639270648634e-8
4.469578125343046e-8
4.418411042115411e-8
4.3701166175274736e-8
4.322270789636028e-8
4.2752949101345606e-8
4.229639932338041e-8
4.180298724319149e-8
4.1348738997278226e-8
4.0903370979453556e-8
4.0474644228491024e-8
4.0034426516554536e-8
3.9606038732799433e-8
3.917611777918394e-8
3.874771706194503e-8
3.834346255729775e-8
3.793127992825751e-8
3.7531443913839726e-8
3.713237979324519e-8